STOTEN_Data/raw/Age_yrs_600ft.asc
ncols         250
nrows         718
xllcorner     -2256000
yllcorner     1557000
cellsize      1000
NODATA_value  -9999
[rows 186 to 216 of 718, columns 69 to 137 of 250]
98.200705 119.489889 133.054425 359.868583 469.70604 379.78271 317.063186 297.880047 352.996259 381.699343 468.606566 501.34489 478.132317 504.134828 444.968273 383.858345 386.053827 426.394729 393.769862 357.188335 359.385974 365.053813 447.144855 459.612138 403.559271 270.585692 176.091209 142.00202 140.71427 146.201079 116.229968 133.386089 133.11587 117.93835 52.501027 52.501027 87.8987 -9999 -9999 -9999 -9999 -9999 -9999 -9999 -9999 -9999 -9999 -9999 -9999 -9999 -9999 -9999 -9999 -9999 -9999 -9999 -9999 -9999 -9999 -9999 -9999 -9999 -9999 -9999 -9999 -9999 -9999 -9999 -9999
103.383273 114.348835 81.840133 359.868583 525.010267 456.294352 363.168622 364.078101 427.168471 488.037865 520.249131 558.048018 528.436233 515.683153 421.61114 421.703204 469.502792 413.021008 386.806289 406.804016 403.733146 423.938617 508.043972 376.756794 226.234555 179.334451 154.146331 57.220017 51.754474 83.01176 65.693341 36.6951 21.73045 19.959974 109.683198 52.501027 39.889564 39.889564 -9999 -9999 -9999 -9999 -9999 -9999 -9999 -9999 -9999 -9999 -9999 -9999 -9999 -9999 -9999 -9999 -9999 -9999 -9999 -9999 -9999 -9999 -9999 -9999 -9999 -9999 -9999 -9999 -9999 -9999 -9999
129.860815 137.038793 100.196834 241.565343 446.214598 602.72668 396.555865 502.829351 498.3858 550.065318 589.852508 585.617748 546.576172 482.187811 401.565624 451.210851 506.972599 449.347573 423.209363 443.183306 449.489735 486.101842 486.089414 303.559957 122.379307 66.873002 59.076947 43.145772 34.005596 69.123018 23.987607 21.978195 18.316825 19.612772 27.284316 25.810475 41.750809 -9999 -9999 -9999 -9999 -9999 -9999 -9999 -9999 -9999 -9999 -9999 -9999 -9999 -9999 -9999 -9999 -9999 -9999 -9999 -9999 -9999 -9999 -9999 -9999 -9999 -9999 -9999 -9999 -9999 -9999 -9999 -9999
149.605087 140.35001 96.418571 124.163152 607.398054 735.269459 561.995554 509.40054 591.796911 647.535101 669.527076 594.034699 563.623204 464.629891 434.584679 472.715202 487.749635 443.570622 477.254532 484.637106 484.544715 525.010267 332.764037 113.711323 78.689432 69.749885 52.035454 30.097466 37.747079 30.298284 24.334855 23.033015 21.618197 30.0338 55.123887 43.682833 56.70335 -9999 -9999 -9999 -9999 -9999 -9999 -9999 -9999 -9999 -9999 -9999 -9999 -9999 -9999 -9999 -9999 -9999 -9999 -9999 -9999 -9999 -9999 -9999 -9999 -9999 -9999 -9999 -9999 -9999 -9999 -9999 -9999
160.210948 140.83472 131.381979 123.103398 773.017851 808.976253 741.334508 617.217922 656.514773 710.854856 716.026489 637.741282 507.701331 471.518582 490.911571 494.269143 466.545241 446.836004 605.107293 611.42753 572.650264 510.606546 159.182834 77.255224 54.476292 37.628755 35.665464 29.346339 44.153384 38.391774 33.349315 31.748127 31.451808 54.228816 53.551449 4.62423 4.62423 -9999 -9999 -9999 -9999 -9999 -9999 -9999 -9999 -9999 -9999 -9999 -9999 -9999 -9999 -9999 -9999 -9999 -9999 -9999 -9999 -9999 -9999 -9999 -9999 -9999 -9999 -9999 -9999 -9999 -9999 -9999 -9999
182.762741 159.894727 149.702132 149.705412 809.910204 973.144175 903.441714 730.200588 803.888626 770.336827 693.86238 598.411518 488.133381 478.044943 506.668349 625.544877 493.455965 478.093515 792.790555 570.036233 536.282074 250.063617 118.377834 66.779002 46.844581 43.34573 43.498059 50.772683 57.239165 49.77144 43.364968 39.271932 49.658556 61.399811 109.999643 65.62674 -9999 -9999 -9999 -9999 -9999 -9999 -9999 -9999 -9999 -9999 -9999 -9999 -9999 -9999 -9999 -9999 -9999 -9999 -9999 -9999 -9999 -9999 -9999 -9999 -9999 -9999 -9999 -9999 -9999 -9999 -9999 -9999 -9999
262.468432 204.769944 165.777464 169.847782 1058.304923 1123.934363 1083.586559 936.191893 842.531819 768.979488 693.832871 547.194217 466.038895 461.182965 552.059394 600.40469 550.692002 669.054834 797.708403 753.29395 525.010267 167.441048 110.074495 75.199101 63.609925 61.875119 61.64083 70.474187 72.920273 63.948444 62.607494 54.847865 80.132349 143.875542 141.451583 -9999 -9999 -9999 -9999 -9999 -9999 -9999 -9999 -9999 -9999 -9999 -9999 -9999 -9999 -9999 -9999 -9999 -9999 -9999 -9999 -9999 -9999 -9999 -9999 -9999 -9999 -9999 -9999 -9999 -9999 -9999 -9999 -9999 -9999
291.035796 260.912156 261.047675 542.274644 1195.690757 1232.131414 1085.778045 1009.048823 912.60701 767.677323 617.184145 512.052888 482.779229 495.446398 576.58397 581.330287 512.227954 891.308607 754.242083 725.195015 262.884262 153.583863 136.12601 103.334785 88.980111 89.3478 86.906167 90.319441 88.916358 82.782496 82.211746 62.4481 96.806532 243.251596 164.119827 -9999 -9999 -9999 -9999 -9999 -9999 -9999 -9999 -9999 -9999 -9999 -9999 -9999 -9999 -9999 -9999 -9999 -9999 -9999 -9999 -9999 -9999 -9999 -9999 -9999 -9999 -9999 -9999 -9999 -9999 -9999 -9999 -9999 -9999
305.59983 305.454396 296.050102 811.98617 1232.531448 1175.627461 1017.711034 1038.081396 970.617802 737.642295 591.587609 514.586662 531.415083 490.595142 564.276462 700.294172 751.012814 1001.50907 851.110792 595.869913 212.612256 163.551632 154.461072 136.482711 122.865292 116.403172 110.057884 109.615229 109.225183 103.313501 96.052434 92.905288 129.201804 437.440723 296.454047 173.628413 -9999 -9999 -9999 -9999 -9999 -9999 -9999 -9999 -9999 -9999 -9999 -9999 -9999 -9999 -9999 -9999 -9999 -9999 -9999 -9999 -9999 -9999 -9999 -9999 -9999 -9999 -9999 -9999 -9999 -9999 -9999 -9999 -9999
335.684736 320.236595 326.653169 1131.632641 1364.720865 1313.829569 977.312772 1038.751717 911.958008 697.422846 593.985205 569.47887 536.885044 639.526789 658.803374 750.47182 927.681359 874.047876 698.986595 525.010267 185.618212 189.649127 185.855932 164.750475 149.19741 134.081529 132.836411 126.139256 126.047734 123.073818 115.601507 115.87348 146.663847 442.314285 382.70149 30 -9999 -9999 -9999 -9999 -9999 -9999 -9999 -9999 -9999 -9999 -9999 -9999 -9999 -9999 -9999 -9999 -9999 -9999 -9999 -9999 -9999 -9999 -9999 -9999 -9999 -9999 -9999 -9999 -9999 -9999 -9999 -9999 -9999
383.552435 382.608583 627.758421 1366.199132 1429.143205 1355.271788 991.614839 1037.849605 903.597627 673.544809 595.788481 590.31812 551.833136 667.070326 657.132965 826.321199 1106.090009 996.213448 684.954632 525.010267 210.105976 233.179711 233.294861 199.008561 173.021138 159.114239 152.408182 152.251894 149.176412 140.669052 133.224583 133.942541 169.834068 305.84349 192.74489 170.031799 41.826527 -9999 -9999 -9999 -9999 -9999 -9999 -9999 -9999 -9999 -9999 -9999 -9999 -9999 -9999 -9999 -9999 -9999 -9999 -9999 -9999 -9999 -9999 -9999 -9999 -9999 -9999 -9999 -9999 -9999 -9999 -9999 -9999
436.012793 417.274492 1098.755973 1400.845907 1497.388099 1354.087676 1002.965825 1042.865453 938.368727 770.083251 637.894359 594.271756 700.298296 776.271224 676.644172 903.589752 1131.746224 1030.918145 525.010267 306.738934 225.884046 272.798669 265.911416 226.584814 206.845705 192.667702 179.177123 172.499556 169.322563 165.865656 153.201522 152.982437 170.580184 190.408795 412.598723 452.964205 41.637951 30 30 -9999 -9999 -9999 -9999 -9999 -9999 -9999 -9999 -9999 -9999 -9999 -9999 -9999 -9999 -9999 -9999 -9999 -9999 -9999 -9999 -9999 -9999 -9999 -9999 -9999 -9999 -9999 -9999 -9999 -9999
949.255633 485.668017 1533.550476 1671.392531 1821.81796 1355.53953 1064.318807 1040.192206 940.141203 668.111206 707.560239 672.625478 847.4943 871.463629 870.015171 1069.824138 1099.726919 804.535155 523.764545 287.770213 306.917708 309.685367 293.892217 262.479706 240.450951 227.313873 213.667887 205.51634 199.961 189.734012 174.026339 170.026556 261.331535 180.881996 624.084714 624.450849 40.821854 41.635205 -9999 30 -9999 -9999 -9999 -9999 -9999 -9999 -9999 -9999 -9999 -9999 -9999 -9999 -9999 -9999 -9999 -9999 -9999 -9999 -9999 -9999 -9999 -9999 -9999 -9999 -9999 -9999 -9999 -9999 -9999
1571.507074 2064.130585 2035.97746 2496.093546 2224.949811 1454.338152 1222.327058 1000.885958 906.111862 737.916752 680.600403 655.833259 749.683583 790.024968 932.63605 1330.561639 1313.622767 645.503362 525.010267 296.444787 326.373864 345.436202 338.930074 314.407998 286.298523 273.35796 252.793764 236.87607 222.91106 207.4958 200.153042 187.085703 247.578417 193.836512 213.517141 1321.797619 47.663244 7.0711 4.5859 4.5859 -9999 -9999 -9999 -9999 -9999 -9999 -9999 -9999 -9999 -9999 -9999 -9999 -9999 -9999 -9999 -9999 -9999 -9999 -9999 -9999 -9999 -9999 -9999 -9999 -9999 -9999 -9999 -9999 -9999
2542.258661 2836.43194 2879.512294 2875.600511 2519.335364 1536.192576 1227.512997 1046.151447 976.044566 909.556832 685.927919 687.23508 789.349012 818.867034 1064.346013 1355.194652 1074.697597 558.521562 406.444329 313.097478 366.128019 392.445221 366.467718 389.394874 356.33313 336.491334 332.484846 319.530433 233.416128 222.841452 216.026489 220.099742 277.775284 309.887421 300.834506 116.235455 86.733174 7.0711 4.5859 4.5859 30 -9999 -9999 -9999 -9999 -9999 -9999 -9999 -9999 -9999 -9999 -9999 -9999 -9999 -9999 -9999 -9999 -9999 -9999 -9999 -9999 -9999 -9999 -9999 -9999 -9999 -9999 -9999 -9999
3460.390939 3395.521853 2279.153967 2958.265242 2544.497478 1601.20232 1297.658522 1200.628178 1054.932536 796.721307 644.652497 643.219525 705.842243 881.538124 1231.256655 1376.192984 780.372771 558.52161 400.879803 327.270221 395.89892 441.813525 462.977685 415.894136 420.289084 357.324235 350.197923 326.108949 253.40441 240.46898 234.094405 243.322414 428.935897 149.842099 129.315117 128.671014 103.065803 27.586585 7.748118 7.748118 -9999 -9999 -9999 -9999 -9999 -9999 -9999 -9999 -9999 -9999 -9999 -9999 -9999 -9999 -9999 -9999 -9999 -9999 -9999 -9999 -9999 -9999 -9999 -9999 -9999 -9999 -9999 -9999 -9999
3429.75792 2883.519262 2033.931902 1998.525742 161.409505 671.650832 1169.911087 1268.620243 892.820396 676.98266 676.902605 669.514034 707.780718 922.736543 1427.291833 1486.108571 751.988222 558.521642 447.011835 362.088988 392.967549 432.623407 451.989104 455.297615 441.738699 367.985553 368.702062 343.226453 336.020709 336.627339 266.023188 273.937456 186.345289 130.094599 118.909304 116.826143 103.06183 30.502396 13.585216 30 -9999 -9999 -9999 -9999 -9999 -9999 -9999 -9999 -9999 -9999 -9999 -9999 -9999 -9999 -9999 -9999 -9999 -9999 -9999 -9999 -9999 -9999 -9999 -9999 -9999 -9999 -9999 -9999 -9999
1816.444731 558.179305 378.038525 258.238362 209.58831 155.394709 900.438225 1331.630364 956.988338 743.620374 525.010267 543.83617 738.867682 1049.19703 1528.875335 1224.573201 725.590639 559.58294 525.010267 386.872645 393.604155 416.424053 458.825503 473.072331 458.65332 400.312838 395.017365 386.644772 448.624232 366.836295 364.683251 316.303589 143.644343 143.973951 145.954333 153.04388 185.165865 117.688726 107.717316 30 -9999 -9999 -9999 -9999 -9999 -9999 -9999 -9999 -9999 -9999 -9999 -9999 -9999 -9999 -9999 -9999 -9999 -9999 -9999 -9999 -9999 -9999 -9999 -9999 -9999 -9999 -9999 -9999 -9999
563.656105 549.600254 391.231636 279.629785 284.983601 157.952128 174.135692 1235.718625 829.355746 607.481131 744.472172 745.257899 771.49496 1151.343894 1596.717865 1120.953443 699.510585 632.758873 525.010267 413.894559 404.060755 448.354591 489.135403 501.973223 502.646979 478.359559 456.627486 461.957563 427.976843 440.786847 486.640956 196.488305 172.448536 139.837037 116.955062 112.073375 29.749487 29.418469 107.611527 -9999 -9999 -9999 -9999 -9999 -9999 -9999 -9999 -9999 -9999 -9999 -9999 -9999 -9999 -9999 -9999 -9999 -9999 -9999 -9999 -9999 -9999 -9999 -9999 -9999 -9999 -9999 -9999 -9999 -9999
510.518886 376.499859 344.608239 402.0816 243.057158 209.09049 219.521749 1395.338026 1202.685551 606.777126 801.453228 805.154591 1117.243466 1527.847828 1736.091151 1124.844553 747.320071 658.726906 559.967845 496.107753 497.895689 500.203634 495.666264 515.792854 525.010267 525.010267 507.154281 457.011881 465.815065 508.89702 318.701361 201.306943 147.215476 129.49847 166.388369 240.89587 29.035971 29.035971 34.625599 96.451734 -9999 -9999 -9999 -9999 -9999 -9999 -9999 -9999 -9999 -9999 -9999 -9999 -9999 -9999 -9999 -9999 -9999 -9999 -9999 -9999 -9999 -9999 -9999 -9999 -9999 -9999 -9999 -9999 -9999
492.586128 378.181922 368.991421 407.557974 245.036323 212.607872 158.095062 167.852445 758.563802 1298.630995 607.979749 989.731784 1147.974303 1689.738216 1837.319144 1157.432814 816.792724 658.839475 658.726899 566.661137 495.77853 510.798209 513.544785 539.476582 538.627865 538.543116 569.631635 502.109822 506.221962 439.046498 242.429393 160.476526 149.516996 153.267975 227.322359 296.125941 15.624914 4.5859 11.748118 96.417505 -9999 -9999 -9999 -9999 -9999 -9999 -9999 -9999 -9999 -9999 -9999 -9999 -9999 -9999 -9999 -9999 -9999 -9999 -9999 -9999 -9999 -9999 -9999 -9999 -9999 -9999 -9999 -9999 -9999
499.1092 455.329771 409.018574 397.755421 320.459033 287.451656 215.635111 296.480666 289.648193 681.075897 897.569117 1223.149652 1393.495372 1828.982698 1827.734411 1102.65102 906.998385 679.989974 559.098518 594.856172 661.178753 629.205818 588.596677 540.750131 569.586818 571.073736 570.884498 546.296287 518.389408 425.101054 252.762005 233.418118 219.317918 403.247565 506.639288 50.663929 50.663929 4.5859 4.5859 30 -9999 -9999 -9999 -9999 -9999 -9999 -9999 -9999 -9999 -9999 -9999 -9999 -9999 -9999 -9999 -9999 -9999 -9999 -9999 -9999 -9999 -9999 -9999 -9999 -9999 -9999 -9999 -9999 -9999
555.757675 557.29303 408.068753 404.441733 542.347741 651.596147 256.698741 266.36971 202.715681 214.097071 279.719899 1274.389567 1661.730473 2089.550737 1713.052709 1105.431099 1028.727425 747.320074 632.301549 730.273262 692.70718 635.284864 613.733719 612.352597 611.990597 616.637012 601.970976 539.836756 458.523552 419.060431 365.660952 539.821025 648.159363 916.314257 751.366644 5066.392882 25.791923 25.791923 155.522601 -9999 -9999 -9999 -9999 -9999 -9999 -9999 -9999 -9999 -9999 -9999 -9999 -9999 -9999 -9999 -9999 -9999 -9999 -9999 -9999 -9999 -9999 -9999 -9999 -9999 -9999 -9999 -9999 -9999 -9999
548.32899 540.580731 475.67212 442.992222 407.970056 260.125151 291.168539 287.358897 197.962882 121.090747 121.090747 218.129182 1833.761915 2288.582127 1582.60032 1258.590091 897.113863 718.583901 688.257984 764.912003 771.619797 627.212446 618.771543 625.055393 635.084952 619.929581 582.156897 536.180853 492.536185 451.71769 451.741925 1253.069325 787.830758 190.153013 192.542386 170.485338 25.791923 9.791923 9.791923 -9999 -9999 -9999 -9999 -9999 -9999 -9999 -9999 -9999 -9999 -9999 -9999 -9999 -9999 -9999 -9999 -9999 -9999 -9999 -9999 -9999 -9999 -9999 -9999 -9999 -9999 -9999 -9999 -9999 -9999
613.85306 475.920209 398.309913 340.171509 328.933663 332.82022 269.22377 172.952762 156.25651 121.090747 111.545068 127.763394 255.633696 1984.971905 1462.53657 1354.997549 865.808138 781.580938 734.189751 826.899447 746.728155 685.017785 627.801726 669.713205 637.111969 612.118978 541.147505 537.665502 536.198414 462.282591 483.576379 280.526474 182.935407 176.818622 169.977699 217.116453 2250.459247 29.875428 9.791923 -9999 -9999 -9999 -9999 -9999 -9999 -9999 -9999 -9999 -9999 -9999 -9999 -9999 -9999 -9999 -9999 -9999 -9999 -9999 -9999 -9999 -9999 -9999 -9999 -9999 -9999 -9999 -9999 -9999 -9999
533.729524 451.92272 409.665524 390.227462 409.105092 319.211329 270.300827 203.753843 125.272198 76.156918 66.412721 97.745212 161.480024 498.049393 1570.368821 1391.923923 958.521561 826.929133 832.40374 903.644602 780.722129 749.478758 797.213049 654.148624 613.340293 582.396154 569.583365 569.582478 525.010267 536.180716 862.834073 327.816666 269.904604 327.267574 227.482864 200.129972 52.501027 29.875428 4.62423 -9999 -9999 -9999 -9999 -9999 -9999 -9999 -9999 -9999 -9999 -9999 -9999 -9999 -9999 -9999 -9999 -9999 -9999 -9999 -9999 -9999 -9999 -9999 -9999 -9999 -9999 -9999 -9999 -9999 -9999
514.674157 452.277496 422.630442 422.888324 407.305096 333.063766 215.529119 157.68358 109.793119 72.0241 51.654878 51.654878 150.493022 320.922666 1851.710225 1458.726899 1045.956249 873.32877 890.625357 1007.395367 908.058851 689.238625 649.694886 615.997861 590.763728 601.210948 569.749263 569.591306 540.712758 536.212037 525.010267 456.524494 483.67276 552.47481 394.545543 160.807795 170.421167 38.625599 4.62423 5.70705 -9999 -9999 -9999 -9999 -9999 -9999 -9999 -9999 -9999 -9999 -9999 -9999 -9999 -9999 -9999 -9999 -9999 -9999 -9999 -9999 -9999 -9999 -9999 -9999 -9999 -9999 -9999 -9999 -9999
608.269975 501.624271 570.815106 442.567128 409.033066 317.24884 230.519496 165.088431 134.185404 90.754813 51.654878 51.654878 133.525285 199.755733 1379.573225 1544.993817 1138.38126 1077.050711 1132.860453 1108.269158 907.65028 709.14076 649.830598 615.973399 619.246067 618.17332 644.639439 640.884686 552.910331 539.098736 525.010267 569.667697 1145.483878 1536.112227 546.233868 119.031236 97.494867 35.705681 15.705681 5.70705 30 -9999 -9999 -9999 -9999 -9999 -9999 -9999 -9999 -9999 -9999 -9999 -9999 -9999 -9999 -9999 -9999 -9999 -9999 -9999 -9999 -9999 -9999 -9999 -9999 -9999 -9999 -9999 -9999
745.339154 619.326851 540.626984 539.304893 409.195728 449.123849 271.353381 181.793027 142.071616 117.005314 62.873932 61.564138 122.559402 178.134306 984.303415 1552.750109 1176.19712 1043.7477 1110.659475 1232.228086 901.832789 690.922158 681.901866 649.126833 641.046976 637.604901 635.684736 596.147091 619.177195 541.69882 539.756041 584.60193 5250 2290.066796 365.763176 365.763176 96.249144 43.705681 27.586585 13.585216 13.585216 -9999 -9999 -9999 -9999 -9999 -9999 -9999 -9999 -9999 -9999 -9999 -9999 -9999 -9999 -9999 -9999 -9999 -9999 -9999 -9999 -9999 -9999 -9999 -9999 -9999 -9999 -9999 -9999
1225.231108 925.104835 621.404451 506.607644 483.792088 424.726022 288.847522 206.192992 166.302079 114.78111 90.838297 70.928239 80.573483 249.50978 1013.30626 1271.352869 1314.7165 1081.089721 1309.293535 1141.570772 801.571688 744.611855 685.902967 740.481675 739.856618 739.371004 680.88819 683.35727 615.647826 590.932638 617.755252 718.035342 938.332692 1105.857962 460.898899 466.95978 136.712706 136.646133 40.66256 13.585216 13.585216 -9999 -9999 -9999 -9999 -9999 -9999 -9999 -9999 -9999 -9999 -9999 -9999 -9999 -9999 -9999 -9999 -9999 -9999 -9999 -9999 -9999 -9999 -9999 -9999 -9999 -9999 -9999 -9999
1441.768878 1125.578224 850.004478 630.01699 503.612104 474.825774 411.542588 255.547151 213.955213 149.857763 112.416087 70.839505 70.839505 272.559642 2029.975651 1358.521561 1240.506927 1106.593309 1391.753189 1131.928659 899.118401 849.848475 769.472002 861.977379 768.962551 783.809932 757.107112 686.057452 652.16448 719.77284 841.511216 478.35051 433.166311 433.717607 492.742665 499.983386 135.871662 145.87269 145.87269 27.586585 27.586585 -9999 -9999 -9999 -9999 -9999 -9999 -9999 -9999 -9999 -9999 -9999 -9999 -9999 -9999 -9999 -9999 -9999 -9999 -9999 -9999 -9999 -9999 -9999 -9999 -9999 -9999 -9999 -9999
