STOTEN_Data/raw/Age_yrs_50ft.asc
ncols         250
nrows         718
xllcorner     -2256000
yllcorner     1557000
cellsize      1000
NODATA_value  -9999
[rows 527 to 557 of 718, columns 142 to 212 of 250]
12.773317 13.7232 13.120959 15.491258 18.729721 14.849532 20.534714 21.812714 25.954555 20.740409 15.327044 20.928257 62.337937 49.103701 26.563338 13.261602 21.55225 34.279558 27.866127 27.014579 15.177278 19.057646 15.021431 20.722642 35.823066 35.823066 20.459959 10.461328 10.461328 5.69248 37.37577 51.607982 12.999316 12.999316 5.028662 12.694254 12.694254 10.086672 10.328567 30.630991 2.377823 18.581361 3.140304 3.140304 1.192484 1.192484 38.570119 15.446062 16.681601 15.140029 14.776689 14.653408 13.381307 15.747652 15.017578 13.084941 13.102516 16.459511 16.419165 14.791826 15.525888 16.998343 13.746313 13.746313 13.415904 15.425752 14.746321 12.98604 14.579602 19.290437 20.788983
9.148311 12.773317 10.329533 8.99729 14.191747 30.013738 21.115399 14.565593 15.474758 21.257368 9.884007 10.467288 36.016277 35.274892 48.623574 48.678614 43.326942 35.319711 27.656572 24.394337 35.390388 28.678406 15.450984 14.719581 12.167009 3.08282 18.817323 35.676523 19.460643 5.69248 5.69248 39.790554 29.775415 13.714964 2.198118 2.198118 22.571139 4.732593 4.732593 44.543463 44.543463 27.654678 3.140304 5.768592 8.22108 13.295649 18.671874 17.667203 17.667203 15.167292 15.761529 17.985362 17.291965 16.737888 15.017578 13.595669 15.365282 13.642747 13.922591 14.791826 14.791826 12.108395 12.4246 12.32358 13.415904 13.415904 14.746321 17.019208 17.623638 19.421404 19.402067
19.209583 19.532615 13.107985 10.329533 12.133635 11.506501 19.274486 11.208225 11.829521 16.825688 9.419063 15.410191 12.96014 18.549806 20.972429 27.243772 30.018028 28.925926 24.748245 16.825091 8.688906 3.382589 32.082136 19.08282 0.522017 0.522017 24.075069 39.707175 22.524179 12.728563 16.591813 8.976668 23.149383 20.660061 7.393585 16.933756 22.571139 9.757458 4.732593 41.820968 30.911015 18.637942 16.619508 27.974246 18.026313 18.026313 20.717417 21.931627 14.724004 15.76069 15.76069 17.630711 19.076278 13.661675 13.595669 13.595669 15.365282 13.536975 13.676374 17.402768 17.402768 12.108395 12.108395 17.343522 13.090313 13.086991 15.969542 15.981212 17.527553 17.994592 18.393022
22.260089 16.142296 10.959153 8.987363 9.562077 10.320009 19.490121 8.137801 11.493713 8.144246 8.162845 15.815393 10.905661 9.120825 7.855502 9.318886 22.272329 26.286561 24.068819 15.745069 7.745941 2.795641 2.795641 22.042437 3.08282 4.629049 8.449579 9.787458 18.890056 26.12154 21.041604 13.024537 18.673768 8.159326 14.281218 16.933756 22.571139 10.754574 15.780394 15.047506 13.937698 14.324548 19.394149 33.316448 32.003414 31.069776 21.972701 21.972701 14.389706 17.567757 18.278633 20.000072 20.000072 13.661675 14.616312 13.909682 13.536814 13.536814 13.676374 15.267933 12.521527 25.491358 25.491358 17.343522 16.322779 21.636328 12.017606 12.017606 11.032794 15.789604 18.371111
12.013507 16.142296 15.12828 12.459815 23.734495 32.336839 7.701826 7.701826 11.493713 12.269937 7.672083 22.213345 16.885062 9.138416 16.774971 40.317971 37.301488 30.308327 27.334487 17.025858 8.693827 4.750325 7.329442 18.339332 14.541996 16.492559 9.726555 11.509614 13.360604 18.397825 20.712477 16.21403 13.485647 10.474403 17.247914 19.419013 13.080634 12.26361 17.51548 17.032462 12.879309 17.747511 20.111426 30.363009 31.716752 30.719189 30.10541 30.027578 17.568827 17.568827 23.026723 25.919487 17.094826 13.707601 13.707601 13.909682 17.935861 16.987547 23.378329 21.177999 12.521527 14.58196 25.297966 22.35838 22.35838 21.636328 16.036515 12.017606 13.986788 15.3483 29.619083
17.642134 20.715458 11.346546 12.459815 12.459815 27.362338 14.985953 11.202497 15.083409 15.268483 7.672083 7.530866 7.268291 15.352687 22.405604 24.429873 19.062611 16.906003 8.106693 8.208914 7.952662 12.848054 16.009737 14.439735 16.631044 15.349995 20.256262 19.014101 16.065401 16.388423 7.459801 8.826466 16.364459 16.074838 16.985031 17.152018 14.439781 14.705889 16.505467 18.190836 12.879309 16.618871 16.495925 19.659956 21.289941 27.607396 27.607396 30.02032 42.681373 124.504994 31.026074 30.723346 17.094826 37.980086 39.955437 20.643857 20.647834 16.987547 72.249462 61.34735 25.765826 25.75445 25.297966 22.72317 25.043014 14.369185 14.369185 13.372008 13.646009 13.977718 17.931196
17.642134 19.378444 9.511111 10.180068 14.420674 31.458234 18.779516 11.202497 15.977868 18.036748 7.693021 7.685663 7.268291 19.242823 24.591807 24.382197 21.602119 18.991801 10.048562 8.229117 8.073031 8.944649 14.586105 19.95721 16.121974 15.317272 18.995889 17.398137 13.619581 13.567068 7.468085 7.459801 15.336245 12.917451 13.169167 14.376357 13.380778 14.707011 14.777153 17.928757 18.376563 18.040161 16.499413 18.125527 26.237003 32.914917 28.168923 35.670879 35.670879 25.983372 39.146117 89.124592 104.422153 36.623924 39.251674 32.394506 202.649209 171.260513 83.041203 64.97139 24.70495 19.454024 11.458538 11.458538 25.043014 19.090462 14.985233 12.693502 12.694117 14.983676 16.675807
15.400132 17.21145 9.511111 9.511111 14.420674 13.552643 25.454443 10.644825 11.485726 18.007076 17.584618 22.323589 28.703209 28.703035 24.277326 22.045796 18.954265 15.843349 11.653584 9.029238 8.703348 8.226804 13.355921 13.103248 8.366207 10.078119 13.733333 16.75908 10.205645 18.966566 11.330289 10.024598 14.693179 13.033598 13.427692 12.077552 10.608158 13.626313 13.60138 17.928757 10.746767 13.006766 21.062019 20.357553 28.859691 29.742042 90.599216 243.773868 1309.644539 25.966838 25.966838 246.546256 80.708306 55.098973 22.839116 24.415289 43.688642 19.335607 24.72028 21.750288 22.214377 19.454024 14.583811 19.318716 23.240726 23.555261 14.407607 12.667144 14.462258 18.451261 17.753211
17.905927 14.13973 19.084991 14.56366 7.683546 7.683546 29.151632 13.621244 9.738488 20.973604 19.985558 24.348178 25.466574 19.148034 7.687057 10.230093 20.188485 16.690142 13.016396 14.8777 14.847471 14.500512 12.069231 13.299544 8.366207 7.524662 16.430167 9.888455 7.527876 17.929923 14.363188 17.978334 24.99666 22.973256 16.303358 16.050548 10.727909 14.824874 15.221531 9.710095 9.710095 13.006766 20.017417 11.246668 16.804011 16.804011 205.064349 248.809088 216.781855 337.303868 239.264071 171.790589 100.417755 22.603089 16.736051 16.417124 13.877286 13.877286 24.72028 23.974094 20.458794 14.362162 14.362959 19.318716 21.296261 18.323866 16.384756 19.074034 21.041848 19.31058 18.415973
10.144138 14.13973 14.13973 11.275264 11.613057 12.669228 46.712515 23.310938 9.738488 49.262793 36.716973 34.264173 32.240734 23.921499 9.025721 15.600137 7.766986 7.718782 7.929447 12.541528 14.875962 15.697829 16.269719 14.832571 9.333826 7.524662 16.430167 7.492806 16.144874 19.152321 24.360906 26.998271 26.597542 24.333995 25.266522 21.013211 12.85762 12.848773 15.357275 20.248458 16.627361 19.68938 22.81113 11.246668 14.357356 137.51502 23.555135 125.084088 276.445961 123.69841 22.359725 13.173503 13.173503 15.909114 15.909114 17.096498 13.885077 13.885077 12.089651 12.089651 20.458794 14.216527 14.348135 14.410259 15.044996 18.067882 16.400477 17.070793 19.111879 21.742927 19.31457
66.930977 10.736469 10.638759 11.513339 11.513339 12.669228 65.943206 54.570171 54.182386 50.70637 39.387052 28.957723 18.890459 14.610162 15.993038 18.013846 8.678038 9.070417 21.270608 28.008828 21.378373 14.169448 14.722671 13.066305 7.569536 9.741016 9.198957 7.492806 16.144874 17.334695 25.807277 29.008561 26.614517 25.016257 26.618447 19.571909 14.331487 13.737993 35.618176 33.881633 16.627361 18.668952 16.396395 22.969641 22.969641 143.471841 44.677038 26.973831 40.226661 28.774558 22.359725 16.532582 17.731346 14.147107 14.147107 21.352871 20.255113 13.885077 17.367929 17.76621 16.105682 13.055854 14.348135 14.410259 14.698494 12.365227 14.398596 17.754077 19.111879 21.798318 21.742531
78.171743 32.448721 74.463732 67.616218 67.547959 53.167419 48.391814 28.745515 14.960352 14.960352 50.844645 32.395554 22.129119 16.061469 14.95594 14.394041 12.07139 8.064924 19.15094 28.341716 23.250419 13.564424 7.92401 7.706953 7.712683 9.741016 19.05613 8.434944 8.714117 10.583756 30.017891 31.802127 28.994847 26.934781 22.981511 11.857831 12.34781 13.735112 14.707339 14.902832 19.614785 20.627347 16.396395 21.282595 76.051406 62.732771 50.112609 26.973831 40.424695 26.445461 23.305344 23.57814 20.675824 16.040365 13.474534 11.882447 11.882447 13.013583 13.710715 17.76621 17.433414 17.443535 16.458806 16.656258 14.698494 12.365227 15.411889 18.685431 19.991846 18.960932 21.750988
77.276162 77.281877 68.973957 50.402157 21.759248 8.184637 8.184637 7.811022 8.21868 14.960352 49.338125 40.112338 30.48027 18.763426 16.349632 14.394041 38.331543 40.788532 29.687843 27.460302 25.540652 15.345921 13.907918 14.186974 7.724418 27.3859 21.632953 8.434944 12.231178 39.033039 35.103746 31.920523 29.966371 27.037781 23.023732 9.091221 7.91704 11.025888 11.37452 14.902832 20.931445 23.811098 33.467854 31.247537 33.861411 72.085773 23.520125 54.692612 35.506327 26.432159 21.541917 21.978116 18.361813 17.422176 13.248033 12.226103 11.882447 22.090692 21.688383 16.208262 17.264932 17.443089 16.458806 12.487292 15.355692 17.069364 19.432688 18.685431 18.990848 20.094368 20.395498
19.780653 10.412917 9.272077 9.272077 15.499358 13.186833 8.184637 44.504086 41.390159 40.638586 45.993902 29.371518 17.97316 14.827222 19.407234 21.186409 24.09723 41.887402 32.428004 26.243462 18.577765 15.700557 19.167587 17.622809 7.724418 16.860686 16.7682 12.435124 12.435124 39.032475 37.858831 30.948732 18.095722 18.163776 24.983257 13.929516 11.167415 17.282986 17.278971 17.032726 18.684612 23.764392 29.780605 39.904364 24.056786 22.043075 23.213617 61.275872 20.679273 21.047424 19.759044 22.052527 19.318989 16.053505 10.56616 10.56616 11.897387 19.387433 22.090692 13.317132 12.095866 14.372701 12.669704 12.487292 15.355692 17.15979 16.557173 18.11763 18.953635 20.104756 19.766971
14.997541 10.412917 10.41259 14.199128 19.99448 18.248935 10.761778 37.545275 43.814729 41.877038 35.549737 30.001822 16.712058 14.827307 27.300591 30.693986 47.021588 45.2392 39.850726 28.866383 21.692152 7.937233 8.017737 7.745345 19.675372 17.167962 16.471797 10.407419 7.524593 24.40405 31.290559 32.344307 23.75982 27.391976 16.332248 16.196091 16.014342 17.300306 17.284302 87.07263 89.977501 21.764967 27.446636 30.605645 24.106903 16.603568 17.615288 17.261499 20.679273 20.725384 21.040286 28.574414 15.742296 9.479442 9.771163 10.56616 16.534048 17.447052 20.028144 13.414576 12.095866 14.372701 17.098564 22.380541 21.122456 19.552921 16.557173 18.028367 19.0481 20.622099 21.45966
13.706981 14.475926 14.475926 18.409144 20.345844 15.558456 11.036611 11.036611 45.337613 46.923545 43.357282 28.702439 19.168369 16.091205 24.705942 26.449795 34.556745 23.638351 17.409877 14.245692 14.098522 7.937233 7.949287 7.745345 15.989947 15.924365 16.532758 13.107172 7.524593 7.978174 7.932694 21.783412 29.138728 28.007634 19.273056 24.213318 17.775464 18.35332 21.957673 75.53002 107.582634 83.34838 57.072871 20.136343 18.177757 16.603568 17.615288 12.210174 18.714625 19.581537 20.347486 29.419026 21.523098 26.319627 17.43312 12.820526 17.409723 17.40746 20.028144 20.635829 15.437024 17.782742 17.762934 22.380541 12.995414 13.497568 15.754092 16.733781 18.3162 18.988588 19.646471
13.706981 14.507249 7.765319 20.163151 20.145229 14.83982 10.874096 11.036611 8.113595 8.113595 49.343604 32.32383 26.910011 13.820651 7.938612 39.147696 21.29313 20.44381 18.680868 14.307551 14.581334 14.857039 14.598725 15.513781 16.402716 15.93395 14.700659 14.070651 8.224023 8.212012 7.932694 14.883081 14.053466 17.042921 17.521914 25.029185 20.720756 17.775464 18.527721 19.142292 16.915328 68.10616 78.720105 9.015286 9.015286 54.155621 22.944849 12.210174 18.714625 17.499814 12.399989 17.767462 19.139012 26.319627 21.339253 21.363941 23.565634 23.564484 22.633742 22.343439 15.437024 22.326354 21.071174 17.057058 15.470735 13.622054 13.920312 13.337877 14.347657 14.775683 19.327068
14.94508 14.94508 7.765319 16.234292 18.15294 7.746302 7.746302 7.743615 8.089826 8.113595 32.024163 29.64351 35.984326 9.98364 7.938612 23.311647 17.883118 10.013059 15.075613 15.1541 14.581334 14.537444 15.465776 10.561762 8.236287 15.719006 15.688763 14.070651 8.407621 8.892549 31.744937 20.810608 14.053466 16.417263 13.11724 66.03979 45.173199 20.152951 16.396974 18.527721 23.86405 22.522011 11.342171 10.253649 9.015286 63.087538 16.113838 19.71132 16.507057 17.589522 12.399989 12.399989 21.605253 18.00468 15.359874 23.981951 23.609208 23.55536 24.295004 24.588136 22.752762 21.712888 21.377604 20.998004 19.381296 14.358515 14.034645 11.59417 12.908242 12.980997 14.017906
14.94508 11.719588 7.714186 7.714186 11.811131 7.746302 7.746302 7.940169 7.940169 38.713322 25.666293 25.958842 24.221433 68.062867 43.993599 22.204868 22.190104 10.013059 10.706547 19.313903 9.219511 8.216718 16.720716 14.558252 8.236287 12.053302 11.951421 8.331047 8.40505 8.892549 26.73457 17.652034 17.692951 16.513792 13.11724 66.650298 18.158419 18.415348 21.427646 24.810904 22.899146 23.711589 19.487764 20.694638 18.180996 17.118359 16.075227 19.71132 23.106091 18.647699 14.068833 16.074534 21.605253 21.351059 21.949363 19.574335 18.658084 23.917311 24.275198 24.587935 21.084549 20.397965 20.720558 20.689156 20.975447 20.696351 15.76555 10.88734 11.918539 14.779847 12.29365
12.780105 11.719588 7.714186 9.026518 14.517021 13.380947 7.715466 7.940169 7.940169 48.69495 36.657745 28.617285 20.988578 34.303732 33.169782 9.396895 8.376213 16.257379 16.24737 19.313903 15.980489 18.565778 12.263779 12.261512 14.906816 14.736486 11.951421 17.747257 23.334958 17.33799 17.382951 17.443539 17.687655 9.448256 12.366695 12.375166 17.640253 18.310303 18.461726 38.534016 28.017888 14.406557 18.219648 19.962675 18.180996 10.094657 26.956749 19.020714 21.359553 18.647699 15.426414 16.58919 15.705739 15.005393 21.949363 21.920061 24.338379 22.664182 19.737202 23.406828 23.330265 20.090416 18.737819 19.413404 20.360504 19.134747 16.157564 11.743138 11.888669 14.403029 13.989268
10.689103 14.97321 14.97321 15.488399 14.517021 14.111009 11.825771 14.7143 19.303484 48.782508 39.383523 45.021012 16.809638 8.284859 9.178596 9.178596 8.376213 9.348865 18.818076 35.242376 30.286606 27.067688 15.287328 12.261512 15.007616 15.012808 16.46351 22.651241 25.385547 17.733948 21.694615 11.798981 10.860206 9.448256 12.32843 19.018869 12.106154 12.295469 77.892359 53.438834 33.786111 14.09804 12.977688 14.527687 11.989886 10.094657 26.956749 24.665872 12.727877 15.077858 14.780112 16.58919 16.515105 15.774768 16.79159 17.266138 24.338379 24.928971 21.997432 23.389067 23.703051 18.072445 18.401631 19.996959 20.036231 17.011286 13.632412 10.880669 13.593365 12.268601 10.705355
10.689103 14.97321 10.660902 7.739503 7.739503 11.321702 11.825771 12.179556 15.676208 31.968522 36.629497 51.726471 26.777877 8.284859 21.392839 21.175008 13.819298 14.043549 18.818076 24.20879 47.151745 24.359077 18.7373 17.05334 15.099479 15.007616 22.93216 26.224927 27.676102 23.420004 23.472638 11.798981 15.877817 30.605064 23.001164 21.721268 12.106154 12.106154 21.734054 38.071519 30.580266 14.07084 14.07084 14.529293 14.590131 20.313258 42.296531 36.080526 12.727877 15.390937 19.72634 16.612036 16.60159 15.774768 16.732444 16.031077 21.670549 23.000514 23.303574 23.316874 23.400417 22.978328 22.948313 20.761601 18.871312 13.987341 14.029416 13.417275 11.415363 7.813603 4.757544
15.173899 15.173899 10.814262 7.739503 8.21631 17.001178 17.982044 18.140041 15.676208 22.092122 34.93298 21.801857 23.071001 36.794726 22.18414 21.175008 26.302502 32.692224 29.319673 43.502656 50.366647 34.281287 48.580574 17.509127 15.862423 15.65428 21.285198 24.332163 12.630553 10.614819 27.874783 19.767443 15.087539 31.044576 31.475487 19.515148 24.366408 22.083065 21.734054 28.178193 22.518882 22.057934 23.472596 13.504783 13.504783 20.313258 27.78526 17.087604 14.824111 15.1072 19.72634 15.565939 18.726069 13.105267 13.105267 16.031077 17.079044 16.000459 23.538686 23.913689 23.339436 20.161274 19.640118 16.107602 12.580594 12.292563 13.644241 12.748366 10.367989 5.061567 2.093149
15.173899 8.302637 14.982281 15.139304 14.700535 16.256674 14.609403 20.955337 19.381743 19.351473 32.98775 24.177193 23.139943 12.62286 8.805516 8.380973 8.380973 35.497151 30.269816 69.009821 91.397746 73.775129 67.097945 21.751424 17.509127 8.582206 8.582206 48.205834 18.116655 10.614819 27.874783 19.243912 21.684864 35.267288 38.972588 19.515148 23.311636 103.822147 29.67837 23.062202 19.474375 20.721407 22.269939 23.476219 22.509981 81.629288 51.281534 17.087604 12.439553 11.502434 19.781761 20.682375 18.726069 14.089225 18.774284 13.132977 13.132977 15.613477 19.238113 20.849021 24.28623 21.825839 17.305577 17.27065 14.827129 13.851981 14.036513 13.605298 10.884456 6.394236 2.097638
9.060708 8.302637 14.982281 12.184688 10.776518 15.191286 15.012696 20.955337 20.079482 19.386816 31.019263 34.529398 19.065604 19.172198 8.805516 15.838015 38.99338 43.022097 109.700766 69.269629 57.84287 94.016544 90.629214 61.100539 24.574474 12.336474 8.582206 54.312539 31.571571 15.711056 20.092417 19.673866 21.684864 15.467398 9.768321 10.479435 10.86392 99.144432 40.291805 16.807858 18.218787 17.136394 22.218722 26.547415 22.586394 17.772253 20.618535 15.581438 15.57736 11.502434 14.074723 20.383173 16.36362 16.635687 18.774284 14.580198 8.453129 12.55753 12.55753 20.866531 23.544346 21.849985 12.795139 14.859432 14.056768 13.715513 11.408926 6.593052 3.102875 0.993583 0.993583
7.915 15.016796 11.946134 11.946134 10.776518 10.794628 17.597952 8.719249 8.719249 19.327679 22.377023 40.637731 11.635993 11.63736 8.82501 8.82501 38.991003 24.575194 14.079174 23.008022 145.905004 94.415895 94.346177 41.706386 23.422401 42.236273 94.78879 74.880104 54.355334 15.711056 18.3504 16.392695 14.230151 14.860446 9.768321 12.376894 23.828471 30.643921 30.106246 17.342685 15.198905 17.783364 36.822183 28.633191 21.96238 21.350011 20.637976 14.034385 13.955368 24.277352 22.663566 20.717173 18.726034 16.083081 16.093476 16.078793 8.453129 9.97613 11.840623 14.055012 16.084394 18.986781 12.619498 12.345407 13.315408 13.057059 12.427468 6.097195 3.102875 0.993583 0.994163
7.915 15.016796 10.107942 16.254852 8.049047 8.049047 17.597952 18.027326 8.360466 44.418891 66.928655 59.049382 22.132845 11.63736 9.331399 9.331399 33.859937 29.660529 14.079174 23.008022 15.192945 10.241375 10.232788 9.088539 22.728207 68.771843 42.364762 15.895344 16.207967 19.472005 19.202925 16.392695 19.894218 17.038284 12.206017 12.354432 25.04076 29.43854 71.511889 50.160527 31.010781 19.716328 27.889779 30.417996 20.292179 21.600124 27.288072 14.174712 13.955368 21.674224 12.624001 14.583564 14.625479 16.083081 16.123748 14.057288 15.327205 12.52672 11.2596 14.675808 17.111458 27.950181 14.32241 8.066484 8.30594 11.078953 6.013264 2.587269 3.761575 3.761575 10.666017
11.674398 8.250978 8.250978 16.254852 13.49906 15.323208 13.301022 13.301022 8.360466 8.360466 52.431846 12.400624 12.400624 9.721305 9.666873 9.331399 33.859937 23.291205 15.878954 15.876801 15.192945 10.241375 10.241375 12.834712 20.20215 45.896334 16.547764 16.481318 16.746943 15.422385 9.106398 28.421369 22.695983 17.038284 20.690068 92.882621 30.431942 104.108749 131.758348 72.020645 39.913081 24.106197 26.658003 23.641349 18.691729 20.306066 14.703635 14.10436 11.340967 12.179421 12.624001 15.058986 16.71956 12.628463 13.687977 13.782623 14.765799 15.329733 17.061891 15.884178 15.395132 19.401945 11.962408 3.096641 3.096641 3.074811 3.073978 2.587269 3.761575 4.722668 12.964774
11.674398 11.981312 15.454314 7.873297 7.873297 15.323208 14.852453 39.204608 38.316351 38.660563 48.857975 16.989415 12.400624 21.81005 21.486983 23.523162 23.92612 23.291205 15.878954 28.346371 47.830296 22.996527 19.086703 12.834712 12.834712 34.904867 30.118487 26.749273 25.891924 18.622641 9.106398 21.507132 21.875948 99.056375 190.301888 188.804576 95.350465 24.434394 19.81269 33.820645 45.138896 29.135331 27.659763 20.727698 23.588685 16.537966 15.592907 14.10436 14.018279 17.064638 14.196739 19.308393 17.362347 12.691509 16.695954 22.591751 18.903798 14.121557 16.798873 13.089989 3.214123 3.214123 3.081233 3.111361 3.096641 3.074811 6.116349 6.02948 10.682037 12.035767 13.362493
11.981312 11.981312 15.454314 16.999466 18.660066 18.70214 19.39018 39.22374 37.999285 17.865852 66.012711 34.164286 12.865454 19.366449 21.487098 23.523162 24.958787 17.955354 39.201003 47.779967 50.955713 31.983986 12.207754 18.473035 36.021682 35.103681 23.972249 21.090832 16.052369 17.32987 13.641518 13.87885 21.875948 184.282168 189.581352 307.077225 40.280488 23.75441 20.594344 18.871498 45.37888 31.285078 24.560639 22.606662 20.891472 19.039422 16.50212 15.192118 17.350978 17.089119 14.196739 21.558393 24.317559 24.760058 24.691611 22.591751 20.321351 19.399085 11.338376 10.420068 3.211914 3.214123 3.118938 7.294044 11.065962 11.92648 12.83149 13.512723 13.344313 13.695717 13.751963
20.420302 7.922721 15.756943 15.756943 18.660066 16.498809 8.161226 8.386239 8.386239 12.271469 44.153597 45.608137 20.755893 24.214689 39.245245 33.55307 30.112055 17.955354 155.565933 233.457716 40.268637 39.405412 12.207754 12.207754 16.888198 14.567609 13.836753 13.923462 13.923424 17.32987 23.600269 37.037635 255.27405 254.046614 192.75384 130.565065 20.817813 22.379357 19.46583 18.386349 42.544243 41.247277 30.302011 21.687841 16.431928 19.622242 18.543181 17.755133 17.649943 16.360594 17.070372 20.656727 24.317559 23.718449 23.933483 23.504041 21.296207 19.381234 14.719341 12.702485 12.356204 13.573281 13.966116 15.973587 15.816033 13.849205 13.891531 13.737863 14.053792 14.762631 15.073957
