STOTEN_Data/raw/Age_yrs_1000ft.asc
ncols         250
nrows         718
xllcorner     -2256000
yllcorner     1557000
cellsize      1000
NODATA_value  -9999
[rows 186 to 216 of 718, columns 69 to 137 of 250]
215.677512 312.976019 1218.6883 1241.836261 1167.187025 1072.241541 1094.694881 889.447812 996.258248 935.860831 834.552479 760.08285 720.46003 697.128271 590.127766 498.554419 467.903839 440.110763 439.265476 440.191291 416.74363 419.881847 412.30947 420.893537 451.26072 467.053458 424.49182 355.92751 266.661947 273.039951 174.145562 214.842177 304.072726 277.57196 52.501027 52.501027 87.8987 -9999 -9999 -9999 -9999 -9999 -9999 -9999 -9999 -9999 -9999 -9999 -9999 -9999 -9999 -9999 -9999 -9999 -9999 -9999 -9999 -9999 -9999 -9999 -9999 -9999 -9999 -9999 -9999 -9999 -9999 -9999 -9999
212.84715 283.393672 1269.960436 1241.832994 1233.062512 1169.30483 966.776569 935.260544 995.075897 931.922946 834.076266 776.428061 712.640737 649.749314 587.705138 550.050354 472.457984 462.963547 474.82893 555.014569 460.04295 460.836256 457.542203 512.154437 486.132676 428.704212 355.989676 254.077805 159.04631 116.830428 89.929067 115.034916 170.461426 160.601943 152.592177 52.501027 39.889564 39.889564 -9999 -9999 -9999 -9999 -9999 -9999 -9999 -9999 -9999 -9999 -9999 -9999 -9999 -9999 -9999 -9999 -9999 -9999 -9999 -9999 -9999 -9999 -9999 -9999 -9999 -9999 -9999 -9999 -9999 -9999 -9999
256.152398 725.68144 975.2532 1236.10949 1238.351278 1213.229213 957.065401 1038.379928 1016.642376 900.881709 843.189026 788.87886 725.176368 697.21464 586.638682 553.021678 532.421527 488.36797 505.411482 707.281468 507.114034 524.818566 536.381344 517.741114 419.516884 273.193781 164.130953 127.748303 120.346104 89.809805 51.176189 51.740609 59.79353 109.665255 150.163612 25.810475 41.750809 -9999 -9999 -9999 -9999 -9999 -9999 -9999 -9999 -9999 -9999 -9999 -9999 -9999 -9999 -9999 -9999 -9999 -9999 -9999 -9999 -9999 -9999 -9999 -9999 -9999 -9999 -9999 -9999 -9999 -9999 -9999 -9999
259.974906 751.144403 652.435004 1272.575474 1243.008266 1268.230828 1139.037232 1074.217875 978.339666 905.319583 837.946418 791.373762 729.02157 697.431932 595.526144 576.200031 548.992657 562.119151 683.444049 673.617282 800.949341 554.016863 529.546325 375.664229 229.28242 122.839541 109.471291 102.799434 103.415554 59.629902 49.557104 48.128931 56.819155 249.769873 151.003542 43.682833 56.70335 -9999 -9999 -9999 -9999 -9999 -9999 -9999 -9999 -9999 -9999 -9999 -9999 -9999 -9999 -9999 -9999 -9999 -9999 -9999 -9999 -9999 -9999 -9999 -9999 -9999 -9999 -9999 -9999 -9999 -9999 -9999 -9999
337.26878 278.234239 565.202903 1400.289844 1465.752538 1139.23903 1075.83299 1035.857605 962.645127 929.387963 839.20899 795.094358 732.484225 697.745338 643.591509 588.130476 627.146688 705.517666 962.148669 695.950518 637.341914 552.359694 426.257902 205.660824 123.201809 90.17419 75.653086 96.825714 72.409792 65.892496 58.161384 53.743066 66.6679 154.197825 160.505126 4.62423 4.62423 -9999 -9999 -9999 -9999 -9999 -9999 -9999 -9999 -9999 -9999 -9999 -9999 -9999 -9999 -9999 -9999 -9999 -9999 -9999 -9999 -9999 -9999 -9999 -9999 -9999 -9999 -9999 -9999 -9999 -9999 -9999 -9999
320.247904 677.535333 606.411168 1440.803539 1341.550284 1174.678341 1134.473011 1034.16944 950.040218 916.608106 839.263551 791.366726 750.876308 697.107545 691.766752 643.524223 637.583744 833.611045 938.381594 765.931608 666.362935 510.326225 252.814253 136.627521 97.029748 83.969843 89.724965 86.277259 79.547688 75.473515 72.578548 56.655687 99.101852 139.458361 186.05065 206.249144 -9999 -9999 -9999 -9999 -9999 -9999 -9999 -9999 -9999 -9999 -9999 -9999 -9999 -9999 -9999 -9999 -9999 -9999 -9999 -9999 -9999 -9999 -9999 -9999 -9999 -9999 -9999 -9999 -9999 -9999 -9999 -9999 -9999
854.403442 391.963465 976.405793 1566.566241 1468.20303 1265.190299 1171.018635 1032.380588 958.304849 928.37906 837.073404 782.641956 752.863339 697.572344 698.909661 703.163452 734.446138 965.538862 892.989443 856.944805 580.135106 339.04683 157.054884 122.809756 99.456795 99.097271 107.015835 100.108944 92.793756 86.656082 76.635016 63.904758 153.792762 225.429447 162.053388 -9999 -9999 -9999 -9999 -9999 -9999 -9999 -9999 -9999 -9999 -9999 -9999 -9999 -9999 -9999 -9999 -9999 -9999 -9999 -9999 -9999 -9999 -9999 -9999 -9999 -9999 -9999 -9999 -9999 -9999 -9999 -9999 -9999 -9999
918.875888 570.630121 1322.478162 1513.590621 1364.891019 1329.796326 1177.612743 1039.978812 953.81597 931.527967 860.491282 769.717554 753.763854 709.240485 734.734551 763.314142 865.00232 1203.201983 880.88119 697.415373 525.010267 263.044306 158.890006 126.203417 116.963468 130.680041 120.950239 116.929827 113.134596 106.320712 95.852326 103.27695 157.61035 411.517762 312.508407 -9999 -9999 -9999 -9999 -9999 -9999 -9999 -9999 -9999 -9999 -9999 -9999 -9999 -9999 -9999 -9999 -9999 -9999 -9999 -9999 -9999 -9999 -9999 -9999 -9999 -9999 -9999 -9999 -9999 -9999 -9999 -9999 -9999 -9999
946.693118 1053.45347 1435.575044 1537.630064 1437.41316 1395.366211 1269.84602 1109.380985 958.806836 937.035579 865.551226 819.607517 785.390375 764.787195 765.123584 794.977057 1039.770432 1036.41697 1024.129536 627.702692 456.115092 203.719931 159.376412 149.467433 150.30504 144.056249 139.755126 135.858876 132.545187 123.053767 115.15881 149.302731 184.364333 387.194933 306.713121 306.314625 -9999 -9999 -9999 -9999 -9999 -9999 -9999 -9999 -9999 -9999 -9999 -9999 -9999 -9999 -9999 -9999 -9999 -9999 -9999 -9999 -9999 -9999 -9999 -9999 -9999 -9999 -9999 -9999 -9999 -9999 -9999 -9999 -9999
972.513824 1406.295141 1500.999593 1572.65289 1566.310344 1560.015845 1292.384682 1114.156942 971.619385 941.949232 900.705674 800.242705 788.769681 788.915618 827.549106 902.292249 1168.325486 1038.320873 790.299028 524.179786 432.587947 206.592531 183.577848 173.140415 162.84541 159.966702 153.160186 149.374514 149.203744 139.412786 139.192344 162.458611 206.920267 416.140383 382.920374 30 -9999 -9999 -9999 -9999 -9999 -9999 -9999 -9999 -9999 -9999 -9999 -9999 -9999 -9999 -9999 -9999 -9999 -9999 -9999 -9999 -9999 -9999 -9999 -9999 -9999 -9999 -9999 -9999 -9999 -9999 -9999 -9999 -9999
1479.794909 1763.690786 1760.932352 1693.084252 1768.294002 1709.224286 1290.214192 1127.257755 975.035331 968.609283 900.419273 800.440032 790.484128 825.899714 867.360158 1068.117972 1301.671786 1135.838052 755.726309 524.595026 341.996012 222.511745 203.696191 209.306556 185.581194 175.846867 173.511999 164.932283 162.660102 159.850253 156.796532 196.008868 260.110895 361.802418 502.363678 611.775762 41.826527 -9999 -9999 -9999 -9999 -9999 -9999 -9999 -9999 -9999 -9999 -9999 -9999 -9999 -9999 -9999 -9999 -9999 -9999 -9999 -9999 -9999 -9999 -9999 -9999 -9999 -9999 -9999 -9999 -9999 -9999 -9999 -9999
1702.908556 1575.161703 1769.77786 1933.082443 2169.995856 1743.064205 1315.544427 1163.312471 999.657349 969.643248 895.414739 811.953375 820.484146 858.53058 936.210489 1262.995739 1323.529802 1132.987993 602.462634 524.179786 356.11397 240.810955 233.974309 241.971415 211.967452 199.322298 195.64982 192.632466 186.365123 182.779044 188.902923 220.034525 489.993155 446.662104 615.30745 755.860088 41.637951 30 30 -9999 -9999 -9999 -9999 -9999 -9999 -9999 -9999 -9999 -9999 -9999 -9999 -9999 -9999 -9999 -9999 -9999 -9999 -9999 -9999 -9999 -9999 -9999 -9999 -9999 -9999 -9999 -9999 -9999 -9999
1471.261787 2163.950791 2165.973773 2503.68013 2330.197374 1800.522917 1363.404539 1176.131588 1059.912821 941.600833 898.764367 894.92796 866.96093 910.21944 1102.411213 1458.83971 1381.118907 986.88465 552.517678 495.782638 342.531612 272.93048 271.903372 261.752593 239.342778 235.009179 226.153261 220.707415 217.372117 215.923289 238.914795 280.622239 449.603641 484.257358 854.98629 975.055359 40.821854 41.635205 -9999 30 -9999 -9999 -9999 -9999 -9999 -9999 -9999 -9999 -9999 -9999 -9999 -9999 -9999 -9999 -9999 -9999 -9999 -9999 -9999 -9999 -9999 -9999 -9999 -9999 -9999 -9999 -9999 -9999 -9999
2461.092855 2660.39422 2967.399231 2766.082633 2540.182262 2067.95709 1409.982973 1244.353896 1063.536961 965.716222 902.754274 899.717654 929.700638 993.197023 1271.796869 1367.502525 1530.184333 742.114973 536.180698 449.18965 361.798143 309.504011 292.294843 278.408668 265.342014 259.579385 255.855207 252.630796 251.973707 252.234306 277.071731 295.760003 466.487957 465.279489 617.884222 1365.252042 47.663244 7.0711 4.5859 4.5859 -9999 -9999 -9999 -9999 -9999 -9999 -9999 -9999 -9999 -9999 -9999 -9999 -9999 -9999 -9999 -9999 -9999 -9999 -9999 -9999 -9999 -9999 -9999 -9999 -9999 -9999 -9999 -9999 -9999
3056.707925 3459.410746 3155.905221 3000.523071 2669.829187 2193.029428 1471.61024 1259.825509 1088.438424 995.35077 993.384749 988.327813 993.672657 1100.709063 1458.66769 1428.725504 1082.913172 665.022881 525.010267 451.681806 372.329201 340.318855 323.334168 312.324036 282.53621 280.077468 274.399413 274.134902 275.858467 284.396726 309.647881 314.862978 430.905155 529.974922 617.950049 1165.650154 397.602327 7.0711 4.5859 4.5859 30 -9999 -9999 -9999 -9999 -9999 -9999 -9999 -9999 -9999 -9999 -9999 -9999 -9999 -9999 -9999 -9999 -9999 -9999 -9999 -9999 -9999 -9999 -9999 -9999 -9999 -9999 -9999 -9999
3700.970609 3522.901156 3335.78127 3029.554592 2684.709529 2253.07099 1498.143075 1294.473966 1095.428514 1033.68753 1027.392832 1003.50215 1091.075553 1295.863532 1633.240567 1561.945365 831.132762 591.92334 536.181998 458.34366 382.276316 376.364817 359.880368 332.529983 299.917894 298.368475 303.748055 309.189115 322.61347 336.125359 346.182142 445.544982 473.370883 542.755044 803.707195 385.010267 295.441478 27.586585 7.748118 7.748118 -9999 -9999 -9999 -9999 -9999 -9999 -9999 -9999 -9999 -9999 -9999 -9999 -9999 -9999 -9999 -9999 -9999 -9999 -9999 -9999 -9999 -9999 -9999 -9999 -9999 -9999 -9999 -9999 -9999
3697.131631 3460.575394 3179.403879 3028.508125 2741.631721 2285.93104 1535.211602 1270.097348 1133.351451 1097.091052 1072.438724 1097.253008 1192.845917 1459.163251 1531.473947 1315.966331 817.873488 592.566101 547.351132 465.089299 416.377058 396.12852 379.844979 378.352761 337.322285 319.60479 326.510007 331.032614 349.419191 366.197339 379.990106 455.986986 442.50057 843.644009 324.500128 492.438969 236.673511 30.502396 13.585216 30 -9999 -9999 -9999 -9999 -9999 -9999 -9999 -9999 -9999 -9999 -9999 -9999 -9999 -9999 -9999 -9999 -9999 -9999 -9999 -9999 -9999 -9999 -9999 -9999 -9999 -9999 -9999 -9999 -9999
3586.205825 2941.637825 2897.591511 2877.138379 2002.978777 2157.738581 1631.705958 1328.671601 1202.376733 1148.041083 1169.924053 1171.47245 1328.486921 1662.333337 1672.056079 1079.123888 783.355099 599.84914 558.522864 489.571278 472.118633 443.251846 398.909323 392.565874 370.008182 352.250488 342.795489 340.124542 356.064766 391.781522 418.954285 508.646452 255.702616 207.423958 239.421376 195.441478 185.165865 117.688726 107.717316 30 -9999 -9999 -9999 -9999 -9999 -9999 -9999 -9999 -9999 -9999 -9999 -9999 -9999 -9999 -9999 -9999 -9999 -9999 -9999 -9999 -9999 -9999 -9999 -9999 -9999 -9999 -9999 -9999 -9999
2613.883306 1807.889174 1703.28218 1159.981127 1872.185783 1581.99518 1728.763604 1366.446544 1295.004575 1237.192702 1236.054466 1295.482692 1428.953603 1732.694732 1703.53455 1044.102586 785.821567 661.193559 558.732739 547.352436 503.977552 483.714945 427.031518 409.021235 408.445192 372.875722 372.352897 362.924087 369.974635 419.746341 448.636879 356.070036 212.192667 238.656076 231.908746 235.350859 29.749487 29.418469 107.611527 -9999 -9999 -9999 -9999 -9999 -9999 -9999 -9999 -9999 -9999 -9999 -9999 -9999 -9999 -9999 -9999 -9999 -9999 -9999 -9999 -9999 -9999 -9999 -9999 -9999 -9999 -9999 -9999 -9999 -9999
826.641506 743.363978 1155.176072 1081.737026 1098.79986 1570.772038 1889.656346 1556.433313 1361.652558 1297.393249 1297.311691 1456.436091 1629.748755 1764.179746 1533.71838 1029.365945 824.792735 688.258508 604.525659 547.365148 517.430319 520.142072 470.708955 439.56731 431.686063 437.570482 383.300744 369.488887 398.828335 437.526573 519.951572 270.655231 192.285002 226.29967 393.370126 296.358958 29.035971 29.035971 34.625599 96.451734 -9999 -9999 -9999 -9999 -9999 -9999 -9999 -9999 -9999 -9999 -9999 -9999 -9999 -9999 -9999 -9999 -9999 -9999 -9999 -9999 -9999 -9999 -9999 -9999 -9999 -9999 -9999 -9999 -9999
859.654566 748.273663 661.734078 438.821614 1080.937436 1023.223058 2051.01817 1725.323407 1527.31379 1423.732267 1423.946931 1528.534584 1887.588092 1898.758879 1390.117777 1061.789951 924.716178 766.488036 658.726901 583.775478 539.207224 529.796639 490.799979 453.679868 453.127011 427.083407 413.259801 403.705413 416.557761 503.039002 314.889839 251.648061 245.899315 318.749405 499.708137 373.827717 15.624914 4.5859 11.748118 96.417505 -9999 -9999 -9999 -9999 -9999 -9999 -9999 -9999 -9999 -9999 -9999 -9999 -9999 -9999 -9999 -9999 -9999 -9999 -9999 -9999 -9999 -9999 -9999 -9999 -9999 -9999 -9999 -9999 -9999
1651.338279 963.720643 809.738818 443.935844 1105.173208 1043.515128 1601.660205 1999.176623 1759.455969 1591.153758 1599.880916 1733.374808 2092.757272 2006.32463 1251.235047 1093.522561 1025.325127 851.434889 658.726926 625.325121 591.92338 591.92334 596.25926 511.181755 477.800484 510.553014 562.886605 429.523249 445.821508 414.748344 289.486189 330.075188 412.990349 587.521801 678.830357 50.663929 50.663929 4.5859 4.5859 30 -9999 -9999 -9999 -9999 -9999 -9999 -9999 -9999 -9999 -9999 -9999 -9999 -9999 -9999 -9999 -9999 -9999 -9999 -9999 -9999 -9999 -9999 -9999 -9999 -9999 -9999 -9999 -9999 -9999
1152.702557 1058.90182 847.287882 659.961816 1070.173865 1099.15873 1730.413781 1624.261684 1503.481716 1854.058562 1796.537081 1956.069595 2200.219219 2143.315069 1352.449406 1186.869494 1119.690099 795.786055 723.179815 640.573353 608.348223 601.369848 607.677743 627.972134 603.929974 624.937377 538.550624 484.02929 486.390867 329.549819 457.516538 827.682504 993.460134 1015.010865 1357.193866 1513.715062 25.791923 25.791923 155.522601 -9999 -9999 -9999 -9999 -9999 -9999 -9999 -9999 -9999 -9999 -9999 -9999 -9999 -9999 -9999 -9999 -9999 -9999 -9999 -9999 -9999 -9999 -9999 -9999 -9999 -9999 -9999 -9999 -9999 -9999
1342.163635 1006.82399 806.365973 652.325766 466.815756 1070.141774 1112.175773 1105.246258 394.467188 1549.240404 1992.987183 2141.16609 2366.23849 1817.797156 1366.634259 1262.037774 1127.87243 758.903411 723.34095 689.029761 687.938284 664.876195 660.006418 667.474291 700.517976 616.153268 505.416701 492.744959 513.937044 405.923005 479.480994 1287.237914 1337.172248 2625.998538 944.850255 760.763822 25.791923 9.791923 9.791923 -9999 -9999 -9999 -9999 -9999 -9999 -9999 -9999 -9999 -9999 -9999 -9999 -9999 -9999 -9999 -9999 -9999 -9999 -9999 -9999 -9999 -9999 -9999 -9999 -9999 -9999 -9999 -9999 -9999 -9999
1284.050068 1010.684115 940.203977 763.658729 1476.672677 1058.238922 431.734793 385.500809 295.200891 276.220649 1657.102896 1712.978084 2556.166139 1629.750876 1437.217362 1356.208744 1067.772239 850.102669 789.871632 733.022723 746.019208 712.66256 796.665621 639.950809 634.053752 628.953693 537.711917 558.996261 674.606444 819.407268 550.684759 546.735113 473.907188 1069.517947 427.997991 441.719364 2250.459247 29.875428 9.791923 -9999 -9999 -9999 -9999 -9999 -9999 -9999 -9999 -9999 -9999 -9999 -9999 -9999 -9999 -9999 -9999 -9999 -9999 -9999 -9999 -9999 -9999 -9999 -9999 -9999 -9999 -9999 -9999 -9999 -9999
1359.093764 1156.170954 952.9778 952.9778 731.016723 822.130096 431.553824 376.273989 301.485362 212.720439 203.653833 418.48597 455.024402 1819.664812 1535.315899 1402.594221 1094.218148 958.52194 835.454433 790.206214 821.659504 834.94245 757.136435 730.4993 632.400509 583.368622 559.583007 758.932621 525.010267 525.010267 1389.002709 530.656703 1311.635039 465.816657 507.011113 350.823637 52.501027 29.875428 4.62423 -9999 -9999 -9999 -9999 -9999 -9999 -9999 -9999 -9999 -9999 -9999 -9999 -9999 -9999 -9999 -9999 -9999 -9999 -9999 -9999 -9999 -9999 -9999 -9999 -9999 -9999 -9999 -9999 -9999 -9999
1777.325195 1155.753843 900.2657 952.982987 731.659785 562.753689 426.980614 350.554736 253.328301 167.234931 165.121031 315.842346 373.170846 2112.930153 1694.556381 1490.222006 1093.382275 1006.743986 971.844144 949.713293 805.362345 768.48881 768.200416 647.569861 645.097403 625.671675 558.875628 660.303223 689.750352 537.259103 525.010267 509.582478 467.337478 548.99703 595.763403 367.568906 309.363935 38.625599 4.62423 5.70705 -9999 -9999 -9999 -9999 -9999 -9999 -9999 -9999 -9999 -9999 -9999 -9999 -9999 -9999 -9999 -9999 -9999 -9999 -9999 -9999 -9999 -9999 -9999 -9999 -9999 -9999 -9999 -9999 -9999
1339.248527 1155.754807 953.897204 940.358732 683.475723 644.552206 448.252927 307.245827 255.470309 174.953074 165.784947 161.874824 327.694423 1833.122842 1826.283652 1627.7368 1192.060233 1106.889201 1136.354178 814.361511 839.516833 873.908846 746.544911 659.849451 685.535274 658.889548 547.938842 547.901234 600.124062 1504.260549 525.010267 631.463737 1394.703098 1398.653919 729.745485 119.031236 97.494867 35.705681 15.705681 5.70705 30 -9999 -9999 -9999 -9999 -9999 -9999 -9999 -9999 -9999 -9999 -9999 -9999 -9999 -9999 -9999 -9999 -9999 -9999 -9999 -9999 -9999 -9999 -9999 -9999 -9999 -9999 -9999 -9999
1795.103664 1377.965977 1091.41819 853.713444 699.392393 750.205104 455.048065 331.266387 262.199226 176.533382 161.880448 162.250767 331.197153 357.121834 2053.142715 1670.27744 1248.596852 1236.04873 1103.224287 944.626225 774.474217 846.333781 785.478597 827.547041 732.122016 658.73187 658.728689 689.217795 717.89503 576.908088 654.722608 723.8486 1555.881869 1471.49396 2005.679838 2533.247576 96.249144 43.705681 27.586585 13.585216 13.585216 -9999 -9999 -9999 -9999 -9999 -9999 -9999 -9999 -9999 -9999 -9999 -9999 -9999 -9999 -9999 -9999 -9999 -9999 -9999 -9999 -9999 -9999 -9999 -9999 -9999 -9999 -9999 -9999
1967.842709 1764.498506 1214.584914 932.842302 750.205104 698.37311 458.36799 367.09243 289.460078 222.651768 162.05095 167.94613 334.956254 380.261145 2103.506873 1568.087304 1394.35207 1266.957959 1011.046293 881.295344 857.368698 832.508 859.596994 819.621283 822.390742 884.841825 825.90102 745.101838 1285.87634 688.324 753.290379 804.700177 2264.85463 1527.639298 893.152446 534.246477 136.712706 136.646133 40.66256 13.585216 13.585216 -9999 -9999 -9999 -9999 -9999 -9999 -9999 -9999 -9999 -9999 -9999 -9999 -9999 -9999 -9999 -9999 -9999 -9999 -9999 -9999 -9999 -9999 -9999 -9999 -9999 -9999 -9999 -9999
1499.196799 1925.530633 1249.58005 961.986403 705.456407 628.35874 443.562904 392.762001 300.184108 289.209912 179.719048 169.978258 296.141922 413.60246 2166.981063 1585.405735 1363.23562 1172.667741 951.076641 918.573466 962.619255 942.611713 864.241311 868.428002 958.919252 837.466807 863.225365 1539.705602 761.842474 768.564818 998.428452 5250 640.532136 549.609959 510.477641 240.43372 135.871662 145.87269 145.87269 27.586585 27.586585 -9999 -9999 -9999 -9999 -9999 -9999 -9999 -9999 -9999 -9999 -9999 -9999 -9999 -9999 -9999 -9999 -9999 -9999 -9999 -9999 -9999 -9999 -9999 -9999 -9999 -9999 -9999 -9999
