STOTEN_Data/raw/Age_yrs_200ft.asc
ncols         250
nrows         718
xllcorner     -2256000
yllcorner     1557000
cellsize      1000
NODATA_value  -9999
[rows 186 to 216 of 718, columns 0 to 69 of 250]
-9999 -9999 -9999 -9999 -9999 -9999 -9999 -9999 -9999 -9999 -9999 -9999 -9999 -9999 -9999 -9999 -9999 -9999 -9999 -9999 -9999 -9999 -9999 -9999 -9999 -9999 -9999 -9999 -9999 -9999 83.951247 74.798043 77.114082 87.029498 87.093594 93.603738 93.847252 97.144262 98.577945 106.636847 97.247522 96.902572 66.895999 67.49279 70.368174 72.94394 76.212813 73.153577 73.92455 70.859242 74.427616 80.475548 95.826925 240.824943 976.369019 5225.188227 117.113235 109.007947 96.527991 105.9291 479.95702 402.458708 303.573319 185.51258 159.730294 100.417882 93.50372 113.88237 47.434288 22.711833
-9999 -9999 -9999 -9999 -9999 -9999 -9999 -9999 -9999 -9999 -9999 -9999 -9999 -9999 -9999 -9999 -9999 -9999 -9999 -9999 -9999 -9999 -9999 -9999 -9999 -9999 -9999 -9999 -9999 -9999 83.951247 84.129653 74.348453 87.999943 88.638647 93.603738 93.603738 88.000732 86.889248 87.543367 86.370697 80.659532 62.737036 62.624646 69.803843 67.374491 67.631873 70.308548 73.717716 73.64461 80.008807 80.712764 103.495211 149.922013 1328.191272 4245.023754 189.339988 97.840585 90.713434 88.388899 140.525 440.472725 340.713335 306.356343 163.820606 149.366287 136.255036 109.827566 76.668628 42.762536
-9999 -9999 -9999 -9999 -9999 -9999 -9999 -9999 -9999 -9999 -9999 -9999 -9999 -9999 -9999 -9999 -9999 -9999 -9999 -9999 -9999 -9999 -9999 -9999 -9999 -9999 -9999 -9999 -9999 -9999 87.062485 87.062485 74.348453 74.348453 81.502713 84.419052 86.819484 87.920252 88.000732 87.543367 87.41712 70.03448 67.823282 67.375222 66.258636 66.857165 64.759226 69.60642 73.659758 77.229614 80.409772 80.474235 96.954838 126.765817 837.926612 5237.645448 469.015624 97.165482 96.871305 140.411731 191.371195 470.273989 354.920217 305.512976 185.498807 172.721004 166.445968 136.652006 76.665462 90.732731
-9999 -9999 -9999 -9999 -9999 -9999 -9999 -9999 -9999 -9999 -9999 -9999 -9999 -9999 -9999 -9999 -9999 -9999 -9999 -9999 -9999 -9999 -9999 -9999 -9999 -9999 -9999 -9999 -9999 -9999 81.267585 87.273267 81.132995 81.182343 81.502713 81.502713 59.196581 67.3178 77.715941 96.976584 97.680262 69.731428 70.064434 73.955187 69.77323 67.812907 66.840932 66.969289 73.764588 79.781376 80.045563 80.566706 88.033041 116.995107 572.757611 5237.645448 462.362205 97.728736 97.647866 471.971335 516.174422 498.845455 397.343401 336.589545 298.375502 193.517959 167.148164 136.807617 107.984319 110.91196
-9999 -9999 -9999 -9999 -9999 -9999 -9999 -9999 -9999 -9999 -9999 -9999 -9999 -9999 -9999 -9999 -9999 -9999 -9999 -9999 -9999 -9999 -9999 -9999 -9999 -9999 -9999 -9999 -9999 81.267585 81.267585 87.273267 87.219729 80.638177 81.198612 81.198612 59.196581 59.196581 77.704043 73.658406 70.418833 87.291107 79.909149 80.909836 79.683463 72.4184 72.673278 73.32147 74.260782 79.789151 80.274913 80.492625 78.236725 202.306402 525.116562 4034.814612 1259.97985 123.695455 146.426535 404.434593 420.37911 511.828152 436.929203 400.100197 306.908589 291.440252 236.093275 142.917976 155.889167 136.346085
-9999 -9999 -9999 -9999 -9999 -9999 -9999 -9999 -9999 -9999 -9999 -9999 -9999 -9999 -9999 -9999 -9999 -9999 -9999 -9999 -9999 -9999 -9999 -9999 -9999 -9999 -9999 -9999 -9999 62.150851 61.548847 55.743852 55.743852 80.490248 80.734556 61.715856 84.209722 86.995218 88.774538 93.354084 70.418833 86.982374 86.716785 84.025398 87.923065 88.118847 80.360648 79.582838 80.48968 81.085303 73.382686 68.290157 70.179459 227.387925 1288.199453 5250 402.638262 247.618011 234.402629 261.581333 470.716602 525.010267 493.770119 437.082429 367.193463 320.20336 246.56968 159.864786 143.8664 153.537045
-9999 -9999 -9999 -9999 -9999 -9999 -9999 -9999 -9999 -9999 -9999 -9999 -9999 -9999 -9999 -9999 -9999 -9999 -9999 -9999 -9999 -9999 -9999 -9999 -9999 -9999 -9999 -9999 -9999 30 61.548847 55.679918 77.14664 61.604507 61.604507 59.038229 67.63935 84.518226 86.943156 87.02561 97.587391 97.975448 83.551384 87.443455 94.154287 93.277894 84.558087 87.038927 79.898248 84.425579 86.608196 64.696085 80.929919 180.608752 1457.912211 5250 197.286788 143.843643 144.314218 151.377478 481.312645 948.467728 732.142886 511.651327 436.821843 396.263621 276.29262 276.292516 156.709233 153.634399
-9999 -9999 -9999 -9999 -9999 -9999 -9999 -9999 -9999 -9999 -9999 -9999 -9999 -9999 -9999 -9999 -9999 -9999 -9999 -9999 -9999 -9999 -9999 -9999 -9999 -9999 -9999 -9999 -9999 77.525466 80.214301 80.214301 77.278665 61.605247 77.096726 80.258075 80.258075 81.028127 81.441094 87.02561 88.110381 93.837135 76.467984 73.688047 80.424631 80.729195 74.495725 76.940987 76.776972 79.648303 71.194083 65.073656 80.13653 107.466295 1464.409954 1718.126693 217.101836 91.731888 117.575076 114.854477 277.310199 180.128957 297.320416 525.010267 506.91066 437.944229 421.346897 305.659143 160.176287 155.952757
-9999 -9999 -9999 -9999 -9999 -9999 -9999 -9999 -9999 -9999 -9999 -9999 -9999 -9999 -9999 -9999 -9999 -9999 -9999 -9999 -9999 -9999 -9999 -9999 -9999 -9999 -9999 -9999 -9999 77.525466 77.072137 76.890579 77.041873 77.041873 76.973534 79.677722 80.131288 55.619076 55.619076 61.717445 74.650964 93.837135 70.761732 67.102377 69.953145 70.295804 74.329015 74.319507 74.351047 68.522021 67.910442 74.146425 80.941487 96.567032 1009.467371 1551.895148 160.178829 88.175029 104.679164 131.631682 98.496902 105.091927 206.982052 201.207603 742.933927 654.327591 467.173197 396.967256 300.787978 160.153123
-9999 -9999 -9999 -9999 -9999 -9999 -9999 -9999 -9999 -9999 -9999 -9999 -9999 -9999 -9999 -9999 -9999 -9999 -9999 -9999 -9999 -9999 -9999 -9999 -9999 -9999 -9999 -9999 -9999 77.419299 77.419299 76.890579 77.075768 76.923472 77.131379 77.131379 79.888334 55.619076 55.619076 81.229552 84.453941 80.084708 73.74791 66.072218 67.353132 67.144684 74.152261 77.04503 65.668714 65.384096 66.630913 67.338157 76.622199 104.815881 460.170522 5237.645448 221.559312 114.027864 151.249164 260.667567 131.089586 120.689254 176.664101 154.375434 757.090156 709.68045 689.361724 467.596948 362.420597 242.65791
-9999 -9999 -9999 -9999 -9999 -9999 -9999 -9999 -9999 -9999 -9999 -9999 -9999 -9999 -9999 -9999 -9999 -9999 -9999 -9999 -9999 -9999 -9999 -9999 -9999 -9999 -9999 -9999 -9999 77.120435 77.120435 77.104375 77.104375 76.923472 77.056049 76.606879 79.882182 79.882182 81.09566 83.900659 84.453941 87.877224 87.877224 60.89248 61.123397 63.688537 70.275269 76.151091 65.117109 60.417202 69.438092 69.718079 66.993573 96.870288 196.352541 2769.684609 758.149571 203.156719 180.135165 166.334086 144.125035 184.65706 164.106795 127.914467 1145.364143 743.962908 743.076009 743.076009 417.128795 309.906355
-9999 -9999 -9999 -9999 -9999 -9999 -9999 -9999 -9999 -9999 -9999 -9999 -9999 -9999 -9999 -9999 -9999 -9999 -9999 -9999 -9999 -9999 -9999 -9999 -9999 -9999 -9999 -9999 -9999 77.068423 68.979423 74.291098 74.833806 74.893651 74.869075 74.882273 77.414355 79.872927 55.467286 55.467286 59.252118 87.425508 87.877224 59.83895 57.70932 63.448551 63.288358 64.724612 62.643262 56.768786 61.431198 64.983256 67.901746 87.615868 126.597231 1563.082809 1502.887567 525.010267 341.52844 180.887432 157.266029 227.974986 117.409747 124.065219 525.010267 927.987978 743.873681 743.076009 494.184655 437.122539
-9999 -9999 -9999 -9999 -9999 -9999 -9999 -9999 -9999 -9999 -9999 -9999 -9999 -9999 -9999 -9999 -9999 -9999 -9999 -9999 -9999 -9999 -9999 -9999 -9999 -9999 -9999 -9999 -9999 63.693144 67.319516 67.674462 74.479592 74.475538 74.480215 55.632039 58.457805 79.477139 55.467286 55.467286 80.537037 81.14221 87.436549 57.309446 57.105026 63.413443 63.380811 60.828765 64.947796 68.005769 66.464693 59.774829 66.359809 80.488181 126.472889 779.177015 5250 1516.994397 516.327426 247.313016 163.634712 208.570774 88.56963 150.459944 525.010267 525.010267 402.897873 743.076009 968.547811 453.685682
-9999 -9999 -9999 -9999 -9999 -9999 -9999 -9999 -9999 -9999 -9999 -9999 -9999 -9999 -9999 -9999 -9999 -9999 -9999 -9999 -9999 -9999 -9999 -9999 -9999 -9999 -9999 -9999 -9999 41.102834 50.225558 67.918015 68.103651 -9999 -9999 55.749934 55.825123 79.961744 59.159128 59.252798 80.902511 80.902511 79.145795 66.820687 54.930568 62.357814 62.927392 60.251877 59.656418 64.189361 66.492878 58.023638 63.407275 67.536351 117.822412 382.875537 3271.78424 4840.734759 337.479993 243.78268 240.071706 108.411089 117.084088 181.380733 184.132213 154.206682 168.401028 1201.482356 1501.799747 2034.528087
-9999 -9999 -9999 -9999 -9999 -9999 -9999 -9999 -9999 -9999 -9999 -9999 -9999 -9999 -9999 -9999 -9999 -9999 -9999 -9999 -9999 -9999 -9999 -9999 -9999 -9999 -9999 -9999 -9999 32.755346 31.122715 55.092811 68.340137 67.309308 -9999 -9999 -9999 80.261247 80.261247 80.548789 80.749733 80.990946 79.097221 79.097221 55.093598 57.069962 59.660424 54.505025 53.938134 57.440569 57.488452 52.255387 60.118525 67.896587 109.661861 180.333099 769.632897 5250 3874.569187 453.951165 217.185344 133.387195 147.453679 157.730794 108.277597 111.615946 306.988452 1508.770848 2672.759025 2460.148534
-9999 -9999 -9999 -9999 -9999 -9999 -9999 -9999 -9999 -9999 -9999 -9999 -9999 -9999 -9999 -9999 -9999 -9999 -9999 -9999 -9999 -9999 -9999 -9999 -9999 -9999 -9999 -9999 30 16.129669 16.129669 39.436234 -9999 67.309308 30 30 75.789305 79.962383 79.962383 80.484717 80.484717 59.136378 70.784793 70.784793 57.008854 57.091607 55.291918 55.122273 54.464599 63.211806 67.868863 53.607983 51.775887 64.944853 80.066991 95.129402 253.526726 1836.423358 5250 360.647097 158.084481 353.768598 360.365121 154.954802 96.973052 113.730321 1299.931554 1555.080286 2974.975768 3270.316855
-9999 -9999 -9999 -9999 -9999 -9999 -9999 -9999 -9999 -9999 -9999 -9999 -9999 -9999 -9999 -9999 -9999 -9999 -9999 -9999 -9999 -9999 -9999 -9999 -9999 -9999 -9999 -9999 -9999 16.013848 16.088275 46.79795 -9999 -9999 -9999 -9999 75.789305 75.789305 80.263674 80.714575 80.714575 59.136378 59.136378 55.072737 53.911825 52.884987 54.419376 54.302092 56.452082 57.464801 73.759629 56.956394 49.558717 65.028487 73.45892 86.804984 107.940764 156.079983 5250 168.537333 184.400048 518.905562 477.905382 467.00428 224.156453 251.16056 1454.084958 1790.458306 3466.281608 2356.881298
-9999 -9999 -9999 -9999 -9999 -9999 -9999 -9999 -9999 -9999 -9999 -9999 -9999 -9999 -9999 -9999 -9999 -9999 -9999 -9999 -9999 -9999 -9999 -9999 -9999 -9999 -9999 -9999 -9999 30 17.069684 31.36027 54.730726 -9999 -9999 -9999 -9999 77.043123 80.263674 80.263674 80.939683 80.87567 80.87567 55.128983 55.128983 49.585565 53.513251 53.611404 59.75352 64.194794 73.763099 67.958664 53.042171 69.654878 73.450325 80.203086 90.806239 150.016177 1871.579858 1486.566948 1358.452393 776.052122 715.864549 464.248343 478.741373 1360.59815 3465.472685 3101.072448 3264.042137 161.36801
-9999 -9999 -9999 -9999 -9999 -9999 -9999 -9999 -9999 -9999 -9999 -9999 -9999 -9999 -9999 -9999 -9999 -9999 -9999 -9999 -9999 -9999 -9999 -9999 -9999 -9999 -9999 -9999 -9999 30 18.034219 19.010956 28.726728 -9999 -9999 -9999 -9999 73.381196 80.505813 80.505813 80.939683 80.939683 81.155516 57.633078 57.633078 48.77376 48.77376 54.062241 57.586875 68.034472 68.215935 73.796546 63.585833 70.19149 73.781523 83.983929 86.701104 256.943846 583.155291 5250 1460.126285 981.155993 776.565781 593.85138 654.56211 1673.106479 486.178084 431.187015 422.238991 184.049995
-9999 -9999 -9999 -9999 -9999 -9999 -9999 -9999 -9999 -9999 -9999 -9999 -9999 -9999 -9999 -9999 -9999 -9999 -9999 -9999 -9999 -9999 -9999 -9999 -9999 -9999 -9999 -9999 -9999 30 18.044702 18.045252 28.726728 -9999 -9999 -9999 -9999 73.381196 73.282428 80.820277 80.977551 80.977551 81.154593 57.633078 57.633078 65.349238 65.349238 66.906276 69.920025 69.955399 67.326132 67.38052 54.300883 51.21807 74.636562 80.984799 87.782522 375.762982 757.133605 5250 1843.593987 1550.171116 578.875173 1481.397492 1639.967287 4459.697955 495.678916 350.866966 137.445289 156.84557
-9999 -9999 -9999 -9999 -9999 -9999 -9999 -9999 -9999 -9999 -9999 -9999 -9999 -9999 -9999 -9999 -9999 -9999 -9999 -9999 -9999 -9999 -9999 -9999 -9999 -9999 -9999 -9999 -9999 67.268725 18.324378 18.704348 43.71964 -9999 -9999 -9999 -9999 80.310946 80.310946 80.820277 80.977551 81.204513 86.777396 86.777396 81.238996 65.349238 65.349238 87.350972 87.334609 61.812435 58.444752 53.190888 53.582907 51.98489 70.740427 68.888143 100.922629 525.010267 1667.774096 5250 1075.986345 358.27863 1758.540582 1821.270947 3760.990378 2782.716317 184.124032 131.128435 137.648389 154.495801
-9999 -9999 -9999 -9999 -9999 -9999 -9999 -9999 -9999 -9999 -9999 -9999 -9999 -9999 -9999 -9999 -9999 -9999 -9999 -9999 -9999 -9999 -9999 -9999 -9999 -9999 -9999 -9999 -9999 67.31191 47.833524 19.418731 30 -9999 -9999 -9999 -9999 80.310946 80.249682 80.949098 80.949098 81.204513 86.777396 73.636693 87.097748 87.097748 84.092257 87.334609 87.334609 67.487807 70.041976 46.120385 52.80385 63.452734 67.761117 73.239753 250.892163 525.010267 2072.77387 5250 2907.836291 386.724061 2771.693658 3146.874837 3406.306496 443.085689 204.075313 146.709948 156.612019 161.200231
-9999 -9999 -9999 -9999 -9999 -9999 -9999 -9999 -9999 -9999 -9999 -9999 -9999 -9999 -9999 -9999 -9999 -9999 -9999 -9999 -9999 -9999 -9999 -9999 -9999 -9999 -9999 -9999 -9999 41.412414 40.101314 19.498946 19.471545 -9999 -9999 -9999 -9999 74.967634 80.249682 80.949098 80.712756 81.325846 81.325846 73.636693 87.097748 87.097748 67.639364 67.639364 76.549541 70.041976 70.041976 46.307759 52.892083 64.017221 70.113155 86.91279 525.010267 582.972609 2664.82896 472.594873 434.643359 343.874262 359.917199 3048.28429 4459.697955 447.340931 157.129959 217.494627 193.923809 173.622824
-9999 -9999 -9999 -9999 -9999 -9999 -9999 -9999 -9999 -9999 -9999 -9999 -9999 -9999 -9999 -9999 -9999 -9999 -9999 -9999 -9999 -9999 -9999 -9999 -9999 -9999 -9999 -9999 -9999 -9999 41.09293 19.054143 19.037945 -9999 -9999 -9999 -9999 72.913695 80.286404 80.286404 80.712756 81.325846 58.453556 86.927574 86.927574 80.817637 67.639364 67.639364 84.454728 84.454728 68.497945 56.265726 56.438558 63.399995 65.591893 117.668015 525.010267 2067.914766 3569.659729 5250 190.767936 278.524323 297.591708 51.650361 3264.198515 525.010267 194.563331 167.826506 101.363492 180.721185
-9999 -9999 -9999 -9999 -9999 -9999 -9999 -9999 -9999 -9999 -9999 -9999 -9999 -9999 -9999 -9999 -9999 -9999 -9999 -9999 -9999 -9999 -9999 -9999 -9999 -9999 -9999 -9999 -9999 -9999 39.430658 23.903257 16.860159 30 -9999 -9999 -9999 -9999 73.484881 73.331991 73.331876 73.331876 58.453556 86.927574 86.867638 86.919309 86.919309 77.163694 84.454728 84.454728 68.498536 57.821444 67.405335 73.479488 79.776455 127.236482 525.010267 1870.634125 397.467209 337.674527 167.136815 217.569562 297.459463 336.281563 1604.856032 1352.638725 525.010267 133.477258 150.316831 261.359911
-9999 -9999 -9999 -9999 -9999 -9999 -9999 -9999 -9999 -9999 -9999 -9999 -9999 -9999 -9999 -9999 -9999 -9999 -9999 -9999 -9999 -9999 -9999 -9999 -9999 -9999 -9999 -9999 -9999 -9999 38.820917 38.752991 17.186035 30 -9999 -9999 -9999 -9999 72.613045 73.331991 73.331876 55.679661 64.727203 64.727203 81.552183 86.919309 86.919309 84.104203 84.104203 84.0799 61.821929 61.821929 67.562933 70.397752 91.028626 525.010267 782.166238 3050.339786 5250 442.007886 407.518643 418.75655 330.489418 331.030827 3090.900698 1392.804542 525.010267 525.010267 485.70694 210.160239
-9999 -9999 -9999 -9999 -9999 -9999 -9999 -9999 -9999 -9999 -9999 -9999 -9999 -9999 -9999 -9999 -9999 -9999 -9999 -9999 -9999 -9999 -9999 -9999 -9999 -9999 -9999 -9999 -9999 -9999 41.372063 39.700437 17.821127 17.821127 -9999 -9999 -9999 -9999 77.188756 80.321474 55.679661 55.679661 64.727203 64.506802 69.740349 67.360362 60.44694 84.104203 84.104203 61.342506 59.420523 63.792075 73.082251 74.334267 96.349933 101.113772 979.013699 3371.010511 5163.005085 5250 5250 5250 422.085235 5250 5250 1662.364169 1333.333333 725.256674 267.308016 167.404974
-9999 -9999 -9999 -9999 -9999 -9999 -9999 -9999 -9999 -9999 -9999 -9999 -9999 -9999 -9999 -9999 -9999 -9999 -9999 -9999 -9999 -9999 -9999 -9999 -9999 -9999 -9999 -9999 -9999 -9999 68.07214 37.612873 17.821127 17.821127 30 -9999 -9999 -9999 77.188756 80.232638 79.929169 80.401981 64.51865 64.51865 69.740349 69.740349 81.284438 81.231388 81.318718 61.342506 61.342506 63.792075 52.972933 65.069758 80.071904 99.912337 725.960727 5250 5250 5250 5250 5250 454.084989 518.657953 5250 1837.264111 1333.333333 383.945826 253.981819 157.818655
-9999 -9999 -9999 -9999 -9999 -9999 -9999 -9999 -9999 -9999 -9999 -9999 -9999 -9999 -9999 -9999 -9999 -9999 -9999 -9999 -9999 -9999 -9999 -9999 -9999 -9999 -9999 -9999 -9999 -9999 80.805481 32.783017 32.054298 21.00758 30 -9999 -9999 -9999 77.13901 79.929169 79.926144 79.916162 77.098732 64.234105 72.68338 80.81673 81.284438 81.284438 81.127496 86.810851 86.810874 46.065246 46.065246 65.069758 80.081677 137.18189 1040.075807 4311.482248 3978.301169 3858.830133 3943.836647 5250 5250 5250 5250 5250 1080.689401 483.018519 290.247661 200.773326
-9999 -9999 -9999 -9999 -9999 -9999 -9999 -9999 -9999 -9999 -9999 -9999 -9999 -9999 -9999 -9999 -9999 -9999 -9999 -9999 -9999 -9999 -9999 -9999 -9999 -9999 -9999 -9999 -9999 -9999 81.540328 30.273541 24.810576 -9999 -9999 -9999 -9999 -9999 74.505282 74.195583 77.080845 77.098732 77.094273 62.085263 49.825077 67.556606 73.764836 80.575588 81.127496 81.127496 77.043731 62.62284 62.62284 68.528402 68.528402 120.579394 196.301583 2072.140831 2761.881286 2756.163598 2976.579888 2171.773329 433.709159 3361.429976 3561.062253 51.814347 522.544894 1070.732008 468.756222 525.010267
-9999 -9999 -9999 -9999 -9999 -9999 -9999 -9999 -9999 -9999 -9999 -9999 -9999 -9999 -9999 -9999 -9999 -9999 -9999 -9999 -9999 -9999 -9999 -9999 -9999 -9999 -9999 -9999 -9999 -9999 42.687509 42.722611 23.985383 -9999 -9999 -9999 -9999 -9999 74.231869 74.146922 68.346688 67.466885 57.172133 45.653669 46.788968 67.272915 66.290155 73.053881 75.986101 81.18262 75.770384 75.770384 62.62284 107.824131 108.853968 117.434079 127.042262 525.010267 658.963051 1484.081674 2372.462976 2577.001788 1987.672297 2662.285436 2579.395273 2758.175208 4736.419122 3053.159695 1458.762206 1166.832667
