STOTEN_Data/raw/Age_yrs_350ft.asc
ncols         250
nrows         718
xllcorner     -2256000
yllcorner     1557000
cellsize      1000
NODATA_value  -9999
[rows 465 to 495 of 718, columns 138 to 206 of 250]
485.080984 484.942819 457.986091 444.726865 398.759798 371.697374 321.340846 448.100401 281.366418 356.425267 2294.762769 2540.639721 1177.223205 912.86181 813.026681 1148.569179 782.36478 717.370987 369.314734 380.676113 561.321812 528.217379 447.636931 369.495856 339.865314 316.681011 289.296069 206.972611 293.888869 279.030221 270.009644 216.753725 194.213278 167.597828 199.838208 206.279373 335.36851 355.26284 176.398297 182.912448 376.421119 355.60938 30 30 30 30 30 30 30 -9999 -9999 -9999 -9999 -9999 -9999 -9999 -9999 -9999 -9999 -9999 -9999 -9999 -9999 -9999 -9999 -9999 -9999 -9999 -9999
484.764219 434.503392 457.829399 435.641645 403.410863 356.011163 300.647653 306.633157 320.092227 1712.525254 2554.216478 2260.630792 289.334015 289.466005 843.63364 1127.323682 1022.524642 684.978293 691.802337 592.374947 635.637216 539.695291 476.721071 358.423248 272.555596 251.969204 267.457113 279.588956 284.97795 271.330276 276.878418 242.64396 222.631075 192.98244 164.516268 163.012858 258.472165 457.049158 393.399542 165.434634 153.217847 153.787523 186.675473 156.183106 30 30 30 30 30 -9999 -9999 -9999 -9999 -9999 -9999 -9999 -9999 -9999 -9999 -9999 -9999 -9999 -9999 -9999 -9999 -9999 -9999 -9999 -9999
326.25214 442.024551 446.492838 490.940257 280.749097 242.805188 276.358986 316.133627 307.733985 252.573541 2159.244138 1891.425178 289.310958 289.497146 1194.067494 1060.525187 855.892699 685.356659 691.369381 495.643206 478.861609 470.693085 503.782009 352.46829 282.726472 228.468587 178.389012 188.765809 259.449315 271.980811 274.525079 273.005488 248.542298 207.19264 174.172744 166.788307 176.15192 387.382871 471.951154 374.428353 377.497609 225.416569 288.587241 168.327155 30 30 30 30 30 -9999 -9999 -9999 -9999 -9999 -9999 -9999 -9999 -9999 -9999 -9999 -9999 -9999 -9999 -9999 -9999 -9999 -9999 -9999 -9999
323.96368 485.671743 421.690957 310.24492 291.077368 270.370804 315.654656 315.979975 447.776703 251.824821 2230.834591 1997.435648 1733.043274 1424.056763 1224.123733 1124.653135 988.68556 830.126764 680.618547 544.738775 549.042201 486.320898 467.63839 299.174738 290.166886 282.343938 221.076082 203.700062 248.348664 248.74262 233.488756 253.448086 242.878419 220.642112 196.20429 168.129149 158.275003 184.939971 511.938229 157.945176 289.865341 96.694558 82.871299 276.588407 30 30 30 30 30 -9999 -9999 -9999 -9999 -9999 -9999 -9999 -9999 -9999 -9999 -9999 -9999 -9999 -9999 -9999 -9999 -9999 -9999 -9999 -9999
377.688695 347.867906 304.084998 300.523486 330.224461 330.468842 323.128374 317.373434 1651.224952 2264.005303 2036.089152 1891.312517 1562.279285 1321.312467 1116.013716 782.449415 744.073861 790.176996 700.19437 520.977629 573.103644 470.347254 428.821823 302.301095 293.179049 285.83525 250.47512 225.237496 221.959682 241.18742 223.033559 233.369513 215.665212 199.851209 168.989509 143.507254 148.767349 156.510045 149.19348 319.431713 206.935837 82.518823 261.911823 157.625228 118.277984 30 30 30 30 30 -9999 -9999 -9999 -9999 -9999 -9999 -9999 -9999 -9999 -9999 -9999 -9999 -9999 -9999 -9999 -9999 -9999 -9999 -9999
329.330524 296.812887 282.712873 333.549826 309.912796 326.337634 309.113411 238.19219 1654.831436 1183.930251 1043.614508 1655.781513 1425.060605 1193.342034 1094.081369 743.603601 535.07036 513.571212 688.569674 513.208471 501.972354 470.423914 338.567738 292.769015 292.925081 289.708339 270.334056 262.682089 269.458162 245.95675 223.509856 206.290863 195.360489 163.817113 155.626119 149.775318 149.003654 149.476703 131.638234 128.77234 151.058226 373.698024 167.285216 52.501027 293.26254 516.63127 482.011426 340.586446 -9999 30 30 30 -9999 -9999 -9999 -9999 -9999 -9999 -9999 -9999 -9999 -9999 -9999 -9999 -9999 -9999 -9999 -9999 -9999
313.025212 259.983935 254.238536 330.133153 313.115453 322.903793 322.456929 332.477061 286.777835 279.446062 1043.84811 1013.183073 1281.961049 843.547311 1054.154125 741.086593 656.715499 397.724886 428.714329 504.173843 477.359278 473.804254 398.10406 306.816615 309.591876 302.344715 296.108479 277.97422 237.497829 225.006492 206.135458 192.346488 174.170879 154.546469 143.553858 152.713789 132.744572 128.530813 93.146724 79.975713 108.776934 54.963745 74.553126 52.501027 52.501027 381.332725 159.151266 51.185309 51.185309 30 -9999 -9999 -9999 -9999 -9999 -9999 -9999 -9999 -9999 -9999 -9999 -9999 -9999 -9999 -9999 -9999 -9999 -9999 -9999
289.688168 257.258929 266.500002 293.706812 303.541212 326.857416 422.452629 1135.100199 286.611444 1730.80187 1664.410464 1364.948299 954.672873 743.699983 819.315535 598.767141 660.154887 494.486144 387.113132 391.083189 424.360555 384.502966 370.135059 370.791452 366.609778 303.098357 286.958739 271.561463 235.374217 221.298816 214.443323 196.112001 177.036543 159.370794 149.939285 132.534926 128.640329 116.02322 89.556466 71.228633 51.160985 55.899212 356.281316 525.010267 5250 1109.858928 773.041864 51.185309 51.185309 -9999 -9999 -9999 -9999 -9999 -9999 -9999 -9999 -9999 -9999 -9999 -9999 -9999 -9999 -9999 -9999 -9999 -9999 -9999 -9999
283.681197 279.965435 284.359057 297.431524 311.104909 346.245623 283.156711 2229.634751 1891.463251 1661.199834 1266.560258 944.12788 658.281865 839.847119 692.497554 619.222245 640.362376 395.371928 387.785792 414.857742 441.955562 388.234971 370.367638 370.680648 357.310845 272.792597 276.397582 239.804821 229.843058 232.987983 202.880678 199.859321 176.857539 169.171809 159.504706 152.829446 128.679572 75.71324 53.015352 39.394033 43.22092 46.95444 257.034544 225.515154 5250 5250 258.028168 52.501027 52.501027 -9999 -9999 -9999 -9999 -9999 -9999 -9999 -9999 -9999 -9999 -9999 -9999 -9999 -9999 -9999 -9999 -9999 -9999 -9999 -9999
280.589578 283.003562 297.643545 312.857351 534.08468 282.761434 285.872301 1217.309938 915.456522 782.491792 744.682796 787.363118 630.637631 469.297954 554.230714 646.338735 414.042102 374.945764 252.416039 209.937255 205.68394 205.686283 209.307685 212.408756 199.333833 182.92896 187.195424 184.577455 167.528042 169.354385 169.264517 176.524827 186.487395 173.800978 166.086942 149.844811 113.33041 75.560388 52.385675 33.970498 39.62396 65.020234 416.541175 347.340223 5250 131.956176 274.183689 220.588246 -9999 -9999 -9999 -9999 -9999 -9999 -9999 -9999 -9999 -9999 -9999 -9999 -9999 -9999 -9999 -9999 -9999 -9999 -9999 -9999 -9999
239.572422 287.44 307.03779 242.024163 1594.644084 114.089561 81.565994 811.57981 715.949148 360.984494 35.645982 40.407756 55.141692 161.228356 269.153849 241.665238 199.707268 198.943857 136.127773 96.660014 75.817669 56.451439 105.345225 129.009545 102.311198 105.914752 76.828171 85.053153 103.111034 122.350577 119.166229 116.005302 116.604865 123.153646 143.204288 116.247826 75.718589 83.150141 52.501027 97.307338 83.078734 65.637081 46.420382 28.669972 14.228486 177.005323 253.124709 253.538311 -9999 -9999 -9999 -9999 -9999 -9999 -9999 -9999 -9999 -9999 -9999 -9999 -9999 -9999 -9999 -9999 -9999 -9999 -9999 -9999 -9999
222.948629 282.6934 169.47653 49.061902 76.238483 84.153999 81.391164 245.729314 36.249124 36.227697 35.628209 40.407756 52.680817 35.606104 80.490633 80.13636 138.560814 90.346018 36.876853 34.117967 34.108608 70.423907 57.378082 53.94127 38.584826 39.24419 70.428919 80.699424 91.830732 51.768119 37.239436 61.843385 101.367978 99.588904 78.662748 69.163856 36.947656 34.970768 33.897185 70.406892 75.687885 46.987096 15.820551 8.637919 8.637919 224.061324 5250 5250 -9999 -9999 -9999 -9999 -9999 -9999 -9999 -9999 -9999 -9999 -9999 -9999 -9999 -9999 -9999 -9999 30 -9999 -9999 -9999 -9999
101.685503 164.058952 113.379704 59.977102 115.760567 115.287533 258.007211 69.045167 36.249124 50.580222 68.469684 114.683733 63.915175 35.606104 38.038767 41.638299 35.632389 35.983464 36.876853 34.129272 34.108608 56.084925 49.654672 36.880336 37.273632 38.554353 42.595739 75.945787 62.44302 50.689022 35.601015 51.117134 49.389491 34.323285 50.584672 65.490376 42.419717 36.22572 39.230395 81.387952 65.666058 54.457813 30.277892 8.273772 11.637691 5250 5250 5250 5250 -9999 -9999 -9999 -9999 -9999 -9999 -9999 -9999 -9999 -9999 -9999 -9999 30 30 30 -9999 -9999 -9999 -9999 -9999
100.102946 171.287288 112.722503 83.814863 149.83423 251.62622 129.542289 82.784217 106.11916 116.740802 180.355584 130.082803 80.189057 106.568404 66.717783 37.966182 35.640598 49.55734 54.215225 92.361514 76.080492 58.854323 50.965125 53.606726 95.465306 132.590556 132.549791 79.037695 74.213162 66.078678 89.606617 65.703399 49.979907 36.872175 41.246322 41.929339 75.017276 105.833242 88.907631 81.709346 66.334261 65.281242 193.70395 200.831251 166.668659 136.249144 136.249144 5250 -9999 -9999 30 30 -9999 -9999 -9999 -9999 -9999 -9999 -9999 -9999 30 30 30 30 -9999 -9999 -9999 -9999 -9999
107.938853 162.017562 131.971184 205.369134 327.316074 162.753956 149.771328 149.224463 149.391427 206.227534 199.031248 132.555691 150.219692 105.581299 73.191921 64.771474 100.684391 101.443326 107.817484 129.002682 105.671734 96.184639 128.937254 186.750853 140.380321 132.868708 132.632678 132.957886 136.633993 129.920001 129.2713 67.073755 63.135691 66.238282 71.496602 38.670176 81.90136 109.669667 100.134975 98.915266 136.561802 172.951161 258.146886 318.465742 411.552267 267.680001 237.232036 5250 51.624914 44.704997 16.78987 8.704997 8.704997 30 -9999 -9999 -9999 -9999 -9999 30 30 30 -9999 -9999 -9999 -9999 -9999 -9999 -9999
146.102223 171.692938 145.028715 282.165704 282.566744 215.394142 210.575726 214.850075 255.943497 215.316178 202.64486 165.723545 149.292545 132.542522 132.593703 145.560801 198.110959 199.216479 159.189162 129.105809 158.948459 202.898207 202.641792 193.486837 185.928 209.090305 215.848261 199.519221 116.243354 106.533724 105.581299 102.031311 100.843492 79.374258 95.45666 133.27279 138.442902 148.249055 146.885899 323.446109 296.56926 416.05939 478.489619 432.888352 435.311313 417.879317 422.335991 289.291011 440.179698 5250 5250 5250 5250 5250 30 30 -9999 52.501027 3.874059 3.874059 30 30 -9999 -9999 -9999 -9999 -9999 -9999 -9999
209.753829 199.845091 165.88531 507.870922 299.871233 276.055286 316.525546 302.89999 303.03293 272.601233 215.544235 159.640869 162.539946 205.585325 202.798228 209.189 222.338563 255.022975 250.616489 255.310423 240.089109 210.025942 209.273388 259.375353 262.249703 215.304939 162.726703 146.308694 149.001727 159.682044 156.002285 115.648929 135.803474 191.943104 215.129107 171.953723 160.165842 182.079476 306.949513 330.467777 351.939281 367.575419 398.089511 468.632747 457.086695 449.915188 438.265917 415.696644 380.313311 364.777351 276.296888 372.325841 486.796606 347.277111 167.896013 56.546763 26.444948 26.444948 3.874059 207.994392 -9999 -9999 -9999 -9999 -9999 -9999 -9999 -9999 -9999
211.343428 357.202445 1218.452378 342.302442 387.551541 557.692379 461.849479 454.884624 360.183305 305.853437 253.102273 216.113125 252.925031 301.167233 302.135068 302.143637 255.253946 272.383692 407.808738 309.800063 306.725852 351.915638 245.9257 226.126988 207.25452 199.423947 205.585225 182.506068 197.144433 169.286842 183.415226 209.843306 215.303817 190.971215 189.00161 227.031176 250.023962 303.065794 302.295281 273.12068 309.602124 309.271179 452.519027 456.575404 447.00499 439.626191 467.105828 367.899742 336.542351 288.161868 275.640342 350.003668 313.46613 347.977339 176.200074 167.978371 44.832307 44.832307 207.994392 207.994392 -9999 -9999 -9999 -9999 -9999 -9999 -9999 -9999 -9999
361.970414 1091.206991 553.22016 554.182449 560.208045 561.886987 554.473614 477.903526 308.80885 306.254401 303.195755 406.673522 420.761931 309.932868 302.347037 420.867257 414.148368 417.406664 414.388641 404.250877 247.109223 219.211281 208.954206 205.973105 211.524984 225.138942 216.480005 205.751052 222.722826 227.417108 262.576837 235.921213 216.878437 199.670726 212.544522 198.932019 203.366938 216.808863 226.917716 263.517619 273.725821 284.036341 356.147438 420.29096 431.234314 473.885467 395.236544 430.02053 441.49439 387.469523 368.073573 364.741295 253.613993 229.366966 253.604941 367.925919 49.194616 44.832307 442.039136 185.448323 30 -9999 -9999 -9999 -9999 -9999 -9999 -9999 -9999
605.274541 477.329848 207.160634 554.629719 792.044937 569.221581 550.56633 455.834888 413.652913 448.522532 547.155015 450.92787 444.536115 444.321875 552.098964 552.522271 552.437018 450.951183 421.869049 310.370179 334.23769 195.056628 165.622156 216.67873 217.239401 228.349775 266.124379 234.072536 236.302337 233.585167 232.790342 227.432032 218.136171 213.211867 188.632669 185.524787 183.577325 246.932273 236.798833 247.443392 247.873457 213.916946 214.988687 308.493903 340.895063 360.515621 394.771002 414.015464 423.69422 423.949176 400.634379 373.464508 300.851228 232.541686 206.955259 223.223526 219.995503 249.431736 396.559395 206.786769 207.519803 30 -9999 -9999 -9999 -9999 -9999 -9999 -9999
257.390327 249.099553 1332.251238 922.384288 815.467842 551.990047 573.846761 556.822836 546.792809 822.633316 822.075849 552.701715 588.312741 797.398434 588.81342 552.549681 491.252639 462.405694 451.055054 391.587677 295.863394 188.699034 204.786033 314.916556 298.11183 283.350035 266.580235 233.770742 217.115655 230.882583 243.216291 224.537383 217.583781 206.816471 153.977421 239.632949 262.809637 230.383461 207.039224 237.240447 233.868681 256.391604 266.513413 287.955686 335.804735 320.559507 427.015332 451.879162 446.107925 441.838186 422.833456 380.721168 316.696589 231.010376 196.815726 196.383388 170.813936 153.448287 176.278977 136.249144 136.249144 -9999 -9999 -9999 -9999 -9999 -9999 -9999 -9999
242.711961 263.053528 388.099301 708.392349 1101.594913 831.547036 608.878754 390.863201 1091.2169 825.558337 595.537044 812.580805 825.552302 812.198209 824.236488 531.418519 530.601486 491.355777 426.715467 371.016974 461.285015 453.955265 363.056061 324.187989 297.27359 290.52454 263.144812 216.842369 207.241483 232.546915 242.83632 188.621019 177.100055 180.001177 170.347101 234.08158 207.616645 207.410315 206.457544 186.408872 186.800491 190.108298 182.58906 170.622698 166.568719 270.858798 369.360315 442.378919 445.959827 446.211101 446.215281 390.402145 332.088007 254.624595 273.116415 183.458818 155.212637 84.189076 47.676851 52.501027 136.249144 -9999 -9999 -9999 -9999 -9999 -9999 -9999 -9999
286.219041 306.170577 289.382096 1194.569476 1089.068478 1101.442129 1099.01329 1095.267735 1100.925627 650.883311 634.548389 1060.807824 1027.091884 794.891617 824.503021 563.014724 599.478891 588.15596 594.931634 508.073723 496.734949 436.725084 398.142176 332.851261 303.387465 296.853757 261.281261 264.130313 226.829265 202.705413 183.372421 175.956926 179.949797 203.304695 213.774539 210.991859 186.914399 191.306463 236.827885 202.983893 193.331447 204.237874 211.352995 257.471027 283.332414 292.913379 331.566514 348.126442 347.559558 356.59032 365.092968 366.999695 309.83184 267.455065 196.671198 207.811345 250.448382 56.039363 33.458203 33.458203 136.249144 136.249144 30 -9999 -9999 -9999 -9999 -9999 -9999
258.68878 315.628355 696.346774 1094.671968 683.685366 1105.172589 780.774106 1094.972993 667.694028 673.709472 624.017595 1065.459789 751.504224 822.730585 736.117123 818.404692 623.718706 604.839777 559.597009 501.707811 497.527396 408.867795 398.295072 376.818325 393.148921 325.658483 281.142023 243.546869 223.051246 213.646487 223.049681 210.539003 197.85094 195.670387 216.551542 178.960247 216.959123 257.667081 263.856205 227.506972 233.032994 270.301758 299.613411 346.178343 366.808228 352.343905 396.606492 395.510082 416.899413 386.837981 346.530367 293.457012 256.342037 208.876456 190.125421 173.144933 148.523088 180.358808 225.180116 207.326138 -9999 -9999 -9999 -9999 -9999 -9999 -9999 -9999 -9999
244.803069 393.502067 658.002136 704.254547 704.232847 685.015688 674.25639 1064.679486 1257.127253 1009.845472 1065.167456 1045.194485 1002.762716 945.593528 840.314011 742.889781 669.005434 595.142833 560.040704 497.106347 493.407041 489.53835 450.022809 392.395249 360.856273 326.041239 313.791119 286.724927 240.41053 230.608185 222.992607 217.160864 170.569185 163.231762 167.331722 189.59868 232.356517 259.275648 273.465121 263.528871 253.936176 270.128027 311.042051 324.614264 304.750213 317.02792 326.682548 317.433403 302.91558 296.841882 286.961868 274.035438 269.015159 227.60535 234.113955 208.594264 192.627012 181.384598 163.056652 155.302463 30 -9999 -9999 -9999 -9999 -9999 -9999 -9999 -9999
667.37181 678.012404 704.264917 706.989082 466.011278 754.535753 1071.010138 1052.836303 232.128901 1299.389869 1254.311836 1364.0988 1350.108786 1000.766504 951.378448 1008.007795 831.383312 658.139591 566.929793 555.573059 496.77975 465.914557 466.665424 436.723366 398.13365 383.107102 326.71924 294.88125 296.526653 232.785745 200.237871 189.5576 176.971981 212.940506 256.03274 252.860457 256.607437 249.791809 228.369564 223.735863 224.601173 267.099579 300.042405 286.602603 300.927433 340.185345 340.708025 324.398178 353.600045 326.108002 277.052314 230.578484 214.172225 209.819536 218.488837 193.8709 136.894882 5250 136.884145 117.635421 125.892879 30 -9999 -9999 -9999 -9999 -9999 -9999 -9999
289.731212 346.63892 340.147257 690.394018 461.069802 1057.634603 816.802912 785.162126 217.615462 1297.334899 167.393656 981.329933 1702.593667 1001.446885 1493.26944 1147.810532 869.761207 597.368228 564.968106 558.925975 553.92775 534.963652 505.02753 463.780146 474.474077 411.720803 364.27605 327.475991 292.831656 262.359342 223.750986 206.629361 190.709753 200.166004 203.048285 196.152341 182.718278 167.284588 207.042956 250.641068 300.752436 323.33989 316.044798 312.901952 285.945615 283.505226 274.420423 267.502965 266.490339 256.162788 229.604212 193.213771 183.594249 183.690205 183.153204 152.729498 146.395584 118.285891 118.116208 108.066694 117.803574 30 -9999 -9999 -9999 -9999 -9999 -9999 -9999
361.077065 340.037774 287.250667 277.807092 747.760603 627.497068 744.515847 638.467241 281.945402 970.334126 1177.562336 1816.964327 1977.373862 2549.774132 4483.230664 2936.165312 1302.201001 872.289135 592.340916 594.651199 557.142386 747.242572 792.476499 537.919776 509.043416 423.573777 408.559128 357.364227 306.562796 263.056877 217.446923 217.321487 200.406778 200.728156 224.583675 210.16397 192.90473 213.622801 279.063559 343.385698 369.534853 353.884348 271.049536 262.428338 255.781609 262.702615 263.938391 259.786949 253.47811 243.613402 233.450675 210.590012 186.735209 179.635422 153.303069 129.059061 104.486512 303.643089 77.40428 86.452368 74.713246 -9999 -9999 -9999 -9999 -9999 -9999 -9999 -9999
333.764151 271.57172 240.220448 262.461835 259.180082 684.934986 659.998309 596.706713 850.406643 1147.686824 2156.221571 2628.541489 2786.382336 4483.230664 4483.230664 2459.600282 1796.343102 769.741333 1092.923336 1312.912345 902.075539 859.892314 796.413441 760.622433 908.104915 426.887746 383.254957 353.870303 326.618654 289.570562 256.48084 226.409287 213.478614 206.121839 217.543291 216.722894 220.419209 223.988402 233.723144 243.691607 265.55863 281.845483 266.641596 261.368183 262.503122 256.876675 240.621479 239.132361 233.400865 217.272418 210.244272 177.014997 169.018256 136.417276 133.625897 124.347184 105.030037 110.370983 98.23938 75.02054 52.251882 -9999 30 30 30 30 -9999 -9999 30
284.403611 261.490717 257.863568 276.665241 336.564769 363.391598 758.294502 302.665876 1705.527451 1582.771769 3122.287573 3193.527959 4108.386266 2827.602874 2157.982414 1773.173024 1488.014444 1333.48239 1246.543392 1132.598643 1101.834226 1101.871283 867.304385 702.695003 696.114657 473.064893 460.316903 373.049885 350.874319 300.718164 279.786821 224.940554 216.781529 213.740784 212.664306 206.51889 210.755334 212.966612 193.64986 206.141724 213.726291 240.333875 241.442195 226.436 216.42039 209.54455 206.481701 197.705307 207.550877 206.421042 182.145428 156.31369 136.985572 124.168674 109.968854 90.391862 76.401429 69.499803 46.753166 52.251882 52.501027 52.501027 30 30 30 30 30 6.226387 0.220855
261.560965 310.749004 333.357387 460.830239 387.59471 662.068496 689.289741 1090.126684 3257.161927 3057.809749 2486.755796 3330.105457 2173.733724 1906.078246 2426.567171 2335.230196 790.749112 2313.385806 2025.402406 1310.741926 1034.648603 870.36007 737.491001 599.145008 535.274043 476.008427 401.462028 361.076447 336.14324 310.324929 282.602267 246.640724 226.91743 221.912482 218.23643 213.082322 196.664426 183.639422 171.060156 169.519508 167.101351 196.545398 213.579711 220.851736 216.820077 207.535862 206.783342 200.985403 202.958135 176.306529 163.020409 143.234221 122.989454 103.9656 90.587806 83.132895 67.246675 42.037692 53.573753 30.708392 20.763434 18.689572 30 5.743668 5.723163 10.817192 9.795802 7.874606 1.980447
