STOTEN_Data/raw/Age_yrs_500ft.asc
ncols         250
nrows         718
xllcorner     -2256000
yllcorner     1557000
cellsize      1000
NODATA_value  -9999
[rows 651 to 681 of 718, columns 138 to 206 of 250]
-9999 -9999 -9999 -9999 -9999 935.657472 941.047212 -9999 -9999 1263.10522 1308.141941 637.955048 869.427741 906.757268 1337.012341 1402.875562 1643.980574 1868.829197 1861.922432 1606.985093 1764.607123 1878.381655 2414.076982 2849.446602 3044.119578 2845.487917 2842.987881 2550.725641 2407.487927 2673.037087 2768.8384 256.368182 35.731519 352.729181 352.729181 525.010267 404.873374 252.474273 130.734349 241.127995 58.417481 1.584303 1.584303 4.833219 35.389459 1.57107 1.57107 30.722336 199.972842 75.301618 69.029288 66.897924 69.1952 81.681262 86.625599 86.625599 86.625608 86.6263 86.6263 139.968113 151.317225 166.12366 86.625599 37.327823 32.683039 27.6923 21.638777 14.665042 14.001964
-9999 -9999 -9999 -9999 -9999 -9999 30 1168.332377 1228.583965 1394.842912 -9999 837.192571 834.242924 872.498059 1263.8593 1402.552353 1766.688635 1871.483028 1874.451243 1809.499796 2067.308008 2110.004015 2140.88488 2780.762618 2915.43971 2642.318436 2947.95822 2514.534103 2383.463572 2938.540364 2705.628126 427.711613 211.830844 525.010267 554.204883 375.833904 171.36134 268.514397 62.922199 71.163558 217.509468 250.029424 52.501027 35.389459 35.389459 1.57107 1.57107 167.74683 86.625599 44.238127 40.688081 41.013917 68.091534 85.548711 86.625599 75.250742 75.250742 75.250742 86.625599 99.958945 139.968121 152.790326 86.625665 21.638316 14.007543 14.304968 13.702598 13.692938 13.999631
-9999 -9999 -9999 -9999 -9999 -9999 -9999 1538.799917 -9999 1672.293376 1575.468759 1528.851141 1666.400269 1017.691754 1336.751872 1531.89763 1821.835591 1878.238244 1870.01888 2068.108076 2071.176203 2198.445729 2513.844264 2682.979553 2786.446126 2643.323266 2545.408521 2473.551546 2512.438216 2444.330349 3514.177579 508.181611 466.315309 597.326032 525.010267 78.125049 175.736627 405.926527 40.481963 1.999087 39.508991 70.153776 197.614207 112.562336 134.095141 147.818529 86.542669 159.963669 125.557837 20.805841 17.848506 18.268936 47.545256 56.977833 40.58408 35.00992 35.001729 40.281574 63.875892 86.625607 86.626356 106.630162 73.160621 22.665423 14.006998 14.304968 14.022935 27.358255 21.85882
-9999 -9999 -9999 -9999 -9999 -9999 -9999 1371.731878 -9999 1540.608904 1600.006304 1581.93883 1613.220564 1435.903623 1564.008423 1566.18498 1697.894191 1876.479227 1883.797136 1873.190883 2077.244465 2401.722608 2876.438337 2583.530997 1837.91928 2141.324333 2579.854025 2583.143241 2478.318704 2509.307602 1999.669571 1142.900992 509.436459 173.7577 59.336527 59.336527 173.34246 278.895734 140.469808 1.999087 64.166096 2.18925 27.751768 179.999336 170.383248 68.153757 79.484541 74.947007 75.250742 10.758103 6.612822 16.111339 28.151103 28.331125 22.675859 17.33885 16.638216 21.640643 42.930267 60.765474 39.639091 37.313048 32.178882 14.306071 22.363548 31.665744 35.997332 74.946116 30.194554
-9999 -9999 -9999 -9999 -9999 -9999 -9999 1606.665935 1379.192796 1469.308001 1664.400694 1611.408069 1562.829428 1578.599444 1564.9609 1561.7023 1466.240471 1771.364029 1971.445245 2002.684929 2075.71806 2587.675504 2582.992733 2583.433744 2011.770885 2400.304343 2544.856067 2414.755905 2141.424822 676.486425 1879.212917 3545.344845 525.010267 175.003422 59.336527 7.319644 58.851418 176.169747 254.853478 236.686626 150.55989 2.18925 86.61823 122.518823 75.209507 49.868361 83.911476 69.613226 38.941196 6.612822 6.612822 11.209217 15.997866 12.971068 10.663095 10.663131 13.005588 17.354726 31.112936 16.204278 16.307128 16.334235 16.334235 14.306071 26.399931 59.624922 86.625599 86.6256 86.625688
-9999 -9999 -9999 -9999 -9999 -9999 -9999 30 1509.292713 1657.711611 1672.722607 1707.511529 1561.482045 1766.335344 1577.747172 1266.041971 1266.686151 1598.604389 1672.859773 1846.195416 2277.448594 2545.439152 2442.852877 2584.777754 2615.753526 2008.211246 1946.030837 2342.513247 2377.290212 1040.3622 1392.465125 1042.09009 291.540041 292.644308 173.7577 173.445113 176.169747 176.169747 442.760926 90.388727 58.768235 52.501027 40.309377 15.318731 11.359716 59.02783 48.782318 29.979661 20.910117 15.849875 4.543007 12.012362 12.66356 11.996787 10.689068 10.663131 13.998308 16.982198 14.988006 14.068678 16.307128 16.308206 18.931741 26.394131 31.430881 86.625676 86.625599 99.972798 133.29762
-9999 -9999 -9999 -9999 -9999 30 873.761987 873.761987 1432.175762 1657.71158 1667.724471 1259.201412 1707.893453 1857.177795 1528.342923 875.596252 1335.934706 1479.450307 1566.210631 1812.134191 2067.99199 1934.84128 2375.305252 2586.725455 1938.111236 1840.448145 1704.157127 1702.721523 1870.901523 1938.986025 3020.678536 525.010267 525.010267 216.071337 61.259411 407.926078 525.010267 482.102794 243.048141 89.153463 44.269649 6.535163 7.062192 11.359716 11.359716 29.299238 15.516038 14.304979 10.609175 10.609175 4.543007 4.543007 12.66356 17.996955 28.333772 39.650021 51.901147 16.982198 15.009498 22.291388 31.491565 39.638775 57.333726 74.945927 73.2883 86.626395 106.630162 119.963501 325.849875
-9999 -9999 -9999 -9999 -9999 30 30 887.365785 1629.570915 1864.026294 1602.861399 1260.262016 1635.189094 1464.194454 908.817339 872.75232 1207.248669 1473.661861 1559.711998 1608.295401 1679.12633 1833.300088 2238.684711 1804.310143 1707.430536 1934.005968 1805.400621 1609.270287 1710.203354 1766.841521 2616.639859 2499.616418 1564.17756 625.968858 215.84303 525.010267 525.010267 379.262205 193.527792 101.25213 41.336071 40.638832 7.062192 7.542779 23.97089 13.560504 13.560504 14.304979 14.304979 15.849875 18.624333 27.951089 32.333105 38.943265 64.719309 86.087155 75.250742 75.250742 49.862868 76.632468 86.626316 86.625599 106.630162 106.636196 106.792333 126.634743 140.386846 327.073086 525.010267
-9999 -9999 -9999 -9999 -9999 -9999 30 1628.060512 1628.060512 1807.437705 1965.573579 1840.169883 1734.880028 1827.215702 1233.239619 836.439071 1015.977348 1471.055613 1560.70487 1567.998679 1673.328235 1566.554904 1569.312321 1571.503224 1706.610154 1769.668886 1596.837347 1567.072439 1608.981761 1575.67212 1838.367309 1905.294337 982.038346 1561.560582 525.010267 525.010267 525.010267 478.728113 282.906724 140.457393 58.754278 54.315309 5.110655 5.110655 23.97089 18.943196 22.199365 34.861978 42.583619 34.945934 49.253023 45.625432 85.757257 85.559742 85.548711 86.10611 106.332722 129.710245 149.714807 163.214582 149.715354 155.866938 159.97366 160.80262 223.308388 286.123686 190.688115 624.138945 540.408837
-9999 -9999 -9999 -9999 -9999 -9999 -9999 -9999 1675.511244 1704.92992 1846.81041 1804.358794 1810.448492 1869.730763 1699.365254 872.830117 910.402539 1400.590775 1560.194216 1562.296481 1498.967462 1433.102565 1566.010263 1564.722551 1666.431298 1566.731883 1601.253262 1342.148127 1403.6003 1570.759339 1537.397742 1635.93203 1470.002758 2097.760408 525.010267 525.010267 525.010267 648.198929 324.538568 239.237615 78.885579 52.501027 27.405774 34.068992 54.406447 90.610423 56.254639 70.23107 46.97285 86.626232 86.626232 100.17199 113.556825 139.117202 145.023956 148.637919 132.785763 159.249428 175.312669 272.224504 295.561904 266.100844 233.301398 236.651394 256.449294 525.010267 541.024352 1563.334689 1005.901718
-9999 -9999 -9999 -9999 -9999 -9999 -9999 -9999 1675.511244 1679.356965 1848.32857 1744.134745 1835.597783 1973.810996 1862.131676 1873.464313 1606.777133 1500.216883 1573.155682 1627.554488 1533.158884 1501.466975 1669.013451 1773.152054 1805.629237 1601.116247 1530.089605 1270.32949 1733.506607 1332.654024 1530.716623 1534.329271 1662.349841 977.772075 713.312386 525.010267 525.010267 640.100152 479.139925 370.285193 213.378344 46.272614 42.688298 70.550764 84.983603 106.830033 154.537167 87.013686 35.597992 52.501027 149.889872 149.714807 146.773562 146.627347 154.22954 166.881667 174.226566 200.446526 259.681294 304.972178 329.300716 369.454718 441.079321 521.378849 311.907859 913.821583 525.010267 3180.433493 5250
-9999 -9999 -9999 -9999 -9999 -9999 -9999 -9999 -9999 1927.737217 2001.427362 2067.770376 2006.176094 1877.017508 1467.504168 1773.113766 1804.298591 1559.248847 1662.146948 1627.149348 1634.278222 1636.198312 1868.620338 2043.256263 1835.591365 1733.630622 1634.960409 1373.768124 1408.83642 1459.460581 1430.913353 2204.546696 1789.321163 709.44736 870.293932 370.386621 370.31276 792.738152 626.28141 435.927931 370.285193 47.416838 79.174994 191.153579 282.398721 276.107473 289.1718 327.339545 52.501027 146.394707 324.791566 313.448267 285.001141 199.566812 260.25097 263.855805 288.625302 349.450148 482.501163 498.626512 290.131633 180.262675 393.017247 301.009087 1616.427105 2516.577687 4212.502852 4477.754962 5250
-9999 -9999 -9999 -9999 -9999 -9999 -9999 -9999 -9999 30 2250.297071 2251.162053 2250.297071 2203.988579 1504.710994 1665.129913 2035.532274 1870.528871 1663.864396 1631.231478 1559.996946 1670.671771 1830.30805 1840.915792 2067.922424 1732.215525 1775.183248 2233.244554 1817.071085 1460.541678 2101.059991 1340.776 367.507187 875.146856 1432.700781 556.56136 215.824675 722.377116 787.292584 853.378961 525.010267 525.010267 376.796777 377.513119 525.010267 450.568104 401.96213 579.487091 457.486043 521.962126 525.010267 342.386432 485.798105 525.010267 525.010267 525.010267 646.032537 677.59886 769.536847 1140.516579 628.545347 1307.147514 1336.324645 2727.720739 3294.818367 2677.152635 4211.088296 4848.551221 4450.011408
-9999 -9999 -9999 -9999 -9999 -9999 -9999 -9999 -9999 -9999 -9999 30 2361.281746 2250.562921 1796.889676 1604.82535 1973.521192 2170.106784 2033.582746 1700.11293 1766.361189 1741.140843 2038.490466 2102.128169 2373.324099 2075.708513 2414.430796 2099.036009 2097.499647 2033.015583 2479.355013 2399.956098 367.507187 212.088524 1073.279584 795.002824 1010.970983 985.439935 654.07285 1004.469938 886.39716 758.110208 487.137545 497.096764 607.222493 625.069587 703.706058 603.551942 687.839607 578.607675 521.100016 525.010267 525.010267 525.010267 581.777038 637.149121 682.118499 635.719947 702.149517 916.855268 1346.450396 1357.825063 3534.292018 2881.359582 2130.142731 4264.681725 4108.145106 4308.281999 4655.624002
-9999 -9999 -9999 -9999 -9999 -9999 -9999 -9999 -9999 -9999 -9999 30 2468.514477 2241.198179 1930.835741 1793.521905 1236.242859 1303.091315 1635.344252 1630.029334 1631.03931 1707.349395 1803.581016 1942.052018 2377.509499 2513.934591 2551.207652 2582.818125 2908.364923 2975.191117 2974.324106 2934.195437 2839.750733 1571.881353 1405.074494 394.130867 367.907668 488.574269 675.86374 779.002765 1024.655652 1121.199654 828.461458 680.437803 656.209375 1020.789291 1001.493921 672.113573 707.032601 683.839607 600.238092 607.170123 466.500366 621.233609 698.069964 871.591373 920.598724 1378.620832 1643.408158 3809.165374 2794.546129 2773.187063 1243.335883 1345.216999 1765.476395 2170.836702 2146.088329 1664.354541 2815.249829
-9999 -9999 -9999 -9999 -9999 -9999 -9999 -9999 -9999 -9999 -9999 -9999 2003.396668 1795.414422 1900.884284 1899.056126 1704.872124 1180.331396 1106.245874 1140.608011 1464.523813 1599.13459 1675.10014 1900.780754 1937.534643 2615.025148 2741.625653 2777.54521 2768.387315 2720.014345 3021.113589 3127.88073 2526.863292 1146.82488 377.008337 269.044609 299.956782 346.224678 567.654417 876.514181 863.123356 1128.774935 853.381852 1293.603692 664.420264 1080.02889 1161.366308 1081.571254 1191.348294 1154.391856 1140.347982 812.034918 946.109127 616.01083 633.772972 910.662147 1090.360469 1541.89299 2420.492064 2079.657363 2044.510872 1757.832467 1014.975559 1192.377889 1477.749968 1872.841921 1921.564473 1932.529812 1020.326445
-9999 -9999 -9999 -9999 -9999 -9999 -9999 -9999 -9999 -9999 -9999 -9999 30 1968.147043 1968.133146 1371.975153 1437.917442 1480.757284 1209.988665 1107.806335 1502.757823 1635.111225 1669.466573 2068.343867 2268.314109 1877.961557 1566.291285 2077.133831 2077.294023 2808.694649 1478.552959 871.86543 1559.341451 230.096515 320.258361 292.050525 281.318677 310.675595 644.301758 820.782573 654.181237 769.608511 743.571271 981.744964 1484.873457 1784.705921 1968.247518 1875.407029 1741.810086 1446.824956 1423.163146 995.93248 1025.913893 740.629991 472.274088 478.506778 508.466443 930.122464 1303.277485 862.14331 1502.281207 1911.87747 2016.427491 2073.706586 1805.070239 1867.133301 1171.05258 2650.020534 525.010267
-9999 -9999 -9999 -9999 -9999 -9999 -9999 -9999 -9999 -9999 -9999 -9999 30 1968.147043 1904.874849 2029.415804 1566.756561 1344.067839 1239.922608 1113.062328 1502.306139 1640.258375 1673.860341 2107.814084 1882.743332 2470.801302 4136.384738 2718.159063 1867.284896 1884.273227 2072.539874 2077.285402 1034.105493 319.315135 321.517498 289.471438 306.164415 348.245606 502.842151 332.476682 336.315968 392.859108 395.407293 796.709032 851.267999 997.661153 1431.923329 1481.55191 1662.036123 1442.089862 1435.456717 1001.991142 826.049428 656.400632 522.745091 640.978787 440.454001 352.777449 434.289343 781.939368 1008.062696 463.939052 525.010267 814.468482 1037.242153 1001.200252 425.706718 410.564806 419.089614
-9999 -9999 -9999 -9999 -9999 -9999 -9999 -9999 -9999 -9999 -9999 -9999 -9999 1657.466301 1657.466301 1802.890594 1969.241834 1726.53809 1470.725758 1175.246217 1440.299626 1573.539418 1670.948832 1742.085129 2372.890396 1699.598796 3339.604471 873.812769 872.021725 1472.642081 1564.237353 1087.939567 878.114689 319.104385 316.324974 288.548068 319.642021 332.868043 564.811929 320.711304 295.232714 258.502836 294.928782 359.727039 1010.689431 717.886127 321.240293 1048.629996 1738.666115 1466.794304 1168.635812 1120.191485 1029.940778 1050.244586 1074.65581 656.722055 481.962862 661.644836 687.846504 481.062295 380.024024 475.122679 596.315809 525.534415 470.860815 364.595858 418.844728 435.969852 441.339417
-9999 -9999 -9999 -9999 -9999 -9999 -9999 -9999 -9999 -9999 -9999 -9999 -9999 1657.332126 1434.522172 1579.073698 1736.49994 1901.058465 1832.118712 1402.491163 1400.685039 1370.378262 1498.789711 1768.333106 1396.650108 2055.157463 1887.935388 5250 5250 1221.814888 5250 5250 488.177483 962.929001 325.725782 290.133339 277.847201 321.767588 301.97981 276.986942 280.90656 301.752899 331.817039 290.201012 321.054132 346.72273 321.208416 1156.208006 751.971559 1041.746907 1133.5718 1060.139554 1103.490345 1042.848795 693.960551 719.070375 690.819519 931.483851 880.967888 523.214537 642.874915 730.224704 925.066867 948.087159 341.227605 392.894017 443.347309 514.343424 1123.743622
-9999 -9999 -9999 -9999 -9999 -9999 -9999 -9999 -9999 -9999 -9999 -9999 -9999 -9999 1406.401081 1471.410554 1741.348205 1707.064565 1726.804485 1807.960135 1664.855345 1443.984653 1434.598687 1172.721687 1566.658012 931.44272 5250 876.511566 1220.967558 1565.282692 5250 5230.584743 1879.238416 462.875799 318.041676 276.282258 305.757652 278.317467 276.55511 264.840847 265.831426 313.568932 658.410035 266.10767 374.898177 319.148148 764.375846 790.151641 792.673026 1957.186717 837.722107 673.418109 741.92725 750.921651 867.168158 695.440462 714.409153 1225.05805 1450.920578 998.127492 784.110962 837.204886 832.836346 713.753967 1730.392435 1758.103009 1761.261235 2013.330366 728.865177
-9999 -9999 -9999 -9999 -9999 -9999 -9999 -9999 -9999 -9999 -9999 -9999 -9999 -9999 -9999 30 1699.647399 1639.694111 1767.521438 1571.325098 2001.015956 2132.529409 2172.114736 1341.639763 1228.292149 1779.994562 5250 2655.785085 2302.030091 1564.247524 5250 1589.462138 3867.04655 409.110106 277.007584 282.817673 302.431362 320.336966 260.058898 440.801244 422.12646 470.99097 1505.214139 680.71166 779.529734 1023.66399 1050.172781 302.786393 263.116556 298.894223 322.228295 684.40915 852.294855 808.800895 1243.197121 709.576077 724.126617 640.962189 801.947392 840.371537 874.948465 735.403226 1942.82925 1744.323792 1986.882611 1789.884897 786.937061 990.57375 541.752692
-9999 -9999 -9999 -9999 -9999 -9999 -9999 -9999 -9999 -9999 -9999 -9999 -9999 -9999 -9999 30 2331.942042 2335.225615 2972.635775 3012.421657 3142.642938 3035.822423 3833.967457 3270.156262 2293.804211 1222.15776 1175.100373 2524.094412 2225.425923 1942.373459 3862.564944 2625.42548 445.278026 327.44009 279.157589 320.758928 333.633174 1335.652268 471.51136 533.550569 456.411396 502.367706 674.978561 863.762072 304.898521 309.636467 1315.336717 334.483713 397.648564 1989.96947 749.513167 786.818914 784.137809 779.236281 710.79311 681.951103 1147.806141 813.11422 802.819681 584.27016 1730.569948 385.17275 1793.249631 2404.412276 2473.416263 2472.802129 1986.713138 659.97974 608.077603
-9999 -9999 -9999 -9999 -9999 -9999 -9999 -9999 -9999 -9999 -9999 -9999 -9999 -9999 -9999 -9999 3205.129607 4235.049707 5250 5161.792678 5159.174704 5250 5250 5250 5250 2523.318184 1833.583499 1899.811617 1564.171818 1168.490797 2601.270058 1455.205923 333.973453 279.468215 253.884462 306.084677 321.515021 363.953307 395.194357 436.914915 403.635035 529.0754 368.134262 314.267 323.591603 283.830851 1721.119723 1732.768137 309.511155 356.980937 805.357602 747.278723 1257.873968 796.599641 626.96805 883.91042 938.457989 660.831864 2171.76955 361.348143 1954.260565 1973.460274 782.690248 2293.476236 322.067315 369.76708 501.122666 426.940752 516.742384
-9999 -9999 -9999 -9999 -9999 -9999 -9999 -9999 -9999 -9999 -9999 -9999 -9999 -9999 -9999 -9999 -9999 5250 5250 5250 5250 4784.51167 4074.743326 5250 5250 2220.036142 1668.584616 1629.56747 1067.772866 719.224826 281.99797 231.530592 287.949989 255.702698 263.029515 317.127409 726.565267 312.135796 377.848076 416.554246 1317.460534 735.034734 305.667819 281.179563 279.005529 278.920091 315.277844 271.418419 1915.794958 351.504208 357.870324 311.96677 365.269351 855.375501 777.830175 1983.495794 1748.242926 1749.258124 1715.860383 1829.335565 3300.014454 1922.182675 2296.829954 824.91168 899.527009 1764.070382 1609.85719 393.367737 371.573917
-9999 -9999 -9999 -9999 -9999 -9999 -9999 -9999 -9999 -9999 -9999 -9999 -9999 -9999 -9999 -9999 -9999 5250 5250 4353.562321 5250 5250 5250 5250 3160.699558 1837.435096 1473.702257 1188.133068 1111.326005 1108.631617 204.590223 187.532331 702.269814 263.1661 676.443075 688.153688 670.066082 313.080151 358.80275 932.502619 721.953176 327.447886 259.228287 262.250472 262.564009 272.108673 274.667466 1883.564856 1001.153437 302.94375 315.53276 324.36939 1696.379785 1418.98499 1427.307263 1730.522674 1401.681033 1399.344704 1611.053533 1831.978463 2811.98299 3225.532736 1867.271153 2069.13736 1677.451673 1760.595515 1330.448908 985.445473 702.150182
-9999 -9999 -9999 -9999 -9999 -9999 -9999 -9999 -9999 -9999 -9999 -9999 -9999 -9999 -9999 -9999 -9999 -9999 30 5250 5250 4818.225617 4146.064339 3757.539613 1947.986236 1340.268832 1401.937987 1331.700852 642.295525 499.903646 1225.481473 285.768613 1008.384435 778.737565 726.948853 870.015999 1125.03996 1151.779688 727.753963 946.816302 739.886518 734.549495 263.00246 266.772308 256.792942 828.261916 757.67845 1260.05876 286.303944 294.797633 284.979031 328.70092 1403.321263 1430.652205 1236.538934 1220.016432 1367.540939 1361.149256 1606.194016 772.199993 619.313446 1578.188738 1844.480764 1650.186814 1481.633981 602.35214 760.190924 565.040652 571.42047
-9999 -9999 -9999 -9999 -9999 -9999 -9999 -9999 -9999 -9999 -9999 -9999 -9999 -9999 -9999 -9999 -9999 -9999 30 3937.605645 3503.185344 3234.425435 2964.459709 2401.012712 1875.596325 1109.191043 873.608121 873.899096 696.590763 871.950113 872.581057 936.027728 1284.905088 1389.80879 1000.366949 874.317951 879.145747 673.94579 711.951944 639.92187 704.009685 742.325445 295.432676 770.965373 1251.047037 1250.414892 868.994509 299.993291 261.998538 1183.018083 326.400984 934.485731 933.533492 1404.140874 1212.58911 1693.342766 1686.796157 1602.837652 788.896029 651.207558 735.510904 806.000574 781.213788 1248.099803 995.917906 581.657616 547.145047 343.038047 707.935221
-9999 -9999 -9999 -9999 -9999 -9999 -9999 -9999 -9999 -9999 -9999 -9999 -9999 -9999 -9999 -9999 -9999 -9999 30 2669.383004 2205.045988 2047.362194 1709.031998 1664.613888 1606.975174 874.844778 874.555405 871.776096 873.315892 870.075308 773.503904 1173.053641 1869.823778 1666.95459 1677.301899 1570.578168 850.377454 730.59928 838.26152 958.738774 1297.946856 738.676427 867.122836 1618.290741 1311.819421 1203.415786 1237.809389 324.876224 870.877803 293.964813 1294.983181 887.495249 933.850269 1254.208071 1125.791478 929.482916 1222.010984 875.531899 342.03834 374.338131 517.855938 654.583922 712.137076 1271.17078 627.363451 1674.667302 357.439427 323.090611 373.980368
-9999 -9999 -9999 -9999 -9999 -9999 -9999 -9999 -9999 -9999 -9999 -9999 -9999 -9999 -9999 -9999 -9999 -9999 -9999 30 1480.478353 1439.221733 1241.001109 1172.549279 1670.623186 874.921696 873.856199 873.013124 873.316308 645.860803 1110.230535 1871.966803 1666.787339 1577.194622 1571.149376 1116.887868 655.233993 871.880662 655.282199 665.070581 885.49771 1123.963366 1358.683988 1215.691491 1288.887717 1279.608511 849.434648 293.96465 1476.980596 1221.131444 846.02717 821.810318 927.318498 1576.128096 878.476933 840.230302 595.798226 523.549409 352.794469 352.690279 331.599647 363.620756 374.845482 765.884498 352.360115 324.944077 318.070665 309.258514 368.435595
-9999 -9999 -9999 -9999 -9999 -9999 -9999 -9999 -9999 -9999 -9999 -9999 -9999 -9999 -9999 -9999 -9999 -9999 -9999 -9999 1234.921969 1071.786587 939.101006 1101.478606 873.522463 874.705313 872.119306 873.316308 877.816706 876.057499 1111.104483 1563.809257 1573.829434 1568.754302 1568.754302 994.099751 1404.523505 652.602391 1208.190283 1340.112587 1326.296452 1504.81527 1702.068877 1562.826089 1206.941159 1506.863833 788.120161 1377.039585 1740.535473 1242.427947 787.656829 1217.419563 1165.395915 396.397917 365.628988 688.340457 577.992354 481.633642 312.697627 391.803132 357.854048 361.207501 350.269715 383.239819 383.597969 550.531266 520.274438 492.93011 288.049915
