STOTEN_Data/raw/Age_yrs_500ft.asc
ncols         250
nrows         718
xllcorner     -2256000
yllcorner     1557000
cellsize      1000
NODATA_value  -9999
[rows 620 to 650 of 718, columns 138 to 206 of 250]
5250 5250 5250 5250 5250 5250 5250 5250 5250 5250 5250 5250 5250 2130.8677 2273.213556 218.351744 1679.866362 3053.740573 2361.282051 263.666608 262.637922 344.886932 318.083846 385.972441 525.010267 525.010267 289.945702 307.453519 228.144193 1876.727623 882.581336 504.522176 277.953559 298.143737 286.596555 246.4685 813.393133 249.794321 220.881654 259.90252 287.873759 303.345722 599.06219 587.035923 460.302092 425.683687 525.010267 826.031983 1216.213598 2749.979466 3649.974903 525.010267 2201.659328 2821.528336 524.621493 2366.474967 1765.783029 1348.956789 1024.743291 525.010267 525.010267 539.435166 708.9153 1039.86661 1573.519507 1575.098161 1675.159486 1670.009095 1494.135305
5250 5250 5250 5250 5250 5250 5250 5250 5250 5250 5250 3270.516078 2742.830906 2457.309062 1679.355331 2183.941474 4469.410405 2556.268799 303.83845 273.02497 285.388913 322.926025 388.387603 409.737384 525.010267 525.010267 567.876802 525.010267 4842.375333 5250 525.010267 244.904303 213.975966 370.842053 588.31447 527.2901 342.725687 287.787998 852.622245 298.862345 711.958502 778.711514 710.808027 691.782293 495.608486 404.674418 465.716291 536.289938 525.010267 902.87018 1456.382167 1359.992661 1463.742527 2062.614648 2086.93589 525.010267 1417.669051 1411.588592 1358.10758 937.448876 525.010267 525.010267 525.010267 1038.212508 942.884079 1677.971577 1675.152426 1672.767042 1531.438497
5250 5250 5250 5250 5250 5250 5250 5250 5250 5250 2070.763418 2069.464618 4932.267042 834.5442 4586.885482 3673.153331 2865.39625 525.010267 1251.817601 275.38702 607.608262 549.143738 299.472802 457.597419 525.010267 880.261815 5250 525.010267 5250 5250 525.010267 3076.632099 405.145167 348.453954 165.38281 336.380245 344.579185 268.700238 324.060303 303.740057 359.267666 768.348715 549.502278 504.768206 511.10572 423.969593 490.664572 432.743292 538.925504 624.401472 1115.272644 1169.664613 1204.261147 1241.568591 2033.396457 1892.986824 3080.776554 2518.41811 1409.70016 1260.709903 906.435535 972.737931 525.010267 942.019272 1549.25566 1936.684455 1903.82383 1667.985409 2071.372712
5250 5250 5250 5250 5250 5250 5250 5250 5250 2108.207897 2068.411166 4680.519895 4648.478064 4875.569888 4706.265921 5250 5250 525.010267 569.327057 1379.946323 447.114739 281.930623 284.649715 292.913954 351.36487 302.721864 431.726731 572.523206 5250 5250 525.010267 525.010267 266.104611 205.826372 150.046234 284.508035 289.774566 307.791408 241.574143 228.432986 352.960239 438.855215 422.80081 397.468452 477.361659 604.328403 607.580703 452.202904 639.592223 414.093315 854.935984 1190.335387 1180.816447 1154.723333 1229.596328 1223.419027 1273.045535 1936.412393 2115.769862 1221.334083 879.595543 936.866317 1677.74337 1907.737355 1429.413614 1769.174512 1847.63241 3146.887402 2069.654726
5250 5250 5250 5250 5250 5250 5250 2415.947176 2182.461116 3211.581814 4875.202044 4974.383347 4781.160069 5178.582703 5250 5250 2576.365593 5250 2231.327773 751.1336 247.498116 246.952218 281.777668 344.45984 277.360815 254.219315 241.768144 287.501202 1555.592594 4636.216399 525.010267 525.010267 52.404289 277.72881 273.606608 313.232886 333.693103 361.047962 291.747688 264.402126 352.925196 381.165785 383.939117 385.41654 477.292817 512.603489 586.806788 649.116798 647.691408 495.789101 399.313182 1200.146019 1189.800635 1154.723333 1154.723333 1152.598677 774.421296 1080.501939 1291.143174 1394.007174 1408.274607 1309.871289 1854.758546 1925.506519 1295.009758 2160.272198 2950.753448 2507.428132 2098.200241
5250 5250 5250 5250 5250 5250 2144.673839 2340.032469 5161.827948 5250 5250 5250 5250 5250 5250 3573.014725 5250 5250 525.010267 350.480927 271.018763 286.925906 260.496349 244.50913 315.837105 2916.872941 305.896255 2126.884608 2450.028141 5160.217028 525.010267 323.319294 161.36154 205.155373 320.900945 810.278211 678.978114 758.97449 331.36255 327.674565 338.090154 349.94348 342.190283 370.140029 382.11611 489.48299 514.010322 655.739047 626.863912 558.146637 406.177321 619.272698 1068.91281 839.8668 839.8668 838.805713 772.147663 772.092174 772.092174 772.092174 1265.361624 3169.63146 2272.930079 3969.059512 2423.563481 3535.20397 2108.420759 1982.033823 1884.21227
5250 5250 5250 5250 3868.274816 2871.780384 4371.223532 5250 5250 5250 4473.093638 4985.773813 5250 5250 2475.332956 5250 5250 5250 232.79576 258.833466 256.899049 277.309693 354.645358 1196.154947 242.825791 2482.825631 2586.497139 3596.358537 3372.600755 2653.833742 3624.891008 319.415418 5250 447.159771 404.50092 747.073792 716.880058 713.238589 599.791819 606.651285 348.578575 339.906783 345.419832 333.523635 342.025611 506.838902 506.739604 622.421724 583.15387 411.978241 605.644768 646.592756 597.326032 600.268134 839.97936 583.787102 611.408401 770.680162 634.788957 525.010267 838.804472 1395.911476 1433.520779 3812.844837 5250 4570.144065 3557.277801 3473.606057 3403.514948
3180.040385 3179.615359 2343.69602 2380.386777 2936.287685 5250 5250 5250 5250 5176.848776 5250 5250 5250 2783.092417 5250 5250 5250 5250 515.989555 255.337774 257.261311 236.638402 208.61633 510.074089 4472.301208 2340.715349 4045.253588 4000.113207 2790.499156 2389.278089 3728.590654 4970.853554 5250 5250 5250 1176.737762 561.092606 782.265767 593.969067 670.829709 682.188223 306.824612 304.245332 324.371453 378.46387 523.868431 409.578314 558.785445 482.998504 410.828081 590.334705 597.326032 597.326032 581.198367 569.582478 525.010267 524.453571 593.845292 525.010267 525.010267 525.010267 1304.315723 1469.514031 3260.907697 5250 5250 5250 5250 4036.967243
2344.211786 3501.307615 4404.033325 4526.052381 4523.883376 4775.255213 5250 5172.038146 5250 5250 5250 5250 5250 5250 5250 5250 5250 5250 252.410926 288.965556 525.010267 232.931619 295.130686 680.577036 2044.703416 4038.038414 4436.809965 3030.580058 1913.831888 1457.768321 1758.725373 3327.397813 5250 5250 5250 1149.400395 770.026261 719.950607 613.706058 560.120454 664.585171 289.150441 300.942215 298.206704 348.759857 552.973709 447.091072 455.069188 407.81462 597.326032 597.326032 597.326032 597.326032 626.438512 572.742097 524.453571 524.453571 499.082315 498.626512 525.010267 770.86689 1266.73055 2340.415241 3408.653299 4218.423473 5250 5250 5250 5250
3999.535257 4273.536183 4338.08557 4470.478852 4817.525663 4473.399583 5250 5250 5250 5250 5250 5250 5250 5250 5250 5250 5250 248.097957 1657.177198 4329.700551 1562.061649 751.961828 418.271192 329.18631 1354.729087 2676.366374 3996.379941 1984.974049 2632.49343 1678.79525 1096.196578 2989.253172 5250 4846.103467 5250 1280.153031 987.288087 732.587486 703.892747 575.631367 398.561618 290.435192 272.004493 272.559885 368.660267 471.265826 479.264003 419.332867 404.399985 525.010267 597.326032 597.326032 581.517954 601.920322 569.582478 524.453571 498.63422 442.442641 485.560066 525.010267 807.938242 1990.981722 1739.57822 1677.56344 3364.907863 5250 5250 5250 5250
3705.907262 4467.94287 4539.270974 4748.957916 4524.350593 5250 5250 5250 5250 5250 5250 5250 5250 5250 5250 5250 5250 3575.607588 4377.463898 2880.936509 2607.151584 889.861504 527.998798 325.893768 859.788556 1189.636401 2061.119128 1625.413437 2781.33594 1130.277825 1641.272181 3429.479126 2554.266895 4524.440812 1733.297624 1433.293077 1029.760579 750.617458 587.965285 425.751928 386.35726 259.935729 397.64956 261.331353 360.382996 468.754178 472.291925 411.223425 438.25782 589.328016 584.237189 597.326032 584.613902 525.010267 525.010267 525.010267 405.840748 462.222222 425.213514 525.010267 1121.324204 2628.472509 1707.43325 1579.161943 1776.088081 3248.078044 5250 5250 5250
4268.231161 4469.593949 4575.304814 4708.770226 5250 5250 5250 5250 5250 5250 5250 5250 5250 5250 5250 2059.038965 5250 4585.106331 3491.240316 5250 2205.408937 1291.678411 772.777328 1007.881546 425.440375 1536.869523 961.240924 1376.546163 2752.271665 2971.686033 1760.349208 1933.523454 2383.743781 5250 1429.573621 1388.310115 1026.458992 812.466347 439.332927 428.989968 407.565824 364.108774 314.978717 230.337457 257.632616 323.458042 311.19524 296.445754 450.686744 498.626514 597.326032 601.478439 626.438512 525.010267 525.010267 462.225993 350.207468 452.219941 425.060463 525.010267 1086.12366 1669.002976 1324.623621 1706.945879 1702.288255 2101.636242 2174.476947 3331.440146 2252.178886
4467.942203 4469.623344 4780.603563 5250 5250 5250 2779.832324 2588.31355 5250 5250 5250 5250 5250 5250 1874.100642 5250 2627.956577 3169.028198 3366.214524 2665.892514 2347.331526 1739.661439 1137.239496 661.667823 1101.452366 218.284468 272.418 1424.917999 2605.36128 3161.375153 585.73085 529.535369 1070.926985 5250 5162.408893 1757.938833 1109.064616 721.25789 747.749372 587.039957 417.761946 310.938198 300.153931 311.197751 112.250971 239.614068 285.646009 317.569771 432.648871 410.80813 593.127995 580.394683 525.010267 525.010267 525.010267 452.219941 287.320787 379.429964 451.804494 509.434738 525.010267 753.009817 661.051498 1765.297689 1708.0406 2103.702578 2674.551086 2851.018035 2731.509555
5250 5250 5250 5250 5250 2480.962839 5250 5250 5250 5250 5250 5250 5250 5250 5250 3361.468568 2476.280302 5250 3112.215935 2245.355589 2436.47627 2366.214213 2272.743657 3511.067005 169.897839 175.114845 239.832709 1481.03896 2740.135167 2959.456636 2257.312515 448.456746 732.894263 5250 1170.467705 1139.079057 419.169753 546.548387 503.375723 591.759069 428.54302 334.895322 418.363493 412.675101 387.770933 321.43492 276.307029 309.346606 429.431909 390.978585 440.355986 693.982957 521.962126 498.915771 451.695901 451.681497 345.663428 452.219963 452.806057 525.010267 690.304331 838.635459 1044.040983 1642.576516 1439.304316 1366.808713 3472.461164 2803.641766 2346.133841
5250 5250 5250 5250 2779.53071 5250 2775.532574 5250 5250 5250 5250 5250 5250 1668.65485 3473.811829 4268.453413 5250 3878.787418 2534.408941 1976.263375 2309.733783 2375.667541 2089.471448 2403.08954 163.890414 193.856357 225.043346 376.412859 1571.132358 4108.694234 2326.460521 427.578424 3218.16918 554.124728 2511.040655 417.586893 729.436245 550.650122 589.875605 525.010267 423.119019 293.580038 295.676045 294.941254 239.392652 219.75807 227.131121 307.979737 343.32036 429.927718 424.245192 578.016111 511.314753 465.495555 414.125484 330.852333 328.072627 452.219941 452.219941 525.010267 1080.948356 1079.760248 1140.159639 1401.325141 1009.364319 873.051845 1939.091022 2141.835299 2108.940129
5250 5250 5250 2584.54675 5250 5250 2250.344079 5250 5250 5250 5250 5250 5250 5250 2476.856126 5250 5250 2438.61356 2144.945951 2073.901394 2111.678864 2170.413633 2273.535979 2677.945461 1274.228714 963.0125 226.042639 436.90865 1804.822127 4136.201405 1904.372812 1857.056861 595.760695 324.58117 461.175133 394.411966 368.661809 431.959845 591.818221 525.010267 377.144454 286.653801 287.227926 286.945015 247.033914 244.63313 258.8317 344.755544 306.20249 301.081958 417.027717 598.4303 460.686528 409.910802 401.973747 411.758153 411.831814 422.5017 452.219941 577.619177 1832.813192 1679.960711 1037.935811 1303.972544 1114.87026 861.711656 1139.602584 1798.104354 1944.130248
5250 5250 2591.328213 5250 2982.460444 5250 5250 5250 5250 5250 5250 5250 5250 2580.487802 5250 5250 2026.636424 2545.661056 1813.167852 1808.854002 1773.306725 2236.050693 2418.419656 2400.456777 2643.535498 1083.450792 845.315102 864.587836 2403.051755 4504.814115 2047.078407 2016.52261 1357.861432 239.224563 395.424371 367.06439 295.44735 386.164964 525.010267 461.302039 387.335695 282.25157 280.224622 261.448844 300.416947 232.963926 354.631691 294.6394 287.871602 295.569245 410.532765 521.962719 448.247546 452.710444 400.633416 441.679238 367.493498 422.72202 452.219941 525.010267 1282.762987 1621.410462 689.875476 875.231036 1151.977564 1208.91786 1153.437423 1367.558738 1528.836315
5250 5250 5250 5250 2250.488455 5250 5250 5250 5250 5250 5250 5250 5250 2724.321715 5250 2585.814599 2577.354403 1679.570365 1935.625683 1707.542775 1902.801259 2279.440677 2251.308885 2168.501763 2684.406584 1117.3189 870.44483 746.459137 3174.624579 4737.87186 2466.558016 3978.117509 743.156886 1529.808032 527.532405 209.17549 536.051196 636.035308 525.010267 525.010267 293.234686 282.900166 294.738763 231.802294 218.961355 226.550747 227.458058 348.767777 285.831622 427.934111 495.578959 417.513119 453.728121 466.865429 446.715711 432.214611 209.976728 422.348388 452.219941 525.010267 907.708842 1605.703846 940.993657 843.652242 1237.13653 1084.881339 1111.81249 1080.162054 1179.202763
5250 5250 5250 5250 5250 5250 5250 5250 5250 5250 5250 5250 2476.381212 5179.943377 5250 2613.736418 1909.852965 1779.92184 1801.993268 1840.218746 2047.729011 2407.762993 2241.121199 1937.153188 2906.693914 1975.080051 2060.121262 1217.724721 2038.906434 3623.413995 875.866342 3564.383301 854.346338 1679.596868 459.883089 474.00867 550.188628 591.759069 525.010267 409.750572 290.473775 402.358559 285.986767 167.30891 237.782341 263.767644 319.059841 424.201946 406.760071 415.692448 352.083048 608.412849 485.145526 551.503536 494.773669 428.60064 209.976728 367.493498 452.219943 451.495963 1029.666173 1309.085165 1340.757826 964.45044 1182.452733 1145.766718 937.740764 906.984531 977.082647
5250 5250 5250 5250 5250 5250 5250 5250 5250 5250 5250 2480.336208 5179.439746 5250 3575.068318 2173.140663 1644.223964 1613.909163 1672.243164 1839.115503 2206.727638 2145.799156 1877.051285 2210.214805 2746.475517 2972.080502 2331.08413 2101.299318 1654.255797 3504.099235 356.682189 5250 1791.649555 1208.213552 884.186216 720.563579 506.623532 525.010267 525.010267 338.957673 171.955282 172.244069 173.651077 279.989877 279.660387 283.057267 292.784963 291.187709 325.83232 518.914295 412.644308 509.123655 484.723902 494.823702 491.253082 428.60064 271.018321 412.21995 524.778521 449.591604 929.626257 1367.445197 1647.738441 1197.157118 1105.901298 1144.908707 972.183608 970.632999 1178.129978
5250 5250 5250 5250 5250 5250 5250 5250 5250 3361.345407 2478.716275 3274.372532 5250 4204.640339 2681.868773 1696.197304 1638.117607 1584.64509 1905.298409 2107.840376 2368.770467 1907.727506 1901.110419 2650.265185 2781.328864 2885.910251 2080.693235 3139.593593 345.469462 309.940761 335.694302 5250 1043.58061 1358.406812 724.772377 381.160966 573.756789 525.010267 525.010267 255.994915 159.030095 168.352416 171.370299 168.762263 199.011669 451.968074 332.589466 362.226785 403.187202 518.91408 331.870175 439.949135 412.988214 486.114533 422.061819 422.42678 383.755217 426.036962 600.444694 468.628793 1033.884499 999.478012 1302.853784 1400.705746 1353.698584 1538.243913 1369.435944 1190.053077 1113.617074
5250 5250 5250 5250 5250 5250 5250 2481.03023 3176.857683 2476.403993 2739.724597 2982.037929 2255.329019 2796.856699 1897.483032 1609.77213 1576.24079 2000.747878 2136.000141 2176.654342 2075.660096 1872.748011 2146.283052 2586.39452 2812.40386 2917.501029 2365.094739 2832.379787 261.366266 252.023863 289.69116 5250 976.113068 1061.146231 728.69265 328.013823 668.025657 525.010267 410.252763 215.560119 128.078734 127.69323 131.861771 254.233034 299.280926 296.358707 333.899156 355.162627 450.511355 445.784546 412.644308 428.83049 356.963478 383.913695 389.28102 485.009495 501.015931 476.039246 514.505531 518.983282 848.293742 812.548483 1008.986835 1361.808854 1343.410591 1207.225357 1340.212417 1183.567712 1006.045604
-9999 -9999 5250 5250 5250 5250 2479.103309 4092.805279 2477.616265 2207.016678 2573.188638 2670.489444 2552.089204 1897.723976 1608.009144 1578.34418 2005.301834 2368.391038 2381.12052 2210.891608 1933.828632 1899.255496 2478.498103 2688.711916 2848.400971 2916.732285 2649.280359 1644.100246 199.939842 203.113907 242.949811 205.358591 418.202773 391.159228 564.909879 385.555999 587.951823 591.759069 405.079533 135.586058 120.372798 120.301164 161.148263 156.986548 167.996061 278.621925 173.755718 365.391018 374.040611 443.141417 303.935515 283.694819 246.179523 281.957354 254.020681 452.226875 452.068495 449.655504 477.990952 570.521973 412.758465 713.848478 712.525667 980.60689 1202.51122 1085.008862 1031.01556 919.552958 799.546305
-9999 -9999 -9999 5250 5250 5250 3348.31947 2817.093022 2004.450721 1966.489868 3066.961862 2171.965762 1731.774591 1598.982731 1604.124508 1806.833962 2306.80086 2572.944674 2542.07754 1929.145963 1774.30699 1967.93533 2513.154228 2713.775204 2852.000344 3010.052368 2812.168945 1480.768393 232.372061 550.620384 121.367563 402.316968 413.918999 187.912389 245.341166 511.439653 610.171562 525.010267 288.747408 119.510061 125.418329 119.485264 124.211534 148.020247 281.727253 261.793079 422.213425 293.560181 405.293178 328.483083 343.5393 244.034444 207.824839 239.776164 138.696529 278.279741 386.384364 386.383755 439.653206 526.260554 389.676658 565.28071 534.006072 817.961731 1079.526645 889.6586 822.358466 745.848176 630.91979
-9999 -9999 -9999 5250 -9999 30 2478.843646 2376.194846 1907.290143 2607.572715 1622.033345 1437.118161 1571.254914 1566.296264 1627.251253 2110.261286 2563.805369 2463.114519 2058.390578 1863.46475 2007.372806 2406.344087 2449.589899 2785.128475 2784.819286 3011.074359 2708.64506 2422.4428 705.68104 268.935479 212.088524 220.614592 185.296967 171.530915 162.944102 310.068687 629.221994 525.010267 142.0079 104.798009 77.257885 98.720873 124.760038 138.89117 148.903246 218.197582 394.871093 200.629513 403.091954 330.245344 321.830863 218.849558 198.33536 207.650022 197.982695 306.215504 322.509714 316.645203 363.048141 534.603375 386.383758 412.758391 350.43296 626.727685 748.292606 770.402962 657.956483 562.793857 525.010267
-9999 -9999 -9999 -9999 -9999 -9999 1737.417723 1674.269395 1802.496071 2464.649976 1539.613595 1338.895285 1465.724566 1460.518606 1742.689812 2338.307731 2701.753609 2177.968331 1834.994594 1736.069139 2326.105545 2513.020616 2740.828469 2754.252107 2880.808107 3039.142807 2883.057727 2402.168996 2190.275005 376.074681 366.472171 182.108145 155.919132 140.567419 358.539817 429.790551 486.913073 170.862472 259.949725 66.646292 71.82624 78.017234 118.76663 119.589322 158.282994 281.104266 150.572667 174.599769 256.802448 367.304881 305.62306 182.797171 164.887064 169.907863 205.399392 265.5624 266.842497 316.198265 323.05165 402.792609 386.383755 283.094516 270.862508 540.679532 636.385307 681.195201 528.688071 525.010267 513.271679
805.576484 1242.741595 -9999 -9999 -9999 -9999 30 1563.717316 1640.193079 5250 1269.578192 1468.384281 1402.285443 1645.143209 2040.40652 2306.673935 2205.285868 1897.497504 1833.098281 2001.559287 2465.003811 2348.145654 2613.751525 2878.714207 2883.826074 3108.108115 2810.985722 3142.215919 2017.6973 1911.109288 302.959554 136.560077 131.29088 319.80835 521.861739 407.227926 600.063883 240.716404 75.471656 58.194844 64.788445 73.727418 97.777778 76.87092 331.672371 161.994322 78.632856 108.081223 200.814686 260.334279 263.507779 168.943513 152.507415 154.494083 174.0984 215.843038 233.301392 266.102167 283.307307 318.404691 501.415865 266.647132 241.816664 344.023818 348.092482 526.182667 525.010267 465.212101 298.151592
668.194996 1062.060793 853.481525 -9999 -9999 -9999 30 1740.895604 2474.338465 1559.03133 1106.217027 1177.234025 1499.75446 1640.392329 1808.607732 1877.817619 1807.022463 1664.64707 1902.480443 2145.176703 2441.890534 2615.485727 2481.190774 2812.151823 2916.161487 3072.03886 2776.561152 2812.420343 3448.03325 2142.887207 476.21264 135.590319 116.039678 113.885467 318.909275 404.316678 604.170659 251.952682 64.278703 52.501027 58.194844 66.436939 69.248047 70.730356 79.780472 250.425817 96.756257 100.983243 109.019922 225.526656 209.179062 152.115643 139.323176 140.051023 157.721371 169.710244 183.043578 183.043577 226.752883 297.350074 333.050425 260.989616 169.711218 163.138227 242.765229 525.010267 432.91353 284.024641 211.647014
-9999 772.651427 671.633081 -9999 -9999 -9999 -9999 5250 5250 1401.449238 1195.035068 1004.461439 1266.515001 1436.648686 1672.615506 1665.365217 1663.012978 1732.516797 1800.990675 1939.72144 2067.691886 2242.682607 2002.4669 2781.833423 2979.012268 2944.682358 2906.817279 2917.469293 2444.79199 3250.446018 669.641798 114.583619 100.113679 97.895744 466.020293 597.326032 772.968287 272.251882 52.501027 15.679826 12.396203 29.723933 52.501027 58.209752 62.289944 217.235683 107.104723 66.96418 162.788484 249.854108 120.923627 99.029053 111.805105 122.386289 152.831423 153.783178 163.048141 163.055401 166.284185 259.575785 306.639378 217.914671 149.715409 146.639303 149.714937 171.380457 270.8282 180.835044 146.639288
-9999 -9999 733.410424 769.551941 30 -9999 -9999 -9999 5250 982.154131 910.298522 1038.566905 1037.138102 1233.404434 1596.182196 1559.842345 1559.855808 1612.85554 1772.243369 2078.279209 2071.082439 2106.9383 1982.377384 2816.148543 3041.807156 2878.422902 3042.301996 2745.066676 2545.52735 2924.826949 492.632053 98.0121 96.805841 242.50057 449.545973 525.010267 893.105179 273.589236 52.501027 1.79238 1.547765 15.66872 14.813848 29.167237 52.501027 41.028519 30.722336 52.501027 209.761874 202.287444 100.918536 75.074832 73.034541 100.853919 143.232092 140.028975 126.635428 139.968142 149.714809 176.391743 262.760693 173.40183 146.639289 106.630162 106.630189 126.634725 146.639288 146.639302 106.630278
-9999 -9999 -9999 739.475238 959.424291 933.580277 -9999 -9999 -9999 1303.523421 945.524364 873.063044 873.248317 1004.874625 1529.5253 1528.678302 1561.601523 1684.035092 1764.948875 1769.875088 1967.850112 1674.566054 2113.908899 2914.56619 3037.710268 2850.172171 2950.309719 2550.269411 4234.346097 3141.900023 3114.320223 68.905281 62.348439 207.657769 277.278733 597.326032 525.010267 131.275382 253.62172 2.127659 1.547765 2.333561 1.584303 11.117894 60.006388 11.557381 11.557381 30.722336 146.795519 118.334474 72.592831 68.700923 67.164074 76.229634 106.631334 106.630162 99.959021 99.958939 106.630221 149.71756 176.381474 176.381475 106.630172 86.625686 74.946044 57.318154 60.932695 53.650926 74.945933
