STOTEN_Data/raw/Age_yrs_150ft.asc
ncols         250
nrows         718
xllcorner     -2256000
yllcorner     1557000
cellsize      1000
NODATA_value  -9999
[rows 248 to 278 of 718, columns 70 to 139 of 250]
220.475195 359.321201 41.423556 16.006129 15.656432 32.099437 149.608321 476.617154 3041.08102 389.66373 193.819355 231.378192 280.849972 310.143974 101.679838 64.891977 47.20966 56.966318 39.791456 40.003555 40.711563 46.981322 41.988853 51.904706 46.969093 46.969093 44.349548 44.349548 42.683551 41.425597 41.425597 41.698666 41.698666 41.080521 39.705849 39.118195 33.758368 31.618288 29.971836 4.5859 4.5859 -9999 -9999 -9999 -9999 -9999 -9999 -9999 -9999 -9999 -9999 -9999 -9999 -9999 -9999 -9999 -9999 -9999 -9999 -9999 -9999 -9999 -9999 -9999 -9999 -9999 -9999 -9999 -9999 -9999
509.580467 441.896405 380.305757 25.368956 36.394161 220.44678 446.654349 2598.26781 1726.64821 1732.615798 117.74456 320.866115 1725.401926 1708.313967 66.178324 40.029138 55.045853 48.038465 40.009425 40.050939 40.756124 42.039406 42.039406 51.904706 48.069364 47.104481 44.077 44.077 42.063941 42.01065 41.425597 39.407004 39.407004 39.94309 39.94309 39.118195 33.722745 34.375593 41.509759 12.62423 12.62423 -9999 -9999 -9999 -9999 -9999 -9999 30 -9999 -9999 -9999 -9999 -9999 -9999 -9999 -9999 -9999 -9999 -9999 -9999 -9999 -9999 -9999 -9999 -9999 -9999 -9999 -9999 -9999 -9999
338.563083 525.010267 274.761856 19.497063 33.775472 121.747661 480.639516 2766.353289 2990.64795 3562.807472 78.48607 4975.77001 5250 146.681257 53.838393 39.400115 40.413501 38.045448 35.027506 36.364346 40.795876 43.41326 49.83873 42.717148 43.091962 50.757732 44.67455 43.760383 39.694702 39.694702 39.707153 39.714683 39.407004 39.398118 38.675594 39.662728 35.154829 31.094465 29.688727 14.696461 24.426644 24.426644 30 -9999 -9999 -9999 -9999 -9999 -9999 -9999 -9999 -9999 -9999 -9999 -9999 -9999 -9999 -9999 -9999 -9999 -9999 -9999 -9999 -9999 -9999 -9999 -9999 -9999 -9999 -9999
220.839851 50.846404 17.564538 16.617772 30.645252 45.231185 991.766048 110.65712 1122.551945 2643.833405 3605.118461 2747.115307 1185.396026 2014.005065 958.521561 34.32044 35.934531 36.195062 36.342586 37.100964 44.930009 45.063903 49.911113 42.69881 50.411947 44.748946 44.667954 43.093023 39.694702 25.055221 28.730598 28.730598 39.365457 39.01914 38.04617 39.073415 38.047909 31.630928 13.679507 13.367528 24.426644 24.426644 30 30 30 30 30 -9999 -9999 -9999 -9999 -9999 -9999 -9999 -9999 -9999 -9999 -9999 -9999 -9999 -9999 -9999 -9999 -9999 -9999 -9999 -9999 -9999 -9999 -9999
39.431051 39.251122 17.222993 16.974334 30.956676 44.871301 136.661706 110.866492 100.998676 73.506568 133.369093 177.54281 183.048828 44.786485 43.382138 30.05715 30.05715 34.671342 36.349047 39.122836 44.696258 43.960676 43.676771 44.691669 50.477617 44.748946 42.166753 41.402957 29.339644 8.357941 18.21242 28.730598 10.789169 6.310509 10.90443 38.047909 38.047909 29.983351 10.412696 7.398059 39.747192 39.747192 30 30 30 30 -9999 -9999 -9999 -9999 -9999 -9999 -9999 -9999 -9999 -9999 -9999 -9999 -9999 -9999 -9999 -9999 -9999 -9999 -9999 -9999 -9999 -9999 -9999 -9999
55.018405 109.36719 22.926987 30.506397 36.220733 47.688034 156.019938 68.833011 77.757358 72.834337 72.839755 166.590612 80.786427 38.683163 42.104781 35.093768 31.080834 37.420582 40.043704 43.087909 42.759278 41.746728 44.077214 47.2618 43.737751 43.071575 42.022424 41.402957 34.649373 7.662189 7.799034 7.793966 6.310509 6.310509 10.90443 6.606843 6.591066 5.683177 6.594509 7.056727 35.627156 39.033162 30 30 -9999 -9999 -9999 -9999 -9999 -9999 -9999 -9999 -9999 -9999 -9999 -9999 -9999 -9999 -9999 -9999 -9999 -9999 -9999 -9999 -9999 -9999 -9999 -9999 -9999 -9999
45.330825 38.836413 37.836185 32.15476 35.123054 86.528602 178.520974 147.435288 120.573216 60.328782 142.477893 150.701899 91.222017 60.199235 42.718732 32.124191 32.728415 29.364437 24.002249 43.713811 42.514738 39.132247 40.554593 47.2618 42.500725 25.446799 31.722357 27.074903 14.308181 7.661712 9.770896 7.796399 13.979979 9.70806 6.767088 6.617853 6.595061 42.031813 38.312793 46.706809 24.747433 37.265787 15.586585 -9999 -9999 -9999 -9999 -9999 -9999 -9999 -9999 -9999 -9999 -9999 -9999 -9999 -9999 -9999 -9999 -9999 -9999 -9999 -9999 -9999 -9999 -9999 -9999 -9999 -9999 -9999
141.844124 33.582198 32.017085 40.720977 43.776019 156.240034 184.026676 157.514031 176.781598 73.787695 88.908545 57.360166 57.150514 56.489328 44.234469 31.100463 20.611017 19.74722 21.34107 38.971301 36.980831 28.433953 24.995325 43.447055 28.726072 23.737424 31.722357 31.722357 14.98924 13.018123 18.404237 20.366494 15.293592 10.739493 8.723012 10.773263 55.378026 51.677426 33.412145 39.003692 30.985626 4.5859 -9999 -9999 -9999 -9999 -9999 -9999 -9999 -9999 -9999 -9999 -9999 -9999 -9999 -9999 -9999 -9999 -9999 -9999 -9999 -9999 -9999 -9999 -9999 -9999 -9999 -9999 -9999 -9999
34.111248 32.737851 31.165205 40.410098 82.702884 84.999642 81.439331 138.268472 83.652525 147.775684 110.961892 57.601081 56.77765 54.200236 43.368609 31.962572 19.99316 16.707285 16.959386 23.014514 27.111779 19.096919 16.697094 43.447055 14.994008 21.112043 25.325035 20.385901 23.656114 30.058513 28.663836 20.999475 19.330094 23.037834 46.297586 39.608064 39.374493 38.33449 27.060061 34.74054 52.501027 11.640429 30 -9999 -9999 -9999 -9999 -9999 -9999 -9999 -9999 -9999 -9999 -9999 -9999 -9999 -9999 -9999 -9999 -9999 -9999 -9999 -9999 -9999 -9999 -9999 -9999 -9999 -9999 -9999
20.661564 20.661564 35.719784 37.808108 37.129041 86.904258 94.888717 101.497066 144.159199 121.35821 77.096245 65.948505 56.107342 54.286949 45.092475 29.768937 16.690682 13.339742 16.640068 16.640068 14.010681 15.788226 14.75869 14.084039 15.746204 18.933722 31.576831 34.383735 34.434267 32.425505 30.963287 30.997889 41.400947 56.409717 53.55929 41.425724 40.409205 36.078576 53.978522 80.418532 65.466066 65.466066 30 -9999 -9999 -9999 -9999 -9999 -9999 -9999 -9999 -9999 -9999 -9999 -9999 -9999 -9999 -9999 -9999 -9999 -9999 -9999 -9999 -9999 -9999 -9999 -9999 -9999 -9999 -9999
20.683821 24.043874 44.405141 46.745273 37.845923 74.556881 76.35669 46.955782 102.203062 86.676149 77.019014 69.532641 54.608112 52.058364 44.67064 33.310347 19.619057 21.676849 21.039813 17.703427 12.722614 15.748671 15.313 17.427216 21.369689 36.123305 36.381518 36.751268 36.766938 39.42951 40.045847 44.058859 58.49795 44.985587 43.394441 39.738132 39.736533 32.020066 40.359189 30.610084 7.548421 4.66256 30 -9999 -9999 -9999 -9999 -9999 -9999 -9999 -9999 -9999 -9999 -9999 -9999 -9999 -9999 -9999 -9999 -9999 -9999 -9999 -9999 -9999 -9999 -9999 -9999 -9999 -9999 -9999
31.665102 33.296703 48.725081 177.872538 46.542648 110.968639 79.444457 82.348277 120.973653 83.891382 56.904889 55.232595 54.957839 54.029395 45.010462 41.042263 40.687991 33.069729 23.694101 18.766266 25.661954 33.329517 33.753048 36.193492 36.68487 35.862591 38.092149 39.390588 43.07659 55.294436 41.467683 52.522899 57.146806 45.286645 41.8066 41.03659 40.150329 40.021984 40.766598 40.668014 15.748118 4.66256 30 -9999 -9999 -9999 -9999 -9999 -9999 -9999 -9999 -9999 -9999 -9999 -9999 -9999 -9999 -9999 -9999 -9999 -9999 -9999 -9999 -9999 -9999 -9999 -9999 -9999 -9999 -9999
46.644421 44.040795 93.968168 123.990054 120.248348 173.429015 164.547501 213.474059 180.40638 66.096324 57.682822 56.512263 44.40573 41.446927 45.733507 45.665664 44.095147 37.434885 37.369916 38.040977 38.050248 35.986454 37.064833 39.422618 44.106048 40.014199 38.655976 41.708264 40.375493 71.422281 67.24622 52.888524 52.685268 71.286552 56.982927 56.694181 41.3941 52.54436 40.044923 46.666462 30 30 30 -9999 -9999 -9999 -9999 -9999 -9999 -9999 -9999 -9999 -9999 -9999 -9999 -9999 -9999 -9999 -9999 -9999 -9999 -9999 -9999 -9999 -9999 -9999 -9999 -9999 -9999 -9999
115.100044 70.522829 73.806451 124.419928 167.338455 360.736182 261.165703 1359.174725 114.028566 71.024438 57.601409 56.704456 51.636276 41.414144 50.988689 51.502793 45.810465 43.703759 40.216429 41.785367 43.631601 40.70534 40.061111 42.468612 44.527223 40.632392 44.654166 45.075934 69.415331 71.231308 67.327592 71.760729 70.786169 71.181796 56.658174 66.948226 56.089252 55.737549 39.381787 31.529699 30 30 -9999 -9999 -9999 -9999 -9999 -9999 -9999 -9999 -9999 -9999 -9999 -9999 -9999 -9999 -9999 -9999 -9999 -9999 -9999 -9999 -9999 -9999 -9999 -9999 -9999 -9999 -9999 -9999
84.368602 40.600029 39.270952 160.403192 176.408227 2720.216659 3207.245511 1180.924977 120.294565 77.427265 69.755782 50.991463 43.75712 41.119537 43.707481 45.661898 41.795006 40.741907 42.023191 42.71612 42.144576 43.679362 56.926355 56.930272 55.102529 55.052044 60.051864 71.240392 55.00956 55.178734 67.33273 70.921189 68.062102 68.44594 67.893815 63.862554 57.067444 55.01011 47.193247 20.5859 4.66256 4.66256 -9999 -9999 -9999 -9999 -9999 -9999 -9999 -9999 -9999 -9999 -9999 -9999 -9999 -9999 -9999 -9999 -9999 -9999 -9999 -9999 -9999 -9999 -9999 -9999 -9999 -9999 -9999 -9999
81.254496 47.011633 40.218424 109.732366 140.920479 2766.031461 317.677429 230.132328 76.247169 76.973187 73.908397 56.805476 43.931982 36.412321 37.782405 42.728489 41.162875 41.367482 41.635679 43.654745 46.155918 66.649069 67.497303 58.703093 58.034913 60.610182 61.591882 71.240392 55.120638 63.943113 66.824206 67.139202 67.916818 68.204656 67.953269 57.228133 47.789761 41.457507 69.164271 30.863792 4.66256 30 -9999 -9999 -9999 -9999 -9999 -9999 -9999 -9999 -9999 -9999 -9999 -9999 -9999 -9999 -9999 -9999 -9999 -9999 -9999 -9999 -9999 -9999 -9999 -9999 -9999 -9999 -9999 -9999
90.468776 90.661364 43.296934 77.30639 190.256214 187.85021 134.959419 1166.324435 87.135608 76.790904 53.444095 44.754454 43.409691 39.942081 42.106078 34.336812 35.031526 43.411419 45.732538 59.333537 68.197737 68.479412 83.278409 87.417387 87.476187 87.130793 68.026948 67.00341 66.990529 63.943113 66.772685 66.809755 67.931227 67.557312 67.271343 57.504656 56.758048 37.370944 45.357634 72.411516 76.324293 30 -9999 -9999 -9999 -9999 -9999 -9999 -9999 -9999 -9999 -9999 -9999 -9999 -9999 -9999 -9999 -9999 -9999 -9999 -9999 -9999 -9999 -9999 -9999 -9999 -9999 -9999 -9999 -9999
46.3815 92.363356 65.963101 88.082872 186.930022 244.221042 251.338506 91.595481 74.354556 66.224454 53.647867 57.89855 56.867971 54.762536 45.096624 35.432335 32.448569 45.485603 56.977611 67.429324 72.277671 75.437508 74.186679 49.233082 44.761072 44.761072 68.026948 67.00341 64.302826 58.323423 63.93847 66.812722 67.931227 67.916967 63.935062 63.280126 57.141916 37.650389 199.587569 50.706366 79.093747 -9999 -9999 -9999 -9999 -9999 -9999 -9999 -9999 -9999 -9999 -9999 -9999 -9999 -9999 -9999 -9999 -9999 -9999 -9999 -9999 -9999 -9999 -9999 -9999 -9999 -9999 -9999 -9999 -9999
40.682517 40.292249 63.113428 103.641911 200.773161 157.610216 1857.199953 103.741273 79.212718 106.011231 97.153365 60.684813 65.622661 55.279174 41.416241 38.415651 34.410998 41.890968 56.558642 66.87636 67.162782 71.075559 74.003572 49.231417 44.761072 67.258438 67.957545 67.782187 64.302826 58.323423 58.83949 66.811777 67.472626 67.843794 63.935062 63.827745 45.069704 91.629344 51.304586 76.021671 72.580587 -9999 -9999 -9999 -9999 -9999 -9999 -9999 -9999 -9999 -9999 -9999 -9999 -9999 -9999 -9999 -9999 -9999 -9999 -9999 -9999 -9999 -9999 -9999 -9999 -9999 -9999 -9999 -9999 -9999
70.807334 45.408149 59.039161 81.841024 204.050675 232.718696 146.798168 120.962152 104.170154 110.824252 114.151816 97.63929 70.485664 45.798957 42.995141 40.005039 40.288185 43.664905 63.490629 66.590998 66.595842 66.723078 66.355834 68.835751 68.853416 67.258438 67.957545 67.446434 66.78963 58.700654 58.816517 66.811777 66.785592 71.526097 67.626178 67.379336 45.069704 79.59209 50.706366 169.898717 117.664136 38.383465 38.383465 30 30 -9999 -9999 -9999 -9999 -9999 -9999 -9999 -9999 -9999 -9999 -9999 -9999 -9999 -9999 -9999 -9999 -9999 -9999 -9999 -9999 -9999 -9999 -9999 -9999 -9999
77.473616 45.97613 44.755747 2985.464367 3502.360292 1618.52864 160.157257 163.883789 170.125451 167.010478 147.304061 107.54201 66.934071 46.154931 50.570106 43.695754 42.048406 43.462446 56.380833 57.151037 53.115657 60.194669 60.436448 57.49036 57.49036 71.367941 68.985941 67.446434 66.78963 42.068576 66.708711 66.316557 66.498198 71.287828 68.462018 67.456035 54.590101 175.142741 294.534486 227.602375 127.761344 98.438624 78.817114 30 -9999 -9999 -9999 -9999 -9999 -9999 -9999 -9999 -9999 -9999 -9999 -9999 -9999 -9999 -9999 -9999 -9999 -9999 -9999 -9999 -9999 -9999 -9999 -9999 -9999 -9999
42.85758 42.917334 45.179945 2861.755354 236.804855 173.326542 171.004089 232.938414 197.278579 146.64666 78.561934 67.583622 64.761487 54.663153 53.808335 43.403047 42.796384 48.875881 53.025174 52.396387 64.118979 64.206639 57.190529 57.289849 57.49036 71.367941 71.82675 42.069769 42.040853 42.068576 66.708711 66.58775 71.681086 67.426904 64.172684 70.965157 63.585653 46.669472 45.334012 59.058233 107.891193 98.629175 78.817114 4.66256 -9999 -9999 -9999 -9999 -9999 -9999 -9999 -9999 -9999 -9999 -9999 -9999 -9999 -9999 -9999 -9999 -9999 -9999 -9999 -9999 -9999 -9999 -9999 -9999 -9999 -9999
47.516615 47.974232 91.616624 266.584738 100.894432 110.323965 210.321101 207.270185 65.019324 45.493018 70.740168 64.016822 56.149125 67.785173 67.256408 53.484094 41.349574 43.667105 53.674694 49.214977 57.512113 64.206639 57.607161 59.564083 76.052814 71.567986 71.82675 42.069769 67.679044 66.673482 66.318155 66.357934 71.681086 71.68262 63.599587 63.108725 80.994618 80.856136 64.005717 49.377625 118.776738 30.37326 4.66256 4.66256 -9999 -9999 -9999 -9999 -9999 -9999 -9999 -9999 -9999 -9999 -9999 -9999 -9999 -9999 -9999 -9999 -9999 -9999 -9999 -9999 -9999 -9999 -9999 -9999 -9999 -9999
41.799687 93.267189 41.393905 56.378885 74.889091 77.009456 110.877915 98.222219 47.704965 47.842413 44.690652 56.056226 56.728803 66.477886 67.26633 64.042013 66.941339 57.194568 57.194568 68.700633 68.540616 57.168225 59.564083 59.571001 73.038276 60.530334 67.89575 71.757206 68.756652 66.673482 66.65636 55.20222 37.095873 39.392292 53.326994 56.232132 67.507806 67.70241 67.692645 47.287945 86.304507 39.368278 9.973078 -9999 -9999 -9999 -9999 -9999 -9999 -9999 -9999 -9999 -9999 -9999 -9999 -9999 -9999 -9999 -9999 -9999 -9999 -9999 -9999 -9999 -9999 -9999 -9999 -9999 -9999 -9999
40.186419 45.384029 63.730403 42.770674 72.022786 83.651995 135.072157 67.656546 56.848983 47.842413 44.760772 50.656303 44.323427 45.729143 63.761598 67.574194 67.512305 60.565261 57.516752 68.700633 68.721622 57.314749 60.939119 61.3594 60.530334 60.530334 67.89575 52.458024 52.089581 72.013795 72.007089 58.194491 44.744477 50.19653 67.574825 67.710588 67.507806 70.174118 67.723984 67.53808 113.256484 193.238417 487.474333 30 30 -9999 -9999 -9999 -9999 -9999 -9999 -9999 -9999 -9999 -9999 -9999 -9999 -9999 -9999 -9999 -9999 -9999 -9999 -9999 -9999 -9999 -9999 -9999 -9999 -9999
40.664434 40.225519 44.605424 113.8924 99.939702 77.292185 104.587615 84.506358 59.106152 57.718286 48.016236 50.598113 45.068587 46.07599 64.707703 67.838208 56.623382 55.975802 77.459993 77.417429 70.264925 60.221554 60.977282 58.314176 53.751541 49.760458 49.189583 59.682216 60.830942 61.942851 70.390496 84.24612 75.504474 58.062621 66.670424 67.369317 70.533866 70.366738 67.666092 69.988668 67.50938 408.906999 235.299281 126.442627 97.713481 84.503145 81.084473 73.213089 -9999 -9999 -9999 -9999 -9999 -9999 -9999 -9999 -9999 -9999 -9999 -9999 -9999 -9999 -9999 -9999 -9999 -9999 -9999 -9999 -9999 -9999
45.444269 59.132607 44.519814 119.525671 78.228003 72.673578 121.264897 97.378503 64.691674 71.456423 58.700166 45.670253 45.576224 46.078045 55.07639 39.432648 39.072311 31.946514 77.459993 77.459993 73.00418 66.210239 63.909586 60.177281 56.67616 50.965508 52.129009 57.657804 69.028589 74.256573 84.955324 85.842686 67.408591 66.631703 66.656123 67.369317 70.391988 70.533866 63.479008 63.342081 49.572065 227.713537 287.067105 157.066277 120.957278 87.725911 80.362721 73.213089 -9999 -9999 -9999 -9999 -9999 -9999 -9999 -9999 -9999 -9999 -9999 -9999 -9999 -9999 -9999 -9999 -9999 -9999 -9999 -9999 -9999 -9999
43.658957 45.501375 69.145955 88.098002 78.438159 87.751784 150.769782 117.450712 93.763857 79.04458 58.708901 55.287982 43.979008 43.951251 45.751046 39.432648 43.366197 42.114956 63.46454 65.437993 67.559532 64.942936 64.427289 57.38658 48.840921 41.129467 47.875348 57.362678 66.422728 67.208912 67.147785 67.147785 67.408591 67.022113 66.974916 67.810614 67.730179 68.247779 65.022939 63.479008 59.94815 57.354126 39.175818 67.924494 110.558029 87.528878 34.706366 24.543463 24.543463 -9999 -9999 -9999 -9999 -9999 -9999 -9999 -9999 -9999 -9999 -9999 -9999 -9999 -9999 -9999 -9999 -9999 -9999 -9999 -9999 -9999
43.658957 63.452214 85.148883 75.02201 72.229571 137.930535 147.475464 144.168744 98.154321 80.911275 58.457931 55.108667 44.072888 57.788033 57.047617 47.438683 45.973152 40.074222 41.752407 54.749133 40.639769 54.801492 66.159947 62.179704 49.880404 68.028289 67.696596 66.559122 66.550914 67.208912 67.504716 70.981653 67.112292 66.994553 66.974916 67.668353 68.12677 54.016982 53.969227 42.497661 63.068222 60.283668 40.006141 53.46002 93.555605 97.774713 46.720511 24.543463 20.78987 -9999 -9999 -9999 -9999 -9999 -9999 -9999 -9999 -9999 -9999 -9999 -9999 -9999 -9999 -9999 -9999 -9999 -9999 -9999 -9999 -9999
78.351027 137.374898 77.518414 64.390893 38.332776 39.895467 58.281412 144.038574 117.217646 80.911275 52.930128 60.483133 57.230302 57.186713 57.037471 52.812524 50.699773 71.442737 58.609055 55.1797 41.335668 40.339416 61.232118 72.212282 71.381609 70.730042 67.696596 58.051718 57.820321 56.747336 56.747336 70.981653 67.577632 66.643269 66.509164 66.547423 67.105149 45.109481 54.016982 44.729777 63.473206 64.675968 48.053976 41.404786 85.070715 87.605659 73.024232 20.78987 20.78987 -9999 -9999 -9999 -9999 -9999 -9999 -9999 -9999 -9999 -9999 -9999 -9999 -9999 -9999 -9999 -9999 -9999 -9999 -9999 -9999 -9999
67.469132 44.949909 39.787585 40.794088 38.332776 38.332776 45.158827 45.158551 44.985268 48.955786 49.343394 60.483133 56.137621 43.986098 42.752058 42.393636 49.939667 57.18747 40.325414 43.609869 38.372443 40.785346 69.867491 80.272794 61.331441 61.330725 67.449166 63.864261 57.820321 56.564614 53.125364 68.307799 68.240675 66.643269 66.549243 67.03181 66.635104 66.615003 66.75277 63.994269 63.393161 63.763114 56.528144 45.336674 77.990772 81.005895 105.721974 20.747433 20.747433 -9999 -9999 -9999 -9999 -9999 -9999 -9999 -9999 -9999 -9999 -9999 -9999 -9999 -9999 -9999 -9999 -9999 -9999 -9999 -9999 -9999
