STOTEN_Data/raw/Age_yrs_1200ft.asc
ncols         250
nrows         718
xllcorner     -2256000
yllcorner     1557000
cellsize      1000
NODATA_value  -9999
[rows 372 to 402 of 718, columns 69 to 137 of 250]
-9999 669.772378 768.333748 754.078742 1011.841367 1336.033935 1510.051749 1643.752433 2302.002148 3052.614684 4210.489371 5250 5250 5250 5250 5250 5250 5250 5250 5250 4458.730572 3921.698003 4463.982952 4690.818831 5250 5250 5250 5250 5250 5250 5250 5250 4990.769388 5160.749964 5250 5250 5250 5250 5250 5250 5250 5250 4972.184905 4839.692802 4646.514745 4426.933187 4176.426736 4719.395708 5005.167525 4235.148395 3790.40075 3658.625714 3720.226868 4304.239894 3650.193934 3923.443129 3573.174546 3331.264433 3085.748596 2061.081216 2025.374158 2304.129828 1728.169356 1530.703119 1463.768996 1567.220053 118.28653 135.951145 146.639288
-9999 669.772378 960.152903 961.587586 1047.947151 1238.361296 1432.14952 1508.693158 1845.078549 3052.614087 4605.875422 5250 5250 5250 5250 5250 5250 5250 5250 5250 4823.488226 4525.763962 3926.625102 4139.96865 4069.506558 4094.620001 4723.086212 5250 5250 5250 4783.365062 4476.564041 4264.396473 4075.050805 4427.578601 4876.368357 5250 4462.11814 5250 5250 5250 5250 5250 5250 4474.304499 4470.334064 4984.705625 5250 5250 5250 5250 5250 5022.373308 5250 5040.475404 3967.244299 3464.820915 3469.789639 2694.144673 1928.538763 2010.180577 2066.419744 2204.770195 1538.646954 1358.534011 1464.128133 126.769922 129.614274 167.363961
-9999 -9999 960.152903 959.907255 972.639345 1011.651077 1240.674996 1508.693158 1675.92412 3732.206912 5250 5250 5250 5250 5250 5250 5250 5250 5250 5250 5068.535823 4466.808428 4714.680744 4277.337921 3938.18236 3970.301438 3847.230979 3596.757328 3882.701987 4504.108051 4410.790166 4573.590416 3860.543562 3561.408508 3971.912563 4135.708446 4556.326365 3912.164048 3568.475374 4061.784641 4097.006952 4371.338566 4572.546096 4399.967906 3493.912025 3293.041088 3426.99894 3464.01291 4050.900195 5250 5250 5250 5250 5250 5250 3762.112615 3169.946375 3552.993306 3258.881846 1922.497309 2131.490411 2071.878102 1734.367526 1625.184505 1360.232331 1358.719574 136.312022 118.593846 156.065298
-9999 -9999 961.634389 961.634389 961.634389 978.141852 1079.290125 1637.607145 3063.592852 4982.772349 5250 5250 5250 5250 5250 5250 5250 5250 5250 5250 5250 5250 4686.388461 4296.831547 4074.156133 4105.992347 3878.165131 3571.665061 3603.309033 3740.401454 3278.708373 2695.151479 2727.168504 2711.893406 3099.681851 3133.743066 3844.349613 3774.530457 3416.441308 3390.60311 3240.341758 3227.633462 3270.523602 3265.259833 3182.015347 2738.191027 2728.944274 2693.388147 2855.464709 4070.649091 5058.728968 5064.931444 4984.545327 4990.743656 5042.675987 4776.273956 4987.16072 2995.989355 2320.088687 2700.961359 1463.362876 1911.042477 2059.415711 1671.199291 1397.194145 1259.101603 1565.591111 118.352358 156.074256
-9999 -9999 -9999 961.573972 961.634391 1207.262495 1637.664521 3057.233347 3531.775931 4066.481608 5250 5250 5250 5250 5250 5250 5250 5250 5250 5250 5250 4816.74521 4173.644946 3773.059792 3641.623059 3429.463673 3345.865887 3308.973099 3645.980315 3840.866956 3512.394024 2897.653839 2753.700153 2579.181333 2732.766262 2640.790157 3296.237014 3674.288354 3412.013918 3208.103213 2870.986378 2837.441079 2675.890358 2698.773205 2566.395554 2525.299877 2458.158636 2385.123211 2590.423707 2996.905237 4888.933645 4634.516748 4433.873065 4437.777236 4669.811106 4459.208115 4048.80051 4084.362379 1974.636766 1576.115181 1425.514355 1436.309041 1798.23828 1696.786086 1462.122691 1179.669096 1358.572504 126.802011 357.905544
-9999 -9999 -9999 -9999 727.814382 1282.548014 3012.047228 2987.418522 3013.718634 3175.521441 3833.273042 5250 5250 5250 5250 5250 5250 5250 5250 5250 5172.935388 4877.417103 4375.04865 3904.49742 3703.966516 3602.448047 3371.490797 3179.200627 3271.664505 3345.879615 3478.399173 3110.839651 2824.280481 2770.018819 2844.835721 2631.319481 2958.504198 3279.552809 3177.224195 2964.05154 2638.694053 2603.25535 2591.790513 2471.411997 2360.702767 2230.103893 2127.68999 2166.980206 2467.826411 2598.536717 4781.486592 4428.270491 4033.873841 4003.624231 4035.293314 4274.652547 3930.435884 3956.20694 3872.977514 2239.871554 1603.946125 1426.5408 1337.157452 1836.747294 1566.573436 1363.565989 1187.727732 185.743006 357.905544
-9999 -9999 -9999 -9999 -9999 1404.344355 1464.57516 1466.314175 1602.043018 2990.568979 3806.999987 4370.691975 5250 5250 5250 5250 5250 5250 5250 5250 4460.95813 4319.807925 4402.039917 4007.77143 3791.34797 3704.963219 3702.172953 3572.620921 3309.494966 3467.929278 3836.606171 3508.514476 3321.098275 2935.885762 2760.162499 2731.695344 2728.306275 3071.80001 2934.54825 2735.321143 2661.452884 2564.482736 2448.659602 2261.118158 2135.539859 2087.033127 2074.419038 2073.473417 2425.752462 2541.987642 3632.494337 4265.944561 3834.480184 3657.401693 3592.517328 3832.383904 3502.456353 3233.194496 3575.294672 2969.156332 2523.391363 2306.038602 1930.634349 1631.698506 1491.530679 1237.135012 1170.993566 3735.600129 337.0705
-9999 -9999 -9999 -9999 -9999 815.708887 1000.175502 1212.073795 1510.928011 1806.139733 3877.285189 4036.683169 5154.095533 5250 5250 5250 5250 5250 5250 5250 4522.608033 4007.805561 4054.365551 4076.449466 3696.718298 3629.48516 3637.45609 3212.122207 2973.221729 3036.759281 3261.639339 3425.507873 3083.547285 2792.065473 2502.093288 2596.731067 2412.304983 2930.589629 2878.534217 2641.566885 2672.725688 2564.85371 2445.007041 2196.655069 2007.774182 1903.491021 1929.808583 2066.32391 2554.852352 2771.507905 3172.732618 3864.751224 3594.965774 3283.117244 3202.776543 3102.494753 3193.399721 2991.762088 3033.298483 3403.140486 2777.927681 2930.261674 2602.718319 2265.791035 1556.544259 1325.629591 1140.231313 1146.288623 446.2423
-9999 -9999 -9999 -9999 -9999 800.977159 978.760194 1008.835797 1337.03136 1564.270698 3059.718815 3610.40689 4327.924281 5250 5250 5250 5250 5250 5250 4467.978899 4580.695958 4221.552524 4261.918757 4101.590291 3547.733733 3472.294835 3372.861382 3294.42885 3130.317383 3101.873506 2971.270171 3079.994787 2696.485946 2373.270503 1992.759352 1872.016604 1446.236401 2382.325561 2180.551281 2466.401801 2483.026057 2245.042315 2195.049091 2195.947991 2005.901288 1834.031794 1867.788842 2155.94421 2465.007235 2973.637327 3160.729395 3822.470593 3324.854049 3065.140941 2916.02163 2845.205627 2871.734055 2731.690342 2804.57256 2868.392124 3066.751364 2895.97738 2946.198891 2927.583491 1759.260197 1359.910765 1136.918835 1076.956673 155.033181
-9999 -9999 -9999 -9999 -9999 -9999 812.932933 1047.601141 1247.485356 1495.393598 1880.889815 3064.145514 3668.309043 5250 5250 5250 5250 5250 5250 4065.995158 3714.938561 4045.785358 3909.629091 3804.889647 3703.496472 3437.854524 3298.111662 3204.700359 2965.82777 3005.354104 2941.411219 3039.494362 2500.07183 2734.03183 3137.579672 2597.141174 2377.104078 2534.465813 2208.665417 2559.805866 3231.232634 3005.760499 2169.447096 2256.403878 2078.485628 1967.944831 1770.70683 2028.651777 2272.659478 2858.908085 3008.081095 3213.645829 3075.119031 2873.711031 2731.447902 2659.289915 2567.595 2471.580263 2364.509055 2564.499623 2761.597772 2930.090784 2841.284948 2699.598211 2733.939816 1489.834735 1238.35249 1838.037454 5250
-9999 -9999 -9999 -9999 -9999 -9999 978.891911 1013.93011 1082.217489 1496.399024 1677.415641 2731.93136 3061.460577 4943.466998 5250 5250 5250 5250 5250 4051.519648 4262.525423 5250 5250 5250 3877.418819 3785.509263 3740.065322 5017.07466 5250 5250 5250 5250 5250 5250 3968.117649 3005.625941 2650.103327 2902.446321 2772.115679 2146.664656 2945.111683 3184.517069 2102.311824 2256.721987 2227.58789 2138.447639 2006.480343 2030.818059 2100.418931 2484.472127 2776.529517 2891.578539 2870.447449 2728.346794 2568.963082 2338.628583 2241.258931 2200.374818 2031.449163 2068.613725 2243.120543 2662.8124 2836.729113 2299.120522 2296.624987 1730.771362 1362.45046 1145.474625 1100.807307
-9999 -9999 -9999 -9999 -9999 -9999 978.802039 980.331341 1214.746806 1492.692506 1565.760391 1844.865504 3013.71327 4304.917816 5250 5250 5250 5250 5250 5173.33558 4063.437942 3738.87414 3201.071108 3262.164536 3097.877367 3001.112196 3504.106753 3538.910878 2732.27858 2730.19678 2671.672766 2772.067374 3061.06904 3033.137972 2942.432886 2914.776253 2578.891069 2313.891537 2741.539213 2472.986512 2831.11257 2896.202237 2056.158863 2133.124889 2231.092354 2229.595638 2197.56818 2098.614172 2060.719967 2295.77828 2598.679889 2666.059319 2699.356894 2494.834634 2268.423267 2064.597904 1913.907795 1898.119636 1828.716055 1803.701782 1862.941324 1975.49027 2506.048113 2234.752099 1840.43401 1993.903754 1673.554403 1142.262729 1029.08663
-9999 -9999 -9999 -9999 -9999 815.294164 979.630242 962.504621 955.571369 1239.111595 1559.275478 1677.431295 2984.315927 3262.112056 5250 5250 5250 5250 4485.217255 3863.514782 3724.653855 2785.23309 2267.767388 2568.022125 5250 2368.57304 3978.3511 5250 5250 5250 5250 5250 5250 3717.173666 3978.986596 5250 5250 3362.985212 2410.237438 2265.227612 3007.959512 3254.715073 2963.252092 2905.31827 2504.406614 2161.954556 2171.444913 2228.934657 2159.407547 2077.472906 2233.065553 2375.961928 2435.921426 2234.775851 2057.326975 1868.027612 1735.720638 1674.618787 1641.353417 1605.547551 1640.01242 1676.903299 1770.462121 1995.494332 1801.842135 1632.931616 1671.819245 1333.241601 1007.919026
-9999 -9999 -9999 -9999 -9999 881.769851 581.867087 525.010267 659.583374 827.398004 1559.275478 1568.770259 2679.477424 3060.8156 4730.790899 5250 5250 5250 4058.882892 5250 2567.723017 2557.286494 2562.849444 2576.56389 3679.440522 3645.47494 4438.808951 4690.359851 4531.084036 4488.134034 4421.251819 4182.224131 4144.561561 4176.991958 4050.67165 3870.412239 3116.333532 2060.651924 1600.094827 1811.275698 1772.429511 1854.209475 2409.851428 2299.444684 3127.134426 2570.436015 2196.839695 2193.985726 2136.52747 2079.790964 2072.843255 2105.61191 2062.322567 1886.126201 1773.032577 1665.110545 1638.164991 1599.432488 1530.057211 1461.535101 1463.323567 1530.232909 1599.977256 1701.20683 1763.583992 1564.453956 1532.648175 1527.732691 966.759863
-9999 -9999 -9999 -9999 -9999 497.299195 495.746461 512.691604 592.597253 812.579859 1569.933276 1567.434523 2005.358566 2986.781656 4177.257369 5250 5250 5250 5250 5250 2651.361726 2613.915741 3627.085988 4083.037381 4229.236905 4226.093075 4029.396273 4202.550895 4039.917294 3937.961262 3846.483604 3550.676165 3512.743682 3411.326612 3229.521946 3034.511356 2622.063062 1921.647013 1435.196824 1368.603228 1468.371411 1473.536479 1816.389605 1592.981335 1805.453518 2031.394819 2195.613669 2162.947679 2156.967374 1975.259465 1933.971069 1871.996966 1867.153276 1829.320085 1668.843545 1602.925038 1601.592669 1463.254359 1395.109042 1331.013176 1297.197243 1333.667617 1394.226708 1463.861741 1661.14561 1558.399877 1428.230996 1367.508287 1068.418799
-9999 -9999 -9999 -9999 -9999 487.30518 493.907263 1201.568356 1501.641017 1371.761795 1468.208008 1502.166213 1674.787197 2983.010536 3741.454749 5250 5250 5250 5250 5250 4683.549315 4875.388512 4524.358463 3977.153241 4227.0901 4058.135035 3888.706949 3693.546509 3755.21864 3659.059193 3378.290483 3161.756045 2852.288198 2723.242954 2435.97156 2057.85172 1653.976142 1542.430489 1427.830715 1364.656041 1532.754776 1537.127081 1097.924241 1306.034386 1568.309558 1863.36077 2174.305199 2189.26018 2076.65116 1965.062042 1767.476481 1634.593222 1482.621396 1465.812688 1542.425733 1537.182565 1497.381119 1394.21804 1294.5138 1207.769041 1166.612586 1139.351977 1204.500217 1269.739094 1392.243222 1494.294195 1328.268684 1239.178705 1045.472912
-9999 -9999 -9999 -9999 308.316875 404.376529 559.51532 1140.144145 1535.890258 1405.747036 1467.853914 1501.335358 1603.243125 2919.058274 3793.967739 5250 5250 5250 5250 5250 5250 4371.180125 4066.223144 3562.858721 4164.899137 3941.921526 3470.295571 3508.71669 3366.284796 3328.678833 3176.954838 2870.192638 2777.842735 2610.015745 2490.046725 2279.730852 1925.727048 1614.971255 1178.331839 1165.496531 1265.857387 1304.093733 964.412312 1134.253963 1208.822491 1410.413831 1802.507803 2072.626862 1937.593814 1763.196467 1639.917716 1480.519011 1404.179587 1339.382337 1372.112923 1400.502139 1366.871371 1300.511743 1174.158831 1076.010301 1028.131324 969.872892 1005.043605 1101.51126 1203.443739 1364.978849 1264.580855 1134.258511 1170.309176
-9999 -9999 -9999 -9999 308.316875 311.657441 388.320159 252.446018 431.459316 649.367442 1129.672534 1402.912555 1565.300051 2891.041328 3939.874482 5250 5250 5250 5250 5250 5250 4962.254995 5250 4377.562322 4120.341706 3710.806116 3324.27275 3196.190257 3196.854414 3262.691724 3038.284238 2543.68628 2322.780762 2367.735177 2283.330914 2272.582542 1965.389584 1768.966051 1598.424433 1595.043791 1595.544694 1596.412226 1599.559284 1564.520986 1200.226486 1343.242441 1558.24076 1590.318232 1695.612108 1673.764838 1565.755264 1438.731529 1244.311126 1190.634101 1144.960805 1227.411205 1261.149595 1172.840407 1097.849476 1046.139034 995.480939 994.550746 1026.014423 1027.524252 1099.185904 1165.951365 1136.178874 1027.998302 1037.140416
-9999 -9999 -9999 -9999 288.707183 432.639363 244.039057 253.691846 250.46029 952.53562 1041.894401 976.657534 1503.630555 2856.187784 4147.24411 5250 5250 5250 5250 5250 5250 5250 4768.59911 4542.485028 4289.805404 3634.851537 3251.150232 3225.776619 3234.315016 3256.847357 3016.600422 2629.587218 2627.431033 2426.436483 2372.405789 2230.474362 1984.612166 1611.593894 1586.68139 1505.863471 1526.911531 1560.620396 1595.755151 1628.87079 1073.609515 1301.319146 1466.183229 1532.642847 1703.934332 1688.863258 1492.724429 1426.572766 1236.565331 1169.068616 1107.297632 1003.541653 1166.706719 1208.185495 1272.941019 1371.304234 1302.572068 1235.131884 1100.565908 1033.853471 974.15759 996.295536 965.900712 860.418595 895.599048
-9999 -9999 30 -9999 267.58137 225.065243 218.953192 1179.202264 1570.741451 1565.758422 1531.906467 1182.357973 1503.62995 2919.058274 4940.718846 5250 5250 5250 5250 5250 4661.761792 4508.926953 4150.66821 3989.256091 3787.921163 3639.35806 3374.171394 3320.037707 3354.937445 3259.107298 3014.116055 2777.644689 2575.488261 2589.254513 2643.473715 2480.827268 2225.75864 1782.315883 1638.846152 1596.506045 1599.838306 1638.262075 1604.327012 1677.923006 1168.375873 1598.401784 1836.180459 1974.923768 1896.599299 1732.047905 1543.000599 1438.188465 1273.233861 1203.960583 1142.530028 1058.694462 1170.029501 1501.0758 1531.161055 1532.768065 1504.175307 1466.684785 1363.535201 1212.079489 1001.489986 817.69165 827.490177 797.787856 793.53134
-9999 -9999 -9999 -9999 261.390716 299.888151 295.670215 392.58498 819.395635 1570.741451 1569.840106 1564.707262 1534.298309 3064.850586 5250 5250 5250 5250 5223.942717 5169.977003 5206.07775 4781.390726 4179.29497 3998.164373 3574.711539 3324.081844 3070.299224 3053.557257 3024.303581 2935.166454 2576.974527 2406.52074 2328.965694 2445.120779 2460.51894 2359.31636 2116.579011 1832.052616 1638.956295 1601.365464 1602.512109 2069.136484 2102.903702 2065.985378 2091.746827 1532.159705 1802.595208 1990.350311 1972.998336 1907.098717 1698.015957 1475.059094 1337.080205 1426.857045 1461.003428 1409.079887 1531.635845 1569.525388 1602.787977 1664.649815 1566.876606 1504.62073 1364.725825 1268.667519 1173.953203 970.667815 780.430338 841.160271 793.916414
-9999 -9999 -9999 -9999 -9999 338.661578 1568.77341 347.7376 385.169966 1570.741451 1570.741451 1570.741451 1809.520893 5250 5250 5250 5250 5250 5250 4477.367708 5250 5250 4374.251782 4334.046011 3834.898235 4198.801087 3823.835514 3863.628659 3711.210473 3724.271457 3533.190606 3428.686078 3159.788847 3317.534921 3352.445202 3460.651413 3126.373786 2635.920128 2632.910501 2322.730755 2372.622322 2374.13261 2198.32025 2100.733775 1268.171469 1703.513475 1923.746038 2134.938169 2170.114429 2028.854015 1823.237915 1861.46844 1770.955751 1627.776954 1465.347801 1474.849046 1862.186261 1994.626379 1797.664696 1694.666499 1539.632265 1502.025945 1367.508542 1302.063579 1243.269417 1170.244644 1011.376178 971.637622 882.965301
-9999 -9999 -9999 -9999 -9999 385.749174 810.159729 350.167854 430.758669 836.410066 1570.741451 1570.741451 2947.07522 5250 5250 5250 5250 5250 4471.452165 4379.216795 4248.851992 4784.67251 4407.88033 4783.642644 4779.990306 4460.84263 4482.945884 4773.430474 4920.60565 4640.911866 4503.582797 3999.79148 3697.647696 3536.470283 3495.887532 3803.733017 3454.891302 3227.864978 2862.268547 2498.87603 1306.28242 1450.020661 1859.251671 2038.535087 1430.490758 1671.118062 2002.568943 2197.909253 2177.31326 2402.511978 2437.903532 2136.579664 1898.83333 2399.102109 2904.682505 2882.636747 2606.467669 2267.258207 2737.830102 2205.538999 1797.058731 1609.528645 1532.189034 1365.910481 1330.538847 1212.326537 1141.932108 1102.496526 977.675042
-9999 -9999 -9999 -9999 -9999 370.716001 720.154144 366.407332 832.053837 854.386346 1570.741451 1565.643602 5250 5250 5250 5250 5250 5250 4472.199677 4089.172839 4266.949062 4459.576084 4263.206356 4048.168668 4058.646473 4072.914685 3822.956066 4111.239282 3921.523466 3510.576058 3134.685734 2902.4655 2540.045937 2742.27444 2734.395744 2332.952217 2283.62848 2042.099904 1708.669401 1596.33474 1560.472545 1665.231365 2002.606511 2132.976276 1511.133131 2106.652492 2192.130354 2514.212434 2573.106147 2659.807072 2838.890297 3009.414728 3562.980724 4201.520707 3699.799479 3165.019866 3894.909526 3458.779102 2938.240194 2593.114312 1992.04193 1794.094477 1628.881725 1530.373338 1434.946536 1399.094157 1303.407093 1170.709605 1099.58807
-9999 -9999 -9999 -9999 -9999 30 436.192646 456.160456 820.069681 1568.77341 1566.80537 5250 5079.095724 5250 5250 5250 5250 5250 5250 4868.568018 4476.347754 4421.731001 4350.648929 4333.641704 4338.808938 4105.643959 4202.89203 4197.72753 3904.107254 3526.854278 3143.334243 2972.386507 2902.696548 3009.832237 2951.629242 3003.141012 2728.029107 2329.242922 1860.715681 1891.308156 1990.714486 1896.355401 2136.852781 2537.587115 1866.764244 2433.716021 3214.259708 3061.290128 3298.329339 4046.592567 5031.566067 5250 5250 5250 5250 5250 4433.341577 3810.661166 3433.285016 2935.841893 2534.547865 2163.096615 1861.381129 1641.513191 1497.733705 1396.130948 1302.724881 1166.192355 1075.908011
-9999 -9999 -9999 -9999 -9999 30 -9999 832.411201 1564.837329 2600.347994 3087.113248 3072.968972 3235.890268 4089.319515 4519.802052 5250 5250 5250 5250 5250 5250 4884.608888 4055.264069 4461.820891 4197.186143 4064.887992 4000.462103 3844.644947 3810.828784 3498.596229 3111.808335 3043.597326 3000.675498 3175.461267 3495.781417 3466.431469 3263.917408 2640.536707 2586.438662 2538.640963 2379.275164 2236.650125 3929.493829 4867.938403 4338.220502 5250 5250 5250 5250 5250 5250 5250 5250 4789.303103 4866.429628 5250 4477.947969 4417.269906 3724.409995 3534.525009 3003.427196 2506.116855 1963.941375 1764.466631 1640.406992 1466.748368 1266.936743 1167.471085 1088.237185
-9999 -9999 -9999 -9999 -9999 -9999 -9999 1564.837329 510.8282 510.8282 425.075786 2262.665337 1874.801876 3350.034223 3837.713915 4151.832966 5250 5250 5250 5250 5250 5250 5250 4473.863224 4174.957956 4573.438996 4478.829266 4240.735547 4242.441427 3732.485826 3338.07672 3416.250369 3461.12658 3606.341973 3609.251937 3841.295425 3860.134245 3432.865784 4366.411756 5250 5250 5250 5250 5250 2712.116068 2295.04821 3676.898549 3966.676144 3875.400224 4468.767402 4784.019606 4470.502101 4821.049447 4471.965478 4346.236297 3998.170149 3964.897449 3575.923014 3521.11959 3522.347777 3037.937574 2595.334244 2225.545839 1828.502204 1600.339353 1466.272847 1300.358698 1170.058489 1105.620386
-9999 -9999 -9999 -9999 -9999 -9999 1135.054979 1192.042248 514.34114 510.8282 302.796274 394.203616 1772.338993 1907.456399 3350.034223 3584.681615 4040.701417 5250 5250 5250 5250 5250 5250 5250 5250 5250 4477.883896 4479.469892 4627.001193 4776.829073 5250 5250 5250 5250 5250 5250 5250 5250 5250 4329.603405 3537.918745 2609.683175 2506.592983 3064.585 2943.197666 1232.02553 1967.16147 2863.656347 3321.244148 3080.814846 3971.551682 4289.675909 4874.192975 4624.745176 4265.709795 4259.365671 4458.383737 4038.889723 3703.946231 3207.333742 2939.942779 2641.385853 2271.477278 1902.205154 1735.572789 1500.616 1306.277459 1236.697973 1149.38737
-9999 -9999 -9999 -9999 -9999 -9999 1212.978628 963.969347 1129.855587 453.554415 246.943695 329.766063 2907.353561 1603.946565 2432.494018 3350.034223 3501.271953 4060.634485 5250 5250 5250 5250 5250 5250 5250 5165.136643 5250 5250 5250 4782.154481 4632.246671 4172.157867 3932.812251 3464.67919 3406.373227 3878.6279 3607.764051 3547.789316 2865.34414 3567.18665 2541.902269 2012.320728 2075.308916 2036.93976 1864.309799 1127.949904 1472.230037 1935.952156 2810.222327 3663.756135 5250 5250 5250 5250 5250 5080.208432 4336.475154 3997.362614 3524.497236 2978.479346 2659.063211 2335.185562 2195.405147 1897.842714 1706.83516 1559.242205 1498.814309 1370.074049 1338.260339
-9999 -9999 -9999 -9999 -9999 -9999 30 1086.109061 934.386165 538.601963 208.851675 279.520141 2830.62989 1565.121397 1666.220778 3350.034223 3298.648633 3389.346479 4511.838612 5250 5250 5250 5166.13373 5182.69301 4980.622835 4683.632394 4915.734341 4652.338871 4420.797609 4441.824593 3904.704056 2933.208342 2862.521373 2863.607964 2973.487382 3047.008139 2572.541028 2302.435921 2306.724556 3137.359568 3077.943879 3049.792204 3476.445357 1930.361664 1769.862502 2305.094931 1980.868633 1479.616019 2944.876088 2983.845426 5250 5250 5250 5250 5250 5072.259684 4273.669283 3964.549203 3471.869591 3045.240293 2669.191321 2416.874487 2199.969099 1902.81596 1760.519191 1603.748509 1590.339986 1559.656383 1602.949602
-9999 -9999 -9999 -9999 -9999 -9999 -9999 1560.826322 828.995782 1102.069062 229.901082 240.294822 3404.221138 1564.926652 1564.849918 2332.051904 3350.034223 2986.297227 3995.756331 5114.467547 5250 5250 5250 4857.747952 4630.12326 4546.394884 4434.508499 3950.042586 3271.472433 3066.833708 2876.265346 2741.343479 2811.297241 2739.11158 2932.484128 2671.460578 2730.300646 2763.418783 2609.496138 3074.594245 2279.762938 3030.761424 2440.672469 2215.044125 2241.790405 3044.208179 3127.630416 3124.539649 2485.757385 3459.245656 4473.32349 5250 5250 5250 5250 4788.024745 4730.24405 3869.734264 3328.690021 2971.536272 2698.064197 2605.410928 2406.970932 2198.507869 1902.482562 1826.825027 1637.020278 1560.10564 1562.382923
