STOTEN_Data/raw/Age_yrs_700ft.asc
ncols         250
nrows         718
xllcorner     -2256000
yllcorner     1557000
cellsize      1000
NODATA_value  -9999
[rows 496 to 526 of 718, columns 138 to 206 of 250]
3020.88643 3280.297254 5250 4084.509259 3756.466488 3639.558838 4512.09833 4032.071023 3338.744713 3054.568834 2962.632844 3016.040132 3173.112962 3008.170479 3065.119353 3324.4204 3751.992746 5072.446171 2170.860437 2030.601059 1922.839259 1656.827397 1560.950437 1421.921955 1295.351315 1096.31669 1000.031521 917.726949 776.430382 701.862986 576.647013 587.662836 552.135622 533.816982 578.057278 591.191419 654.3198 678.041844 600.699831 554.092269 540.220439 507.418767 463.970836 438.077123 400.96326 362.247541 336.402435 303.76678 280.006659 253.41561 226.119161 202.999069 166.567612 146.808124 133.158183 107.481764 77.367598 63.093211 69.99557 33.691924 50.611222 44.73497 3.719271 5.830215 5.72227 7.521316 4.755945 5.585281 5.611753
4419.768921 4223.241307 4019.377837 3933.724408 4483.230664 4138.707009 3446.081258 3367.282386 3008.432612 2792.065635 2546.884255 2787.000535 3101.747398 3089.702364 3148.428919 3087.998942 3224.819843 3016.949395 2692.132541 2566.58955 1850.99296 1628.536746 1464.393391 1333.255462 1168.224992 1087.123278 1063.971527 995.834856 906.692214 847.19695 735.697374 692.429024 633.682842 626.614659 623.069266 662.850467 630.474965 621.350651 595.194136 555.709364 520.906037 487.987777 464.200623 420.389786 376.053506 355.948071 315.778089 296.982208 267.206554 242.790485 216.157335 189.211499 166.133965 149.667775 119.746276 96.754489 76.622599 47.022866 54.476573 29.839947 45.86915 15.603697 44.669137 22.695839 11.79182 6.775155 4.755945 4.908997 30
4012.138291 4577.039554 4490.242535 4285.120613 3847.074795 4134.594348 3607.132214 3174.18359 2684.281095 3006.508002 3128.120223 3262.945092 3525.877448 3060.385267 2921.14832 2800.16937 2918.302095 2990.65533 2309.308979 2005.568347 1690.247327 1561.655011 1465.280166 1387.608229 1321.81277 1161.029421 1096.308222 989.974364 922.13504 852.786514 815.166077 755.884776 675.500127 688.455795 655.351809 616.931616 608.95189 569.97702 569.541926 560.450991 522.89737 587.779885 437.496361 403.870778 366.710365 338.870344 314.076485 300.723588 290.385529 239.373154 200.228989 176.763856 149.649793 131.815668 104.247546 77.189604 62.117333 50.77137 35.737771 34.731419 21.601882 15.651367 15.641772 25.80507 8.648228 4.873637 4.802338 4.802338 -9999
4483.230664 4627.121942 4484.05928 4039.274144 4043.18511 3529.328521 3239.74801 3469.135052 3313.352583 3789.077358 3345.842843 3105.025481 3202.11112 2780.453708 2900.751608 2833.723263 3038.213436 2586.096812 2163.85864 1992.439292 1858.560563 1622.101279 1458.944843 1332.693169 1257.886779 1162.698279 1065.462225 1027.702483 930.593047 887.873772 798.213459 815.830195 730.258489 720.490414 693.483394 618.714196 660.289437 598.070884 594.683752 567.906975 494.441321 466.748139 421.102703 379.202075 346.369904 313.197902 287.613754 261.683121 233.382041 199.992494 172.301915 147.368055 126.900674 97.518164 73.910179 46.427551 35.755806 33.078972 25.732136 20.713652 18.714168 17.827164 17.819582 3.677002 3.815175 -9999 4.812137 -9999 -9999
3267.52914 3241.714371 2958.83342 3109.206134 3794.893372 3495.267769 3547.990942 3365.037552 2774.857613 2838.433106 3292.471117 2712.577377 3169.784922 2861.195757 2701.520303 2621.281196 2934.113234 2558.234926 2258.16692 2060.83124 1833.469436 1603.837415 1448.368823 1360.191379 1263.522341 1152.269236 1326.681234 1321.553646 1258.813373 916.177258 863.417299 761.477262 699.942282 672.742619 633.091561 632.028809 549.292339 542.161696 565.894841 501.541225 467.173014 423.328768 383.016578 353.926628 319.867736 292.972401 270.542475 240.495124 212.685526 182.237996 169.07633 146.196961 120.540307 90.000527 59.932233 37.046761 22.083952 15.68501 27.138117 28.83895 16.828483 17.779906 17.819582 51.580361 4.843891 -9999 -9999 -9999 -9999
2821.392112 2628.214102 4244.09434 3581.120297 3481.238928 3447.268317 3267.546112 3044.607263 3232.937454 2600.110339 2602.693411 2457.75526 2487.657683 2602.006688 2621.868668 2567.277233 2753.171744 2941.008033 2160.766778 2024.817876 1859.88643 1629.84276 1522.812107 1511.50153 1265.438887 1180.881464 1110.661429 1016.667936 942.396757 840.803477 778.494257 721.254336 693.692399 661.50723 612.177395 583.444351 596.072819 558.988214 514.294152 474.512948 434.271294 393.473388 359.664556 323.259247 302.655499 274.179468 252.583655 223.182463 209.293652 182.988043 156.538927 130.402684 100.635224 75.340534 45.396324 30.667157 19.627914 15.666401 17.376466 22.586919 20.695581 22.531647 22.525445 26.619676 6.645087 6.645049 5.719443 -9999 -9999
1517.858726 3400.851616 2687.260932 3292.306288 3363.898041 3304.171564 3191.557794 3055.065814 2814.072169 2468.886291 2427.944583 2367.458898 2424.603629 2457.25117 2501.080547 2664.89786 2621.057179 2623.541464 2370.603639 2099.573037 1830.841915 1673.622892 1509.771038 1321.193968 1206.48859 1130.784251 1101.311916 1010.423354 958.417545 861.478159 797.114488 747.323435 710.092114 690.845888 626.57776 588.976893 594.858762 569.446333 496.667322 467.761641 423.910999 384.159256 340.009689 306.770558 278.701059 252.615759 230.044045 202.562298 179.051745 156.899422 139.291588 117.20849 86.476415 66.478819 41.696215 26.33654 16.022119 18.924504 24.766263 28.868168 28.832719 34.731265 28.834468 30.586788 6.803652 6.782226 5.719443 30 2.001369
2179.159326 2800.87538 3865.34574 3227.433674 2979.198714 2990.348716 2901.810168 3071.374568 2578.204454 2261.559457 2060.863172 2218.346294 2757.872579 2626.123323 3136.068142 2457.900635 2335.345578 2218.260018 2303.10745 2062.171039 1784.463103 1698.86193 1568.802319 1421.499765 1243.2283 1170.510388 1078.229282 1032.750853 962.996958 877.690175 853.97097 773.96186 734.61845 694.3088 687.085702 605.988088 594.044925 527.946216 478.497418 437.24632 403.263687 366.237196 332.631987 296.265483 263.766692 243.112734 220.114742 196.28595 175.917071 156.374674 130.346904 93.657484 66.965783 41.024181 26.690626 21.327199 16.018607 21.720546 34.405538 57.429727 53.987935 40.698963 37.585872 38.509118 30 -9999 -9999 -9999 2.001369
1956.64964 3307.195053 2924.065335 2863.676365 2732.263237 2663.907436 2801.287886 2734.584138 2382.671697 2520.649901 2002.58887 2188.993891 2304.662124 2468.921611 2630.604762 2544.437823 2400.474299 2311.260212 2326.327385 2302.971881 1993.980308 1751.170439 1590.270546 1440.406187 1299.328569 1210.70404 1104.827601 1032.947144 1000.156556 929.928394 859.717395 801.418414 757.150498 704.081522 660.134357 591.583642 565.632451 543.248011 483.4828 434.358275 392.91177 356.084365 329.286138 299.368619 265.891224 239.301575 206.468403 179.285926 159.308319 142.495004 117.283545 86.506973 75.251793 44.778196 29.623453 26.353647 26.973175 40.996688 48.061834 58.945193 53.529669 47.787421 46.463239 46.819022 -9999 -9999 -9999 -9999 3.65843
1298.937902 2808.016023 2721.577854 2662.806968 2665.077789 2564.457345 2596.278832 2509.987702 2201.26852 1978.172249 2088.966033 2275.602768 2356.08006 2355.278033 2412.882252 2498.225212 2431.945144 2331.230281 2306.189063 2303.480503 2068.885826 1878.974298 1562.449283 1456.255903 1361.661941 1261.33745 1166.892143 1123.039504 1040.287247 990.106702 903.526205 822.814794 771.027829 753.369846 694.460119 644.681461 600.392967 527.441693 486.781944 450.590238 420.075052 370.929068 326.206166 290.667738 256.574893 243.975326 215.674137 186.390701 169.12761 146.130438 123.701041 97.28751 79.616497 57.558258 44.704172 38.10357 54.613258 64.090444 79.900996 68.234339 85.763338 106.412137 52.501027 66.280587 76.127635 127.392779 168.224624 4.743134 3.639438
2287.391308 2403.088013 2673.391808 2782.047791 2857.640496 2698.851531 2400.099251 2271.984345 2290.632409 2174.516527 2340.002258 2461.000726 2648.17648 2715.031318 2580.702225 2542.680862 2500.17445 2432.176487 2390.346662 2367.212456 2156.055496 1956.842937 1689.307956 1492.13351 1394.445797 1297.409659 1230.767517 1165.681753 1066.994447 993.462599 898.301713 832.112818 789.222272 726.884036 690.742432 660.308799 601.322655 545.900272 493.067846 467.191713 403.373951 376.024685 345.394717 313.572313 286.032304 260.127004 229.540606 196.024544 182.87508 159.490345 143.040558 120.790795 89.824956 58.710448 45.752615 51.835936 68.825983 159.439931 150.507817 120.273845 112.954098 117.318858 108.303381 98.175691 137.162157 136.199921 154.787977 2.770987 5.726773
1035.77122 2231.974634 2453.87445 2788.756487 2315.295301 2294.645989 2193.256044 2388.467925 2662.307514 2368.938829 2528.987342 2703.409328 2792.001664 2673.117222 2662.455351 2660.181017 2560.124561 2500.180715 2436.092492 2398.331162 2328.063738 2059.888281 1888.16015 1591.369498 1427.009058 1393.041626 1289.38637 1228.059499 1157.463959 1063.918532 966.562672 897.716822 822.322844 786.74829 748.230128 696.983339 635.575557 574.494406 525.430782 466.939121 420.803088 382.756801 357.23037 326.29932 280.205311 263.505799 240.155235 212.299409 195.386215 169.390678 145.235257 132.652948 106.640753 93.121924 57.483883 36.624593 80.298852 240.278256 172.458404 159.572229 155.284116 170.298251 146.873662 167.768411 136.601566 207.478156 297.0705 2.770987 133.7577
537.60306 1217.431825 1805.40233 2244.190459 2845.994266 3065.892262 2148.300398 2783.686694 2886.787995 3062.656224 3482.801903 3551.522742 3673.629749 3209.381295 3187.431238 3004.593806 2875.202883 2872.909092 2855.842782 2935.91473 2912.339023 2355.101875 2162.099268 1871.395532 1640.087258 1425.064327 1362.269367 1292.503098 1199.946159 1107.781748 1059.902563 930.429324 895.198196 794.573478 750.509907 725.406647 641.839195 601.159127 529.49128 463.310869 420.803088 385.40915 363.199031 329.579254 296.207485 273.684499 249.679238 222.597259 199.476054 182.191351 162.833992 143.556731 119.716342 99.120611 84.818198 94.220062 277.563227 213.20197 213.183006 225.843498 206.951178 155.099923 178.043498 198.921178 349.031592 52.501027 156.358416 118.191232 144.613279
642.765883 1930.178572 1824.476477 2354.244159 2675.869054 2930.297376 3219.530649 3351.474272 3217.199014 3056.437395 2883.104216 3211.568232 3274.035197 3142.774472 3353.48516 3313.413888 3216.164047 3149.828418 2991.740838 2927.962758 2971.875148 2998.537778 3288.965075 2810.264696 2111.633425 1856.923207 1637.186436 1462.155088 1326.355555 1231.140471 1136.003466 1063.645774 972.070414 895.448165 786.248638 750.456432 725.400861 615.072052 568.042709 509.860692 426.659235 401.971997 376.314478 342.260824 319.004196 285.133392 262.92424 250.107874 222.670785 182.249777 169.223738 152.290795 142.672602 139.456608 243.347874 318.560007 266.234158 236.732205 352.801326 342.79469 234.174561 246.476864 273.973438 136.434 52.501027 52.501027 136.403236 136.294383 147.424018
1854.985289 1602.439788 1682.405266 1872.537741 1961.190856 2064.311972 2103.906681 1897.323118 2025.189193 2044.570973 2061.118656 2150.347182 2230.619705 2325.171287 2303.822275 2587.714271 2765.787461 2853.31781 2798.402878 2665.352091 2689.582583 2842.266016 2664.03956 2505.456729 2709.114396 3422.465615 2867.59654 2598.206492 1949.964445 1600.012281 1403.327998 1236.049518 1158.33896 1025.859404 893.752611 791.863562 750.360139 725.303406 644.798725 539.888774 458.454605 426.970177 385.366396 356.253309 333.932426 309.442814 276.016522 262.443117 239.179644 220.488574 218.651647 226.47117 369.93804 387.137657 293.248767 263.287377 323.708271 443.331881 376.979166 410.85705 356.339585 260.771385 212.067258 178.23644 225.105802 157.424851 247.598754 258.317989 156.249144
990.861497 1388.621285 1368.074774 1528.507095 1599.928135 1295.571706 1562.762965 1370.39951 1561.876744 1505.032435 1469.404933 1536.17706 1342.036044 1733.507945 1736.054611 1991.84067 2061.5615 1933.287849 1891.854897 1961.513493 2123.109859 2633.082365 2556.030679 2370.458849 2221.143602 2065.399603 1806.164787 1890.683511 1891.072416 2021.830933 2626.666103 2681.209957 1758.701169 1504.391911 1347.619799 1083.655985 930.326302 786.220841 733.108017 637.795969 576.29295 459.792851 441.09759 398.543153 376.424766 343.118675 312.330548 312.888021 399.661951 531.197043 542.234703 488.473304 381.013707 350.447604 434.819858 616.794588 565.031763 285.419096 299.116985 440.087223 340.118546 227.002808 225.856112 225.295774 225.023956 167.069951 135.852156 135.852156 147.218978
908.603135 869.234698 981.183668 1168.096428 977.454559 1014.155673 938.734419 1112.147255 1133.308842 1075.115295 1113.129009 1032.210819 1093.9409 1264.632848 1562.476528 1594.625258 1669.172106 1725.646583 1756.062148 1630.55961 1605.237073 2023.408981 2098.517843 2156.413969 1981.851568 1773.512206 1655.367697 1630.461174 1594.529492 1560.767696 1525.280878 1586.096781 1590.805918 1700.944851 2449.884148 2136.871146 1852.272214 1477.01675 1359.932638 1571.859786 1046.383763 1273.848217 930.978016 789.032069 867.709337 620.526255 596.461074 588.466652 466.276142 476.121399 663.670371 682.560459 430.69162 346.222416 323.075756 319.386517 302.91664 251.964638 356.670937 387.660984 329.795565 268.997879 262.624794 268.813435 206.625599 156.249144 155.865845 135.852156 135.852156
966.419029 922.807944 913.486152 733.965824 479.252044 984.704296 920.175336 970.088045 901.245026 896.680279 893.037261 788.146806 1007.388448 1169.513911 1298.106089 1497.076206 1435.851311 1435.839602 1435.920188 1399.997956 1442.34824 1434.204485 1528.224086 1471.99587 1626.973588 1664.318262 1758.161355 1573.842017 1529.720028 1491.917124 1431.496412 1460.373037 1354.801346 1321.249397 1410.324761 1385.061555 1426.773557 1418.898097 1338.460415 1897.452936 1732.414365 1767.755899 1650.754152 1535.096166 1448.85439 1306.43832 1130.898624 905.424547 750.999072 537.860261 452.536484 436.376915 399.637539 359.622785 342.403667 312.695781 275.310606 271.905449 226.433345 387.534859 331.770688 253.073173 249.881587 246.331872 206.625599 185.023956 156.249144 156.249144 187.422216
897.375712 864.14329 780.392815 703.091253 461.899455 866.127969 859.528775 940.085438 900.170133 888.966543 849.47211 873.921981 912.612894 906.579514 1003.74199 1238.823178 1238.778475 1205.502923 1205.395908 1169.637791 1183.219968 1169.459242 1172.021935 1071.976122 1038.649327 1074.888552 1038.649487 1203.235325 1363.997615 1261.239687 1331.384124 1269.552276 1300.437169 1174.651564 1288.037322 1101.12019 1051.99338 1120.833994 1067.232509 1118.131104 1018.950978 1032.775424 1071.378206 919.940651 819.515256 719.683271 613.98316 552.90296 462.273875 422.65489 384.565774 341.525055 307.513275 259.326208 208.277022 158.571847 120.49123 52.133922 51.558276 399.473458 394.365852 240.547604 246.662258 273.885962 167.049966 186.639288 237.394519 186.662554 207.990793
883.031112 849.085158 843.660433 759.290772 644.610325 968.074689 1108.34656 963.185734 890.381698 782.542597 592.932725 622.2518 771.631352 865.278685 905.738325 898.571237 888.633677 1035.834833 1007.062851 1005.378187 1007.716216 1038.829606 973.827192 972.037199 972.028291 782.614653 835.917567 869.247188 749.339963 783.359442 1005.339708 1007.539664 976.619209 949.238914 1071.05162 972.505883 1005.474814 972.400826 848.159789 812.029738 879.524603 885.335517 784.167068 721.916459 683.28312 572.679699 446.379197 413.041296 379.241061 352.243216 328.940852 286.590126 253.324221 212.789771 182.250462 159.226617 149.143036 74.598565 109.376959 314.093988 320.759241 277.577972 226.279759 263.57113 307.324368 345.776097 226.979252 206.911377 185.023956
879.242428 836.742586 864.061819 926.936942 793.564773 909.955504 1030.503217 969.518725 790.923636 715.235662 640.491302 609.42839 602.79698 831.950202 800.342805 791.4101 812.592833 805.65222 893.33119 902.616292 778.021652 855.493611 855.493604 869.266016 689.847185 713.113256 606.814274 563.638502 579.870543 563.287254 626.212761 572.503228 700.826935 767.897375 770.347533 841.397878 882.097111 800.018078 800.079892 891.301825 778.33269 736.83627 687.832494 635.466446 634.439078 541.047176 434.87707 389.498652 360.759497 323.223164 285.877891 239.714089 189.590307 155.978941 84.405851 62.698985 69.694535 85.431779 151.071008 190.778792 249.338491 305.738122 285.667457 306.412548 370.794677 497.873065 186.639288 186.639288 -9999
795.959101 790.522543 828.626435 807.106349 712.447628 728.350503 826.436589 796.07075 772.862742 739.020172 609.807491 579.98134 579.969615 762.420519 752.952134 715.432467 699.64951 724.677243 822.177564 724.804402 610.17583 689.450055 705.373782 708.508737 653.63586 580.951416 463.591198 447.314578 452.901996 456.298393 449.837286 440.305428 430.157426 533.738149 507.734285 560.242152 749.261402 741.9569 767.536307 759.245701 680.206491 670.197898 664.132467 538.897374 429.453818 401.78029 364.445359 357.257659 345.785082 315.494157 284.848162 248.728436 190.986567 152.077815 92.957235 44.335662 41.104328 169.45586 241.41425 289.296788 292.304729 411.283538 316.024133 330.15943 395.492908 301.48611 225.023956 407.424193 -9999
418.974417 416.741995 609.470943 608.736543 637.47966 662.586103 673.143311 795.787273 772.749298 775.294161 563.013632 522.807086 553.577954 596.107096 676.531635 656.594369 662.885176 576.285325 613.462411 586.517788 581.400867 538.431347 543.603123 554.275732 555.14599 467.205113 435.263518 401.601061 387.644148 415.436828 413.185605 399.875683 407.151799 404.304495 399.985296 452.799722 529.727622 544.305746 652.471996 735.33803 700.840463 579.613324 433.655727 417.0179 430.468075 396.098789 335.909117 295.862616 276.177914 236.162482 213.44036 186.100384 174.838489 144.977462 92.765944 41.104328 41.104328 225.912752 296.042942 349.701558 380.12694 652.962073 492.118596 336.055636 370.30024 248.306648 336.418119 30 -9999
388.269601 387.77088 760.877606 380.696743 562.905944 633.429618 662.469164 786.27833 840.365047 705.780375 576.563834 445.964672 539.56728 523.002883 656.532792 656.49843 541.115287 581.550077 572.814791 566.919101 543.531939 529.0993 444.973173 419.109307 431.930448 425.536132 383.77931 379.716122 353.587569 355.719314 369.77348 359.704088 350.084339 377.645448 384.314329 400.060727 427.279818 410.107093 555.669649 621.152822 631.574426 455.161627 423.499515 376.672664 323.950501 322.10942 329.685572 303.3367 259.721822 205.302329 172.536953 139.192377 96.407623 78.89571 58.829598 40.922286 114.636565 315.877542 386.293825 450.405735 607.946802 762.55375 712.40327 527.064331 550.575367 919.987112 175.531249 30 -9999
344.057553 348.963143 378.11185 388.390244 622.909708 734.690702 695.807572 815.688633 782.217472 725.10588 656.47008 509.927957 407.62069 576.533609 623.220293 699.835923 606.548121 586.122298 566.968561 529.50137 512.575422 510.55801 426.944409 379.581926 373.637987 340.156644 346.82554 336.675922 312.658744 302.295109 319.694323 320.202546 330.043822 340.369579 346.812637 356.256524 393.071876 413.355455 433.636104 542.139053 530.805415 414.172576 382.99273 357.782603 326.459185 279.553107 242.789518 228.837594 232.76128 196.129232 149.733117 94.644816 36.958608 35.618937 40.922286 40.922286 205.038701 379.459889 429.641733 944.419238 1078.351724 1026.025673 957.175782 928.573318 766.885929 769.858541 166.721576 267.38519 30
359.129284 450.273225 290.464288 374.792884 527.770349 581.361831 681.156857 662.483078 732.412194 737.357376 626.070503 453.196519 383.043716 429.806928 479.890079 433.409016 593.267156 576.615012 536.390095 629.579495 523.576142 432.867412 389.99114 343.11193 326.27754 302.952439 296.960235 275.821109 276.087526 267.693775 261.923268 283.752922 283.681096 290.592475 322.020947 323.687085 343.437175 373.753855 401.317742 395.56812 390.177162 377.144314 340.100012 320.587207 302.990634 278.191935 219.531471 163.160563 143.129198 136.638028 140.271913 110.503875 44.360933 35.618937 42.235417 88.533005 292.841537 333.019695 1001.798514 1459.324063 1370.470382 1393.194837 1264.02739 961.815008 1161.129042 1328.06308 276.019903 276.658494 225.128923
451.24669 576.270795 325.139277 347.655326 279.302257 403.877767 682.83503 613.512961 598.208151 560.215853 660.749749 569.724952 402.372931 489.677297 455.374838 496.624743 569.648446 523.104516 513.329533 539.701897 439.71447 387.199046 347.294787 325.722113 283.550551 264.030512 249.934202 235.441643 239.991028 221.95919 221.957569 228.257663 250.334242 253.82335 256.833842 293.885635 306.774525 343.326509 363.53227 375.719819 350.74359 312.541192 302.774151 289.825057 267.989092 243.81496 201.143229 159.199198 113.640368 44.035523 36.983665 42.740655 42.740655 45.641205 45.641205 165.409271 335.482728 403.905392 1328.635926 1650.981704 1821.363017 1564.741425 1231.325104 1117.736279 1067.186045 643.40632 619.479279 275.23665 185.103273
237.605501 281.052601 326.889887 386.525598 366.363666 393.158999 493.686263 519.884708 509.35185 527.663974 541.293995 409.351544 375.581258 410.583562 397.352436 442.550382 503.973883 496.32251 537.9385 440.013507 407.101669 346.732827 319.48584 296.563223 253.211747 230.34452 192.802501 189.269707 195.891943 191.129364 178.688263 172.600481 206.941141 216.735184 223.136812 246.987416 253.75644 276.01045 333.519162 347.369423 340.464476 293.803488 283.216829 246.184133 219.419965 189.83782 165.283642 144.15055 105.007831 46.029267 35.686084 41.686617 42.740655 70.966347 108.597563 259.175203 335.160798 784.759536 1524.984491 2006.403549 2031.777684 1861.194214 1294.146522 1171.899267 890.924092 559.591381 535.969611 275.06516 196.249144
258.53199 277.772456 420.571244 461.732627 448.537244 472.425934 474.546554 450.248371 406.801251 405.106032 406.424977 374.528211 343.107568 340.578244 377.653046 389.210785 492.350635 504.550473 495.187765 416.872933 364.21891 289.888326 262.401598 233.153661 209.933623 186.337151 153.201144 146.94811 127.970759 142.427836 143.326519 136.438887 128.603177 173.45718 174.943951 196.628589 219.203979 239.748467 277.196328 303.570983 323.311771 286.69494 249.729581 219.180097 185.805878 166.324303 124.049997 81.954289 43.841205 30.778006 100.593194 124.742714 166.020033 182.91524 209.491052 344.812918 384.805912 1380.807105 1789.094431 2584.545205 2195.477774 2136.194797 1329.122434 861.897232 433.160326 535.182061 500.052303 328.926948 311.410683
264.739853 269.715554 375.79654 333.726731 392.399959 429.512587 438.668005 425.451404 393.169683 383.149336 366.560676 343.844173 330.142027 350.583904 376.541962 409.356782 486.365291 501.399093 446.918831 380.656714 308.83747 266.68374 236.888408 203.400088 166.379995 143.808847 120.25328 107.414588 97.283291 92.986212 103.074768 95.833907 95.833904 109.006712 130.546399 150.414171 163.459025 192.710048 210.15101 250.705712 270.625028 267.37851 240.045104 188.649048 156.236656 139.32777 87.710452 41.032196 38.347028 30.778006 30.778006 162.932561 256.747461 276.713394 322.271442 456.410049 729.810546 1642.091473 2355.833514 2658.896296 2151.966943 1627.162571 1485.451362 1194.857498 446.539571 357.207153 306.618536 302.932917 254.769942
308.218953 335.666994 318.095235 250.340601 264.003625 407.063052 437.577675 403.475541 379.77778 343.582022 333.623547 326.63652 363.471964 356.702373 353.178941 399.54535 472.217031 489.060294 419.232078 348.312616 274.9158 243.111943 203.281459 168.634322 153.371917 120.142228 93.730504 80.540333 61.883279 59.423973 55.591922 72.160621 73.870199 75.576622 107.171504 100.60572 104.018517 139.86895 160.55051 196.471896 229.973797 250.377047 226.916056 185.588465 146.413488 130.174388 83.906351 40.513836 36.302826 78.623103 137.380592 260.003051 349.941001 386.971411 419.972235 755.065234 1412.852845 2009.276706 3025.330556 2764.895641 2367.237235 1770.059936 770.329829 521.790086 482.492295 456.32922 423.786755 346.999864 272.176771
