STOTEN_Data/raw/Age_yrs_250ft.asc
ncols         250
nrows         718
xllcorner     -2256000
yllcorner     1557000
cellsize      1000
NODATA_value  -9999
[rows 248 to 278 of 718, columns 69 to 137 of 250]
471.898172 487.563068 525.010267 44.070668 24.709605 19.382689 71.008315 220.14544 511.013833 3160.742614 2607.830445 1419.009805 1078.539066 5250 5250 2416.815214 120.68503 97.416304 147.740366 133.689835 106.637982 106.046901 96.923346 80.538208 100.76501 87.803799 87.803409 52.459959 52.459959 86.795853 81.534792 81.534792 49.418207 49.418207 80.199559 76.647825 76.367279 54.70758 44.985471 33.624914 6.587269 6.587269 -9999 -9999 -9999 -9999 -9999 -9999 -9999 -9999 -9999 -9999 -9999 -9999 -9999 -9999 -9999 -9999 -9999 -9999 -9999 -9999 -9999 -9999 -9999 -9999 -9999 -9999 -9999
525.010267 525.010267 525.010267 525.010267 31.691563 44.824177 300.66271 456.878197 3558.504608 2988.06245 1788.444008 369.615226 4245.71473 4641.081023 4705.226308 1438.055047 133.869422 144.546841 109.592948 90.628966 95.046623 93.987497 87.414619 87.692341 100.76501 95.363766 95.911056 87.030659 87.030659 81.105946 80.875311 81.08993 76.480649 76.480649 76.681222 76.50952 76.367279 51.697636 72.775292 42.733744 7.790554 4.62423 -9999 -9999 -9999 -9999 -9999 -9999 30 -9999 -9999 -9999 -9999 -9999 -9999 -9999 -9999 -9999 -9999 -9999 -9999 -9999 -9999 -9999 -9999 -9999 -9999 -9999 -9999
409.172442 525.010267 538.960019 265.209466 35.808977 45.910913 463.82634 500.083998 2768.383242 2984.404888 3411.19241 111.384716 4672.765102 5250 4916.374439 2378.108411 1142.710741 107.679277 72.778846 61.982766 77.273157 101.217444 97.945161 96.627341 87.961112 96.663511 97.186494 87.124461 87.116435 76.950834 76.950834 76.734148 76.676327 76.523545 73.730374 73.018135 76.726019 55.436289 55.180926 45.13714 26.651608 32.094912 32.094912 30 -9999 -9999 -9999 -9999 -9999 -9999 -9999 -9999 -9999 -9999 -9999 -9999 -9999 -9999 -9999 -9999 -9999 -9999 -9999 -9999 -9999 -9999 -9999 -9999 -9999
204.333377 451.502939 551.830552 32.164236 25.956996 38.07164 224.805347 493.445077 2151.357071 3063.690225 3877.528099 5250 3391.084729 1724.467676 2059.251483 1186.736539 71.361422 74.494836 72.812413 73.195703 86.085235 97.508102 97.969817 103.318469 97.399015 101.467826 87.52598 87.54182 87.393945 63.172385 33.377993 48.056008 48.056008 76.616528 73.470223 46.784992 76.130563 72.388537 40.13069 30.969894 29.012781 32.094912 32.094912 30 30 30 30 30 -9999 -9999 -9999 -9999 -9999 -9999 -9999 -9999 -9999 -9999 -9999 -9999 -9999 -9999 -9999 -9999 -9999 -9999 -9999 -9999 -9999
194.118918 207.655705 286.47707 26.659976 26.034292 36.199997 50.950359 156.264407 2215.22865 2516.804672 214.222924 1341.282846 932.129795 938.018561 420.734051 50.757435 45.7289 74.084118 74.864317 87.4467 87.822271 96.087322 96.475866 88.186035 100.273914 106.364077 87.161363 84.065405 86.750817 39.289386 16.73405 31.411207 48.056008 14.600507 10.710539 19.460618 73.583218 48.740549 31.733534 25.004601 26.651608 55.182348 87.743126 30 30 30 30 -9999 -9999 -9999 -9999 -9999 -9999 -9999 -9999 -9999 -9999 -9999 -9999 -9999 -9999 -9999 -9999 -9999 -9999 -9999 -9999 -9999 -9999
170.806256 197.663825 237.485642 31.095917 33.040547 40.409978 86.224512 159.895986 217.153405 166.499939 173.496692 173.496692 216.267788 156.906216 47.135372 157.721263 42.620033 40.845403 49.727406 107.203382 97.296191 87.641298 84.072572 88.520823 87.917381 87.385488 87.042775 83.546455 86.750817 38.695917 11.907898 14.378438 13.306564 10.710539 10.710539 19.460618 10.776618 10.072313 9.347671 12.50364 40.632103 45.996806 45.996806 30 30 -9999 -9999 -9999 -9999 -9999 -9999 -9999 -9999 -9999 -9999 -9999 -9999 -9999 -9999 -9999 -9999 -9999 -9999 -9999 -9999 -9999 -9999 -9999 -9999
156.963197 194.369514 43.84982 43.751768 41.3674 43.098156 176.27907 300.766105 253.25211 171.050771 137.554155 234.090182 196.295101 143.251346 114.050563 46.614716 40.873934 42.384958 39.112463 38.73522 80.680769 75.687232 69.116003 87.044623 87.917381 72.232958 41.686957 45.634846 33.006438 19.609099 13.360886 14.379193 14.377988 17.795878 14.638923 11.754546 10.82367 10.686954 80.106326 90.777296 44.038786 22.502396 22.502396 9.749487 -9999 -9999 -9999 -9999 -9999 -9999 -9999 -9999 -9999 -9999 -9999 -9999 -9999 -9999 -9999 -9999 -9999 -9999 -9999 -9999 -9999 -9999 -9999 -9999 -9999
147.974569 525.010267 41.850653 40.807666 44.102315 47.434682 174.127872 290.958819 272.861352 1384.834879 164.017091 160.391613 134.163293 127.046477 104.43804 49.0717 41.063642 33.701687 33.380204 33.623388 72.700778 45.103208 37.70841 33.734017 88.055715 44.094205 40.96521 45.634846 45.634846 20.979666 20.048277 28.705541 26.334185 19.289183 15.312294 14.592581 15.732753 111.107522 80.632235 45.786436 49.374857 22.293449 4.62423 -9999 -9999 -9999 -9999 -9999 -9999 -9999 -9999 -9999 -9999 -9999 -9999 -9999 -9999 -9999 -9999 -9999 -9999 -9999 -9999 -9999 -9999 -9999 -9999 -9999 -9999
131.683604 40.734014 39.488935 38.484491 43.760774 163.09834 156.376405 173.837111 1600.150331 203.29472 190.414235 166.804676 132.980462 116.928018 96.175924 59.105257 41.104924 29.314725 27.40916 27.786406 36.370848 33.380598 28.387996 26.738502 64.324744 29.688184 32.053151 32.68103 28.416473 29.473696 39.272234 32.323979 28.785013 28.079405 30.70505 108.136292 98.074355 94.147018 77.582782 33.366873 52.501027 38.711428 10.210401 30 -9999 -9999 -9999 -9999 -9999 -9999 -9999 -9999 -9999 -9999 -9999 -9999 -9999 -9999 -9999 -9999 -9999 -9999 -9999 -9999 -9999 -9999 -9999 -9999 -9999
289.561539 35.133887 31.547501 41.425614 42.433284 163.246502 167.302405 177.352239 264.460517 197.013159 193.258131 142.596242 125.776589 115.400538 96.107205 72.76723 33.704609 25.363934 22.945424 27.722282 26.352404 24.410247 22.777831 25.418897 22.073296 25.588836 39.578033 43.687821 55.409239 47.331448 40.411124 40.069454 39.666754 100.785631 136.68527 127.330723 114.642254 80.867143 69.475788 396.659822 413.333333 142.69345 122.678122 30 -9999 -9999 -9999 -9999 -9999 -9999 -9999 -9999 -9999 -9999 -9999 -9999 -9999 -9999 -9999 -9999 -9999 -9999 -9999 -9999 -9999 -9999 -9999 -9999 -9999
30.451859 30.74723 31.002355 47.446275 50.079246 163.68891 161.103818 182.720716 271.238757 183.150004 156.669114 146.07521 130.2611 103.411734 93.527858 75.116396 37.639592 28.004501 32.673895 32.011144 25.99776 21.007765 24.052334 24.361814 27.784677 44.340907 73.370904 69.584259 61.124442 58.079493 62.659604 68.750681 108.172711 136.467971 127.187094 120.910881 107.789273 90.107614 44.794601 56.182947 31.705681 8.66256 4.5859 30 -9999 -9999 -9999 -9999 -9999 -9999 -9999 -9999 -9999 -9999 -9999 -9999 -9999 -9999 -9999 -9999 -9999 -9999 -9999 -9999 -9999 -9999 -9999 -9999 -9999
31.689984 33.696555 36.658546 138.416273 193.045249 179.866398 170.604395 196.419323 273.274789 189.899509 151.379347 120.512483 108.632419 105.862411 97.803077 97.510453 46.417156 47.420571 43.385247 33.721552 28.003881 33.00477 40.74042 40.05906 68.041928 75.845326 75.296051 75.018135 75.018775 97.994277 117.459989 121.013524 93.772091 140.779471 139.793909 136.416812 123.543659 107.711207 73.048823 61.760877 43.999087 15.586585 4.5859 30 -9999 -9999 -9999 -9999 -9999 -9999 -9999 -9999 -9999 -9999 -9999 -9999 -9999 -9999 -9999 -9999 -9999 -9999 -9999 -9999 -9999 -9999 -9999 -9999 -9999
38.42026 40.228419 41.799263 137.313889 173.786267 167.719549 317.137703 294.146668 1630.617427 1139.569234 134.252324 123.543077 116.589286 96.618882 97.149691 97.616186 93.281415 80.308461 48.688364 46.009442 47.067026 59.917619 62.850889 71.682965 84.096547 93.016657 85.721908 92.689629 101.660526 107.678227 137.597866 117.487731 98.08461 120.831166 140.151507 146.55163 133.68551 117.708606 78.033632 109.680871 47.818389 30 30 30 -9999 -9999 -9999 -9999 -9999 -9999 -9999 -9999 -9999 -9999 -9999 -9999 -9999 -9999 -9999 -9999 -9999 -9999 -9999 -9999 -9999 -9999 -9999 -9999 -9999
47.486902 149.309018 183.025062 193.644292 176.620403 222.794656 3050.09762 3378.944263 1358.521561 177.804458 147.653 133.901816 107.982507 96.43301 100.848945 103.103172 98.178881 97.711615 93.66726 84.726545 96.073044 93.659212 90.564704 86.901608 87.611595 97.41355 101.571277 121.227938 121.122468 139.692183 137.343827 127.255033 133.689384 133.919242 137.248355 133.52919 119.085442 107.688423 108.251915 85.263612 30.502396 30 30 -9999 -9999 -9999 -9999 -9999 -9999 -9999 -9999 -9999 -9999 -9999 -9999 -9999 -9999 -9999 -9999 -9999 -9999 -9999 -9999 -9999 -9999 -9999 -9999 -9999 -9999
491.751183 224.507126 173.476561 157.275757 223.951674 273.093594 3881.318518 4661.585371 1210.612617 177.162477 156.846922 139.686035 119.699042 108.844714 106.221378 104.66421 103.200974 97.721517 96.719459 98.061734 97.881151 97.119409 94.315975 108.192531 107.689144 120.73469 130.315965 147.980493 128.054808 123.669076 126.765466 127.141325 133.336162 131.011978 133.587934 126.532978 117.625647 96.745334 115.452807 33.585216 13.721729 4.5859 4.5859 -9999 -9999 -9999 -9999 -9999 -9999 -9999 -9999 -9999 -9999 -9999 -9999 -9999 -9999 -9999 -9999 -9999 -9999 -9999 -9999 -9999 -9999 -9999 -9999 -9999 -9999
1080.958319 180.659236 160.446979 155.923615 166.71772 225.702235 2249.638167 4939.383537 1258.59056 166.596865 153.594071 143.444057 117.180211 109.366456 81.487647 91.670826 96.645767 96.90856 100.754083 98.121847 103.765972 120.906107 114.468677 117.371702 120.611051 121.073684 146.625496 145.900912 128.105567 121.181001 117.185209 123.656123 126.877309 128.340465 133.409486 118.656155 107.763892 90.85291 120.351441 39.894904 18.544832 4.5859 30 -9999 -9999 -9999 -9999 -9999 -9999 -9999 -9999 -9999 -9999 -9999 -9999 -9999 -9999 -9999 -9999 -9999 -9999 -9999 -9999 -9999 -9999 -9999 -9999 -9999 -9999
1081.32752 156.89598 160.088861 166.623137 165.988446 206.133636 4237.173645 1452.188267 1166.391524 153.227687 150.46221 110.358036 93.92951 99.588376 83.235706 97.376423 87.280176 90.548928 100.535565 107.342702 120.744015 118.768766 124.485306 132.960374 146.472114 146.736544 146.605853 123.78271 118.432253 117.497767 116.971286 121.283427 123.638453 127.229753 126.716342 120.874138 107.883747 88.203008 80.516309 127.141049 92.542306 85.636467 30 -9999 -9999 -9999 -9999 -9999 -9999 -9999 -9999 -9999 -9999 -9999 -9999 -9999 -9999 -9999 -9999 -9999 -9999 -9999 -9999 -9999 -9999 -9999 -9999 -9999 -9999
186.215701 174.296051 170.714468 173.060357 164.34457 2323.364703 276.103333 1006.242862 163.456115 150.576117 133.089218 97.412206 108.012084 108.013783 107.383055 86.65817 73.746246 90.056597 103.968269 114.420002 120.180951 123.828247 136.620603 149.805115 97.456976 126.635102 126.64638 123.78271 118.432253 117.081391 116.840657 118.223779 121.216052 127.235462 126.733652 117.939138 108.094453 91.029992 120.341914 50.706366 142.361099 50.915811 -9999 -9999 -9999 -9999 -9999 -9999 -9999 -9999 -9999 -9999 -9999 -9999 -9999 -9999 -9999 -9999 -9999 -9999 -9999 -9999 -9999 -9999 -9999 -9999 -9999 -9999 -9999
222.652507 199.630536 205.887992 146.532902 167.954378 1474.353315 281.198366 1903.421809 167.428042 153.657576 140.757586 140.136386 130.15663 120.505976 107.482273 80.858161 79.918405 83.178922 101.453411 116.749163 120.636166 127.938823 140.153314 147.159375 84.538704 126.635102 124.006934 121.302325 117.749785 117.045225 116.840657 120.705444 120.769032 123.645612 123.812093 118.548255 108.777594 87.321879 52.501027 52.501027 73.165359 107.272615 -9999 -9999 -9999 -9999 -9999 -9999 -9999 -9999 -9999 -9999 -9999 -9999 -9999 -9999 -9999 -9999 -9999 -9999 -9999 -9999 -9999 -9999 -9999 -9999 -9999 -9999 -9999
276.038459 204.767819 194.226944 137.198499 190.315627 1450.208205 3205.96112 240.480654 175.9539 160.852367 161.1182 160.067036 146.422911 126.978094 103.041081 87.667513 80.034833 96.889262 107.671743 115.367893 117.218648 123.476612 127.691654 124.028223 120.864127 120.717452 124.024716 121.302325 120.703553 117.335988 120.636278 120.796394 120.768457 120.894062 133.708179 128.589981 116.913743 77.427897 146.66101 52.501027 50.915811 103.613064 87.232754 99.233314 30 30 -9999 -9999 -9999 -9999 -9999 -9999 -9999 -9999 -9999 -9999 -9999 -9999 -9999 -9999 -9999 -9999 -9999 -9999 -9999 -9999 -9999 -9999 -9999
293.622399 178.478588 167.491235 167.029513 2765.799358 3365.843593 2384.589735 200.095554 1034.922062 186.014616 191.090584 171.021887 152.940065 117.098195 98.254216 93.659803 96.895315 98.257587 107.921624 107.908751 107.401421 101.790534 107.887082 103.036216 97.084182 97.084182 127.136533 121.230894 120.734106 117.335988 117.423725 117.743628 120.777765 121.146255 134.461436 133.472334 118.517852 139.762846 155.562403 370.196454 330.431221 147.64532 144.566885 138.23721 30 -9999 -9999 -9999 -9999 -9999 -9999 -9999 -9999 -9999 -9999 -9999 -9999 -9999 -9999 -9999 -9999 -9999 -9999 -9999 -9999 -9999 -9999 -9999 -9999
278.35301 184.048658 190.639074 183.173289 2989.663134 268.053261 274.199354 721.408523 1471.905553 223.464809 186.896079 143.662534 111.174373 107.960125 107.05497 98.097457 96.846405 96.865846 101.424523 97.483646 90.173287 52.459959 52.459959 97.304416 97.661243 97.084182 127.136533 126.359984 86.891111 111.212699 117.333625 117.743628 117.715778 140.137903 124.115106 121.189009 120.816439 98.085265 166.750288 205.011295 146.35809 182.416796 129.962707 24.543463 4.5859 -9999 -9999 -9999 -9999 -9999 -9999 -9999 -9999 -9999 -9999 -9999 -9999 -9999 -9999 -9999 -9999 -9999 -9999 -9999 -9999 -9999 -9999 -9999 -9999
217.371264 197.284668 1043.615059 1053.564346 291.434812 218.386224 177.434845 244.386015 254.613495 206.974642 127.435462 123.677497 107.883937 107.302782 107.803777 101.154018 96.242104 91.220056 96.321365 97.791267 83.866006 52.459959 107.334362 97.500204 107.25177 126.888293 127.42239 130.32044 86.891111 110.979365 118.472256 120.649352 121.178134 140.137903 131.044015 123.785533 160.511324 154.420536 121.237757 87.609894 107.90655 139.580196 29.791923 4.5859 4.5859 -9999 -9999 -9999 -9999 -9999 -9999 -9999 -9999 -9999 -9999 -9999 -9999 -9999 -9999 -9999 -9999 -9999 -9999 -9999 -9999 -9999 -9999 -9999 -9999
183.438722 183.436772 1922.937229 187.134319 176.529591 150.482053 170.073417 259.27446 184.611778 111.041818 97.546178 105.468766 107.671399 113.711047 111.074541 104.252355 100.592064 97.485526 95.9914 96.232572 120.848362 104.753782 97.102178 98.713538 98.713538 108.438376 107.219538 139.781629 128.136375 127.090662 118.472256 118.319736 91.178877 74.458545 96.802836 117.593954 144.649472 133.615146 133.719594 108.630092 148.364802 97.230208 39.874059 11.748118 -9999 -9999 -9999 -9999 -9999 -9999 -9999 -9999 -9999 -9999 -9999 -9999 -9999 -9999 -9999 -9999 -9999 -9999 -9999 -9999 -9999 -9999 -9999 -9999 -9999
173.904976 167.240893 206.890472 166.771053 136.824517 140.267915 170.839771 228.401067 120.536468 103.206542 84.227584 96.627825 90.223056 104.384593 108.053555 103.356411 110.066504 104.698818 98.29201 96.470709 120.848362 117.118354 97.57327 105.33622 102.966014 102.899744 102.899744 126.387734 110.584387 123.522013 133.740832 133.794755 104.575658 77.13996 88.09346 127.061413 127.406381 133.447353 134.161836 121.088215 110.739737 142.699211 5250 5250 30 30 -9999 -9999 -9999 -9999 -9999 -9999 -9999 -9999 -9999 -9999 -9999 -9999 -9999 -9999 -9999 -9999 -9999 -9999 -9999 -9999 -9999 -9999 -9999
157.447837 150.731378 193.122486 123.368861 170.427377 154.196359 161.938215 170.961573 127.270783 107.778984 94.325385 83.903695 83.844749 98.145833 98.527996 107.826316 117.814578 110.373502 103.035946 127.368011 126.797651 107.749482 105.525258 105.322336 96.180822 95.693333 95.943823 117.283106 133.023 126.673143 136.112329 120.800087 146.441479 154.224274 123.459624 126.821844 120.845053 126.572095 123.527673 127.249905 130.255608 280.889125 52.984351 210.004107 294.044246 244.494196 216.612984 209.987757 195.511241 -9999 -9999 -9999 -9999 -9999 -9999 -9999 -9999 -9999 -9999 -9999 -9999 -9999 -9999 -9999 -9999 -9999 -9999 -9999 -9999
136.843381 154.176417 137.799088 123.6542 179.931103 143.06523 150.369021 174.245707 140.64934 108.002619 111.439273 121.320444 118.030615 107.863483 104.054537 114.164764 98.057648 79.315572 48.045872 127.368011 127.407246 108.221994 108.040939 103.146268 96.471921 100.359369 107.67375 133.349129 160.080774 180.419774 200.818249 213.61316 147.382672 123.976264 120.61101 120.647514 120.821481 123.70238 123.828364 120.562881 111.095703 91.472414 256.401996 52.984351 412.752069 259.334639 202.931735 167.243339 161.790191 -9999 -9999 -9999 -9999 -9999 -9999 -9999 -9999 -9999 -9999 -9999 -9999 -9999 -9999 -9999 -9999 -9999 -9999 -9999 -9999
110.878498 156.707685 135.986839 149.925873 147.103043 146.554873 143.066625 177.324219 159.852032 143.553012 136.340784 126.926642 117.855024 97.896516 117.905356 118.38617 76.537768 76.25336 80.547436 116.051142 118.522239 117.408978 108.329299 102.983403 106.134715 100.738693 104.848311 120.965055 147.206734 127.348076 127.125595 130.281378 130.743142 124.038278 120.854483 120.784544 123.695035 123.653994 127.374453 120.578018 120.322208 98.167725 117.529304 67.355531 189.911987 229.445385 165.748901 163.393063 118.102233 118.102233 -9999 -9999 -9999 -9999 -9999 -9999 -9999 -9999 -9999 -9999 -9999 -9999 -9999 -9999 -9999 -9999 -9999 -9999 -9999
127.328592 149.666588 146.339453 140.679219 136.229879 127.408873 164.422507 174.441071 170.332537 147.459201 136.119772 127.425513 104.490346 96.777658 120.710075 107.192855 81.06561 79.42556 87.899519 107.230501 121.181375 119.878928 117.062614 107.138338 107.229481 96.671083 126.915867 121.025011 123.680935 127.332335 127.125595 127.442378 127.525061 123.975782 121.265033 120.752781 121.180843 123.931798 127.288754 121.032627 108.023885 107.145991 97.754999 64.15079 110.47293 213.721047 213.060352 172.212756 118.306529 22.544832 -9999 -9999 -9999 -9999 -9999 -9999 -9999 -9999 -9999 -9999 -9999 -9999 -9999 -9999 -9999 -9999 -9999 -9999 -9999
130.439929 140.741869 160.67854 136.560516 136.70758 123.765786 134.768965 126.476718 171.247768 154.560529 136.20143 137.518238 126.508563 104.28738 104.335753 107.194333 91.244007 107.326762 127.331422 125.860006 120.565871 123.167111 117.853932 115.779481 140.003132 130.311593 127.055641 126.690855 98.46056 99.061689 98.192026 114.228024 127.590205 126.517165 118.511123 118.30267 120.736592 126.988006 127.347106 126.989328 107.852963 107.950813 108.359888 76.840472 81.417506 215.623731 192.595738 127.572895 22.544832 22.544832 -9999 -9999 -9999 -9999 -9999 -9999 -9999 -9999 -9999 -9999 -9999 -9999 -9999 -9999 -9999 -9999 -9999 -9999 -9999
140.780134 153.122452 153.144717 136.086207 121.160242 91.412385 97.114405 117.540541 107.641847 107.196017 116.422883 137.204012 127.668542 107.506123 97.343428 88.134318 87.804679 101.300748 127.383523 97.813907 92.685907 107.562938 126.897428 146.382158 126.069939 107.478283 120.661988 115.101076 98.606061 107.046178 87.520083 87.566213 126.894426 120.893409 120.588059 118.442333 120.727893 120.691939 120.838974 123.906466 108.104431 107.784837 107.804333 87.349244 81.08873 130.314132 163.174481 49.318275 21.585216 21.585216 -9999 -9999 -9999 -9999 -9999 -9999 -9999 -9999 -9999 -9999 -9999 -9999 -9999 -9999 -9999 -9999 -9999 -9999 -9999
