STOTEN_Data/raw/Age_yrs_800ft.asc
ncols         250
nrows         718
xllcorner     -2256000
yllcorner     1557000
cellsize      1000
NODATA_value  -9999
[rows 496 to 526 of 718, columns 138 to 206 of 250]
3567.707721 3460.133831 4329.16189 4083.752543 3915.495128 3732.484756 4483.230664 4545.22348 3523.001623 3148.240946 3168.690734 3199.890937 3107.33236 3001.806983 3130.515042 3420.665619 3066.328191 3937.321789 2250.565137 2186.174149 2530.840475 1858.136679 1740.978257 1575.116639 1470.579131 1332.05543 1193.357386 1123.202095 1013.271073 940.720234 785.174963 796.911846 754.092878 737.837705 753.47218 778.951895 824.635243 789.150348 758.104363 683.868126 635.164974 595.147656 517.198175 484.643089 430.916463 389.443108 359.475688 329.476551 306.623037 286.77686 253.329527 223.041554 192.255901 166.629077 139.245622 117.39556 99.803549 97.071407 86.358701 33.691924 50.611222 44.73497 3.719271 5.830215 5.72227 7.521316 4.755945 5.585281 5.611753
4626.991712 4222.827088 4201.008737 4024.865508 4483.230664 4283.624857 3907.835935 3656.014558 3530.990997 3103.897661 2818.782072 2882.08943 3245.792275 3215.105801 3184.389067 3143.928593 3019.262682 3107.407568 2725.015799 2672.122057 2036.286903 1736.106718 1602.201786 1460.813538 1358.357175 1289.977982 1258.158337 1162.935322 1090.986575 995.828178 900.815512 880.881967 805.128497 725.690757 751.986123 743.764509 728.98446 698.384483 688.409854 607.24417 593.479195 572.674386 522.436887 474.25376 410.107367 377.206427 345.948697 321.139631 296.639869 273.565829 250.21852 219.214518 187.042606 166.728267 139.000891 109.735759 80.958725 58.784279 66.287254 29.839947 45.86915 15.603697 44.669137 22.695839 11.79182 6.775155 4.755945 4.908997 30
4262.730401 4610.199683 4474.743326 4480.293317 4172.229231 4278.53938 4127.065998 3688.105169 3022.622483 3316.350428 3351.469042 3516.105704 3226.627985 3033.201259 3040.3253 2840.930192 2896.434887 3096.17513 2297.691415 2570.774631 1828.204557 1690.16863 1594.785608 1520.890371 1422.418225 1287.932291 1225.712388 1119.168489 1021.460853 958.443769 887.122772 818.685202 791.671442 720.6491 714.904166 695.452285 687.663705 663.990838 630.186125 594.476172 576.739441 624.44122 578.847266 430.537213 400.290688 377.341918 367.175796 329.729466 315.992908 263.690418 230.188579 193.880916 164.287437 132.826752 113.702318 84.359244 77.525365 58.179599 35.737771 34.731419 21.601882 15.651367 15.641772 25.80507 8.648228 4.873637 4.802338 4.802338 -9999
4724.808419 4483.230664 4633.048564 4663.458449 4395.495652 3945.391292 3384.808443 3744.495415 3628.626697 3184.327371 3046.313081 3231.805948 3023.879849 2907.46415 2864.264651 2811.436802 3005.37685 2419.068684 2249.474588 2094.297572 1990.271876 1751.505273 1562.088014 1457.479075 1335.171232 1254.924518 1163.45851 1098.199286 1028.225876 957.54101 875.340366 863.502845 822.184328 781.168658 756.820014 698.839917 690.807245 650.368885 630.078389 613.83162 525.249569 495.251341 460.18351 413.200614 380.222845 343.529376 316.24027 288.033985 260.931894 227.394029 195.462195 163.85603 139.562429 110.919425 77.739419 57.981754 41.109914 41.676172 25.732136 20.713652 18.714168 17.827164 17.819582 3.677002 3.815175 -9999 4.812137 -9999 -9999
3818.034409 4425.254126 4754.805274 4281.09565 4646.51178 3807.647276 3755.765394 3476.8471 3238.367552 3066.304851 2994.520747 3103.3724 2961.191739 2795.490996 2974.039375 2580.173265 3027.143775 2797.604024 2393.816757 2125.986236 1961.70446 1729.779948 1530.022311 1447.252318 1362.224779 1257.718514 1567.556899 1135.768964 1325.100874 980.661817 900.175801 859.186572 774.030981 739.195298 695.408215 689.04927 644.603032 626.488062 612.263829 532.91187 492.026326 457.753562 419.905405 386.466651 347.270084 319.443488 292.889447 270.219647 239.022257 209.830414 186.344221 159.556782 136.490601 100.805651 69.051495 42.407661 26.380928 16.689948 29.146251 28.83895 16.828483 17.779906 17.819582 51.580361 4.843891 -9999 -9999 -9999 -9999
3912.885926 3970.939485 4384.828118 4354.045432 3965.685096 3808.075587 3532.259033 3254.968314 3224.611038 2868.553073 2987.044813 2612.350263 2750.865956 2770.969721 2765.095038 2732.586235 2805.357791 2679.166616 2267.019166 2089.203956 1925.520449 1760.384183 1666.420891 1469.026367 1366.793981 1272.625375 1175.707478 1086.557086 1031.883156 915.556778 859.534135 770.440474 739.636473 699.943211 669.196838 648.169514 635.699573 593.613429 555.785616 517.716208 469.68632 430.954083 396.456649 362.691741 333.615279 313.488047 295.972423 260.88449 232.994722 199.214168 166.159727 146.105752 114.090428 79.044491 56.994348 34.717419 23.629722 16.666072 24.686618 22.586919 20.695581 22.531647 22.525445 26.619676 6.645087 6.645049 5.719443 -9999 -9999
2910.199931 4172.059624 4132.47512 3953.193338 3672.370817 3556.038873 3330.633508 3210.806139 3203.251085 2634.151273 2630.135101 2603.240704 2665.77704 2672.572048 2631.73793 2790.062729 2611.635991 2707.058585 2483.865008 2223.7813 1889.119457 1733.289084 1590.581196 1422.817659 1304.996743 1233.617262 1171.367908 1069.839637 1022.166989 935.501231 868.79725 819.425342 777.844485 759.370329 702.388846 664.787716 643.094329 631.840628 568.781927 521.92475 481.04823 427.606645 392.40183 356.262748 328.910481 299.272401 266.779556 238.994303 209.328297 176.228399 152.911895 130.3058 100.572232 79.514571 49.50149 31.308814 19.713857 22.930256 34.407369 28.868168 28.832719 34.731265 28.834468 30.586788 6.803652 6.782226 5.719443 30 2.001369
3564.385785 4105.47362 4104.827914 3934.973417 3412.373575 3107.735564 3095.247506 3339.606339 2723.072877 2427.904066 2230.254555 2454.754575 2742.301515 3009.755012 2727.695846 3012.541417 2483.721474 2399.507232 2374.836328 2231.92518 1879.190091 1728.760991 1631.797065 1496.992666 1346.214018 1258.710015 1148.82464 1100.00891 1034.182617 969.640309 922.689489 818.164307 796.609418 759.854168 708.633654 664.297801 633.166796 596.949022 564.945162 500.663661 478.329597 426.833101 389.308505 343.193772 299.986361 279.586689 260.826994 229.600992 199.282682 165.449378 136.314127 100.585469 79.045397 45.554423 33.361467 26.336542 19.011961 27.348235 33.063625 78.294369 68.572253 40.698963 37.585872 38.509118 30 -9999 -9999 -9999 2.001369
2664.962242 3801.878725 3461.926588 3335.639463 3262.653858 3173.454699 3046.627886 3124.198272 2623.195055 2752.155646 2301.959366 2458.860907 2599.318 2722.882268 2876.651351 2764.524555 2582.589073 2470.214095 2393.261964 2350.107246 2129.347044 1877.583725 1630.046805 1506.580242 1397.618124 1270.609225 1203.198383 1125.750188 1068.366596 998.598177 931.025063 839.191371 815.527908 743.64975 693.877851 651.483715 631.477797 608.045554 533.877571 492.973555 452.860554 409.427463 380.290437 346.030996 309.593451 279.719349 246.02671 215.964134 176.08765 152.921839 127.307741 100.585279 79.055134 56.21183 35.032204 31.315478 32.699238 45.665452 57.652067 72.914709 68.189913 47.787421 46.463239 46.819022 -9999 -9999 -9999 -9999 3.65843
2523.287193 3431.513262 3150.961782 3209.296409 3291.663535 3103.532407 2934.789814 2820.754944 2341.519911 2310.979389 2397.40802 2542.977624 2583.178413 2617.401252 2676.186414 2640.316569 2572.740175 2460.235012 2354.122268 2342.394968 2139.198268 1979.031888 1643.688247 1501.263589 1428.406595 1321.743257 1257.525753 1188.758284 1106.874646 1038.23455 968.3414 893.169427 827.690128 818.212932 725.661164 719.774486 661.809988 601.445076 557.186493 497.738874 459.796995 417.239935 376.99944 333.551995 295.922937 266.795822 238.974981 215.964139 186.204202 162.519927 133.283666 110.62012 90.366679 70.49695 47.821226 44.998206 66.121416 75.278799 92.309953 82.30385 93.326631 91.653947 52.501027 66.280587 76.127635 127.392779 168.224624 4.743134 3.639438
2486.964856 3614.62475 3200.45874 3475.360707 3483.462645 3222.676024 2759.389407 2625.333593 2613.68465 2534.183307 2666.99313 2749.496908 2831.121073 2894.512293 2753.597087 2672.709634 2573.724371 2501.621764 2431.026148 2367.034835 2258.867415 2000.931004 1797.579568 1562.088312 1429.654414 1333.663315 1319.759119 1231.244241 1136.786961 1058.235943 966.597669 891.954712 818.627691 765.608981 750.50442 721.694913 639.462929 604.766846 534.952975 498.36423 442.283437 419.580786 379.521258 343.797746 309.565614 280.005742 249.895795 223.325664 206.226844 176.117752 153.430727 136.839723 110.069101 78.058205 64.594821 57.723329 90.025855 164.561184 169.21514 133.421655 98.0574 110.849709 108.303381 98.175691 137.162157 136.199921 154.787977 2.770987 5.726773
3019.833048 3346.224293 3443.705116 3527.479597 3273.839375 3469.501812 2911.191739 2776.659556 2928.142633 2702.173187 2867.822108 2870.984269 2936.047624 2844.502657 2834.089584 2828.199315 2673.521464 2557.746814 2505.405157 2426.812707 2403.065126 2125.562113 1924.902052 1718.891713 1528.897543 1391.945947 1322.894805 1294.442854 1229.160094 1135.908604 1068.508842 966.736303 897.13589 857.33426 784.204552 725.79024 677.557177 639.245233 597.003483 516.862584 453.770056 422.593451 393.987786 356.35501 309.570942 286.973216 266.795837 246.020526 219.335445 192.533589 165.328558 156.55645 130.116831 113.366728 81.019977 44.597176 118.532486 234.565529 206.087268 166.165734 152.890445 172.664597 146.873662 167.768411 136.601566 207.478156 297.0705 2.770987 133.7577
1733.558889 2312.96915 3330.081223 3428.148751 3936.421097 3852.385437 3481.762004 3180.668957 3261.402017 3374.096898 3895.614242 4125.576207 4249.000779 3669.083489 3327.285101 3098.400081 3014.90883 2907.601307 2827.643234 2830.496838 2859.992443 2409.911718 2176.572939 1954.867704 1758.024987 1527.051361 1390.688645 1325.812403 1230.924389 1198.266849 1127.072037 1000.14713 955.393852 868.74692 789.039306 750.597947 725.406944 644.791041 602.174805 520.021312 453.770056 422.565826 393.987815 358.734257 329.745323 303.295727 279.69435 259.493888 229.479285 205.908938 188.984104 169.194181 149.230698 127.391002 105.889844 129.058883 291.20161 270.194349 297.628495 236.376975 222.978615 219.435278 178.043498 198.921178 349.031592 52.501027 156.358416 118.191232 144.613279
1965.269815 3103.511971 3211.841173 3640.934088 3688.648381 3331.064152 3619.436785 3566.617606 3520.171608 3195.019612 3061.563884 3451.040012 3527.910491 3416.062116 3594.510243 3611.763912 3423.191679 3339.614003 3122.245038 3058.455342 3058.540234 3016.865088 3196.284119 2836.856796 2127.538451 1925.798858 1715.047475 1561.128914 1370.260755 1294.01652 1196.512347 1128.394954 1041.60797 956.481473 861.097279 788.985831 750.56662 705.919086 641.867714 590.088482 458.573049 436.44683 412.951524 376.467863 352.389023 315.487872 299.922592 279.487608 250.264917 222.253039 206.102912 176.46386 168.651128 165.033497 300.341759 353.187918 319.358214 290.52999 369.198876 349.299961 268.056986 259.586732 286.536617 136.434 52.501027 52.501027 136.403236 136.294383 147.424018
2295.997009 2453.494142 2485.344356 2724.157028 2433.481652 2294.50153 2435.690977 2364.342962 2164.236301 2230.618695 2126.253535 2189.157539 2294.523653 2388.957336 2428.819008 2668.608545 2996.650338 3118.591312 3061.026425 2831.075374 2748.760047 2919.930898 2746.602053 2574.08952 2804.127028 3488.206595 2741.194238 2697.373259 2075.32234 1674.34719 1465.62143 1296.655273 1194.323107 1128.316584 999.913734 867.569888 793.673675 760.95024 725.220602 622.269982 489.020858 453.752048 422.561191 399.836092 367.027064 349.143357 309.306672 309.787994 279.192666 273.383242 272.015455 294.066608 427.525691 440.090071 392.847828 340.629633 423.398079 473.623323 544.698301 452.477735 352.895659 310.526709 299.444133 178.23644 225.105802 157.424851 247.598754 258.317989 156.249144
1699.296896 1650.438881 2025.025092 1983.618924 1888.388625 1761.849189 1828.068202 1846.974221 1859.279739 1889.624882 1694.910922 1897.170586 1861.190992 2023.071211 2070.369399 2186.389141 2225.070645 2196.17449 2263.931223 2156.077987 2164.272737 2602.511286 2677.61845 2457.280544 2301.240665 2155.78371 1924.335273 2013.661365 2064.378855 2182.275494 2586.374044 3083.372624 1762.467306 1542.394609 1408.668062 1182.02719 1031.583082 883.872973 788.998375 717.266256 669.309747 490.642109 473.4327 443.205138 419.905432 395.867013 355.3522 369.267398 519.417721 642.112398 635.09439 520.86372 528.310688 406.009742 610.608614 611.297603 581.614665 442.118857 433.179312 529.290667 413.857896 304.465924 309.632544 225.295774 225.023956 167.069951 135.852156 135.852156 147.218978
1416.978218 1423.072367 1536.768866 1672.489179 1356.865724 1450.481811 1347.457854 1555.64738 1495.786495 1466.78029 1540.395511 1467.127791 1533.789976 1605.670359 1692.370259 1725.405673 1828.691437 1958.576958 1989.353336 1828.302611 1669.277374 2023.409094 2161.64783 2219.84314 2091.051825 1872.213275 1694.495694 1727.742475 1661.1518 1630.731316 1594.289465 1668.72827 1660.099753 1756.025293 2488.736845 2154.87462 1918.540906 1542.17342 1428.972805 1218.462726 1113.694801 984.493488 967.6367 936.0353 993.272429 786.024086 731.797947 705.26806 601.358152 615.605298 837.861957 815.381379 450.427307 422.881864 400.161692 355.615977 352.645142 298.36976 389.51264 423.502338 389.234436 312.484515 300.132957 313.272633 206.625599 156.249144 155.865845 135.852156 135.852156
1453.176209 1418.129021 1358.0663 1156.344831 1208.782477 1383.585372 1327.53254 1399.870381 1286.486315 1300.061063 1222.166585 1133.607488 1323.548996 1401.713906 1528.43612 1630.409563 1630.409532 1599.918768 1630.518409 1563.805241 1597.683789 1598.721338 1723.333365 1633.281111 1842.715443 1837.063725 1819.564045 1642.346232 1563.984933 1514.275786 1498.363331 1527.067913 1395.477367 1392.65225 1462.968915 1483.563252 1490.345792 1492.775144 1467.85169 2029.885298 1889.971166 1861.461355 1766.882362 1632.050401 1557.983464 1530.578535 1321.78742 1190.085171 1040.552768 765.598851 604.745971 468.77957 443.039621 409.377878 377.160466 353.028334 335.848056 323.421963 353.098758 437.57259 381.152467 315.265988 289.730888 279.816354 206.625599 185.023956 156.249144 156.249144 187.422216
1423.90099 1351.421169 1236.594464 1133.731843 1186.767085 1284.719074 1249.714416 1347.205111 1271.902977 1297.47086 1153.212324 1230.577469 1269.265004 1269.188816 1355.126261 1386.002798 1400.679312 1400.071236 1369.289283 1333.459637 1333.252841 1333.25284 1302.523603 1236.049502 1205.948132 1238.81007 1203.918019 1363.997775 1527.820943 1422.497152 1444.89778 1355.194042 1397.809811 1268.920066 1376.625835 1184.847219 1155.006712 1221.506058 1149.693156 1233.019976 1122.822828 1183.554334 1189.002842 1053.481917 898.432459 790.40639 720.934097 642.032189 558.049572 457.646097 426.883069 377.310023 338.565696 298.475391 244.428729 194.723629 150.665804 84.570138 108.504255 403.068482 430.342235 289.886164 262.951479 312.525362 167.049966 186.639288 237.394519 186.662554 207.990793
1335.388511 1200.524497 1201.073444 1165.993871 1061.474245 1359.990954 1547.910209 1332.105418 1219.638827 1035.942945 852.311375 890.077109 920.173397 1074.090545 1173.964046 1176.767949 1170.228512 1200.036188 1170.527783 1110.844217 1076.771249 1172.013585 1076.092587 1074.889125 1041.56972 972.028291 908.053433 938.836385 938.718149 1005.622668 1110.240511 1124.101727 1125.171218 1033.391134 1183.628258 1075.22181 1103.593419 1039.722476 915.837863 901.668829 951.314478 946.983965 856.535939 784.678865 783.688711 673.433734 483.524326 446.917636 415.578372 390.016021 356.402711 311.990948 282.515493 246.720047 222.269554 199.96373 179.575872 110.405927 152.946957 350.283349 380.119821 339.180821 276.002531 310.506457 342.512364 345.776097 226.979252 206.911377 185.023956
1337.858454 1297.070569 1339.387514 1200.046609 1128.974448 1235.865875 1385.780451 1237.595213 1070.516925 929.135361 861.165539 842.447409 839.159759 1105.379021 1042.502814 1073.598492 1039.200911 1071.971374 1038.66086 1005.36672 972.056203 972.062699 972.137682 972.065108 869.310072 869.207301 740.030851 703.353895 713.074342 700.119795 805.666221 730.826933 862.495939 877.016874 855.943685 924.077488 938.52173 869.403378 869.473347 963.473648 842.607862 762.011438 724.68067 727.609087 723.606747 626.86364 462.329392 417.403607 392.084442 352.009195 300.014817 266.164085 219.174192 176.482137 120.003959 94.041857 107.4205 133.171252 222.138389 278.723695 292.646599 399.477891 337.319384 343.163043 376.291537 497.873065 186.639288 186.639288 -9999
1187.247854 1264.745353 1224.46158 1175.965566 1058.913759 1066.822331 954.683002 1108.205484 1029.06809 898.441594 805.132673 769.582064 769.564412 962.459313 962.452311 973.981354 925.287156 950.121812 855.439892 893.086819 779.091316 869.292412 838.037499 822.768921 786.457806 713.205217 613.178191 563.52576 573.008445 606.319303 603.183931 597.115427 627.34262 606.543333 661.88847 661.538999 783.650197 810.918634 836.274389 766.788066 766.788081 799.732455 742.655709 627.231007 459.511102 428.908207 394.854876 393.511686 386.175658 348.105452 307.779116 279.081446 220.524677 165.227974 127.110435 69.474837 46.825099 192.588125 277.734234 325.398481 325.052702 475.363846 389.618664 353.420509 386.439708 301.48611 225.023956 407.424193 -9999
823.989544 823.121106 971.921282 926.734193 993.467493 939.738234 909.371068 1038.718339 1029.078576 905.505749 769.346267 729.170998 693.801678 809.429934 893.017145 890.110621 902.553845 753.756867 769.564412 768.612476 729.919659 694.391969 696.990282 659.65381 567.387634 573.692238 556.629519 452.922276 431.204101 452.883677 456.640418 449.764624 454.946816 447.484965 569.613394 611.422089 679.980235 691.493474 739.352151 743.396309 766.788081 673.52895 466.961477 440.326471 456.675788 426.376579 366.37924 319.251914 299.228328 266.328309 243.897497 220.479855 208.79947 170.229283 130.223931 46.825099 46.825099 266.391853 352.303398 391.043934 424.156951 817.546063 622.945299 399.457612 404.282177 248.306648 336.418119 30 -9999
776.782608 760.633656 1008.958709 711.912874 897.208458 839.713731 873.635842 972.045441 1074.92968 905.483054 696.724603 570.467485 676.419361 676.479911 869.329001 892.971352 752.434864 736.254194 728.414273 691.734951 692.916729 667.543813 564.691318 555.561131 551.857045 457.503339 430.593453 416.326748 395.35892 399.65431 409.92735 399.672925 396.439409 414.729637 427.792536 459.71279 553.850801 466.52481 708.203394 674.452355 709.606285 547.145144 452.029254 403.776582 346.407857 345.733564 353.381463 329.781975 279.431703 229.194792 182.256484 155.856755 116.667306 95.35805 90.070225 59.219446 158.755052 355.627677 433.688077 478.777252 767.495188 865.353252 860.168995 951.692143 504.24714 898.181753 175.531249 30 -9999
820.960614 723.86564 866.095317 678.103457 1029.516034 918.608642 980.444231 1133.27202 1008.304185 871.461519 788.812201 549.67342 523.00289 699.853919 835.982902 835.988189 782.670572 728.825917 720.296773 664.128055 653.774285 642.219016 563.345505 438.624819 419.581558 388.445086 389.494079 373.817759 355.958292 345.129197 362.864537 362.82858 372.934181 379.87857 389.300216 409.38605 443.335899 466.669287 556.466845 642.160229 619.468745 441.53491 404.82494 384.381044 350.143917 298.978588 269.559979 266.398232 270.310925 232.507444 176.503253 126.945015 43.032995 42.07257 59.219446 59.219446 242.055204 446.403153 725.172857 1237.485998 1266.354982 1152.751969 990.818333 930.25331 667.788772 692.608504 166.721576 267.38519 30
956.23915 951.177512 726.040445 631.274581 796.076066 817.46449 929.612171 888.54913 846.995369 902.566066 733.15715 516.605087 515.654332 549.075866 666.436786 622.264698 737.744098 726.217877 687.033481 685.507376 666.787493 576.137581 450.255138 408.88397 375.724058 345.86381 335.697001 317.03444 312.235285 308.242443 311.494629 326.887184 326.354715 337.426083 367.771928 366.646877 396.157672 427.28072 457.871652 528.275928 454.397128 426.695344 353.131396 342.819429 325.239572 304.769014 246.646031 179.657251 165.663985 169.313765 169.313763 150.09745 63.617397 42.07257 67.304248 131.86496 330.156003 351.994164 1202.741385 1561.382743 1539.205589 1390.371566 1195.256114 990.929819 1427.203995 1425.154403 276.019903 276.658494 225.128923
944.209897 977.066605 709.646652 513.56412 589.844718 602.147455 863.734739 814.576908 768.637401 709.30793 792.857533 737.708547 533.995228 626.563649 561.555031 595.638096 726.234255 676.725341 676.531442 666.840829 576.531819 461.493684 420.571817 380.120595 333.075258 301.02997 286.843794 268.566026 268.502805 260.004732 260.004566 276.074685 287.390552 290.733504 296.969958 332.285943 352.970017 393.094789 413.402868 424.930986 405.071585 350.724743 347.64357 310.822777 286.474 265.024391 233.587815 180.319687 136.611827 66.517203 41.012969 70.060463 69.968646 74.37312 74.37312 207.338405 376.406297 444.448849 1487.007521 1792.237985 2031.365666 1599.152935 1130.856177 1093.306555 967.216845 862.862864 953.280311 275.23665 185.103273
342.592295 667.17208 673.08842 819.737746 664.464486 542.515172 660.842632 724.030244 685.458517 677.783394 701.774664 558.632306 463.686232 491.170797 482.916933 543.532129 674.115293 636.266695 666.76202 593.022843 562.851765 399.565099 369.830618 336.41228 300.291775 264.351843 215.139537 214.852048 226.029674 222.38193 211.559255 206.127145 237.004563 253.911684 260.484483 290.534513 293.986247 326.297504 383.254364 390.435946 389.868555 337.283402 326.433587 280.109281 253.346884 214.272092 184.378777 164.690656 140.197611 68.427428 41.011822 46.034103 66.737591 107.365252 149.775329 294.726392 370.917766 1127.005733 1658.316222 2304.528569 2096.14722 2024.978924 1261.115337 1101.787159 970.16694 630.987674 778.112078 275.06516 196.249144
331.456102 449.99373 592.167714 610.136301 582.48996 612.347426 592.028104 619.606941 579.972399 554.627926 475.075562 429.00373 452.954277 463.123045 445.975977 525.493263 636.148368 639.571687 645.521042 575.095488 425.803693 360.695504 318.931929 283.279957 246.976781 222.719043 179.689646 169.656294 157.360681 173.378529 172.808918 162.323014 161.647577 203.184882 213.680781 236.016958 253.625638 279.902557 330.113159 357.316314 374.521629 333.956374 299.529793 259.758981 220.56209 183.742479 137.587841 112.01858 65.432226 39.232451 140.968727 169.394272 199.53259 222.473661 243.029319 380.060223 426.527135 1488.177692 1958.567191 2483.315527 2130.514122 2299.800102 1323.812189 1061.066287 573.715966 702.374393 797.40642 379.792042 436.456034
325.160229 347.325393 537.496201 421.177119 532.88103 574.344639 570.293406 558.227821 469.777146 444.245459 420.055774 390.613875 413.695755 415.649184 454.439037 513.208398 594.235302 652.809872 592.999686 546.49143 378.252088 328.443003 296.667966 256.659352 212.922438 172.956491 153.169396 127.36157 110.887439 110.711809 122.958047 120.613345 124.051585 143.706575 166.880543 183.283311 206.707092 235.913297 250.66963 294.045377 320.489406 323.686976 283.580061 225.602283 183.373244 169.035425 122.091917 59.765329 40.748334 39.232451 39.232451 192.517279 290.475055 316.232918 349.819555 489.199989 1005.663908 1748.106134 2589.186842 2427.481706 2096.341035 1662.457984 1460.67322 1390.81647 582.221438 410.451621 367.402166 359.544561 285.603858
370.697796 385.510284 529.087079 417.358468 377.086357 519.110584 519.001357 476.70061 439.485395 419.712526 393.111173 480.205362 464.896566 447.507732 446.277152 503.725311 577.892073 638.416127 581.062094 455.56609 342.504021 304.058505 265.225007 216.280635 193.649946 153.169396 113.560516 93.919204 73.49474 71.757127 74.479547 92.449748 98.985544 100.518568 133.948404 130.681164 133.698532 172.998296 200.016341 239.79498 277.539351 300.043991 283.011515 220.005772 176.149468 158.812533 119.753284 60.278718 45.631054 100.6454 203.303233 303.361429 390.559554 427.488022 446.920806 938.629168 1507.092614 2237.100892 3130.447905 2675.656785 2367.195225 1992.070448 1213.334824 739.040198 605.448323 528.708752 476.218169 366.989747 369.372797
