STOTEN_Data/raw/Age_yrs_600ft.asc
ncols         250
nrows         718
xllcorner     -2256000
yllcorner     1557000
cellsize      1000
NODATA_value  -9999
[rows 527 to 557 of 718, columns 138 to 206 of 250]
245.690936 219.686405 207.55315 238.51704 227.772007 93.886173 179.038491 346.646719 330.113502 300.020888 273.707466 280.59961 245.724572 246.275693 246.182214 232.851374 260.114693 290.245873 260.951913 220.288397 159.619896 139.962877 113.75787 88.817766 78.831455 68.45678 56.350344 35.989942 38.796017 38.796016 33.784676 54.953325 68.149824 70.57679 55.017548 56.017002 75.280546 63.344618 76.681029 106.918977 105.288712 174.387863 193.441675 179.090637 111.2553 65.700896 34.025587 32.95382 27.363444 35.359339 151.126788 289.831601 387.979049 412.80242 758.282058 1014.732031 1546.742299 2296.564173 2760.376813 2451.199433 2699.83701 2156.366869 1211.466671 1228.013487 793.065688 650.114423 403.759329 316.674172 325.746751
233.695024 200.045048 206.518749 254.401042 222.66451 90.954074 249.010074 281.244768 313.415866 261.30151 205.320517 259.543689 242.816376 246.459714 216.679493 236.182429 249.831972 277.079594 263.610547 216.261678 153.314668 120.073581 89.011274 73.085078 57.73367 49.733823 50.2788 38.276095 32.742106 42.786705 60.059153 73.764162 73.075474 69.522026 55.002328 73.525007 58.074907 57.356319 71.546064 80.712484 91.596775 95.301966 118.824471 165.966816 121.875945 90.266043 34.025587 37.640658 41.478682 116.697217 236.885942 390.674276 429.531445 736.664385 1141.15086 1480.602195 2073.387109 3017.412867 2797.493638 3065.299106 2896.419801 2219.853356 1763.951268 1262.948049 914.271836 936.911428 585.902496 367.156178 319.741287
264.384995 241.217949 305.659622 310.671123 252.202453 223.576386 202.936341 213.475103 240.138484 183.448068 201.982207 239.89753 245.672292 240.206858 213.342426 222.829604 230.030345 247.069519 233.935813 173.286705 126.825749 100.506052 72.968051 62.873618 41.498072 46.471775 36.903707 29.8318 31.898798 43.669237 71.965857 63.600781 84.028216 103.601428 100.52689 82.128894 62.133648 55.110067 94.443199 85.022953 83.990693 84.037949 109.106336 172.911572 175.934517 166.681626 124.345257 135.55706 136.533164 227.110262 324.311437 560.806208 895.92755 1066.576031 1423.709489 2041.160619 2952.939743 3259.046792 3303.04238 3131.12413 2703.360778 2072.644131 1691.856535 1520.247352 1196.551135 761.401651 753.2874 453.609214 350.295107
324.019501 320.372324 309.151291 260.61111 246.467769 217.534582 198.338582 155.66326 159.617559 216.535834 240.258203 236.728209 239.726215 233.213836 216.611542 279.59167 253.58026 247.069191 232.674164 203.045311 133.457042 103.684691 74.740935 54.022653 38.358559 34.372593 40.303852 30.163397 30.50716 65.209387 90.524068 93.333687 114.074407 117.727098 110.432733 100.528452 110.270784 113.752976 103.579384 85.373287 91.902951 137.0135 230.795494 267.396518 269.618517 243.636106 237.155316 262.376997 279.32076 300.0716 538.723999 947.114025 1099.88595 1360.059741 1908.718644 2791.595282 4243.504013 3659.002363 3264.911652 3025.621995 2947.067172 2258.892374 1930.395751 1563.250144 1361.682924 1037.826863 988.050752 472.972635 368.021599
311.478163 307.048457 308.937762 292.015119 291.653098 282.203554 233.295573 214.807907 212.995647 247.976737 258.499776 259.89822 267.053709 259.232901 246.626764 273.345765 249.556777 243.888133 213.658724 180.155119 136.503049 107.185981 79.685778 56.046345 39.662546 40.090638 56.228367 56.653332 63.451691 127.576045 107.243857 143.089536 183.196203 170.201716 150.195535 123.926675 137.692654 143.52184 131.076815 146.506721 177.706434 223.044291 276.572856 309.01733 336.195671 343.592568 370.54295 399.697538 426.063581 684.776013 1236.048369 1224.404214 1362.600903 1780.370263 2835.621447 4272.372402 4185.020572 3521.80017 3037.774834 2770.575024 2942.443226 2358.92049 1984.035759 1603.617596 1341.10925 980.676903 763.321259 625.38544 407.316978
234.521325 267.027019 282.657337 281.37451 307.118199 288.253539 246.955538 233.515424 233.801627 226.027858 216.951401 270.599949 278.673791 274.465812 262.686588 366.752802 263.353233 276.723444 233.571846 229.88091 182.863975 146.433378 117.01488 87.529553 81.439902 78.931073 69.52028 74.981331 110.587406 169.834615 227.289985 240.453271 209.936703 196.649553 180.461478 173.55338 183.116003 166.996236 169.997678 193.491107 226.758905 283.521415 303.886897 346.308396 405.35141 520.315974 487.615471 574.969413 902.903557 1269.170055 1491.252031 1898.505079 2131.907799 2721.415379 4741.70521 4713.263413 3833.34143 3371.827955 3001.006439 2694.842233 2603.98686 2328.873116 1995.758421 1666.473683 1343.195374 1119.557803 871.820917 689.052123 533.398233
248.22371 254.609486 261.239607 287.295383 287.664174 283.954983 258.354935 237.155526 231.170938 225.354376 247.483456 276.720812 282.364166 275.56357 308.173002 330.314728 378.645567 303.129447 276.468575 242.721225 203.279712 162.227363 158.864117 120.665172 125.047496 128.892532 134.004245 138.36926 190.894888 259.767827 296.543961 283.483453 244.120961 236.482604 209.485758 214.467592 210.286077 204.148777 235.760901 263.494415 303.983785 334.050917 360.034861 402.446444 494.312582 547.737401 688.971298 824.187488 1365.726266 1602.164119 2091.901835 2316.16924 3118.389783 5250 5083.107801 4146.740283 4148.087144 3397.635823 3587.1092 3125.566243 2966.926406 2986.123489 2329.346015 1848.685587 1492.135718 1206.505355 880.077985 676.923265 535.05249
292.543005 254.549723 246.120845 268.006993 247.38336 265.941141 268.124217 242.948163 246.839413 258.631544 266.244353 307.921927 310.253984 167.559643 201.918321 372.86332 246.791633 351.665854 321.117066 284.907803 264.166096 238.764265 216.319382 190.965092 196.430667 201.936654 217.14801 253.61152 290.127063 320.570108 322.899171 319.797916 295.419153 276.063019 250.464576 239.923203 239.918474 247.089105 289.387581 314.517899 357.101444 405.267915 428.233024 607.07035 620.87372 811.600342 748.510332 1281.729895 1802.351479 2267.527001 2774.811773 3147.571763 5250 5127.003327 5063.340082 4516.571894 3832.56171 3504.893021 3544.030732 3456.608506 2954.258204 2366.324594 2115.01678 1833.767236 1686.367979 1602.235309 1263.34919 1197.253176 833.026973
279.963974 273.863252 277.203991 259.310533 239.367884 229.01398 208.384461 234.492892 240.794693 292.718315 268.715356 273.451845 325.937293 185.572932 340.344579 357.788011 399.348576 401.83182 386.497364 367.091993 350.58236 320.445386 303.488985 302.862016 296.279956 299.474489 309.408482 319.74447 315.148507 362.870305 362.903068 340.640205 333.111527 303.161458 263.561475 240.021136 242.996749 282.569847 327.495891 343.428266 390.233173 500.948929 646.028607 754.500881 784.804626 1060.310793 967.242512 1678.663226 2501.781833 2969.130533 4028.736182 5250 5250 4879.243139 5005.073637 3930.734822 3367.462675 3159.601411 3468.834087 2667.466215 2422.594273 2333.383354 2028.555041 1772.23432 1535.041154 1361.945958 1403.69302 1202.371749 1233.974625
339.538699 307.290653 283.273266 232.751911 244.652392 231.847799 224.19508 267.954047 304.187986 262.825492 275.193115 256.128908 269.066817 279.672543 317.285989 363.363853 411.909514 423.447908 439.683003 431.630474 404.693558 351.512432 357.076044 356.607079 359.927438 370.781478 360.99153 363.212308 377.416584 384.23987 380.676633 379.22021 363.141553 323.438092 277.134848 243.441598 250.078725 312.95535 327.757866 356.687575 422.166608 674.125325 831.854088 964.566441 1097.109245 2271.751282 1814.013163 1980.150035 3292.324501 4788.857878 5250 5250 5250 4756.275677 4573.906982 2395.533349 2754.799849 934.142126 2469.882227 1556.73282 2241.232864 1964.465133 1932.035505 1731.92867 1597.73829 1400.428206 1344.970613 1345.616409 1427.450644
607.164419 622.045817 476.08795 330.824338 303.252332 277.496899 270.585358 326.228094 351.349847 319.757516 272.509694 254.776213 274.157677 310.345815 300.390393 303.935347 371.360662 400.562712 389.146822 436.425734 414.845004 423.793497 433.792978 417.405646 439.297252 410.251528 403.597467 388.734688 458.378307 409.832365 430.854048 436.957446 397.494968 353.802461 297.356495 255.956425 386.817117 507.609274 352.381763 396.431641 614.086332 1015.933016 1265.463043 1383.096393 2747.493389 2222.087262 2381.213619 2818.099128 5250 5250 5250 2566.991623 2466.648692 2577.109716 2129.140117 1841.762505 903.11061 768.077637 1657.206347 838.345434 1441.81213 1387.695603 2394.678204 2331.754776 1816.79911 1508.036337 1315.542168 1042.713754 877.684827
444.405294 467.106331 425.363435 372.910278 349.590553 328.388241 307.959836 290.378025 254.249543 264.079038 323.343346 297.558639 296.613732 296.95704 342.411775 359.4686 366.483762 398.411993 409.293345 541.448509 461.780573 433.337349 437.830412 447.166357 457.641656 428.261084 409.810059 536.118723 428.617883 445.007855 473.629076 559.708806 422.76913 387.339344 329.805209 269.588732 299.561299 308.413892 341.413268 416.887336 929.336039 1575.449519 1813.117306 2448.726056 2361.969066 2875.391188 448.797215 519.130952 5250 2664.500336 2294.93432 2207.30821 1949.656567 1589.625043 1420.480491 1071.134684 903.154694 670.000561 698.523177 735.313829 1669.063022 807.990634 1495.100865 1763.721135 1695.83057 1417.864915 1507.982632 1232.118968 1022.896345
332.166625 349.762273 328.788558 329.688478 317.52667 269.241567 257.618976 232.046495 210.425418 219.20063 253.06821 292.915102 270.202029 337.238424 359.05261 353.502951 371.373725 461.81129 476.421788 625.058415 473.704154 442.039447 351.443628 467.311508 430.071583 429.129286 452.705386 522.312689 577.051495 533.874727 537.625667 550.901626 532.591859 428.080494 569.630722 516.771877 287.017778 285.193881 717.354483 710.427281 1088.033687 2366.391717 2408.912094 482.931977 419.385613 446.945547 516.148088 2338.657047 2059.389636 2118.620983 1738.611304 1478.688241 1428.787634 1452.160739 1505.057369 1301.313927 1066.535898 823.057234 663.430796 809.16731 1295.718687 2137.400237 2032.027181 1274.610659 1552.087202 1497.864455 1310.690354 1432.32454 1347.064753
344.386944 340.214156 308.41477 262.880759 222.712476 204.629346 214.798878 251.654254 315.798175 326.820521 332.558196 351.026488 384.293555 397.810075 395.444691 396.198379 397.684531 475.693871 415.832879 376.673379 442.539317 430.159716 577.620097 636.951757 596.487563 505.806013 487.637597 577.060058 574.083057 597.579398 682.589393 737.255265 732.571206 1222.670206 738.88137 1031.891179 930.400092 1058.397254 1253.186299 1462.911458 1554.689272 2221.256868 516.332566 1636.078965 1318.598787 1256.231019 1082.530363 1223.144067 1307.861468 1366.781245 1435.370717 1359.976158 1431.702947 1577.776816 1453.162204 1372.104683 1222.413829 1010.91144 759.404874 1167.139154 1420.648526 1732.120776 1867.838341 1125.597496 1536.936232 1607.367111 1394.749525 1219.180629 1101.07435
273.367591 285.221077 282.671477 285.38948 238.276852 267.030016 257.70356 276.456018 308.273404 257.24263 349.940061 433.594262 507.636493 557.578866 478.245764 395.329665 379.224026 448.57358 433.114612 367.228388 370.286272 349.372332 722.589936 691.116259 654.750044 488.765409 468.790728 470.422472 447.087854 608.278164 835.900238 623.45318 621.451849 730.3941 1231.049515 1653.442915 972.717059 1104.786546 943.598833 956.499858 421.861657 1481.833763 1523.281689 1457.897973 1427.999488 1156.034242 1020.084909 1086.141485 1094.815015 888.062044 1104.278885 1117.986689 1267.841202 1525.207869 1503.754918 2468.574725 2543.889406 1774.032852 1703.761264 1436.935241 1344.460945 2337.063831 1360.771308 1590.249774 1525.72265 1253.15531 1193.607624 1107.838311 929.131967
205.496172 214.882799 257.074266 213.934997 221.284414 222.145054 239.484934 234.994088 229.973486 236.501538 316.8982 351.949975 395.976389 508.958807 492.353385 420.891087 412.503767 399.635956 364.683104 341.585227 286.394013 238.324808 358.711804 446.246166 580.032863 617.717484 527.055886 494.748354 558.012345 664.709742 729.21538 718.299036 639.456167 590.386281 1058.046983 1542.517289 1206.149557 1003.128286 2209.833342 1102.291921 1459.973663 1407.225001 1396.902332 1255.659365 1230.680252 1019.825439 827.681133 816.646438 748.567064 858.81492 1058.621099 757.220972 987.550034 1220.804376 1552.344572 2040.692491 1806.288833 909.319497 2062.37653 2860.688542 2492.904404 1497.958604 1894.977181 1437.243937 1293.910568 1190.24 1064.754026 959.743448 914.755913
253.577345 195.828139 231.150488 207.345465 197.940006 181.57816 219.46808 251.805823 223.12343 203.879621 222.171603 311.571849 329.577255 342.439764 409.671103 375.089445 418.447614 500.896265 467.156395 419.580014 198.916181 244.525952 413.239835 442.424093 431.534077 669.518077 803.982385 729.529389 673.152949 674.515201 626.469521 671.530513 738.77513 803.07552 1093.941926 1267.573667 1225.85339 1795.650725 1469.076709 1330.466822 1295.650047 1358.827037 1323.554525 1208.046789 884.698088 788.602966 751.418715 645.280433 601.854203 567.960093 562.615157 735.978815 881.340605 841.110967 963.65537 1512.023001 2268.982975 1961.582955 2025.83487 2190.191733 1054.535509 975.84048 1758.548774 1440.377193 950.991257 723.640983 1021.726597 889.711362 908.948821
219.289643 240.74924 211.256968 219.581467 200.52691 172.499371 174.108344 187.507244 205.129339 86.295877 83.857725 247.045136 355.351239 371.53356 376.480176 333.031922 357.251064 508.310853 501.84051 475.406976 366.687984 354.57852 337.487239 360.960734 435.762577 608.145321 605.160722 581.201751 626.739192 727.160432 682.41139 764.398422 1008.261125 1203.51705 1389.162229 1408.887521 1377.233849 1376.295345 1660.862514 1523.655213 1243.900971 1164.584459 1115.772963 1096.735315 870.566863 736.636116 615.237199 572.426154 575.038302 544.341158 533.18238 602.819033 755.176868 854.187942 990.468769 986.100528 3496.792026 2490.18489 1962.03837 1608.626212 1309.340195 970.787921 1469.330937 1220.229892 493.301831 619.040869 695.579783 561.491848 532.468711
188.098116 241.613506 234.466954 182.789746 194.906408 164.232728 161.40602 172.929906 184.889043 86.975594 85.651953 260.057158 291.203671 403.446607 424.130271 401.793236 407.165833 514.739796 394.60138 486.816493 384.253493 369.831112 359.523381 353.179115 335.656055 350.603777 362.814093 512.133227 647.585778 674.471893 819.263146 1105.165886 1165.076096 1376.82731 1356.634038 1731.806299 1663.250903 1561.44597 1626.454082 1434.964482 1257.782267 1265.744963 1039.630894 832.1017 769.875382 697.030927 697.391547 578.011068 551.228949 515.01602 528.372047 578.24176 679.608493 888.918897 1663.081183 2542.937894 2886.148459 2527.516477 1601.332469 1695.275724 1525.441474 1063.933074 993.221119 1240.273348 1052.698477 532.51427 554.644668 492.238398 373.288673
176.15147 181.160876 226.038199 186.157251 199.008671 193.703286 216.772621 203.142456 191.455544 171.852992 200.07701 287.189811 282.613409 338.184773 375.478385 406.414859 405.172437 387.271974 374.769238 345.149961 360.608028 359.346297 345.397803 338.588869 323.313702 326.484607 346.934147 383.778736 580.144358 937.718205 1044.278293 1113.074123 1406.518133 1472.680607 1447.526555 1536.348175 1473.4863 1662.289848 1687.487079 1595.281831 1329.584866 1149.442557 999.195936 930.572441 765.956978 729.989553 722.827595 621.696076 572.555312 694.56141 671.731312 618.810576 762.526627 935.973268 968.34247 1101.231133 1099.852262 988.449248 929.210798 1099.232494 862.967135 2032.921943 1998.9035 1448.945266 1013.34144 369.512986 309.451466 299.243838 296.182099
179.997673 186.538827 211.942699 198.501073 195.45558 189.034663 204.171787 203.693906 185.795633 180.72807 173.28048 347.152707 347.260805 381.016221 384.750327 408.43376 374.090135 368.485173 350.110781 348.278263 353.916776 347.374631 332.914863 327.45216 323.447476 327.024392 325.655569 324.601842 388.812109 657.485925 1289.054438 1372.80808 1446.22946 1455.455014 1596.929218 1543.694569 1492.880249 1433.654332 1632.06156 1569.098381 1446.609609 1226.937055 1111.159872 857.817839 838.54859 795.419574 765.182097 751.196733 714.537248 721.715047 712.735824 599.802105 632.358776 754.343201 927.371135 1098.356997 1097.299939 935.325089 1531.093155 1444.083885 1362.387171 2364.637491 1771.884564 1034.35743 762.758214 349.923516 305.83906 222.794172 186.374629
201.874153 211.559076 224.692451 192.445451 200.667489 162.952648 171.291834 186.261175 180.844087 199.44469 182.337052 271.174299 289.456381 432.312693 532.115995 514.03994 393.278216 395.88053 400.604324 393.099516 377.802513 357.566012 342.677479 326.494336 299.238623 308.583295 310.385216 384.144843 629.729277 591.084253 1155.437032 1249.75476 1415.527347 1500.274286 1618.667949 1538.016205 1465.729909 1809.615445 1653.145491 1230.382795 1419.476427 1226.892605 1107.480534 1021.815629 961.732725 830.287194 787.096722 775.105167 778.472111 805.65875 702.471889 614.035064 632.695639 731.415781 857.530443 831.983032 895.696957 809.48404 1769.33437 2065.907577 1836.325168 1630.892428 1424.704635 1007.380881 496.242691 338.937419 196.298293 185.591053 162.509731
245.671318 213.458185 219.709097 190.483612 171.572198 176.320187 202.301466 227.196235 246.817511 229.074658 285.275923 330.612995 289.146397 349.1907 532.876321 446.256953 419.810896 405.255258 398.625849 491.406091 428.069703 400.280418 372.115741 341.148701 330.768769 326.791496 340.474615 433.130402 535.791226 575.127632 1004.215262 1128.585082 1298.487813 1572.580882 1593.967373 1542.426436 1546.671789 1788.949028 1713.435795 1477.119653 1275.823649 1209.578236 1165.842305 1043.911808 894.928562 851.38527 1069.643287 881.492475 836.440532 803.312328 709.884909 725.517535 643.163358 828.083735 859.327528 829.147259 1302.743111 1233.41796 968.662757 837.109656 692.393416 580.524541 642.393979 636.731742 534.086132 366.124013 260.146636 214.785105 162.272418
214.495863 205.801465 203.874859 168.319122 158.256975 164.004274 188.493323 215.619254 220.910807 214.703697 327.013716 366.87322 331.556405 312.026862 391.442248 437.514786 594.103786 468.149753 553.245359 537.994296 516.842597 496.189828 440.576155 411.848096 373.498562 386.728928 404.016939 418.954966 526.991537 430.89959 653.399752 1134.458255 1009.86883 1667.515411 1694.344322 1628.205657 1551.280166 1482.142085 1633.218383 1467.504729 1350.608279 1038.365453 933.850027 962.579717 964.096693 1092.961346 1065.304768 961.704577 1089.438895 984.33715 857.654564 767.598152 724.396873 803.619851 884.898438 923.016705 872.588898 699.778063 673.892664 646.63113 591.569691 547.036146 492.215008 466.216889 379.32431 349.666988 197.628656 200.36297 185.90237
272.670986 226.05421 230.225121 234.088168 166.567848 185.95307 209.957102 206.911149 217.294894 243.633623 321.721061 358.896204 356.806012 341.785717 341.973398 369.770135 437.351604 470.089897 618.919383 584.230518 607.593417 511.50507 472.892093 385.688875 355.219604 376.472929 429.204943 423.347344 472.712785 424.636961 648.936314 1044.741387 1143.655446 1741.877724 1679.027322 1639.338285 1548.120898 1823.078175 1603.357112 1487.611528 1168.076185 1101.757145 1018.483013 965.030066 1056.187805 1092.169737 1159.390665 1192.982201 1191.879514 1125.49129 1029.522504 948.52937 800.552045 800.757928 779.014478 805.488554 728.086965 729.00895 669.402178 626.020392 451.64518 471.007922 465.479388 422.490459 368.657943 342.505916 211.900226 203.59595 179.181446
343.086672 202.662332 256.333616 208.26779 161.472534 174.596022 230.343038 227.40068 265.477437 344.321703 455.637914 463.847834 420.786975 377.695371 346.798489 354.533094 347.992454 377.907586 566.863693 451.142121 444.582514 491.64835 527.611077 484.812965 502.543873 415.631443 383.118633 376.508234 445.600535 573.81174 656.260719 731.595577 1142.076982 1688.467648 1695.252546 1690.210351 2211.388423 1953.577299 1614.368615 1485.760754 1432.062416 1034.285871 936.562028 1145.55546 1179.1753 1161.970947 1128.221371 1192.066729 1254.048711 1157.499763 1021.116011 948.61275 892.773569 862.25837 827.211278 823.68559 727.569514 655.989321 583.548478 512.907726 474.920986 410.091065 379.931831 360.169806 259.909678 211.049137 232.809135 156.751881 150.82725
1681.566901 202.719129 337.927532 220.816926 165.993847 158.27286 183.850653 213.870665 240.369943 295.14311 337.897085 448.160277 478.41656 430.621568 408.052004 432.067523 364.329236 355.297236 358.243461 379.530021 365.445829 366.693458 426.69569 406.365455 358.755619 431.671012 463.521011 521.930309 610.598639 628.884131 655.091246 689.897098 1315.585463 1448.60807 1805.766745 2306.089892 2265.072243 2057.041016 1713.841113 1489.472286 1385.191187 1391.308365 1255.318683 1178.018659 1194.548575 1186.986796 1160.516938 1249.588681 1176.938791 1127.059615 1159.356293 974.726443 902.781026 828.940479 831.545484 757.827952 686.082231 658.136421 582.603329 460.211662 359.19352 336.776132 336.930395 250.190754 186.682839 107.558253 97.248009 96.399585 95.833987
405.492812 249.665818 367.818752 248.838506 184.018751 185.410491 178.323039 208.077259 264.972159 267.26704 312.675793 385.364357 404.584857 390.993658 388.411966 432.156369 412.84686 391.205122 368.28285 374.43096 389.010734 392.541247 375.180826 349.747736 383.666093 528.851314 521.967661 563.40663 532.163964 581.4243 620.414723 697.602875 1253.638665 1245.268218 1759.739014 2473.467034 2577.418234 2052.834077 1873.120053 1540.682185 1415.988165 1388.90387 1286.316914 1300.994544 1260.747521 1151.035636 948.10382 1020.259123 1095.494979 1139.867585 1051.630909 962.385529 923.792779 790.112433 764.185937 694.226335 675.461549 571.203701 488.727996 415.517141 369.050951 339.583602 256.984563 190.867884 133.085659 93.583831 57.946307 33.976317 33.031486
401.215 308.41366 258.711846 276.092541 203.460978 220.352341 244.976913 265.531011 305.642345 402.753199 436.427812 427.324371 465.144542 414.591618 415.32384 404.313228 422.673481 421.207085 428.87761 418.835887 416.116859 399.268455 377.397303 390.914625 395.057694 481.49825 554.821617 520.760049 355.707144 366.951913 415.553809 605.534032 843.760995 1337.555962 1817.971186 1616.605702 1511.661841 1963.350926 1769.396492 1674.101095 1499.907034 1380.929827 1232.203326 1193.192974 980.927833 925.507864 958.139302 1055.926737 918.468527 987.65938 944.161698 903.775547 848.257925 788.028817 750.223293 673.558876 567.79089 530.265341 461.939243 410.091106 349.768844 290.285215 229.015771 143.822237 86.675482 55.691606 28.041767 30.958635 33.970244
316.811971 388.651282 219.814959 267.166101 205.9524 192.120186 303.088631 313.393766 281.974552 293.401839 298.648101 375.524992 416.013716 418.490665 489.014807 436.113357 573.164314 437.906945 438.080523 421.148997 419.874748 418.134812 567.681642 473.231513 382.021645 448.783975 472.925883 340.380109 306.630123 358.111345 374.810224 388.792353 1106.377412 1225.813745 1431.352116 1394.236212 1574.773886 1366.996211 1762.055085 1608.495365 1481.259011 1396.436849 1225.826452 1121.296097 1102.704609 956.41436 835.772216 857.835074 915.974068 994.193908 993.52304 976.755388 792.348501 726.764837 687.914361 619.262775 560.821248 537.029853 448.935169 382.415112 328.487805 173.21819 143.918877 124.074136 93.583916 69.662324 28.689364 49.412219 66.04245
347.08361 241.204587 193.934243 250.045478 224.837405 225.245218 313.93272 327.708855 261.758189 247.492234 252.680901 303.898494 408.002466 423.699145 422.582119 436.156587 603.646215 590.816621 576.049011 555.245606 469.580947 1255.330401 705.09643 488.252566 401.31838 421.019976 386.945926 351.370384 337.139111 301.127994 324.837137 375.506766 399.854895 1081.20003 999.74023 1673.758432 1554.124499 1863.966003 1667.751978 1519.887556 1421.235207 1252.300638 1231.47191 1196.5644 957.497181 918.414552 876.331801 820.22197 918.103015 946.066294 1021.713961 986.103681 750.014358 763.563996 683.089445 640.718016 633.580603 527.051232 410.6636 253.149924 150.028731 160.090067 147.515347 136.638505 120.036063 97.215024 83.315164 86.676973 93.654109
