STOTEN_Data/raw/Age_yrs_800ft.asc
ncols         250
nrows         718
xllcorner     -2256000
yllcorner     1557000
cellsize      1000
NODATA_value  -9999
[rows 186 to 216 of 718, columns 69 to 137 of 250]
142.91228 209.539666 489.838904 693.007179 751.911458 603.968813 563.619312 545.985088 751.56818 795.154162 822.376263 794.934758 752.640848 725.24387 634.185248 525.187244 456.300136 389.999795 360.030662 392.959432 380.221924 374.801311 399.14285 454.237595 498.863697 412.595069 301.903654 219.942241 186.690927 192.661415 145.796816 158.891318 153.320655 179.908514 52.501027 52.501027 87.8987 -9999 -9999 -9999 -9999 -9999 -9999 -9999 -9999 -9999 -9999 -9999 -9999 -9999 -9999 -9999 -9999 -9999 -9999 -9999 -9999 -9999 -9999 -9999 -9999 -9999 -9999 -9999 -9999 -9999 -9999 -9999 -9999
149.638965 182.282123 440.388508 693.522629 862.431102 759.265114 720.632461 751.895145 829.925945 836.35249 823.075382 794.979897 736.720533 725.242493 644.409489 547.824377 542.673262 400.50057 400.177574 424.015392 426.821573 423.548352 457.237837 518.375948 401.007118 284.304456 224.176688 125.399882 104.194739 93.028653 73.406815 58.83471 44.725658 69.087195 117.631759 52.501027 39.889564 39.889564 -9999 -9999 -9999 -9999 -9999 -9999 -9999 -9999 -9999 -9999 -9999 -9999 -9999 -9999 -9999 -9999 -9999 -9999 -9999 -9999 -9999 -9999 -9999 -9999 -9999 -9999 -9999 -9999 -9999 -9999 -9999
153.497176 216.578692 159.409277 693.837568 821.394487 928.018391 710.631956 862.020311 788.825258 888.361234 853.099928 794.759251 732.673608 700.77106 655.304779 547.887697 446.205168 416.667679 462.836188 466.186827 472.989372 456.400777 516.909246 454.07221 216.206769 123.894251 76.597689 77.300242 85.671055 79.131172 36.759795 31.584168 28.745356 51.435232 99.15636 25.810475 41.750809 -9999 -9999 -9999 -9999 -9999 -9999 -9999 -9999 -9999 -9999 -9999 -9999 -9999 -9999 -9999 -9999 -9999 -9999 -9999 -9999 -9999 -9999 -9999 -9999 -9999 -9999 -9999 -9999 -9999 -9999 -9999 -9999
160.064311 156.904659 147.663296 667.923618 941.850143 962.748228 865.490513 872.230827 915.454156 896.497954 875.253528 802.990948 734.968024 708.835679 620.925133 580.897983 452.912307 446.552395 509.487469 495.776335 503.490751 525.010267 483.574652 207.089026 107.06478 86.650619 73.205056 51.827219 75.445919 48.649147 36.36851 32.702696 32.332647 60.516348 119.601382 43.682833 56.70335 -9999 -9999 -9999 -9999 -9999 -9999 -9999 -9999 -9999 -9999 -9999 -9999 -9999 -9999 -9999 -9999 -9999 -9999 -9999 -9999 -9999 -9999 -9999 -9999 -9999 -9999 -9999 -9999 -9999 -9999 -9999 -9999
218.0233 157.626804 153.294096 490.179474 1070.382294 1063.828064 917.273187 930.234122 918.16183 931.750809 845.828327 797.633158 789.41531 710.402022 599.234082 629.220502 467.043924 532.094522 761.332168 628.969822 596.734378 522.910807 228.878525 123.041713 96.639271 61.851775 56.856524 49.476289 62.547553 53.283105 46.994671 42.971056 43.610081 90.43689 117.055387 4.62423 4.62423 -9999 -9999 -9999 -9999 -9999 -9999 -9999 -9999 -9999 -9999 -9999 -9999 -9999 -9999 -9999 -9999 -9999 -9999 -9999 -9999 -9999 -9999 -9999 -9999 -9999 -9999 -9999 -9999 -9999 -9999 -9999 -9999
234.137552 174.061906 163.705506 529.24213 1140.053817 1176.040897 1141.474379 972.588756 1004.270595 925.229865 846.165189 827.127245 735.852742 764.705212 700.429504 564.235154 486.644815 643.452365 832.070037 642.299478 622.873565 359.708093 149.204259 96.418274 72.99119 66.406754 66.654441 76.574821 72.75312 71.969351 61.516471 54.369642 86.12851 77.379312 140.967374 117.622633 -9999 -9999 -9999 -9999 -9999 -9999 -9999 -9999 -9999 -9999 -9999 -9999 -9999 -9999 -9999 -9999 -9999 -9999 -9999 -9999 -9999 -9999 -9999 -9999 -9999 -9999 -9999 -9999 -9999 -9999 -9999 -9999 -9999
306.359378 222.082348 183.876831 577.127319 1209.581913 1138.994564 1034.298555 1035.498089 972.751305 940.179521 875.897056 775.037208 736.050031 769.614418 742.06787 637.251451 556.287175 835.303698 794.02029 756.014261 538.053569 172.776671 126.23987 96.281982 86.330935 82.247994 85.617146 93.179496 86.970878 80.006853 76.065513 59.97901 84.576774 177.751303 177.406901 -9999 -9999 -9999 -9999 -9999 -9999 -9999 -9999 -9999 -9999 -9999 -9999 -9999 -9999 -9999 -9999 -9999 -9999 -9999 -9999 -9999 -9999 -9999 -9999 -9999 -9999 -9999 -9999 -9999 -9999 -9999 -9999 -9999 -9999
341.367096 347.751895 308.936075 1203.56683 1269.204342 1205.712728 1014.338763 963.3424 998.165972 937.571719 838.431341 704.869219 728.651735 746.044898 742.773611 667.115707 672.16253 1034.863811 771.923634 680.870757 370.129651 159.476057 128.92558 113.707673 109.466818 113.123304 119.672355 116.679224 109.811629 106.119197 96.452104 89.68969 127.086471 375.901124 267.181672 -9999 -9999 -9999 -9999 -9999 -9999 -9999 -9999 -9999 -9999 -9999 -9999 -9999 -9999 -9999 -9999 -9999 -9999 -9999 -9999 -9999 -9999 -9999 -9999 -9999 -9999 -9999 -9999 -9999 -9999 -9999 -9999 -9999 -9999
340.661296 309.88208 719.070586 1269.68892 1273.277989 1235.299234 1070.1035 961.505783 998.35219 908.59783 809.164656 704.153396 738.572825 701.716738 697.186543 725.250881 859.14427 942.19393 969.427279 565.522501 256.063063 152.534839 149.331397 142.523874 145.996558 149.212951 142.791906 139.528872 136.310693 126.89016 119.748921 122.699397 162.92658 386.119097 343.860462 323.083685 -9999 -9999 -9999 -9999 -9999 -9999 -9999 -9999 -9999 -9999 -9999 -9999 -9999 -9999 -9999 -9999 -9999 -9999 -9999 -9999 -9999 -9999 -9999 -9999 -9999 -9999 -9999 -9999 -9999 -9999 -9999 -9999 -9999
348.408203 479.319169 794.534748 1418.659085 1365.361562 1355.753532 1098.1334 959.512857 1001.360092 904.474996 809.08649 735.159243 796.46799 826.546855 750.372807 759.006082 1032.307184 931.942075 744.078753 524.595026 216.269791 160.310227 163.346813 176.257512 179.413798 167.111818 165.588066 159.301655 156.583262 152.801666 145.863564 146.791271 179.657126 397.241048 478.758841 30 -9999 -9999 -9999 -9999 -9999 -9999 -9999 -9999 -9999 -9999 -9999 -9999 -9999 -9999 -9999 -9999 -9999 -9999 -9999 -9999 -9999 -9999 -9999 -9999 -9999 -9999 -9999 -9999 -9999 -9999 -9999 -9999 -9999
385.339603 703.873666 1334.104939 1427.690015 1469.656936 1393.752765 1147.256199 960.226325 972.536926 904.50059 806.109582 798.919303 831.329189 793.240022 759.102732 896.966866 1210.763083 1044.556058 698.595077 525.010267 192.826639 179.686216 205.966892 206.701205 213.092436 205.02597 199.229463 188.909392 188.987134 179.865783 160.072395 172.973646 200.920109 449.313256 432.059665 346.683857 41.826527 -9999 -9999 -9999 -9999 -9999 -9999 -9999 -9999 -9999 -9999 -9999 -9999 -9999 -9999 -9999 -9999 -9999 -9999 -9999 -9999 -9999 -9999 -9999 -9999 -9999 -9999 -9999 -9999 -9999 -9999 -9999 -9999
883.033366 1149.922402 1688.93501 1565.257156 1703.257837 1393.279571 1196.963745 964.088325 1006.867694 942.390573 897.299623 837.332391 868.115995 786.891806 832.066078 1064.523613 1128.80002 962.78596 565.414202 450.08415 213.037781 205.981396 239.654229 246.199076 246.884399 246.444522 233.214429 229.759168 229.78047 219.851412 189.861676 206.983223 301.039546 413.064959 560.011881 661.575064 41.637951 30 30 -9999 -9999 -9999 -9999 -9999 -9999 -9999 -9999 -9999 -9999 -9999 -9999 -9999 -9999 -9999 -9999 -9999 -9999 -9999 -9999 -9999 -9999 -9999 -9999 -9999 -9999 -9999 -9999 -9999 -9999
1563.675497 1542.842427 1773.35395 2034.416538 2070.017969 1409.80836 1249.916215 963.540373 1032.332815 938.835901 899.018321 868.883626 941.715183 863.841169 903.271786 1266.126624 1174.92311 869.056824 535.765457 340.796733 243.308583 255.641177 279.59182 279.725676 280.229234 282.832468 306.807162 302.367156 300.11526 259.468382 235.86359 223.096159 425.97774 382.633247 808.18104 877.789484 40.821854 41.635205 -9999 30 -9999 -9999 -9999 -9999 -9999 -9999 -9999 -9999 -9999 -9999 -9999 -9999 -9999 -9999 -9999 -9999 -9999 -9999 -9999 -9999 -9999 -9999 -9999 -9999 -9999 -9999 -9999 -9999 -9999
2305.783413 2199.95025 2459.182925 2603.433818 2361.769268 1685.647289 1354.164078 1018.912627 1065.759702 946.353036 964.571422 861.819355 907.016263 899.968428 1035.044024 1398.029139 1402.524755 668.492387 525.010267 298.939212 271.993468 281.754222 313.008851 313.436654 315.670267 345.305623 357.019566 363.033481 342.512913 313.702435 272.997395 255.074038 498.470434 416.28272 422.786532 2157.515373 47.663244 7.0711 4.5859 4.5859 -9999 -9999 -9999 -9999 -9999 -9999 -9999 -9999 -9999 -9999 -9999 -9999 -9999 -9999 -9999 -9999 -9999 -9999 -9999 -9999 -9999 -9999 -9999 -9999 -9999 -9999 -9999 -9999 -9999
2601.850568 3291.645366 2970.061006 2909.561016 2605.860353 1805.467979 1383.111496 1010.226986 1098.100427 1006.137025 934.936226 930.828472 1033.781289 969.299659 1263.090641 1336.08408 993.259387 591.92364 495.624644 300.272047 291.28784 302.048589 315.70148 345.989737 376.713314 411.293588 448.63556 451.681497 370.496875 348.99051 298.395363 292.028165 496.69731 525.010267 511.660338 217.794876 206.388319 7.0711 4.5859 4.5859 30 -9999 -9999 -9999 -9999 -9999 -9999 -9999 -9999 -9999 -9999 -9999 -9999 -9999 -9999 -9999 -9999 -9999 -9999 -9999 -9999 -9999 -9999 -9999 -9999 -9999 -9999 -9999 -9999
3492.174072 3461.724787 3269.569145 2978.418549 2576.369752 1830.811681 1459.929136 1063.664615 1011.934634 1080.051519 979.33645 970.612822 1034.964451 1099.223142 1460.900945 1426.733995 762.106313 558.52286 481.921024 313.636451 308.544974 314.065174 328.642736 343.236249 389.887313 440.62537 433.507685 468.346064 402.928376 376.912939 352.651952 337.212905 488.645128 286.215428 197.55024 214.992289 159.209206 27.586585 7.748118 7.748118 -9999 -9999 -9999 -9999 -9999 -9999 -9999 -9999 -9999 -9999 -9999 -9999 -9999 -9999 -9999 -9999 -9999 -9999 -9999 -9999 -9999 -9999 -9999 -9999 -9999 -9999 -9999 -9999 -9999
3522.5189 3317.315522 3058.965201 2952.813476 1820.816853 1767.683198 1306.527091 1109.192479 1111.082812 1132.775799 859.253434 1074.760669 1075.5626 1230.989009 1539.440347 1248.412492 751.386849 558.522802 498.680406 339.200144 332.992421 343.548584 339.899469 366.353765 425.655197 440.306503 446.287432 475.882282 485.011038 462.543164 401.978997 412.825768 260.678348 173.112622 135.419643 135.852156 152.754087 30.502396 13.585216 30 -9999 -9999 -9999 -9999 -9999 -9999 -9999 -9999 -9999 -9999 -9999 -9999 -9999 -9999 -9999 -9999 -9999 -9999 -9999 -9999 -9999 -9999 -9999 -9999 -9999 -9999 -9999 -9999 -9999
3099.449821 1413.037028 1359.237541 1137.900255 257.357639 1259.102994 1397.487788 1271.624879 1239.041974 1143.680736 920.427859 956.246423 1167.454595 1425.285316 1593.751216 1072.586785 700.942551 563.579996 536.180745 419.470733 361.485197 367.623221 368.909161 381.195641 413.099175 433.528903 458.097675 462.234888 465.297749 450.337315 459.670088 479.464521 190.18995 159.307165 156.626988 165.906239 185.165865 117.688726 107.717316 30 -9999 -9999 -9999 -9999 -9999 -9999 -9999 -9999 -9999 -9999 -9999 -9999 -9999 -9999 -9999 -9999 -9999 -9999 -9999 -9999 -9999 -9999 -9999 -9999 -9999 -9999 -9999 -9999 -9999
1242.438367 743.049284 451.880021 430.193744 386.260135 235.91926 1103.819585 1306.302226 1335.961482 1042.934784 1076.783912 1170.265996 1296.110705 1600.9416 1635.760141 1006.05328 694.430669 658.727444 547.351129 442.867746 410.318968 407.106435 393.584111 411.617138 442.315714 428.908662 442.829863 441.362825 429.991217 453.491349 483.053372 370.169737 212.038579 172.748926 156.441724 175.973632 29.749487 29.418469 107.611527 -9999 -9999 -9999 -9999 -9999 -9999 -9999 -9999 -9999 -9999 -9999 -9999 -9999 -9999 -9999 -9999 -9999 -9999 -9999 -9999 -9999 -9999 -9999 -9999 -9999 -9999 -9999 -9999 -9999 -9999
768.617083 622.104552 576.940297 624.478149 396.955556 273.499062 828.153805 1328.707613 1426.469679 1171.395647 1394.245573 1300.869239 1425.31879 1757.5514 1653.777618 997.254946 752.658637 658.726904 568.878313 533.356687 434.35571 444.590933 422.798732 444.534732 438.35165 431.969633 442.255033 422.054335 435.305862 485.847693 525.010267 282.596317 176.588383 158.963112 206.05431 326.661248 29.035971 29.035971 34.625599 96.451734 -9999 -9999 -9999 -9999 -9999 -9999 -9999 -9999 -9999 -9999 -9999 -9999 -9999 -9999 -9999 -9999 -9999 -9999 -9999 -9999 -9999 -9999 -9999 -9999 -9999 -9999 -9999 -9999 -9999
624.897789 673.28134 583.232576 622.713 403.47589 319.672577 817.442825 1064.473406 1359.816533 1389.652488 1079.947084 1429.100237 1594.410712 1866.236598 1576.167508 1026.430466 852.315134 687.484232 658.726899 536.180698 472.33491 470.660791 440.656992 454.780522 457.216723 458.449767 454.549797 455.098831 466.753071 519.392441 408.782111 225.362884 189.657001 230.550538 346.436846 396.632444 15.624914 4.5859 11.748118 96.417505 -9999 -9999 -9999 -9999 -9999 -9999 -9999 -9999 -9999 -9999 -9999 -9999 -9999 -9999 -9999 -9999 -9999 -9999 -9999 -9999 -9999 -9999 -9999 -9999 -9999 -9999 -9999 -9999 -9999
671.295753 674.032086 587.65532 618.51978 536.775555 377.265457 313.198357 1376.150186 1135.34726 1460.201839 1461.894731 1562.178976 1736.228328 1926.189401 1327.995614 1032.308757 958.709582 702.454033 625.325791 558.522813 571.346488 585.018399 574.104206 594.72661 586.238439 521.51108 497.374845 462.909986 482.936891 525.010267 385.463504 336.232573 397.372661 512.762948 506.639288 50.663929 50.663929 4.5859 4.5859 30 -9999 -9999 -9999 -9999 -9999 -9999 -9999 -9999 -9999 -9999 -9999 -9999 -9999 -9999 -9999 -9999 -9999 -9999 -9999 -9999 -9999 -9999 -9999 -9999 -9999 -9999 -9999 -9999 -9999
744.593888 741.257161 660.244568 629.130741 619.208114 1306.074549 434.249473 379.11161 341.475649 1174.969909 1185.06556 1728.39006 1868.628443 2134.30458 1316.261444 1102.562673 1059.559094 747.320084 638.612346 603.06175 657.11278 640.401793 665.208591 673.458596 689.370958 652.048953 519.015448 477.313704 518.207862 451.774412 617.874957 654.86255 907.670634 1051.779571 1131.384015 2492.556979 25.791923 25.791923 155.522601 -9999 -9999 -9999 -9999 -9999 -9999 -9999 -9999 -9999 -9999 -9999 -9999 -9999 -9999 -9999 -9999 -9999 -9999 -9999 -9999 -9999 -9999 -9999 -9999 -9999 -9999 -9999 -9999 -9999 -9999
936.038642 723.151589 687.405573 639.3576 645.754973 541.877425 447.551205 383.982036 273.552441 265.890656 814.600437 957.895099 2128.269758 1883.515594 1353.152664 1229.145873 991.923348 750.995236 666.881465 688.268253 765.739889 758.793963 736.055728 769.247045 704.351085 699.972639 601.146267 497.094033 581.219074 465.327592 472.297331 1241.76242 1407.822848 1844.070272 307.780059 321.373488 25.791923 9.791923 9.791923 -9999 -9999 -9999 -9999 -9999 -9999 -9999 -9999 -9999 -9999 -9999 -9999 -9999 -9999 -9999 -9999 -9999 -9999 -9999 -9999 -9999 -9999 -9999 -9999 -9999 -9999 -9999 -9999 -9999 -9999
1005.718687 796.622462 658.507871 512.691299 580.992542 529.033613 440.84503 296.110586 217.021663 179.877228 313.427473 316.904979 1064.104483 1939.966632 1378.025693 1324.418192 889.294173 830.472854 725.159199 794.525464 806.906424 839.887959 835.457264 776.805857 743.131888 672.771464 590.215209 592.382405 544.728854 580.194745 517.888528 394.095307 286.937404 230.820465 307.457767 317.939397 2250.459247 29.875428 9.791923 -9999 -9999 -9999 -9999 -9999 -9999 -9999 -9999 -9999 -9999 -9999 -9999 -9999 -9999 -9999 -9999 -9999 -9999 -9999 -9999 -9999 -9999 -9999 -9999 -9999 -9999 -9999 -9999 -9999 -9999
893.678843 666.822899 675.137927 675.141514 657.012903 583.836455 492.989968 307.902072 201.869478 141.802281 130.591234 211.809322 278.615377 1914.272771 1493.618359 1358.523257 958.521565 891.716812 758.385168 820.7028 901.328381 923.850104 870.056312 830.928757 711.483727 680.013106 630.28399 596.044395 569.586019 552.759875 1445.220193 490.412959 330.463033 447.284716 354.450649 290.247214 52.501027 29.875428 4.62423 -9999 -9999 -9999 -9999 -9999 -9999 -9999 -9999 -9999 -9999 -9999 -9999 -9999 -9999 -9999 -9999 -9999 -9999 -9999 -9999 -9999 -9999 -9999 -9999 -9999 -9999 -9999 -9999 -9999 -9999
896.959057 675.137927 623.29997 675.139199 638.886607 526.719392 396.278248 265.259217 185.571505 142.553504 122.482786 157.431696 214.073648 1481.14917 1629.628593 1428.126284 1015.85562 937.016399 928.050874 873.600669 939.12659 876.214301 868.543989 774.323164 723.889215 718.483224 650.420686 886.652694 586.225877 563.139304 525.010267 529.769437 512.692525 503.133126 444.814148 266.545824 251.209136 38.625599 4.62423 5.70705 -9999 -9999 -9999 -9999 -9999 -9999 -9999 -9999 -9999 -9999 -9999 -9999 -9999 -9999 -9999 -9999 -9999 -9999 -9999 -9999 -9999 -9999 -9999 -9999 -9999 -9999 -9999 -9999 -9999
1101.508836 696.875733 695.810574 645.520715 606.200671 675.140159 524.937026 271.770694 198.045393 150.557291 129.628301 129.628301 208.083084 357.283429 1765.13738 1549.502944 1089.999942 1076.740642 946.946759 972.962054 1012.812577 908.399977 863.944438 804.696764 757.142723 731.418297 680.437712 708.428136 656.019598 1309.053623 597.659288 631.687928 1325.233619 1566.908481 638.250561 119.031236 97.494867 35.705681 15.705681 5.70705 30 -9999 -9999 -9999 -9999 -9999 -9999 -9999 -9999 -9999 -9999 -9999 -9999 -9999 -9999 -9999 -9999 -9999 -9999 -9999 -9999 -9999 -9999 -9999 -9999 -9999 -9999 -9999 -9999
1168.468728 981.003911 868.886548 647.85567 624.327447 750.205104 520.219283 295.417474 238.592771 167.040793 133.441811 133.400657 219.611374 273.976814 1953.073788 1585.441214 1176.49592 1110.769916 918.001703 1072.228999 1070.445086 942.535229 891.279213 826.598617 835.97213 793.303695 798.843488 729.253806 754.944228 603.453296 601.058197 697.41672 5250 1989.899526 2111.085671 2546.773401 96.249144 43.705681 27.586585 13.585216 13.585216 -9999 -9999 -9999 -9999 -9999 -9999 -9999 -9999 -9999 -9999 -9999 -9999 -9999 -9999 -9999 -9999 -9999 -9999 -9999 -9999 -9999 -9999 -9999 -9999 -9999 -9999 -9999 -9999
1911.29641 1208.506147 973.401601 648.591711 627.643897 632.873773 477.480567 355.430823 254.237858 176.642881 149.348964 142.788195 243.451886 315.915954 1942.090569 1308.409353 1351.448779 1012.707187 1099.871663 1192.541071 1047.196791 1030.935496 935.59123 958.527327 893.744078 868.773979 802.763967 808.633181 758.945377 667.874023 726.222216 910.233576 2015.221328 1290.944848 1207.557331 960.019705 136.712706 136.646133 40.66256 13.585216 13.585216 -9999 -9999 -9999 -9999 -9999 -9999 -9999 -9999 -9999 -9999 -9999 -9999 -9999 -9999 -9999 -9999 -9999 -9999 -9999 -9999 -9999 -9999 -9999 -9999 -9999 -9999 -9999 -9999
1461.451361 1463.303662 1149.753642 755.706058 679.71541 618.442906 533.896989 410.337023 320.102844 242.175116 172.931993 149.337156 189.316229 343.15109 2000.906483 1404.152407 1303.251968 1007.504427 1087.813258 1195.444426 1149.522226 1072.414456 1069.549959 940.070529 973.451103 1030.127579 1004.163913 1205.029512 799.598644 870.624712 1079.070638 1621.589078 762.060797 574.642718 613.4103 580.311751 135.871662 145.87269 145.87269 27.586585 27.586585 -9999 -9999 -9999 -9999 -9999 -9999 -9999 -9999 -9999 -9999 -9999 -9999 -9999 -9999 -9999 -9999 -9999 -9999 -9999 -9999 -9999 -9999 -9999 -9999 -9999 -9999 -9999 -9999
