STOTEN_Data/raw/Age_yrs_900ft.asc
ncols         250
nrows         718
xllcorner     -2256000
yllcorner     1557000
cellsize      1000
NODATA_value  -9999
[rows 186 to 216 of 718, columns 69 to 137 of 250]
159.316369 256.938923 878.458651 1008.845815 1000.689547 854.391367 818.524123 741.887544 894.031787 894.599543 864.464141 825.52121 750.987825 697.067656 614.965237 497.034196 430.613559 396.611398 389.745835 415.628544 396.868382 396.435445 385.997623 421.152837 477.349617 441.958001 361.256076 283.283329 223.029314 232.802501 153.52129 188.531229 189.802816 188.038389 52.501027 52.501027 87.8987 -9999 -9999 -9999 -9999 -9999 -9999 -9999 -9999 -9999 -9999 -9999 -9999 -9999 -9999 -9999 -9999 -9999 -9999 -9999 -9999 -9999 -9999 -9999 -9999 -9999 -9999 -9999 -9999 -9999 -9999 -9999 -9999
165.890246 226.385572 843.109011 1011.555374 1035.028354 974.728796 875.928088 865.08812 924.422232 837.219361 863.11042 825.594532 744.535272 649.203728 599.82186 491.007964 439.952354 420.328339 437.860472 444.22886 443.594399 433.948123 433.338941 517.934984 460.254778 357.891514 270.880876 203.720298 133.521692 106.10485 79.053107 72.126435 77.246248 121.286912 144.298426 52.501027 39.889564 39.889564 -9999 -9999 -9999 -9999 -9999 -9999 -9999 -9999 -9999 -9999 -9999 -9999 -9999 -9999 -9999 -9999 -9999 -9999 -9999 -9999 -9999 -9999 -9999 -9999 -9999 -9999 -9999 -9999 -9999 -9999 -9999
209.553005 267.556865 608.303291 974.972935 1051.673316 1002.95133 861.262178 958.66537 891.686022 932.131581 862.372771 816.879111 708.749909 701.603417 637.464392 497.684479 454.016208 450.778291 483.941609 572.682146 487.440149 470.238349 519.074057 481.600645 309.474275 207.317439 90.114447 103.881386 110.432869 83.70505 44.701982 37.30274 38.00978 95.420109 160.53044 25.810475 41.750809 -9999 -9999 -9999 -9999 -9999 -9999 -9999 -9999 -9999 -9999 -9999 -9999 -9999 -9999 -9999 -9999 -9999 -9999 -9999 -9999 -9999 -9999 -9999 -9999 -9999 -9999 -9999 -9999 -9999 -9999 -9999 -9999
209.764094 241.948945 251.608076 846.790814 1076.366097 1042.698045 998.85516 972.155906 985.124192 935.526114 844.989721 821.711426 708.419141 739.003934 640.846224 500.07794 472.660845 525.238235 564.498197 559.115154 707.129835 536.380808 492.319523 281.015475 153.893228 95.90083 80.219147 71.576924 93.307821 55.262373 42.421633 37.359706 39.753658 80.061173 159.919656 43.682833 56.70335 -9999 -9999 -9999 -9999 -9999 -9999 -9999 -9999 -9999 -9999 -9999 -9999 -9999 -9999 -9999 -9999 -9999 -9999 -9999 -9999 -9999 -9999 -9999 -9999 -9999 -9999 -9999 -9999 -9999 -9999 -9999 -9999
264.565466 169.052241 160.225698 925.111699 1199.687155 1138.962673 976.605928 1004.070504 963.526609 935.348944 837.976085 793.251465 797.403522 739.319397 621.577748 504.532613 526.389956 604.952786 859.421873 627.163165 597.006009 534.29637 316.749865 146.307209 106.742354 73.626939 65.673956 70.112742 68.930263 59.575235 52.51237 46.415702 52.631689 95.579341 166.554492 4.62423 4.62423 -9999 -9999 -9999 -9999 -9999 -9999 -9999 -9999 -9999 -9999 -9999 -9999 -9999 -9999 -9999 -9999 -9999 -9999 -9999 -9999 -9999 -9999 -9999 -9999 -9999 -9999 -9999 -9999 -9999 -9999 -9999 -9999
273.688689 181.257487 173.550725 904.74284 1364.027207 1176.165445 1097.41195 1035.055645 946.351701 903.634402 842.803092 827.4397 793.029372 766.337958 668.865611 565.272233 544.056296 759.791349 892.037758 683.653258 631.481379 429.893139 149.204122 112.905268 80.591069 76.138055 76.246075 80.205302 76.012313 75.017814 69.568669 60.908485 92.717851 107.001082 193.332865 173.554779 -9999 -9999 -9999 -9999 -9999 -9999 -9999 -9999 -9999 -9999 -9999 -9999 -9999 -9999 -9999 -9999 -9999 -9999 -9999 -9999 -9999 -9999 -9999 -9999 -9999 -9999 -9999 -9999 -9999 -9999 -9999 -9999 -9999
337.327546 322.320814 575.632975 941.971827 1407.998319 1169.74563 1078.622996 961.123023 908.701385 902.971377 871.670152 795.659919 794.174902 771.911961 671.541117 664.394549 638.178209 901.226582 883.999313 779.483242 549.689981 220.294877 132.886993 103.423635 92.530994 89.191343 95.320532 96.654884 92.870081 83.3319 76.603541 52.459959 117.836927 204.012726 196.577292 -9999 -9999 -9999 -9999 -9999 -9999 -9999 -9999 -9999 -9999 -9999 -9999 -9999 -9999 -9999 -9999 -9999 -9999 -9999 -9999 -9999 -9999 -9999 -9999 -9999 -9999 -9999 -9999 -9999 -9999 -9999 -9999 -9999 -9999
405.880779 508.259287 733.724728 1344.195655 1268.974508 1268.468538 1092.573125 971.756063 906.48948 900.581987 869.367306 764.051727 759.647224 776.756432 672.180392 697.053847 788.310622 1104.752417 829.056207 680.873702 452.962624 166.129315 128.961138 113.89782 113.358454 116.655982 123.053011 119.708928 113.25246 106.555133 99.192335 93.246608 136.938179 400.522658 289.904915 -9999 -9999 -9999 -9999 -9999 -9999 -9999 -9999 -9999 -9999 -9999 -9999 -9999 -9999 -9999 -9999 -9999 -9999 -9999 -9999 -9999 -9999 -9999 -9999 -9999 -9999 -9999 -9999 -9999 -9999 -9999 -9999 -9999 -9999
394.272974 567.391135 1234.243554 1516.67124 1338.515919 1330.266442 1146.174468 1022.686564 905.041094 937.136735 844.674283 761.723481 793.193824 768.264546 697.371866 753.427383 957.356824 940.983306 989.705571 568.437847 355.75081 156.179395 139.562642 138.00627 143.552724 146.913358 142.9662 139.435868 135.891317 126.457619 119.066945 132.8955 176.263224 322.998758 291.553996 338.034338 -9999 -9999 -9999 -9999 -9999 -9999 -9999 -9999 -9999 -9999 -9999 -9999 -9999 -9999 -9999 -9999 -9999 -9999 -9999 -9999 -9999 -9999 -9999 -9999 -9999 -9999 -9999 -9999 -9999 -9999 -9999 -9999 -9999
392.904564 867.601849 1143.873055 1469.63989 1431.403838 1395.649357 1192.359538 1028.618473 901.084288 937.051965 872.197952 765.193053 824.369357 752.839371 758.090686 796.780785 1100.35596 967.604266 750.479781 524.595026 326.32274 163.550826 156.594211 166.606718 170.190611 166.750796 163.114564 159.197206 156.385919 149.46694 145.863566 153.36632 190.059076 383.750856 403.340178 30 -9999 -9999 -9999 -9999 -9999 -9999 -9999 -9999 -9999 -9999 -9999 -9999 -9999 -9999 -9999 -9999 -9999 -9999 -9999 -9999 -9999 -9999 -9999 -9999 -9999 -9999 -9999 -9999 -9999 -9999 -9999 -9999 -9999
855.362262 1144.912537 1498.146516 1530.60746 1536.929647 1523.504733 1226.777618 1033.158997 903.480658 937.268115 868.78439 835.056004 858.553672 761.244622 796.566792 962.025419 1272.475888 1081.489544 746.14201 525.010267 228.76654 179.48889 176.424213 189.012376 202.8287 198.784672 192.225717 183.126082 180.045704 176.377623 160.221569 179.486471 241.288364 395.913124 536.190623 467.406233 41.826527 -9999 -9999 -9999 -9999 -9999 -9999 -9999 -9999 -9999 -9999 -9999 -9999 -9999 -9999 -9999 -9999 -9999 -9999 -9999 -9999 -9999 -9999 -9999 -9999 -9999 -9999 -9999 -9999 -9999 -9999 -9999 -9999
1427.110738 1668.353809 1631.726979 1665.873355 1901.041487 1540.910275 1275.165988 1063.512303 908.886425 971.676706 933.501371 878.302635 795.754823 792.926346 871.177809 1163.488027 1168.951506 1037.142862 557.412321 505.95287 252.249702 205.844212 213.338801 225.70955 229.97069 229.560376 222.849206 220.076883 219.229409 209.148891 193.174302 216.416047 412.874646 422.952246 634.830226 699.105199 41.637951 30 30 -9999 -9999 -9999 -9999 -9999 -9999 -9999 -9999 -9999 -9999 -9999 -9999 -9999 -9999 -9999 -9999 -9999 -9999 -9999 -9999 -9999 -9999 -9999 -9999 -9999 -9999 -9999 -9999 -9999 -9999
1569.155781 2098.946474 1901.448116 2305.080294 2199.190944 1571.242585 1303.465694 1062.893261 959.118712 974.244204 935.159095 940.26328 837.64511 870.822786 990.660877 1360.589043 1301.785074 923.607132 547.390773 415.547316 246.396721 245.133747 259.349594 255.336174 266.056299 268.796803 286.677229 282.689196 285.840891 252.450362 243.462598 249.788769 449.314942 412.502656 851.313615 944.909133 40.821854 41.635205 -9999 30 -9999 -9999 -9999 -9999 -9999 -9999 -9999 -9999 -9999 -9999 -9999 -9999 -9999 -9999 -9999 -9999 -9999 -9999 -9999 -9999 -9999 -9999 -9999 -9999 -9999 -9999 -9999 -9999 -9999
2332.6126 2268.940085 2696.631353 2665.566804 2467.597093 1856.122423 1364.80312 1113.062593 961.630599 1006.534478 999.590724 902.898122 903.967378 928.634938 1131.656456 1364.168033 1471.171266 684.924515 536.180698 371.995419 275.333603 279.496337 266.901566 269.479451 288.35121 303.593323 326.049452 340.840328 330.844887 315.910458 286.559169 285.138533 474.053035 466.12566 542.747604 1828.170664 47.663244 7.0711 4.5859 4.5859 -9999 -9999 -9999 -9999 -9999 -9999 -9999 -9999 -9999 -9999 -9999 -9999 -9999 -9999 -9999 -9999 -9999 -9999 -9999 -9999 -9999 -9999 -9999 -9999 -9999 -9999 -9999 -9999 -9999
2863.891004 3329.474842 3059.709576 2942.555406 2610.587217 2018.069029 1414.850285 1135.766235 968.435822 1032.819157 999.44552 996.25629 962.2787 1003.488988 1360.519091 1341.56192 1029.845114 625.32532 525.010267 375.850175 293.615394 303.588764 285.605189 288.35132 315.983575 333.047161 356.090553 358.895266 365.535279 353.143351 312.861917 305.40328 466.8977 542.747577 524.873374 876.853266 323.266541 7.0711 4.5859 4.5859 30 -9999 -9999 -9999 -9999 -9999 -9999 -9999 -9999 -9999 -9999 -9999 -9999 -9999 -9999 -9999 -9999 -9999 -9999 -9999 -9999 -9999 -9999 -9999 -9999 -9999 -9999 -9999 -9999
3558.114158 3492.299578 3300.675112 3003.710355 2621.84896 2033.950294 1464.601892 1164.055874 1066.332736 1129.139942 999.415757 1013.765609 1036.07031 1167.502861 1563.332203 1484.936387 797.795239 558.521562 525.010267 386.176578 309.17194 303.340728 299.177335 299.13454 320.267558 359.583619 362.888942 388.884615 402.528099 393.515809 373.482927 373.717203 476.289559 406.259408 248.321884 324.637203 256.21367 27.586585 7.748118 7.748118 -9999 -9999 -9999 -9999 -9999 -9999 -9999 -9999 -9999 -9999 -9999 -9999 -9999 -9999 -9999 -9999 -9999 -9999 -9999 -9999 -9999 -9999 -9999 -9999 -9999 -9999 -9999 -9999 -9999
3622.887569 3398.14099 3117.120514 2988.699688 2679.414705 2020.700397 1433.851917 1138.797065 1135.726496 1136.741136 1037.865988 1100.243841 1101.593657 1328.932746 1501.942171 1281.846258 784.136221 559.278671 536.180701 402.135554 352.150736 339.004456 311.187795 319.704481 375.849656 378.631206 379.578805 406.276253 418.664184 415.53895 429.124281 456.260538 359.399731 221.598245 193.815664 203.066393 203.066393 30.502396 13.585216 30 -9999 -9999 -9999 -9999 -9999 -9999 -9999 -9999 -9999 -9999 -9999 -9999 -9999 -9999 -9999 -9999 -9999 -9999 -9999 -9999 -9999 -9999 -9999 -9999 -9999 -9999 -9999 -9999 -9999
3423.469858 2154.757446 2160.757246 2001.349887 1149.881362 1913.357423 1530.839102 1203.826244 1268.695962 1110.61636 1134.025417 1170.605397 1231.375828 1527.880176 1633.741415 1079.123888 725.387488 567.687125 547.351176 428.916284 413.412804 394.703287 342.257952 346.011882 366.071852 359.961969 389.638585 389.973996 392.929312 424.390149 445.302428 473.069562 218.281532 174.962962 160.033111 225.056702 185.165865 117.688726 107.717316 30 -9999 -9999 -9999 -9999 -9999 -9999 -9999 -9999 -9999 -9999 -9999 -9999 -9999 -9999 -9999 -9999 -9999 -9999 -9999 -9999 -9999 -9999 -9999 -9999 -9999 -9999 -9999 -9999 -9999
1839.263186 1266.428796 1074.057161 1082.168525 1052.8797 860.683349 1628.078373 1269.641347 1361.891093 1205.656843 1269.724409 1265.445027 1357.476508 1668.728294 1695.249133 1032.362581 723.812491 658.727444 558.521561 496.206284 452.99319 450.321907 383.784553 370.085552 382.277852 380.86304 379.919439 383.165324 393.97691 430.131553 469.448098 370.302382 212.333729 216.13629 192.981126 216.417217 29.749487 29.418469 107.611527 -9999 -9999 -9999 -9999 -9999 -9999 -9999 -9999 -9999 -9999 -9999 -9999 -9999 -9999 -9999 -9999 -9999 -9999 -9999 -9999 -9999 -9999 -9999 -9999 -9999 -9999 -9999 -9999 -9999 -9999
776.931075 694.773587 649.792266 522.166501 1058.54833 875.11957 1382.515856 1392.182337 1327.173882 1334.773519 1334.432513 1391.960848 1498.591197 1757.547267 1614.277519 996.549389 786.014274 658.727447 574.843068 547.351132 469.963215 480.095152 417.055985 402.802637 392.150939 383.02853 380.284422 379.180708 411.973216 457.135359 521.679238 279.819513 182.012411 210.067673 202.360835 313.44215 29.035971 29.035971 34.625599 96.451734 -9999 -9999 -9999 -9999 -9999 -9999 -9999 -9999 -9999 -9999 -9999 -9999 -9999 -9999 -9999 -9999 -9999 -9999 -9999 -9999 -9999 -9999 -9999 -9999 -9999 -9999 -9999 -9999 -9999
844.918604 749.951257 655.901957 518.404393 426.759642 357.064256 1436.885247 1595.523474 1396.457202 1359.538229 1360.50658 1459.31032 1724.714754 1865.093721 1415.856473 1027.006162 887.286655 723.124074 658.726899 539.4473 499.641092 499.847105 447.317212 402.576783 414.248306 405.019578 389.501119 386.878543 428.964367 510.279633 395.594047 231.860405 208.866781 276.04265 378.753913 358.590267 15.624914 4.5859 11.748118 96.417505 -9999 -9999 -9999 -9999 -9999 -9999 -9999 -9999 -9999 -9999 -9999 -9999 -9999 -9999 -9999 -9999 -9999 -9999 -9999 -9999 -9999 -9999 -9999 -9999 -9999 -9999 -9999 -9999 -9999
980.524738 818.46365 846.634196 514.696288 519.635153 381.182239 961.646687 1897.042275 1632.465241 1490.550803 1502.498053 1629.431657 1899.182991 2088.554273 1222.080719 1037.766555 991.924439 758.693499 658.726899 591.923341 558.521561 544.330835 595.504342 591.835128 541.138608 446.608547 412.839189 410.115375 456.195084 462.200956 359.316685 354.458998 422.442984 476.64806 690.670589 50.663929 50.663929 4.5859 4.5859 30 -9999 -9999 -9999 -9999 -9999 -9999 -9999 -9999 -9999 -9999 -9999 -9999 -9999 -9999 -9999 -9999 -9999 -9999 -9999 -9999 -9999 -9999 -9999 -9999 -9999 -9999 -9999 -9999 -9999
941.485457 943.143675 759.712867 543.410938 523.412071 966.486634 1074.307326 991.679675 891.246836 1691.044405 1658.995302 1826.209027 2026.673472 2098.618003 1289.199089 1126.754897 1089.32353 747.320084 693.647723 603.313804 600.137739 577.232366 640.7789 691.767981 606.64093 573.021393 443.608436 436.118407 501.912696 381.940041 545.752873 690.865814 964.355102 1094.148961 1427.80252 1401.419914 25.791923 25.791923 155.522601 -9999 -9999 -9999 -9999 -9999 -9999 -9999 -9999 -9999 -9999 -9999 -9999 -9999 -9999 -9999 -9999 -9999 -9999 -9999 -9999 -9999 -9999 -9999 -9999 -9999 -9999 -9999 -9999 -9999 -9999
1138.957336 932.309139 760.255542 642.822071 544.580178 1046.492025 461.550594 412.39549 342.788878 904.310748 1417.323767 1537.205273 2268.555677 1762.115279 1352.252882 1229.449813 1055.806525 754.516481 694.260709 659.616225 665.916606 734.759027 733.367462 731.32577 698.80866 622.080678 540.108012 470.172653 568.430044 419.982468 434.537801 1236.534724 1372.175118 2246.899924 757.076169 842.021396 25.791923 9.791923 9.791923 -9999 -9999 -9999 -9999 -9999 -9999 -9999 -9999 -9999 -9999 -9999 -9999 -9999 -9999 -9999 -9999 -9999 -9999 -9999 -9999 -9999 -9999 -9999 -9999 -9999 -9999 -9999 -9999 -9999 -9999
1141.292378 902.784867 936.348059 693.229809 865.389685 1118.599685 441.245879 355.066114 263.093254 223.014753 997.230881 1010.250834 1787.684128 1648.716956 1400.231799 1327.488301 959.815298 850.102669 755.842612 725.075837 764.131918 772.793242 828.48223 710.817547 676.044612 665.317407 575.590065 591.923714 525.004565 687.354251 517.934792 444.302989 346.562828 860.755107 393.646753 433.380701 2250.459247 29.875428 9.791923 -9999 -9999 -9999 -9999 -9999 -9999 -9999 -9999 -9999 -9999 -9999 -9999 -9999 -9999 -9999 -9999 -9999 -9999 -9999 -9999 -9999 -9999 -9999 -9999 -9999 -9999 -9999 -9999 -9999 -9999
1143.459406 889.001458 750.201757 750.202393 719.1757 603.121682 519.114596 327.08708 252.263001 159.403676 150.0281 303.992293 351.788832 1675.118307 1493.664428 1391.924501 991.923345 927.788935 795.673994 752.508437 822.944079 901.780814 830.435567 806.191712 671.014417 628.760661 623.112377 693.831183 569.591606 569.582478 1351.893309 470.271504 835.220891 455.076991 377.083606 334.009719 52.501027 29.875428 4.62423 -9999 -9999 -9999 -9999 -9999 -9999 -9999 -9999 -9999 -9999 -9999 -9999 -9999 -9999 -9999 -9999 -9999 -9999 -9999 -9999 -9999 -9999 -9999 -9999 -9999 -9999 -9999 -9999 -9999 -9999
1155.754158 952.9778 697.900875 750.206616 707.009106 603.283519 416.939146 335.907743 219.219916 153.804132 144.412779 237.286459 266.886926 2048.195124 1629.797731 1430.769195 987.833194 971.208536 976.644097 915.576896 805.998727 872.750574 871.762301 741.514944 717.496668 694.004036 600.118828 722.51278 694.286252 596.332616 525.010267 516.690797 486.367043 504.958252 494.279725 343.462282 314.80797 38.625599 4.62423 5.70705 -9999 -9999 -9999 -9999 -9999 -9999 -9999 -9999 -9999 -9999 -9999 -9999 -9999 -9999 -9999 -9999 -9999 -9999 -9999 -9999 -9999 -9999 -9999 -9999 -9999 -9999 -9999 -9999 -9999
1299.430142 898.596761 699.267521 716.23246 673.483785 669.179912 555.464913 307.660373 217.815294 161.443442 149.368059 149.368059 254.73157 1101.345752 1787.874073 1587.876508 1061.822729 1076.331806 1075.924073 811.020097 942.397014 975.508259 843.303483 759.469677 731.657632 696.410236 613.110457 611.234329 674.457712 1621.931588 597.659288 631.569736 1334.907459 1601.465962 692.995077 119.031236 97.494867 35.705681 15.705681 5.70705 30 -9999 -9999 -9999 -9999 -9999 -9999 -9999 -9999 -9999 -9999 -9999 -9999 -9999 -9999 -9999 -9999 -9999 -9999 -9999 -9999 -9999 -9999 -9999 -9999 -9999 -9999 -9999 -9999
1301.930296 1225.221788 1004.218097 699.92642 699.392393 750.205104 520.785062 319.772109 254.664546 167.445165 149.373776 149.372044 268.361981 316.11933 1953.073143 1600.71929 1221.906511 1144.883779 943.635308 945.144942 966.684107 950.566192 855.374139 858.695133 772.721629 758.666827 698.712759 721.698807 706.676648 603.588961 659.364689 691.09015 5250 1795.035691 2723.633427 3534.205788 96.249144 43.705681 27.586585 13.585216 13.585216 -9999 -9999 -9999 -9999 -9999 -9999 -9999 -9999 -9999 -9999 -9999 -9999 -9999 -9999 -9999 -9999 -9999 -9999 -9999 -9999 -9999 -9999 -9999 -9999 -9999 -9999 -9999 -9999
1960.333286 1276.423542 1129.556032 826.294892 750.205104 636.672333 487.566111 363.298651 290.986142 193.580967 156.043995 159.663799 303.032231 343.45046 1996.949812 1439.237728 1355.104239 1176.63218 974.215179 1053.98815 1017.035052 990.710715 995.734075 925.868045 926.446947 867.198307 830.753804 801.307409 970.833673 690.386053 726.462873 872.910583 2257.055911 1459.328302 1244.130435 854.648375 136.712706 136.646133 40.66256 13.585216 13.585216 -9999 -9999 -9999 -9999 -9999 -9999 -9999 -9999 -9999 -9999 -9999 -9999 -9999 -9999 -9999 -9999 -9999 -9999 -9999 -9999 -9999 -9999 -9999 -9999 -9999 -9999 -9999 -9999
1468.028297 1882.438614 1191.167477 859.114524 683.793106 601.75417 504.158741 406.921293 312.500659 281.991112 179.71324 159.665133 235.907148 373.000142 2006.277705 1453.068681 1361.898452 1043.346296 957.389138 1117.265963 1109.861414 1087.371811 1028.098122 937.431866 941.499092 1000.540057 915.388687 1296.287719 797.237584 805.172312 1038.284189 577.035162 704.001684 545.344962 504.836076 416.172667 135.871662 145.87269 145.87269 27.586585 27.586585 -9999 -9999 -9999 -9999 -9999 -9999 -9999 -9999 -9999 -9999 -9999 -9999 -9999 -9999 -9999 -9999 -9999 -9999 -9999 -9999 -9999 -9999 -9999 -9999 -9999 -9999 -9999 -9999
