STOTEN_Data/raw/Age_yrs_400ft.asc
ncols         250
nrows         718
xllcorner     -2256000
yllcorner     1557000
cellsize      1000
NODATA_value  -9999
[rows 279 to 309 of 718, columns 0 to 68 of 250]
-9999 -9999 -9999 -9999 -9999 -9999 -9999 -9999 -9999 -9999 -9999 -9999 -9999 -9999 -9999 -9999 187.493971 190.410256 264.125776 259.782675 258.237289 234.549137 274.04536 409.887172 524.086328 611.432246 495.365368 428.37842 417.535498 460.357427 458.03037 374.376006 341.092512 320.292957 257.363546 293.651754 252.876239 252.569488 223.793956 233.553456 251.027597 274.626354 294.526808 319.716696 360.246462 574.076755 651.153839 805.02503 844.980636 877.628542 906.673232 1222.622106 944.696558 1210.284111 1863.218589 2502.07295 2607.157951 2626.424852 3045.142774 2909.1257 2375.031925 2846.320086 3195.261149 2699.714172 2674.646656 3465.612017 136.119661 136.146113 4744.520283
-9999 -9999 -9999 -9999 -9999 -9999 -9999 -9999 -9999 -9999 -9999 -9999 -9999 -9999 -9999 -9999 194.88772 194.932325 314.552108 290.344638 327.885442 330.347101 387.054728 530.553763 610.761826 602.293749 537.880377 687.70135 171.296234 171.296234 443.262501 541.647098 601.250538 474.132974 460.811875 453.684434 392.830975 474.32145 280.774335 472.478605 316.600704 307.215683 343.080256 362.558703 467.642135 657.821824 806.60884 921.709091 1199.436906 1378.801771 1447.113797 1538.164044 1394.278045 2043.813319 1944.77477 2068.560009 2467.63015 3165.39182 2740.663807 2777.723003 3099.051769 3902.283826 2529.552742 2680.404944 3333.177762 137.017939 2691.211665 156.08241 5250
-9999 -9999 -9999 -9999 -9999 -9999 -9999 -9999 -9999 -9999 -9999 -9999 -9999 -9999 -9999 -9999 30 230.403888 396.465931 337.825331 401.144495 416.690744 452.346117 621.483912 751.087995 629.985498 745.783801 -9999 -9999 -9999 -9999 70.387675 694.40281 692.99413 600.12859 525.010267 512.746968 1971.333083 575.48718 575.48718 451.969146 330.33746 340.009245 343.636996 419.42206 610.09027 792.510177 1179.700463 1664.599547 2041.413422 2145.965645 1934.841278 1810.238514 1841.885061 1709.799726 2068.085415 2070.244297 2407.806697 2567.504569 2654.129315 1926.959527 2260.139083 2244.089505 2161.15748 2306.915656 2666.676167 135.950749 156.641477 118.255768
-9999 -9999 -9999 -9999 -9999 -9999 -9999 -9999 -9999 -9999 -9999 -9999 -9999 -9999 -9999 -9999 167.178494 252.992185 300.505818 460.425021 486.930049 514.769499 584.774255 670.193086 815.500253 799.784478 773.774807 339.464761 -9999 -9999 -9999 -9999 -9999 383.952973 770.23725 596.301727 601.307865 1665.360758 541.094307 234.745638 228.52455 266.825711 209.910518 223.560118 330.551607 336.509862 490.560317 643.572252 948.769686 1463.628615 2464.342487 2537.033101 2006.4699 1870.756947 1777.532155 1871.097325 2067.026189 2802.016736 3073.240674 1976.355103 2161.599208 2009.857684 2399.753334 2097.593417 2304.553793 2860.881331 118.713721 156.461603 156.592923
-9999 -9999 -9999 -9999 -9999 -9999 -9999 -9999 -9999 -9999 -9999 -9999 -9999 -9999 -9999 -9999 167.178494 250.053999 385.844461 600.205818 616.742162 616.971909 656.624725 808.570384 881.423634 842.528577 881.265012 1034.087476 584.809236 247.632281 -9999 -9999 -9999 -9999 -9999 682.769673 693.452532 778.785479 635.346803 221.911117 179.089767 199.606244 198.370383 219.714161 236.917941 296.573729 353.360966 495.151725 651.321553 912.74249 1305.727521 1742.052138 2718.069276 2077.781024 2074.700717 2079.161558 2548.682976 2210.085809 2347.321983 1713.954051 2648.109653 1944.195533 2269.925685 2505.28784 2832.61118 177.822327 5250 157.713548 158.637593
-9999 -9999 -9999 -9999 -9999 -9999 -9999 -9999 -9999 -9999 -9999 -9999 -9999 -9999 -9999 -9999 150.886176 150.886176 519.831581 625.722875 674.05088 671.146 743.643323 877.790367 946.283129 948.249411 968.942454 719.660202 1879.412462 321.989783 283.907109 -9999 -9999 -9999 -9999 692.57492 689.285173 310.678927 266.541468 164.847337 164.847337 196.58657 201.198512 227.955728 230.461152 227.215517 307.493349 419.7177 514.307327 757.989429 857.477015 1280.302795 2036.725199 2208.21983 2983.212502 2773.032313 2916.557627 2972.407804 2840.416971 2783.732382 3204.287904 2785.74682 2710.302473 2891.508623 2121.335737 3005.234406 5250 5050.521442 166.816888
-9999 -9999 -9999 -9999 -9999 -9999 -9999 -9999 -9999 -9999 -9999 -9999 -9999 -9999 -9999 -9999 150.886176 182.834333 602.178653 748.047198 746.075634 808.771474 817.444211 977.230804 1081.490936 1111.859933 1044.396919 1228.868181 1417.311155 590.749025 501.789226 521.321921 774.130936 496.861052 1077.155579 693.547843 410.353228 349.871969 266.541468 236.397153 213.998999 162.542682 162.542682 227.955728 227.134037 207.552917 217.920488 240.071722 317.63307 402.30918 503.520372 669.614438 1135.088223 1998.905143 2329.807438 2825.719482 3077.191319 3740.477033 2167.274577 2609.591424 3742.560521 2621.97115 2460.614805 2715.56643 3171.362123 3400.208677 5250 4675.830728 168.107694
-9999 -9999 -9999 -9999 -9999 -9999 -9999 -9999 -9999 -9999 -9999 -9999 -9999 -9999 -9999 -9999 217.417173 219.584398 385.136265 712.446918 881.059421 939.944465 1012.942283 1114.867733 1151.346696 868.17394 1271.473869 1396.58386 1772.757612 1112.575785 730.356628 1340.214122 1537.039818 1066.064953 866.244912 954.400622 452.106713 446.906814 256.033591 246.41619 213.998999 213.998999 160.830847 206.993916 206.993916 206.906235 206.906235 182.443733 190.485666 290.260414 441.608026 619.523492 1235.157216 1603.657954 2567.549214 2849.930567 2880.384458 3334.665397 3719.512736 2742.858062 3986.118004 4174.733426 2880.730456 2897.831938 2970.290679 3255.110004 4671.233035 3051.338302 2614.206168
-9999 -9999 -9999 -9999 -9999 -9999 -9999 -9999 -9999 -9999 -9999 -9999 -9999 -9999 -9999 -9999 30 446.950279 498.008969 848.270436 1016.730873 1046.723066 1149.992822 1303.030629 1306.415984 1336.919395 1367.49417 1496.79032 2023.559521 1676.592814 1358.856603 1840.539563 1400.182431 1200.21315 1176.452615 704.13292 688.029431 503.518126 256.033591 380.972488 236.733352 233.983466 160.830847 160.830847 171.254238 157.179789 157.179789 169.974039 169.974039 273.599531 301.082557 386.579283 614.420466 1003.758522 2350.23976 3307.778822 3206.128024 3503.162246 1708.728853 2723.388452 2992.327535 4247.26503 2757.701649 2705.235893 2689.128175 3979.913325 4179.606867 2974.228611 4731.259188
-9999 -9999 -9999 -9999 -9999 -9999 -9999 -9999 -9999 -9999 -9999 -9999 -9999 -9999 -9999 -9999 30 850.574896 783.607459 1014.122848 1298.827338 1184.148608 1243.603478 1366.124144 1431.9696 1474.500392 1510.172723 1635.812351 3330.62091 1845.234223 2602.411325 1741.351968 1433.492844 1175.629995 1735.885045 346.542251 348.677925 486.595767 407.586121 386.037384 236.733352 287.291357 194.09608 194.09608 127.879136 160.076013 157.179789 224.383202 226.937211 256.386856 274.955001 380.495015 548.392821 690.843644 1175.732274 2199.996288 2673.200605 1533.288307 3299.14702 1227.251987 385.518082 2208.707593 2647.277586 2983.114725 3077.557516 2698.081754 3979.912341 4074.627131 4399.280489
-9999 -9999 -9999 -9999 -9999 -9999 -9999 -9999 -9999 -9999 -9999 -9999 -9999 -9999 -9999 -9999 30 1341.230603 1247.240533 1367.065576 1445.004758 -9999 -9999 -9999 -9999 -9999 2371.844268 2116.966875 2795.452395 2568.2774 2303.497332 1705.814363 2074.343239 1989.721965 313.410233 331.689067 345.519726 487.105419 827.713622 1023.34827 554.779181 432.069522 194.09608 194.09608 177.908369 177.908369 214.246486 214.549615 226.937211 259.493431 327.800023 354.269809 392.574498 574.516154 1000.124509 1175.649829 976.346931 988.602192 1150.705318 1195.551922 1115.407464 1281.359262 1247.005328 2132.898385 2306.851764 3828.913974 3244.950154 2732.430132 2889.545677
-9999 -9999 -9999 -9999 -9999 -9999 -9999 -9999 -9999 -9999 -9999 -9999 -9999 -9999 -9999 -9999 30 1755.066005 2151.038703 2515.283388 2978.765523 -9999 -9999 -9999 -9999 -9999 -9999 2831.724934 3634.604818 3268.133131 2405.408926 2145.120059 2902.568673 2662.029318 456.91674 665.654787 440.673511 655.813454 1357.738611 1883.364588 426.637716 764.091552 558.822262 469.595025 177.908369 177.908369 217.435921 207.231425 224.135169 229.961531 317.268894 349.757378 250.254526 336.625747 534.680995 520.197867 732.312353 334.109886 323.703264 319.752649 1075.859702 1096.736312 1094.238823 1115.082344 1966.846019 3167.612267 3077.098752 3525.919297 2782.484957
-9999 -9999 -9999 -9999 -9999 -9999 -9999 -9999 -9999 -9999 -9999 -9999 -9999 30 -9999 -9999 -9999 2632.566465 3797.333839 3947.571427 -9999 -9999 -9999 -9999 -9999 -9999 -9999 -9999 3772.88491 3040.891744 2627.600212 2473.216348 2702.726322 2766.073329 1994.436534 849.017753 421.471068 307.737558 317.120286 312.890726 426.637716 1428.886127 1129.247379 728.887244 307.403542 204.820538 207.231425 207.231425 221.269584 184.206976 209.879264 213.885465 243.162735 229.184201 385.233319 371.231044 197.340606 276.535736 310.051135 264.907593 276.949531 327.590626 1051.202546 479.944429 1815.928586 2466.645692 2418.572641 2398.863144 2761.225585
-9999 -9999 -9999 -9999 -9999 -9999 -9999 -9999 -9999 -9999 -9999 -9999 -9999 30 -9999 5037.040509 3004.911237 4321.983011 3307.497492 -9999 -9999 -9999 -9999 -9999 -9999 -9999 -9999 -9999 3805.139334 2958.648462 3164.450886 3008.799531 3307.383749 2114.837546 2959.585237 828.492803 382.400753 311.638793 317.120286 331.867661 661.268505 2566.555384 1850.289521 1089.206455 493.256808 273.999524 250.208268 194.503063 184.206976 184.206976 193.693126 204.376236 131.23345 211.510049 326.422997 111.018755 89.312469 140.32327 192.598058 230.824244 254.509506 752.58126 916.251756 1071.75985 1051.819199 972.959799 2167.428211 2534.724362 4039.420277
-9999 -9999 -9999 -9999 -9999 -9999 -9999 -9999 -9999 -9999 -9999 -9999 -9999 2199.484183 1861.405035 2353.246952 2173.451616 -9999 -9999 -9999 -9999 -9999 -9999 -9999 -9999 -9999 3211.534617 3454.177533 3605.011381 3053.949295 3063.19143 3540.238495 3944.160071 3468.739761 3759.207142 917.522987 507.099477 420.299891 338.118185 333.973408 709.353987 213.290839 1318.465987 1721.447368 990.199947 404.290252 391.806715 200.72296 207.817742 170.267 177.307073 200.65193 127.787323 246.393949 91.911969 82.148225 89.113718 114.930769 170.737501 226.937604 264.046101 267.640924 667.262761 678.947989 399.686714 1361.5229 3179.338496 2417.997482 4394.110268
-9999 -9999 -9999 -9999 -9999 -9999 -9999 -9999 -9999 -9999 -9999 -9999 -9999 -9999 1402.601846 -9999 -9999 -9999 -9999 -9999 -9999 -9999 -9999 -9999 -9999 3043.923274 4367.708478 3744.812884 4371.77705 3467.386612 3082.175886 3279.13091 4465.467248 5250 2464.625632 1115.946996 731.834549 446.171699 236.560239 236.813365 331.740169 331.740169 1684.087466 1416.579854 1603.081291 407.082314 405.941691 234.100232 234.322652 170.473507 192.760997 213.425542 224.472254 289.390686 114.392868 85.776211 144.040321 390.119911 634.9692 734.807928 949.535246 1200.117076 494.394764 845.415829 1964.616371 2731.74278 3308.46151 4245.6988 4476.672989
-9999 -9999 -9999 -9999 -9999 -9999 -9999 -9999 -9999 -9999 -9999 -9999 -9999 -9999 -9999 -9999 -9999 -9999 -9999 -9999 -9999 -9999 -9999 -9999 -9999 -9999 2763.475251 4322.604934 4666.366324 3944.44029 3587.531606 3585.5805 4760.570068 5250 2669.157323 1464.993877 519.744554 256.608652 249.248971 236.813365 231.386979 514.898978 136.035465 136.035465 2735.137182 566.069568 401.982911 296.660788 207.547415 227.642429 234.054595 215.021029 229.843653 301.654006 357.617007 330.062266 363.31563 437.377043 749.441764 1303.218238 1633.953185 1897.926669 2134.740306 2335.139351 2604.627002 2956.851237 3778.22504 4185.495145 4536.610225
-9999 -9999 -9999 -9999 -9999 -9999 -9999 -9999 -9999 -9999 -9999 -9999 -9999 -9999 -9999 -9999 -9999 -9999 -9999 -9999 -9999 -9999 -9999 -9999 -9999 -9999 -9999 2761.752149 3827.391928 4697.040719 4303.220204 4164.628094 5250 5250 3403.419043 1178.727066 624.50011 247.296787 201.19176 231.386979 231.386979 513.925918 220.923903 240.640127 316.608546 316.608546 303.338796 303.338796 210.700932 220.695072 246.713417 266.871491 280.209264 367.648604 401.284172 340.615799 377.340866 450.113448 838.122527 603.703234 373.466338 331.497494 1062.451426 946.921152 1654.656392 2701.177703 3345.261332 4077.543453 4371.676213
-9999 -9999 -9999 -9999 -9999 -9999 -9999 -9999 -9999 -9999 -9999 -9999 -9999 -9999 -9999 -9999 -9999 -9999 471.522402 -9999 -9999 -9999 -9999 -9999 -9999 -9999 -9999 -9999 -9999 3965.825599 25.916496 5250 5250 5250 3701.188606 1663.570283 603.302829 317.21484 162.142776 76.512422 220.549814 220.923903 220.923903 240.640127 250.463661 274.081854 274.041691 268.975119 227.458901 230.817294 299.9735 287.073653 386.472534 498.863227 434.277938 441.051668 396.038957 259.916839 293.990922 308.619353 367.400844 318.813431 1055.574048 1115.245287 1702.921078 2590.60705 3300.591188 4170.389285 4174.95458
-9999 -9999 -9999 -9999 -9999 -9999 -9999 -9999 -9999 -9999 -9999 -9999 -9999 30 30 560.179296 467.389565 469.240506 446.156867 412.406615 317.40575 312.011792 396.864396 490.79797 -9999 -9999 -9999 -9999 -9999 -9999 -9999 -9999 -9999 5250 3960.02646 1832.843405 864.087083 334.505702 79.327901 79.327901 223.620874 280.43776 163.996303 217.159267 217.159267 274.081854 274.081854 269.920738 300.79019 323.1518 319.566435 296.815705 456.237437 346.884508 277.046934 256.549321 250.308129 256.798312 274.032042 264.067012 303.609173 719.878458 1020.210108 1637.623128 1783.274515 2441.281257 2732.757018 4479.911842 4635.159488
-9999 -9999 -9999 -9999 -9999 -9999 -9999 -9999 -9999 -9999 -9999 30 -9999 -9999 -9999 603.406748 473.449817 319.793776 394.16671 347.107585 249.069978 252.594205 327.329282 415.278392 636.312436 -9999 -9999 -9999 -9999 -9999 -9999 5175.587263 5250 5250 5250 3819.606835 1496.089413 486.79144 323.850101 459.112097 406.573948 356.785543 163.996303 163.996303 217.264995 266.536566 260.373963 347.547395 385.262599 353.293264 361.963469 311.340963 323.934282 294.032302 275.833428 257.260825 247.041217 257.268995 254.21289 267.525781 294.740198 732.490325 1272.654392 1942.933416 2165.646179 3640.709041 4033.710231 5250 5250
-9999 -9999 -9999 -9999 -9999 -9999 -9999 -9999 -9999 -9999 -9999 -9999 -9999 -9999 -9999 -9999 512.385152 425.049023 313.990732 286.005666 233.377087 -9999 -9999 -9999 811.206529 1028.700383 2528.819308 2760.746218 -9999 -9999 4582.750682 4116.964154 4043.533591 4222.060845 5250 3827.804339 2902.449796 1304.801391 609.09723 468.740339 436.226813 440.116903 289.659336 306.26673 213.391836 212.974168 257.377962 621.414447 904.768955 1068.158513 1376.969479 290.938068 260.470837 313.642169 289.979678 276.340714 257.047851 254.903461 425.769156 445.010267 460.651726 1153.624414 1572.355218 3263.881812 246.976334 366.7645 1318.813995 1390.251609 2814.211345
-9999 -9999 -9999 -9999 -9999 -9999 -9999 -9999 -9999 -9999 -9999 -9999 -9999 -9999 -9999 -9999 30 458.677036 360.355269 260.383835 240.870248 -9999 -9999 -9999 -9999 30 1568.108685 1623.061828 2244.397843 3012.855361 -9999 -9999 3496.759496 3194.33625 -9999 -9999 -9999 2575.26486 1468.165919 911.877636 653.166839 448.530095 341.159563 444.336433 340.531121 514.19516 1003.012447 1564.482272 2319.796679 1210.700221 1195.513902 297.534829 303.974193 303.685756 298.539034 444.244547 442.75889 434.126473 360.027486 223.016415 394.941106 1781.482585 5250 2218.711425 2528.034791 1087.18519 435.88164 526.04833 1206.179673
-9999 -9999 -9999 -9999 -9999 -9999 -9999 -9999 -9999 -9999 -9999 -9999 -9999 -9999 -9999 -9999 -9999 420.556356 353.165636 324.900764 213.70566 319.307622 -9999 -9999 -9999 -9999 161.394353 30 525.266472 643.631631 1336.026485 -9999 -9999 -9999 -9999 -9999 -9999 5250 4087.287924 2374.16555 1800.673376 1535.274127 927.828512 974.440409 2168.367401 1390.487675 1421.712711 1338.431438 1755.574816 2780.858899 329.606047 533.261793 706.29118 520.821355 366.2423 327.263148 383.261397 308.237928 223.786378 200.218485 381.610476 440.273785 477.216518 508.473648 743.154994 634.001871 1725.77353 443.566687 409.806121
-9999 -9999 -9999 -9999 -9999 -9999 -9999 -9999 -9999 -9999 -9999 -9999 -9999 -9999 -9999 -9999 435.455004 343.129165 328.122761 307.798595 207.031333 213.601013 212.304474 -9999 -9999 -9999 -9999 30 212.872754 103.329793 384.265062 390.332264 670.812125 1008.39405 -9999 -9999 -9999 3230.646573 2885.894724 5.916496 5009.694533 3054.05965 2955.971684 1820.882282 2082.763533 1631.116146 1716.678282 1685.650574 1656.447119 2128.10412 363.710857 348.188757 967.571223 200.16332 200.16332 268.619667 250.823637 213.235154 191.10573 393.57988 281.387178 334.446726 462.479984 508.336756 642.124145 595.121154 492.538468 361.522962 425.26291
-9999 -9999 -9999 -9999 -9999 -9999 -9999 -9999 -9999 -9999 -9999 -9999 -9999 -9999 -9999 -9999 30 306.269866 317.197776 279.899778 194.408758 193.261162 193.266693 30 -9999 -9999 -9999 -9999 -9999 97.290327 296.395219 243.080637 365.037913 383.552657 471.181631 -9999 -9999 2932.035472 4671.298123 3746.86827 4769.934364 4893.999971 3361.649458 563.347693 419.449922 360.689283 360.595838 667.786886 780.378719 1342.168797 1309.185088 1367.641525 3839.439668 200.16332 297.920255 95.152635 95.152635 160.886763 177.03676 256.611292 154.30527 190.974219 590.376454 3481.516461 5034.098456 2013.711252 267.669016 760.217961 457.903919
-9999 -9999 -9999 -9999 -9999 -9999 -9999 -9999 -9999 -9999 -9999 -9999 -9999 -9999 -9999 -9999 30 319.483111 297.624052 266.310257 246.466396 181.559599 180.236931 179.427154 -9999 -9999 -9999 -9999 -9999 -9999 207.476244 172.412497 320.050344 276.429098 277.655779 382.487816 -9999 1605.231121 2280.483787 1710.479859 1824.215051 4709.072502 1300.184919 511.283141 419.449922 385.444859 469.475518 379.808536 353.384408 541.886516 1356.900981 5245.995893 155.975359 155.975359 518.725142 95.152635 95.152635 160.886763 397.769563 125.712982 125.712982 186.2423 362.08533 494.182067 267.885793 333.820126 351.683831 401.177595 350.841815
-9999 -9999 -9999 -9999 -9999 -9999 -9999 -9999 -9999 -9999 -9999 -9999 -9999 -9999 -9999 304.370231 297.941672 277.8003 267.044407 249.419516 245.356134 180.55402 172.69335 167.282629 -9999 -9999 -9999 -9999 -9999 -9999 -9999 104.951073 229.763596 229.674972 283.713967 336.852282 312.185124 656.198867 879.000586 1060.690701 507.100868 2939.298638 540.101034 5151.367006 603.381056 627.905606 389.972965 380.044147 359.936438 1496.284442 5250 3991.318217 155.975359 155.975359 140.994279 140.994279 369.747276 507.182063 507.182063 125.712982 175.140315 169.827059 208.156514 110.1483 136.125941 178.900297 192.507415 198.409155 322.104172
-9999 -9999 -9999 -9999 -9999 -9999 -9999 -9999 -9999 -9999 -9999 -9999 -9999 -9999 -9999 30 273.41991 267.307697 227.488671 216.295015 210.99624 178.195533 163.753358 160.763733 30 -9999 -9999 -9999 -9999 -9999 -9999 104.951073 103.003271 39.736254 170.593218 297.297326 386.106559 386.880386 525.010267 301.251481 286.815061 1237.90238 2447.927447 2796.739059 636.691397 2546.609408 1181.471254 5250 5250 5250 769.291017 888.605227 863.519457 515.242648 140.994279 140.994279 403.399391 491.776053 796.640419 325.943067 394.442163 207.892311 207.892311 45.019849 63.851585 122.783482 195.272644 169.763682 266.261841
-9999 -9999 -9999 -9999 -9999 -9999 -9999 -9999 -9999 -9999 -9999 -9999 -9999 217.011367 215.679323 213.09603 143.529614 219.266691 152.631937 -9999 203.092009 207.507313 160.704105 156.226992 30 -9999 -9999 -9999 -9999 -9999 -9999 -9999 30 39.736254 41.750399 42.09765 330.928444 323.218485 333.728026 136.23723 254.704873 752.024964 525.287976 1073.379574 990.731936 2186.93526 3964.614032 4581.70542 1285.28493 1285.28493 381.669766 634.731299 863.541283 515.939562 338.756618 440.606463 1393.102807 2581.709317 2850.12423 610.240385 610.2412 523.257511 489.993155 45.019849 45.019849 191.482699 313.32877 241.176619 226.192886
-9999 -9999 -9999 -9999 -9999 -9999 -9999 -9999 -9999 -9999 -9999 -9999 -9999 206.755985 149.56348 204.170895 213.248315 143.546536 142.162634 -9999 -9999 -9999 -9999 148.377465 145.905358 -9999 -9999 -9999 -9999 -9999 -9999 -9999 -9999 -9999 -9999 41.489877 52.970047 287.305128 54.44837 54.44837 244.828022 263.382557 381.987526 342.122279 376.964552 934.519224 1375.222518 2957.273173 1285.28493 161.117421 5250 5250 1731.862772 3291.519616 1903.309645 3092.627595 2500.153461 519.151266 2598.253121 2789.192721 4875.066006 2725.928734 1549.550882 246.471048 328.837635 474.195756 295.361168 323.405886 454.464978
