STOTEN_Data/raw/Age_yrs_250ft.asc
ncols         250
nrows         718
xllcorner     -2256000
yllcorner     1557000
cellsize      1000
NODATA_value  -9999
[rows 372 to 402 of 718, columns 69 to 137 of 250]
-9999 197.470905 206.606119 243.390574 619.924708 1045.031951 650.08383 506.032205 564.406688 1374.117802 3052.614087 5250 5250 5250 3948.582561 2250.611508 1827.08955 1621.743342 1655.962426 2259.442134 1657.175316 1470.844351 815.384003 614.264891 443.808004 305.110625 226.903812 170.055623 163.736516 156.601043 173.166732 164.032408 116.709561 143.053901 122.513556 104.265004 173.320317 296.886097 3503.383702 5250 1477.838832 3562.503762 173.211011 169.870403 163.658572 156.701788 161.39423 1765.603881 3022.963045 193.251384 203.412868 191.112867 156.745489 164.067722 274.396443 266.743137 48.418891 170.928073 170.928073 167.046781 167.000398 164.478807 161.155333 161.155333 120.52858 136.558331 98.45699 126.945247 136.392966
-9999 197.470905 205.757634 374.793184 810.22844 1013.212021 702.203833 310.242845 1040.531562 1374.117802 3498.837511 5250 5250 5250 5250 2631.645237 1729.024821 1599.983364 1532.037326 2524.283686 1401.841561 1023.106526 634.689967 645.960946 427.464344 389.687035 244.041739 190.468809 169.876367 163.705009 161.159288 163.975732 183.815882 170.157354 136.751441 117.719985 121.133212 170.173433 190.038816 213.307272 227.363764 4296.688747 1697.863044 282.924239 253.807457 245.427493 223.695056 187.08517 2268.330659 260.819851 247.49416 5250 4475.198639 189.834988 297.106563 3029.575458 363.3171 210.123329 177.213413 167.046781 171.020968 173.63117 171.022574 164.517521 147.358894 146.875482 104.724485 114.287592 149.432214
-9999 -9999 220.857723 306.798309 328.616143 471.482957 730.623321 1014.978551 1207.116035 1950.690217 4467.638692 5250 5250 5250 5250 5250 1791.220086 1697.665011 1991.936999 1626.706035 1593.663225 972.356005 798.793344 549.692678 339.663677 334.65694 256.629046 260.04309 233.212431 223.552096 190.170069 170.792058 177.098315 172.983716 197.035629 136.752668 121.35525 156.05394 173.443805 167.492593 166.776311 176.177816 183.790784 1397.7715 434.100867 158.293159 162.544806 153.526577 133.902173 159.638066 157.287969 2309.743657 176.8198 150.254692 139.67879 4536.359093 404.150414 2358.907564 182.818389 177.999067 157.372496 173.63117 176.126321 150.379157 150.390585 157.421851 111.731624 104.355254 142.980918
-9999 -9999 220.769909 250.603779 250.077285 337.052491 1027.651541 1146.487381 1641.570844 3394.602333 3362.968599 5250 5250 5250 5250 5250 5057.886559 4571.561231 1825.703874 1428.66311 1036.52112 1187.671115 562.822231 520.569491 497.304994 369.694461 236.1527 242.974862 233.497454 226.668982 190.5818 213.474216 190.650056 195.197575 193.694296 142.849912 169.879415 169.925322 170.117738 166.418497 156.594625 146.734474 147.001808 183.200162 187.744796 170.255478 146.741466 139.524316 122.854708 123.285215 130.986227 139.509474 166.486913 123.004181 120.207859 174.643309 183.656792 3090.4245 180.264109 176.852021 177.702057 177.714129 177.183155 150.432357 150.55203 153.455462 121.336855 97.438478 142.880451
-9999 -9999 -9999 226.591239 71.063508 209.207247 424.604245 1011.325857 2986.962351 2987.418528 2987.779489 4053.24682 5250 5250 5250 5250 2853.67692 2059.106417 1831.46698 1698.099723 1161.982627 1149.763276 826.912124 696.669601 629.70236 384.06316 356.23958 269.254196 262.792215 265.32195 233.421791 233.449019 196.16114 230.957885 230.705261 143.143674 172.819739 167.231523 153.578692 150.084505 150.330408 143.413649 146.852013 177.128112 190.624472 202.411303 158.092235 132.993518 126.969576 126.541452 150.227024 150.591858 149.572452 143.04816 120.1149 186.418745 170.921594 156.786952 197.114177 182.705981 186.600222 350.270152 639.639866 170.966167 160.041953 153.464819 149.73897 97.567976 334.013233
-9999 -9999 -9999 -9999 71.063508 92.375088 2987.413662 1466.120346 1490.215519 1533.400644 3011.131884 1857.475488 5250 5250 5250 4736.957863 2912.070024 2053.225275 1789.689791 1900.078393 1479.852627 1373.065873 832.938424 760.870654 524.063798 383.893805 356.918028 280.56785 266.599543 253.367975 259.832363 287.056274 284.07937 296.161977 236.810044 123.602755 172.815258 171.321953 156.019941 145.932742 140.113238 146.181872 153.305371 161.294142 173.508682 177.549833 158.905297 117.509818 120.981855 121.004128 146.098219 150.492653 146.040103 136.749234 123.149582 156.586428 166.56434 170.245685 178.164517 236.646844 182.853433 177.84785 2660.480809 246.818391 136.762534 127.183228 136.982986 169.554026 346.922199
-9999 -9999 -9999 -9999 -9999 975.877569 779.613263 876.821744 975.665864 920.411774 1777.743177 852.885002 4038.854086 5250 5250 4104.293559 2694.211246 2062.25197 1752.055384 1862.558202 1830.093554 1519.969498 913.271285 834.147632 556.996636 501.245353 333.215945 264.170546 272.913256 300.21828 289.659928 300.679971 390.737856 397.199529 316.537332 304.165596 146.88562 170.403702 159.52864 146.876519 140.609481 150.015582 167.082058 163.156259 147.002564 154.125706 156.273255 116.193723 110.40657 108.066002 108.017341 150.218792 136.749234 136.749234 140.366527 166.809677 186.122743 178.228491 178.343996 223.451481 193.316341 177.13255 182.983659 182.983659 160.478588 90.452002 139.583669 196.659822 216.267397
-9999 -9999 -9999 -9999 -9999 370.307121 481.630411 980.542725 1009.844329 459.843586 246.480526 208.046415 220.001498 2506.429549 5250 4000.113906 2702.071476 2070.672193 1752.48373 1817.880958 1839.07908 1670.442501 895.466813 638.785448 465.625172 460.281614 375.69772 352.637273 336.894709 329.061612 329.066653 347.160678 355.991599 390.998602 273.459167 263.092747 145.938091 170.969329 153.868606 143.683955 144.234811 153.075669 166.644968 166.470991 153.337468 147.242253 128.102475 117.074777 106.844437 108.018222 107.99532 129.866901 120.650683 136.197268 166.809677 166.809677 186.854945 187.354963 1049.352867 190.49347 190.492813 177.144071 177.134071 161.01686 177.083814 177.083814 90.31683 260.420761 346.271626
-9999 -9999 -9999 -9999 -9999 279.417629 207.225176 493.730855 306.841754 193.810002 167.208018 219.65377 260.057927 2994.586062 360.049772 4735.724916 2736.738176 2054.454143 1735.827237 1552.863001 1609.961606 1540.399593 1026.342111 663.844096 486.536218 361.856421 383.543499 370.0297 326.843097 329.937261 330.012222 339.876866 356.93023 313.185721 323.047789 281.200194 156.837992 297.321797 153.0014 153.407902 153.465842 146.41281 146.0605 150.143933 150.752695 146.761303 126.417313 117.482511 98.547216 107.195463 116.254091 120.650683 120.650683 121.268782 108.586322 108.582468 190.044037 190.044037 277.834044 197.442086 177.615927 156.845182 156.845182 158.051016 157.205621 177.264953 157.017284 147.545804 127.36469
-9999 -9999 -9999 -9999 -9999 -9999 196.487079 477.471417 307.057452 240.552957 167.023482 169.729084 223.148554 2778.652817 315.55049 5250 3594.77411 2055.091746 1735.697103 1537.806123 1401.779113 998.7752 779.425402 422.870183 401.246867 320.997271 334.452559 366.730113 317.600971 316.912165 316.590668 316.042516 309.065224 186.610419 199.723983 223.092288 253.935327 280.196441 108.231378 89.700017 230.580827 200.650106 136.709257 147.179848 146.523359 150.242533 136.146845 123.451837 107.934849 116.444757 133.587637 123.83616 120.961977 108.586322 108.586322 108.594025 110.987665 115.591752 166.780416 166.782429 177.504352 177.104561 171.215661 147.13772 147.13772 177.130178 177.082686 160.028738 136.507555
-9999 -9999 -9999 -9999 -9999 -9999 254.506035 565.759709 257.79336 263.32669 186.481782 185.984801 209.084668 2330.463386 3252.335358 5250 4016.849965 2292.798666 1667.882348 1525.256674 1282.816198 1135.08895 825.209917 383.175138 293.328228 234.426311 287.697547 344.417626 288.17747 270.065263 214.275744 199.835157 183.373069 183.532286 186.088806 190.335126 157.385303 186.515023 176.834143 108.27319 187.272621 227.099956 154.245287 150.462388 143.539984 145.695142 146.359999 137.307459 126.962696 127.299329 136.893592 153.259306 137.052775 149.905878 145.740941 110.888806 110.888806 115.591752 157.484889 177.938788 177.091116 177.091116 171.21366 167.778936 153.881943 167.779603 167.779603 173.481761 146.671
-9999 -9999 -9999 -9999 -9999 -9999 294.870826 640.847391 533.544505 306.550353 273.458513 223.771119 210.118725 194.418659 2111.157732 5250 3773.259743 2494.023264 1923.059089 1413.100123 947.781365 694.396412 592.530454 386.174631 302.732817 272.236635 290.941818 326.721098 310.867883 244.337508 223.122085 214.16748 273.169989 217.134189 189.105031 147.114611 153.073067 164.308131 96.971768 99.909135 185.994635 239.003944 163.940168 156.704727 144.131863 134.267663 142.777211 143.004646 139.822681 137.793965 139.026663 140.158012 160.20784 160.20784 145.95592 117.561183 113.121357 177.292864 177.292864 177.313897 176.595825 171.079906 150.720283 150.720283 163.906923 163.920948 164.373035 167.826183 167.479344
-9999 -9999 -9999 -9999 -9999 244.033602 307.196528 397.139991 748.170669 324.57949 329.653698 172.423439 220.659401 262.879324 1863.79348 4288.319758 4616.809557 2134.363593 1758.053622 1172.95558 1076.417514 894.531911 570.307422 458.996294 297.309348 295.718087 306.857466 321.325662 267.40094 223.515515 266.812339 263.312019 280.312322 243.499101 193.373292 166.632314 97.808272 90.487323 94.230608 90.33531 143.613105 223.771375 164.094621 133.620892 122.615278 130.767841 139.745687 146.978817 140.197885 136.067784 133.041475 134.371907 133.490681 143.189787 150.496933 146.122831 113.306777 173.727516 173.799269 171.397546 171.397546 171.351736 123.810719 107.966446 167.357126 167.357126 164.449618 167.8763 167.797521
-9999 -9999 -9999 -9999 -9999 244.045742 323.4606 458.386706 440.889795 266.910922 347.496594 219.868604 169.667796 309.534543 1008.427881 705.558911 3058.699841 2125.597246 1728.893161 1437.422831 851.196484 553.012913 517.917122 455.156571 310.688222 266.535094 254.73831 234.9425 228.114957 214.180053 297.296326 363.191929 287.186225 273.851109 199.811701 180.484214 126.726581 167.389103 170.644687 157.153429 130.521339 196.569495 210.358023 133.390705 89.904076 107.467561 143.561247 149.355614 145.89999 143.272519 153.038337 153.147585 134.270624 134.031959 120.822466 120.822466 146.577684 146.577684 176.165062 177.231613 177.368403 176.529432 166.450192 108.208709 170.669273 167.222325 173.630478 173.630478 167.450034
-9999 -9999 -9999 -9999 -9999 311.871307 310.362913 396.901942 466.56067 353.615207 334.604294 267.47267 160.966855 256.57816 274.618661 672.147553 3460.260297 2103.522553 1667.618611 1432.326072 1097.197605 671.094079 481.449726 455.147485 308.881276 271.386797 279.30295 431.192875 430.76934 404.2607 437.494275 427.309452 344.277276 277.570396 217.401164 249.129985 157.455369 167.009011 166.723016 202.469596 156.963644 171.350499 196.491595 147.717628 130.423046 147.206558 157.737904 157.251258 166.559787 163.540615 170.252628 169.76675 166.508564 134.782228 146.369437 122.79563 146.310677 146.440156 177.136377 177.42109 177.794336 177.495622 187.509838 187.020603 187.020603 153.385801 171.441692 167.909769 170.849455
-9999 -9999 -9999 -9999 -9999 296.218471 214.614972 448.208133 479.711176 380.089796 367.040037 317.729766 206.097842 326.601015 348.502657 5250 3925.934138 2288.751126 1672.700191 1565.081639 857.475515 525.010267 482.899303 547.268315 361.364741 342.618401 386.675455 497.279373 567.937318 602.14904 512.772835 377.302116 359.439341 277.382291 285.988324 287.232092 210.608913 204.046198 159.91103 193.20108 229.349152 207.228155 152.425545 165.998584 150.218853 143.893534 160.112681 166.717606 157.29244 157.29244 170.973776 166.77689 166.322169 150.178927 150.066715 149.228014 146.213215 153.568164 190.740721 202.638125 191.05745 190.384742 183.519221 177.320843 164.584655 123.947576 123.947576 159.494999 170.81244
-9999 -9999 -9999 -9999 183.131208 417.793303 446.290471 447.482276 497.413793 447.502362 413.79101 391.512926 384.839819 292.564355 349.123466 5250 3898.099791 2365.745433 1769.742423 1567.79821 1397.045188 1140.074648 966.435172 381.00281 398.137517 342.016623 390.123813 578.577058 525.694751 535.161916 479.276777 323.368868 256.769632 214.565718 306.778976 417.912625 353.651368 275.870898 177.331549 154.238309 186.861291 193.979045 137.792587 137.510681 140.706974 154.045245 154.453977 166.717606 160.058762 160.246449 178.180699 176.665458 160.022274 156.600278 137.453753 123.717192 123.857599 195.873976 196.931144 267.132424 236.894437 180.383364 160.436224 145.962427 130.906303 124.077147 140.10819 117.532036 117.532036
-9999 -9999 -9999 -9999 183.131208 347.764422 437.428014 336.326924 220.334674 244.40451 377.038157 462.931368 1340.635732 1569.933276 3069.668931 5250 5250 3160.192964 2795.079893 4070.638698 2208.390451 1362.226338 1175.321316 413.086361 284.890831 314.732434 349.840699 565.743321 705.178592 838.430627 480.188082 354.763526 284.342081 223.447708 294.042064 389.781662 362.6414 288.263243 203.514635 180.667377 157.383414 186.926478 286.589548 204.115595 146.620671 156.689686 152.976693 153.522509 157.325174 169.730623 180.619701 180.54483 136.756372 128.293139 120.658028 123.3595 123.857599 200.668643 239.068924 190.644839 182.553941 160.403592 133.291622 120.886786 120.964886 146.116539 149.92031 117.532036 149.802915
-9999 -9999 -9999 -9999 263.072388 263.072388 288.314255 230.304888 226.830817 429.409995 417.888995 791.769062 1439.084515 1569.933276 3064.125184 5250 5250 5250 5250 5250 3885.981433 2810.678144 1722.386729 1494.041556 324.102303 502.345777 536.844926 925.362977 958.46028 1123.970885 756.240646 850.398692 308.002592 259.726452 303.669249 818.371185 964.398601 858.142843 460.777425 233.361686 160.048221 180.180743 256.947037 204.156218 149.009664 153.507138 153.325883 153.414168 174.251136 186.278834 166.739425 157.842161 139.27132 138.829349 139.776853 167.027056 177.747821 200.005833 167.908849 147.251856 139.217132 149.947 134.25992 130.146188 149.833909 186.089876 219.256326 200.045773 190.145865
-9999 -9999 30 -9999 263.072388 263.072388 718.675979 525.010267 541.58407 1365.176475 1562.046226 946.950268 1569.933276 1872.693156 3573.639869 5250 5250 5250 5172.346984 3931.666698 1995.061153 1419.5152 1452.32975 401.008352 304.009493 339.906394 444.441035 761.08675 1147.351492 1360.414511 1330.360341 844.219822 676.788121 283.700701 533.85924 656.532518 684.632722 760.948021 694.230175 223.367248 189.628078 199.516455 240.355909 217.554079 146.041047 161.078545 186.809078 213.501728 204.8657 187.357364 169.766469 153.590541 145.794773 134.720201 139.776853 157.548893 176.284916 156.099942 146.400439 171.394628 193.345928 241.681372 243.547981 206.494822 177.309248 180.605879 216.310738 193.54147 168.053102
-9999 -9999 -9999 -9999 426.437635 402.487496 724.719332 772.520707 539.971434 937.287872 1570.741451 1568.298712 1153.500867 2891.041328 5250 5250 5250 3672.204764 2126.453921 1747.02039 1636.950412 1615.614167 1236.00323 491.210507 336.914581 356.935429 665.53669 806.417675 1049.092434 1028.7422 734.580015 744.253443 608.178867 260.15419 258.520869 543.652993 661.433352 503.102809 382.331997 237.444097 189.875592 199.233623 307.258769 247.96531 103.96543 150.64633 181.887472 199.720814 186.78663 169.866881 169.349172 153.727989 149.950089 153.61023 174.114193 177.278262 166.826258 157.208436 215.934068 317.398756 337.911175 303.399143 230.120702 177.10819 173.464139 170.402308 173.645481 156.321313 139.513314
-9999 -9999 -9999 -9999 -9999 293.735712 197.502776 354.882863 1570.741451 1570.741451 1274.654412 1570.741451 1570.741451 5250 5250 4811.680441 4029.113796 3240.685206 1568.185506 652.698056 344.344892 744.725228 862.980197 356.434053 336.931662 317.312234 760.964898 678.279677 772.127312 779.134161 719.323803 626.834607 424.431122 338.202087 260.233497 412.972277 413.135045 287.063084 183.710953 188.448673 180.648108 293.782501 328.893828 263.073099 160.786983 186.784902 186.541682 178.510919 173.933959 170.037562 174.068733 163.13648 153.807781 156.674316 180.541958 182.947945 185.940511 354.213936 267.319788 306.756711 304.788631 243.303077 176.270126 149.494221 153.270158 146.319049 107.9808 90.311547 84.10374
-9999 -9999 -9999 -9999 -9999 171.405609 171.426616 189.964358 327.415821 1570.557931 1570.741451 1570.741451 2786.480696 5250 5250 4177.227453 3508.853892 2818.170902 2074.864446 1508.031768 278.586662 405.942699 797.074682 368.613741 374.111604 359.025413 824.662137 565.539976 839.533099 497.809991 831.048314 822.227907 424.518522 301.643484 263.829766 371.62992 370.14734 302.867639 197.450859 189.858557 167.497156 180.94577 193.66731 199.813341 153.438853 193.859098 196.410485 190.442085 190.645327 203.393849 193.687579 170.105657 177.111609 864.76315 905.924343 357.868595 761.610707 387.15763 450.558788 615.495908 366.496071 249.000547 176.600349 146.304226 143.03244 127.243086 107.230916 90.785129 152.995651
-9999 -9999 -9999 -9999 -9999 187.386864 196.702232 230.687171 591.835573 715.330714 1502.951635 1570.741451 5250 5250 5250 5250 4477.679607 2966.848242 1996.808447 1936.573907 1403.696966 1084.387306 664.262967 450.225199 429.729014 376.329695 428.873252 414.05243 571.148403 507.535628 676.189444 379.388705 453.329758 389.899605 271.358484 223.283462 370.204473 538.567862 289.901826 203.320128 174.243133 179.690629 186.414248 199.523741 160.727697 226.060613 209.917612 206.080314 206.957286 205.508496 279.166352 388.040603 1266.743934 1360.278149 1850.833352 1269.517129 1570.405105 1769.125974 1370.473252 753.913103 251.06695 187.13939 170.711069 149.674243 136.691151 153.24324 166.267517 263.895698 257.499335
-9999 -9999 -9999 -9999 -9999 30 297.563392 769.820229 879.939244 867.774846 1570.741451 5250 4216.387128 3954.714443 5250 5250 2671.490365 812.690972 537.862085 646.635158 1112.886123 1742.304512 1303.409098 585.399728 424.705337 401.144973 504.914626 517.877786 495.258544 423.923389 393.961654 432.397814 460.100851 635.542813 803.154355 768.092605 806.735468 712.200261 323.865947 311.59211 247.529958 219.372704 203.97697 210.401001 162.771661 306.581746 525.010267 319.939293 263.273941 269.046614 883.095725 3121.26705 5250 4412.28769 3136.456498 2762.700107 2158.974139 1945.196424 1700.336316 1340.918242 399.780538 176.160785 166.837128 156.722988 137.113464 153.052488 166.267517 213.363391 203.728755
-9999 -9999 -9999 -9999 -9999 30 -9999 880.5633 471.594828 1494.199179 500.252374 1564.317681 1565.203294 2924.44118 2140.540102 3457.436727 525.010267 496.359259 930.940673 150.067087 2860.641875 2068.25959 1605.196528 1369.40257 696.361544 598.816165 522.84253 497.658458 508.183428 430.712648 421.425978 697.23994 640.73376 670.333152 843.784921 833.577256 800.583895 763.025237 468.235584 369.987729 337.950853 253.350936 855.569083 2599.476302 2989.482472 5250 4337.435158 2902.561371 1606.631925 4051.344389 1435.740541 907.631159 407.42773 183.493226 183.476156 197.209906 173.171802 242.630524 350.026567 704.87598 685.960621 586.587962 347.864475 327.634546 316.989917 290.044939 199.622739 214.359663 202.699737
-9999 -9999 -9999 -9999 -9999 -9999 -9999 1564.837329 753.852449 1272.574516 245.524725 287.899924 941.055626 1565.574938 2872.962271 1111.257802 1553.502316 525.010267 921.63342 375.919243 136.820857 4467.942071 4045.275537 2094.105847 1209.517965 687.26888 2146.523029 988.211615 752.176147 596.865463 471.991443 775.244531 1180.859646 1039.195644 877.207402 777.092997 799.4624 610.579696 768.552418 1556.06332 5039.213244 5250 3081.319981 346.612888 206.3997 156.94758 180.786906 200.300541 190.257374 186.421742 186.43336 177.620096 174.457677 177.029572 166.926217 174.495835 187.056659 200.840407 257.236361 337.277106 373.723464 320.045081 308.568593 329.958233 314.475353 294.144854 215.241611 203.10848 190.985962
-9999 -9999 -9999 -9999 -9999 -9999 1559.858172 1559.037187 1138.386656 922.260636 359.274335 194.247087 1498.690626 882.907949 807.901504 795.108979 1043.616239 371.260739 419.19747 378.293482 294.130835 402.369989 2777.901491 2815.05052 4152.824908 3167.383171 2898.633191 1601.853572 1634.593529 1599.907405 1841.175973 1735.788512 2450.578776 2760.501664 5250 5250 4283.757915 2095.647614 1462.679277 863.868596 376.92924 317.114037 215.910361 190.67453 198.593487 132.543353 160.558491 160.888081 170.103251 176.989128 186.56925 187.263954 180.30736 187.235023 198.117354 231.046625 300.061466 366.841978 399.687306 360.802077 308.004563 300.614712 296.809287 300.107874 270.012664 240.804811 223.251592 203.675225 190.552757
-9999 -9999 -9999 -9999 -9999 -9999 1562.255197 1232.64421 1264.258278 510.8282 184.765015 275.046124 627.030063 346.279798 353.393405 252.299298 256.060224 343.681075 470.636263 282.275934 402.093693 402.093693 3397.80143 2399.935614 2398.598114 2477.792308 1834.205936 3079.128667 1738.48319 1322.216102 1124.315859 801.767021 1603.500868 1373.129399 1305.626596 1251.736405 973.019845 780.168942 724.964164 548.535971 319.993615 243.14466 206.638587 179.793286 185.97608 132.688366 152.961117 149.536619 157.271075 159.796046 170.959584 183.169857 239.226816 284.211163 390.454722 363.225708 366.888828 353.908559 360.485659 329.574704 263.40144 251.459148 236.131622 254.715691 270.55776 207.155783 190.866475 189.658676 178.134322
-9999 -9999 -9999 -9999 -9999 -9999 30 1290.906162 1136.996866 204.569486 51.08282 200.689086 324.108095 370.999453 276.882379 317.678542 247.124963 280.102695 360.644518 1675.083227 228.88082 1583.100861 2958.518071 2595.893995 2032.210146 1925.097339 1832.372676 1330.051737 1732.602561 1329.000944 821.668023 745.697613 504.401881 358.903283 666.507705 832.967204 843.005885 1234.856601 604.663357 315.816538 252.722331 202.84537 154.450173 150.746884 150.249003 170.397894 174.437671 126.980093 160.528202 174.358781 190.14552 190.414043 240.356203 276.638403 343.35062 347.75516 337.395433 357.014478 325.004899 311.898616 277.305254 254.958646 224.098178 223.913149 233.255102 203.616157 196.333616 187.015412 183.273547
-9999 -9999 -9999 -9999 -9999 -9999 -9999 1561.311459 820.119931 51.08282 51.08282 42.125579 190.102386 224.226109 170.295375 224.517898 249.642174 249.111912 337.133464 1610.027455 1923.254938 5250 4064.264583 2532.69311 2031.301162 1711.831824 1314.548953 1295.724704 1453.530089 1315.248772 1032.968416 583.197159 354.328438 349.955267 389.497237 336.135766 319.228079 393.959047 429.223684 334.242205 270.120761 187.472654 152.939865 153.431867 164.529606 173.580586 179.898129 193.346073 157.528483 187.153515 202.72712 245.556949 253.189024 324.115737 317.452915 310.899427 411.250964 400.482136 334.320455 299.570857 254.610112 206.538227 217.094686 223.478004 236.823914 217.484856 214.78126 189.904172 183.390002
