STOTEN_Data/raw/Age_yrs_1200ft.asc
ncols         250
nrows         718
xllcorner     -2256000
yllcorner     1557000
cellsize      1000
NODATA_value  -9999
[rows 589 to 619 of 718, columns 138 to 206 of 250]
-9999 405.673369 374.182067 459.681517 903.337832 1675.365014 2771.740874 5250 5250 5250 5250 5250 3741.820671 3975.485027 4428.51851 4880.369859 5113.799798 5250 5250 5250 5250 5250 5250 3827.105221 2424.798222 1907.650732 1883.009114 1810.519172 1318.926983 2223.949213 2816.955471 3283.269428 5250 5250 3563.808017 2358.823112 3874.884104 3475.603701 4615.623388 5250 5250 5250 5250 5250 5250 5250 3137.815735 3748.166333 3250.12169 3898.951172 3153.942907 3254.045127 2715.444687 2404.936404 2840.96296 3140.412563 3198.106941 5250 5250 5250 3867.312212 2696.802159 2624.529345 1991.346801 1661.902517 1491.5945 1380.382001 1281.03708 1173.63503
-9999 465.558884 438.917949 1402.628717 2080.55988 4470.443775 5250 5250 5250 5250 5250 5250 3741.820671 3837.101503 4184.283664 4641.04124 4882.203014 5250 5250 5250 5250 5250 5250 2609.59973 2341.411024 1812.303433 1193.211873 1175.786802 1165.296659 2221.730622 2645.694725 3333.086134 5250 2515.480696 2658.109447 2948.157953 2554.993104 2320.4403 2189.875579 3300.229233 3270.805477 5250 5250 5250 5250 3273.672293 3580.468867 4088.835843 3211.165451 3697.406527 2935.602796 3260.910759 2964.103754 2708.345054 3157.632788 2690.791696 3266.456868 5250 5250 5250 3702.291018 2733.266002 2362.490683 2057.615608 1836.613394 1505.216336 1146.348435 1043.107896 930.374322
30 4471.570657 4471.570657 2011.85509 2093.215563 522.75976 5250 5250 3741.820671 3741.820671 5250 5250 3741.820671 3803.486396 4102.960247 4682.309191 4895.265144 5250 5250 5250 5250 5250 2906.58647 2619.492941 1936.994466 1767.887165 1262.603311 1453.843829 1947.783162 2398.576882 2040.105668 2706.066977 4550.23251 2399.951004 2414.948553 2459.500787 2228.118866 2059.393892 2314.595954 3176.579956 3129.870432 2250.339155 2458.788416 5250 5250 2397.254652 3186.48152 3005.632854 3048.434308 3400.724356 3369.648172 3548.200737 2425.871328 2668.795157 2871.557483 3310.220675 2961.851832 5250 5250 5250 3441.577609 2746.25418 2413.794359 2233.38777 1589.511115 1386.082592 1195.332341 1183.393625 1098.976703
-9999 5250 517.443752 515.441478 515.441478 516.14575 524.416798 3365.082827 5191.512663 3741.820671 3741.820671 5250 3741.820671 3807.060829 4072.703511 4466.151339 5039.85041 4970.014976 5167.008644 5250 5250 4634.959538 3063.410794 2377.626632 2156.940055 574.851356 1539.54324 1558.613336 2251.014029 2754.930503 2105.101597 3754.276167 2236.099011 2343.673669 2443.515258 2275.690622 2264.007183 2425.175671 2587.004986 2743.404635 2735.444142 2476.200662 5063.514729 3198.013799 2290.561897 2298.621743 2332.981903 2398.125273 3252.024916 3548.956875 3153.511146 3426.955652 2567.073973 2637.73352 2558.520966 3572.392689 2458.004227 5250 5250 5250 3336.43058 2832.062891 2702.818001 1950.458157 1813.902503 1495.48179 1349.09469 1251.505249 1232.104224
-9999 5250 3730.72036 1364.835361 1530.146312 1562.526741 1663.323896 2509.046787 3503.127365 4471.534784 5243.464246 5250 3741.820671 3861.093646 4093.528887 4496.117819 4706.599954 4638.607701 4685.465477 4703.796233 2875.499662 2880.073697 2421.136963 2403.79248 2271.583732 1825.920107 1780.377582 1799.896003 2337.095926 2439.222469 1949.33793 2348.414186 2372.46332 2381.675067 2415.80959 2254.536988 2263.47533 2705.743945 2726.525274 2760.876946 2990.346925 3830.479965 3259.289486 2554.626183 2366.517692 2369.818691 2085.365609 2233.38046 2878.326625 3120.648336 2457.21874 2972.139842 2155.449089 2097.019521 3003.358081 2254.452883 3460.278064 5236.258048 5250 4668.86063 3341.592055 3025.312736 2311.243442 2111.600511 1801.06797 1686.610682 1814.33851 1709.891219 1633.876652
-9999 30 1772.180804 1270.852571 1678.169249 1681.73132 952.943156 2933.538187 3874.622012 3483.143717 5243.595185 5250 3741.820671 3894.049707 4064.825374 4498.515175 4739.128408 5245.047165 5168.89371 5250 4274.524968 3380.829134 2817.737573 2378.868642 2317.683566 1859.947092 1811.698933 1920.95176 1993.51997 2709.736334 2434.313264 2457.554452 2356.029465 1517.599872 2245.515004 2401.096115 2122.093455 2421.27544 2859.912177 3060.90292 3303.264332 3351.287121 2905.663588 2708.84273 2553.453127 2217.323567 2160.67288 2559.940747 2877.07009 3418.296761 3176.997572 2970.919951 2162.316367 1978.775926 2786.769611 2058.674565 2475.248586 5235.763188 5250 4506.407293 3752.78761 2838.895521 2508.670636 2675.778405 3568.500254 2160.11047 1736.540604 1595.371991 1597.609689
-9999 -9999 1478.944733 2242.521319 1681.662484 1680.433194 1522.219965 4581.402265 5250 5250 5191.512663 3797.853195 3779.781198 3905.323067 4168.080934 4528.647304 4652.514814 4989.258237 5250 5250 5250 5250 5250 3411.157241 3205.523732 2185.377524 2054.328157 1938.954828 1949.555514 3447.540968 3160.066815 2644.18374 1384.119985 1443.563932 2213.553024 2350.159761 1985.081024 2280.135359 2960.306127 3835.17258 3218.122907 3214.314992 2931.131665 2681.52443 2302.158155 2155.100754 2252.576048 2922.263156 2656.876655 3034.278543 2602.921423 2292.64229 1960.284735 2096.565973 2189.797458 2172.360234 5250 5250 5250 4541.262375 4105.624866 3098.103108 3253.541413 4898.760794 2268.244101 1746.018215 1630.511444 1604.041464 1552.660002
1179.184531 1678.310639 2375.022973 2242.825716 1762.848095 2847.1469 1871.441509 4601.742723 4563.338653 5086.25793 5244.268059 5250 3885.258333 3981.210961 4279.356466 4418.783523 4786.011353 5003.931118 5250 5250 3506.735439 5250 5250 5250 3512.150717 2519.670389 2168.90882 2702.982631 2481.32719 3495.246982 3679.012573 2314.170003 1268.489638 1287.049206 1352.576237 1298.091213 1941.635855 2068.159365 3162.614209 3742.372375 3131.033098 3020.292759 2584.9107 2256.13352 2221.103155 2185.08623 2080.378102 2266.929717 2301.496746 3098.212711 2570.376458 2125.482814 1897.496513 2073.163763 1987.94101 5250 5250 5250 5250 5014.445354 4878.244059 3241.367749 3577.60404 2172.583443 1975.129317 1736.91123 2122.671494 2070.373119 1830.013134
2432.344055 2568.693675 2363.601018 2459.777504 1738.42941 3506.402376 5250 5250 5250 5250 5250 5245.121879 5250 4326.945892 4358.410298 4476.305341 4678.74962 4810.73322 3093.705722 612.594114 4649.028403 3149.933019 4152.476701 3188.687577 2600.153976 3315.188762 5250 2422.22712 3309.105165 3526.795696 3576.808837 2365.505285 2044.211689 1200.464408 1353.128071 1302.681265 1744.249805 1879.776335 3560.70817 3153.970795 3226.2571 3118.701019 2891.637403 2264.102995 1989.283176 2087.667331 2053.578778 2161.849364 2413.985269 2751.236674 3216.706663 2409.795549 1883.757478 1935.353418 1975.582369 1558.869507 5250 5250 5250 5250 3732.948893 3060.802248 5250 3162.717738 3514.562852 3197.178766 2190.489583 1938.037801 1736.625033
2475.003227 2435.209485 2608.234136 3342.481589 5250 4359.285775 2845.722108 2970.933151 3175.085558 5250 5250 5250 5154.414784 5250 5250 5250 5250 5154.414784 2529.415644 4677.193705 3995.835543 3700.57838 2852.834224 2799.638543 2407.923854 2142.526597 2381.1156 2221.409336 3809.372439 3716.858826 3680.880422 2652.810696 2075.055822 1910.163635 2123.816583 1379.444 1832.903565 2074.218365 3450.613085 3299.895699 3240.017991 2899.206664 2884.174041 2213.710031 2096.358639 1860.274014 1958.502835 2092.884087 2432.234412 2487.828425 2308.544089 1932.268372 1707.332401 1847.658327 1565.060821 1548.993911 5250 5250 5250 4684.475934 3564.396838 3036.969769 4474.596984 3608.810631 2873.454469 4106.567204 3037.717358 1871.9562 1837.92748
1867.920396 1867.920396 1867.920396 1867.920396 2004.781568 1854.919358 2080.083901 2722.865198 2995.131714 3076.311194 3277.428499 5250 5250 5154.414784 5154.414784 5154.414784 5154.414784 5250 5250 4665.425135 3106.804109 3568.551157 2856.624938 2771.464842 2489.44321 2230.168139 2140.568408 2328.659486 3016.363268 4458.910147 4042.210382 2740.25843 2049.864861 1997.563944 2022.648568 1416.299844 1284.341568 2080.818531 3697.933759 3204.424464 2830.129478 3103.416242 2590.049863 2134.08771 2061.29735 1971.490857 2041.325954 2116.976501 2153.511527 2508.880142 2162.266703 1514.196446 1624.800785 1715.68231 1348.051675 1464.09608 5250 5250 5250 4469.70794 3576.668776 5250 2916.540441 3140.641188 3008.467734 3225.246322 5250 1858.43145 1574.605679
2031.586563 2636.973272 2733.116115 2955.883091 2761.213781 3559.893157 3559.893157 3432.274823 4691.878872 5250 5250 5250 5250 5154.414784 5154.414784 5154.414784 5154.414784 5154.414784 5154.414784 4623.991487 2655.759933 3620.312286 3452.67299 2699.755435 2696.136833 2887.032268 2189.954244 2231.004435 3110.946704 5250 3875.422157 3179.679576 2625.846569 1950.16646 1861.79875 1482.203035 1317.622256 2043.504376 3028.498777 2932.989316 3021.866172 2911.035446 2532.055441 2293.061717 2081.8488 1922.629062 1993.625083 2246.633698 2333.538967 2454.965594 1701.163759 1451.584792 1515.455227 1480.264671 1481.936293 3577.09334 4550.993772 5250 5250 4071.45883 5250 3169.89801 3707.132124 3346.390866 3038.122316 2209.648986 3533.373806 1769.559425 1710.189621
2100.011135 2131.662693 2597.245407 3561.535108 3909.197235 4468.607856 4468.607856 4578.002934 4211.692373 4582.286039 4695.824778 4247.306777 5250 5250 5154.414784 5250 5250 5154.414784 5154.414784 4728.132984 4593.466147 2988.657503 3357.011644 3357.723245 3454.225161 2694.925464 2932.762464 2997.59994 3416.26783 5250 5250 3740.152649 3034.204482 2704.341747 2093.507962 2217.550176 1589.871219 2081.758354 2733.76913 2892.913617 2800.692858 2739.452029 2489.861477 2237.380306 1986.552068 2120.689698 2114.107274 2184.725214 2377.134067 2351.438275 1516.003787 1562.151693 1546.958421 1547.246356 1658.71581 2169.550633 5163.26803 4879.997702 4664.086494 4072.565983 3538.838107 4138.26361 3526.322417 3065.72657 4369.73756 2080.872137 1934.495931 1703.054081 1568.235445
3729.282465 4468.607856 4468.607856 3702.77487 4174.905729 4922.199407 4520.402867 4837.508556 4898.562628 4445.722108 4193.01848 4481.382615 4859.083994 3814.099932 5250 5250 5250 5250 5154.414784 5154.414784 5154.414784 5250 2573.928886 2558.742527 2515.721336 3150.973193 3289.850328 3083.920167 4427.525425 4461.129501 5250 5250 3293.710987 3103.506054 2300.843958 2418.225221 2345.477361 2063.037363 2394.758729 2997.709778 2777.273968 2689.432603 2553.884041 2233.343617 2018.038277 2126.475008 2102.512555 2214.558079 2344.974287 1861.582461 1575.81401 1573.159206 1589.962514 1737.326316 1964.980637 2938.425055 4921.474373 4870.989356 4658.291745 4279.64121 4331.744818 4104.253803 3525.964469 2996.505611 5176.999401 5250 2029.258388 1729.106746 1500.829555
4004.351147 3966.614888 4864.08748 3531.15406 3771.354836 4734.877771 3279.602202 3046.978436 4376.839397 4090.73882 4204.327006 4278.154064 4931.242046 4452.152292 3796.030116 5250 5250 5250 5250 5154.414784 5154.414784 5154.414784 4339.539466 3985.549825 2668.276342 5250 5250 4240.750206 3661.50908 4462.301381 5250 5250 5250 3524.891305 2827.398581 2630.20623 2329.456293 2355.959443 2358.235402 2772.991964 2690.222115 2723.235802 2518.857991 2254.451408 2099.719655 2148.316471 2104.964287 2132.352149 2459.844579 1733.151872 1665.457372 1607.189113 1710.708212 1914.045932 1993.532823 2661.590469 4861.881754 5250 5162.703854 4669.534169 4567.942465 4177.51346 3468.440374 2138.44101 5064.325741 2070.721146 1967.293744 1760.192308 1724.933275
4875.583867 4893.256842 4893.256842 4893.256842 5250 5250 52.418891 52.418891 523.764545 5250 5250 5250 5250 5250 5250 5250 5250 5250 4947.863998 5250 5250 5154.414784 5154.414784 3933.963525 3848.880228 4212.945291 5250 5250 4188.782222 3758.530108 4374.539106 5250 5250 3974.09151 3169.288155 3125.073553 2416.254323 2335.852434 2324.497829 2459.242072 2645.071277 3060.079608 2586.980628 2245.326656 2209.797736 2211.062404 2155.401461 2166.29195 2218.646378 1633.825243 1676.85033 1697.521613 1770.708368 1758.991059 2021.712847 3180.953138 4674.777277 5250 4678.021452 4865.327114 4522.281641 4076.669934 3119.033701 3239.093918 3961.752701 2190.496194 2102.108759 1916.559699 1302.542573
4752.329334 4827.55924 5250 5250 5250 5250 5250 5250 5250 5250 5250 5250 5250 5250 5250 5250 5250 5250 5250 5250 5250 5250 4331.671902 3662.725432 3313.023169 2760.470422 4277.734772 4421.202162 3543.547978 4055.142398 4337.882402 5250 5250 5250 3711.152352 3781.534078 4095.266937 2529.418632 2353.916791 2429.083565 2698.107193 2688.088204 2692.354558 2390.294906 2319.720121 2372.441933 2313.927785 2254.229367 1963.19841 1675.895274 1734.482224 1807.107272 1724.320185 1862.797743 2210.165702 3316.937896 4676.882836 502.108145 5250 4876.200312 4432.537444 3503.71416 2079.599885 3097.157332 3037.559235 2215.276911 2127.946201 1564.667628 1534.474503
5250 5250 5250 5250 5250 5250 5250 5250 5250 5250 5250 5250 5250 5250 5250 5250 5250 5250 5250 5250 5250 5171.504103 5250 2685.860711 3467.24777 3213.558308 2759.086992 3884.819452 3903.888199 3741.003771 3758.648003 5250 5250 5250 5250 5250 4315.845968 3514.827961 5250 2818.174954 3373.144274 2701.86179 3168.609154 2487.497674 2396.422304 2333.309995 2757.068026 2382.633818 1795.790493 1586.225092 1847.175497 1724.408404 1699.136232 1766.258459 2206.268996 2254.835414 5063.905 4776.964594 4746.610354 4495.605 4359.093787 3158.55792 3139.150467 2555.489301 2461.569186 2162.407404 1975.804613 1859.713164 2540.173925
5250 5250 5250 5250 5250 5250 5250 5250 5250 5250 5250 5250 5250 5250 5250 5250 5250 5250 5250 5250 5250 5191.512663 5250 2516.60117 2408.815954 3830.320032 2476.395764 2752.467621 3076.34353 3993.527363 3552.174173 4147.27167 5250 5250 5250 5250 5250 4728.471682 2209.481952 3267.372961 2591.485453 2752.253935 3513.112314 2662.05435 3661.196986 2691.732306 2822.775163 2356.578431 2178.511314 1842.270961 1844.691016 1718.612028 1676.355083 1833.899654 1586.593887 2437.946883 1681.365485 4572.354962 4481.716856 4420.987022 3490.722814 3270.517741 2929.053689 2704.754687 2056.411353 2370.531673 2654.483231 2738.078462 2465.178265
5250 5250 5250 5250 5250 5250 5250 5250 5250 5250 5250 5250 5250 5250 5250 5250 5250 5250 5250 5250 5250 5250 5250 4942.891394 2515.666367 2915.332795 2709.179113 2539.237487 5250 2911.06029 3354.235552 4561.516969 5250 5250 5250 5250 5250 5250 5250 4012.457221 5250 5250 5250 3250.188237 3972.491605 4437.928539 2986.79561 2407.414934 2086.667854 2036.079916 2139.140698 1696.616537 1544.395387 1797.509984 1405.608713 701.834075 2409.078864 4612.757468 4592.297298 3693.844188 3330.418332 2618.177164 2496.823234 1906.47287 2359.730045 3061.818767 2908.145108 2563.816031 2189.89572
5250 5250 5250 5250 5250 5250 5250 5250 5250 5250 5250 5250 5250 5250 5250 5250 5250 2311.616765 1933.805539 1892.582269 2041.19392 5250 5250 4950.094908 5250 5250 5250 5250 5154.414784 5250 5250 3862.909603 5250 5250 5250 5250 5250 5250 5250 4054.458747 3733.333333 5250 5250 3463.570245 4078.926133 3952.312964 2921.210356 2461.56969 2511.525161 2326.270513 2136.242471 1684.717646 1580.995711 1548.525236 885.233232 1652.573149 3484.966975 4135.027375 3771.862697 3359.221211 2615.843388 1471.986053 1621.059641 2266.382304 3137.931789 2830.77889 2398.49395 2225.128031 1960.493791
5250 5250 5250 5250 5250 5250 5250 5250 5250 5250 5250 5250 5250 5250 5250 1321.013005 1474.767272 5250 1629.295003 2979.984192 1923.411516 5250 5250 5250 5250 5250 5250 5250 5250 5250 5250 5250 5250 5250 5250 5250 5250 5250 5250 3608.213552 5250 5250 5250 4027.887428 3608.53516 5250 3355.641926 5250 2366.236677 2387.364459 2091.615792 1666.578365 1629.68746 1884.002853 928.255128 4262.414508 4525.188533 3565.80989 3025.261214 3101.598484 1471.06157 1993.67158 2501.925862 2771.404592 2529.644839 2128.699695 2063.179338 2235.27219 2025.633261
5250 5250 5250 5250 5250 5250 5250 5250 5250 5250 5250 524.599589 5250 5250 5250 1116.769336 1151.49441 1421.081451 5250 5250 5250 5250 5250 5250 5250 5250 5250 5250 5250 5250 5250 5250 5250 5250 5250 5250 5250 5250 5250 5250 3764.613279 3733.333333 5250 5140.844347 4010.88281 5250 5250 5250 2480.926098 2263.651146 2226.083395 1858.428313 1558.390672 1741.378454 4230.620804 4533.817805 4159.011709 3296.147309 2529.96534 2126.7663 1690.184863 2326.096425 2463.331725 1797.814991 1802.73146 2336.895255 2442.138519 1397.954623 1403.663167
5250 5250 5250 5250 5250 5250 5250 5250 5250 5250 5250 5250 5250 5250 5250 5250 5250 5250 5250 1562.478634 1529.446705 1888.249724 1939.330295 2129.535818 2168.596195 2491.282418 5250 5250 5250 5250 5250 5250 5250 5250 5250 5250 5250 5250 5250 5250 5250 5250 5250 5159.16723 4820.107661 5250 5250 5250 3550.790711 2582.829626 2426.638553 2038.137726 2261.317003 1673.649191 4630.002209 4393.948154 4045.333311 2589.747681 2102.160117 1272.096782 2160.419686 1866.589347 1936.388242 1561.879273 1337.459429 1573.5313 1530.864088 1465.482697 1502.641199
5250 5250 5250 5250 5250 5250 5250 5250 5250 5250 5250 5250 5250 5250 5250 5250 5250 5250 5250 5250 5250 5250 2118.395891 1922.181054 2161.860586 2169.896679 2132.184595 2479.457866 5250 5250 5250 5250 5250 5250 5250 5250 5250 5250 5250 5250 5250 5250 5250 5250 5158.496338 5250 5250 5250 5250 2976.545422 3159.635388 2342.119411 1941.942537 5250 4108.753806 3598.955138 2942.007966 2133.275855 1871.178851 2095.356466 1366.212071 1430.751688 1270.319846 1605.705029 1667.159305 1369.870156 1428.918416 1557.291162 1554.252835
5250 5250 5250 5250 5250 5250 5250 5250 5250 5250 5250 5250 5250 5250 5250 5250 5250 5250 5250 5250 5250 5250 5250 1870.459659 2060.359415 2314.278154 2068.456964 2264.94827 2576.638786 5250 5250 5250 5250 5250 5250 5250 5250 5250 5250 5250 5250 1061.959159 5250 5250 5250 5250 5250 5250 5053.274727 5250 3573.150974 2160.558205 1034.431993 4585.852757 3564.967361 2865.408686 2668.460917 2171.749417 2297.384165 1570.584735 1275.150659 1601.123981 1638.599561 1495.461521 1531.627443 1504.92206 1568.424988 1611.106235 1678.152864
5250 5250 5250 5250 5250 5250 5250 5250 5250 5250 5250 5250 5250 5250 5250 5250 5250 5250 5250 5250 5250 5250 5250 5250 5250 5250 2145.37535 2024.94212 2335.225307 5250 5250 5250 5250 5250 5250 5250 5250 5250 5250 525.010267 525.010267 525.010267 635.04449 1569.37036 5250 5250 5250 5250 5250 5250 5250 5250 5250 4388.89853 4030.779883 3361.566981 3356.477235 2533.957775 1632.417484 1364.063314 1600.204002 1734.369316 1602.698357 1576.375139 1734.320986 1705.275026 1766.945661 1634.299189 1603.182714
5250 5250 5250 5250 5250 5250 5250 5250 5250 5250 5250 5250 5250 5250 5250 5250 5250 5250 5250 5250 5250 5250 5250 5250 5250 5250 5250 5250 5250 5250 5250 5250 5250 5250 5250 5250 5250 5250 5250 5250 525.010267 611.325576 1415.15473 829.295003 774.811773 5250 5250 5191.512663 5250 5250 5250 5250 5250 4385.724689 4069.515035 3531.063226 2984.348618 2088.786957 1902.745416 1570.160247 1605.209095 1578.396677 1645.498405 1669.344062 1778.983627 1680.848722 1438.212099 1304.663741 1265.280635
5250 5250 5250 5250 5250 5250 5250 5250 5250 5250 5250 5250 5250 5250 5250 5250 5250 5250 5250 5250 5250 4587.020042 4817.848031 5250 5250 4922.787814 4776.703849 5250 5250 5250 5250 5250 5250 5250 5250 5250 5250 4012.457221 5250 4420.944559 654.483231 741.592517 1002.265152 1259.592599 1264.04974 5250 5250 5250 5191.512663 5250 5250 5250 5250 5250 5250 3818.336726 2901.24534 2156.325371 1669.382636 1666.590292 1640.533342 1708.847733 1770.029005 1781.664307 1575.427434 1270.338215 1100.772184 1034.679414 951.714257
5250 5250 5250 5250 5250 5250 5250 5250 5250 5250 5250 5250 5250 5250 5250 5250 5250 5250 4473.292921 4530.658636 4608.346116 4780.837825 4745.695722 4828.551362 4790.515414 4877.041583 4631.533759 4780.602342 5250 5250 5250 5250 5250 5250 4073.958055 5250 5250 5250 5250 5250 5250 5250 5250 5250 5250 5250 5250 5250 5250 5191.512663 5250 5250 5250 5250 5250 3999.466886 3170.610232 2131.928459 1704.081378 1674.651048 1744.365908 1770.115787 1777.147667 1569.561231 1272.885595 1366.32596 1010.343634 1008.218239 1040.835494
5250 5250 5250 5250 5250 5250 5250 5250 5250 5250 5250 5250 2162.257899 5250 5163.108626 5250 5159.029524 4526.486738 4609.092515 4642.204035 4674.841933 5176.822269 5250 5250 5250 5250 5250 5250 4677.629214 4581.088493 5250 5250 5250 5250 5250 5250 4112.388775 4117.33196 5250 5250 5250 5250 5250 5250 5250 5250 5250 5250 5250 5250 5250 5250 5250 4576.943769 4543.258861 3479.582976 2635.31752 2043.377707 1735.401392 1769.605325 1776.531094 1780.896458 1582.440638 1497.568645 1528.551057 1529.776843 1276.263361 1363.102769 1339.959783
