STOTEN_Data/raw/Age_yrs_200ft.asc
ncols         250
nrows         718
xllcorner     -2256000
yllcorner     1557000
cellsize      1000
NODATA_value  -9999
[rows 434 to 464 of 718, columns 70 to 139 of 250]
-9999 -9999 -9999 -9999 -9999 -9999 -9999 -9999 -9999 -9999 -9999 -9999 -9999 30 139.33225 109.33606 359.762389 245.855741 223.914173 179.620525 162.414534 133.60516 186.564475 184.21388 193.137892 227.110419 403.643523 3669.630542 5250 5250 551.001016 392.677835 306.823238 255.196436 260.236414 233.442258 343.192292 389.835284 273.947334 249.317473 283.454741 346.373872 282.85695 471.9527 525.010267 406.343373 352.166118 336.321332 306.416162 237.044582 182.752681 193.182709 179.549772 166.283185 160.704725 140.762722 126.419597 113.400337 91.321309 113.963956 114.207185 131.063043 132.314064 132.481909 103.486876 91.097675 85.996884 100.621347 106.886741 121.833541
-9999 -9999 -9999 -9999 -9999 -9999 -9999 -9999 -9999 -9999 -9999 -9999 -9999 -9999 152.297339 162.369773 207.578819 216.078757 170.938108 176.425331 156.428043 162.356577 173.34476 180.196575 190.586752 256.832982 469.306857 3733.64735 5250 5250 616.851301 366.153207 327.772042 262.68773 197.068344 193.205431 246.297796 347.146066 319.999042 233.884898 292.840806 324.196272 236.539168 324.475577 368.314496 559.892797 458.747161 390.50701 345.830433 315.67752 256.809126 215.660726 176.212884 153.954825 130.167419 120.011165 107.856598 100.652421 93.629346 104.018681 96.197798 114.112407 111.328891 136.078665 107.031803 96.754611 89.593068 96.936452 103.885855 106.650177
-9999 -9999 -9999 -9999 -9999 -9999 -9999 -9999 -9999 -9999 -9999 -9999 -9999 -9999 164.872265 359.990874 303.711448 223.036425 183.480194 274.131884 156.079152 152.675392 169.259945 186.106165 210.2448 350.857935 570.849599 2169.05167 5250 5250 788.171132 300.904432 309.513698 284.335343 199.981358 190.847178 206.294426 333.448929 369.806625 247.553455 334.063575 323.621238 302.983466 649.182794 339.013235 469.571502 525.010267 458.193983 380.626544 366.349039 276.095246 216.533503 176.915231 173.845223 233.925314 243.653345 231.885875 187.210786 140.9409 103.008297 96.263901 114.638944 120.011289 126.909512 104.504534 100.311991 93.886908 91.800002 104.432836 89.930348
-9999 -9999 -9999 -9999 -9999 -9999 -9999 -9999 -9999 -9999 -9999 30 178.022519 203.15977 256.406827 376.481232 330.272708 226.649718 251.322715 233.898945 139.746025 146.775533 169.409145 274.258442 309.746333 353.505311 440.411603 888.138168 5250 5250 786.227519 416.644219 277.37024 250.380364 263.670089 220.21917 186.135106 263.356872 319.501875 276.655744 269.304271 309.888675 415.798364 387.904629 600.792538 639.122928 446.423014 415.800749 187.147713 308.923901 282.446603 231.643473 211.567897 199.24193 159.148129 246.813968 226.03587 234.613526 281.242231 293.939682 252.945711 213.171951 173.556966 131.757443 111.336718 123.928666 120.708306 107.398153 100.130902 100.141457
-9999 -9999 -9999 -9999 -9999 -9999 -9999 -9999 -9999 -9999 -9999 -9999 -9999 189.662088 327.462417 1214.645129 1214.46168 377.288855 279.214853 243.067168 286.798824 131.644195 173.676283 263.81264 292.889722 253.939131 459.486706 888.341956 5250 5250 1154.815016 525.281433 337.175767 200.990137 183.192231 185.745544 196.477102 213.260219 259.774608 247.553769 234.217819 206.514884 319.68423 384.380495 462.043903 493.172675 346.384647 315.621052 235.633282 242.462248 220.727103 176.488395 169.458162 162.104901 150.178814 141.268123 147.702188 167.135242 188.974074 191.886395 175.290219 155.862183 266.717941 179.753344 170.248127 144.471617 140.459184 107.026633 107.564442 107.644327
-9999 -9999 -9999 -9999 -9999 -9999 -9999 -9999 -9999 -9999 30 306.955249 -9999 411.232295 459.440243 1247.676972 1178.435864 207.749799 225.448323 677.39118 518.708517 153.66737 189.606057 292.931467 247.632108 180.177711 584.321527 902.914018 5250 1353.210977 2755.118335 400.763901 256.725758 176.993435 150.242361 166.270893 187.779009 239.802023 209.665753 220.26987 252.735448 216.40521 276.920012 306.027784 428.090442 363.390223 277.029021 277.670028 232.106959 212.894736 183.077707 170.241035 167.633188 157.688343 153.375834 140.511294 144.520775 157.060938 149.84949 174.656447 167.678874 157.486959 254.109709 193.735189 153.731888 130.073791 140.012206 94.138096 100.9657 106.919906
-9999 -9999 -9999 -9999 -9999 -9999 -9999 -9999 -9999 -9999 267.454645 306.955249 346.504325 30 207.781305 207.781305 724.029105 207.776804 312.096995 220.160577 169.394029 200.036389 170.861541 256.919616 325.198959 460.239924 493.282468 959.396345 1617.172032 1347.724209 1258.129951 1166.586366 297.015461 203.148602 200.065379 196.595847 260.165871 267.105484 229.703744 217.821379 210.185249 223.176456 266.717959 256.784491 457.934437 413.875453 282.270519 283.539821 211.225224 175.3103 150.190937 145.568596 193.866281 173.942183 162.564696 145.283096 150.260615 133.590094 124.175206 144.665011 133.21492 139.617978 152.79603 143.284189 153.213826 139.080442 143.489461 100.772724 104.520272 101.251304
-9999 -9999 -9999 -9999 -9999 -9999 -9999 -9999 -9999 281.919811 281.767045 -9999 -9999 -9999 207.781305 207.781305 982.153005 982.153043 371.504653 220.509146 162.717156 233.659789 166.617211 253.48177 316.636496 320.804122 458.060394 960.022204 1471.294866 1356.804925 1062.359294 1037.607051 784.441981 434.515167 280.804304 243.721854 270.646384 254.081519 250.808453 260.910498 236.778545 195.156809 206.908964 334.080513 391.034308 359.81268 317.652748 272.206532 303.317613 217.088568 199.942921 180.050751 193.464278 177.880291 165.482881 156.896182 153.496742 136.826687 124.526842 127.724407 133.066026 136.863692 143.345757 143.408276 166.033183 160.382535 163.837046 143.358544 107.763433 119.717443
-9999 -9999 -9999 -9999 -9999 30 -9999 -9999 290.911264 281.958541 288.158883 -9999 30 275.838467 275.838467 1562.532823 1560.77868 1560.77868 276.279813 284.711469 354.501023 263.210617 153.386113 183.157651 280.968898 313.54035 742.21049 959.826538 1209.320262 1389.243705 959.638871 959.599913 737.997875 424.053578 300.735767 277.404467 280.037561 244.415718 222.739628 227.349711 273.497206 230.17876 276.86148 347.441015 347.199811 348.207319 253.22198 216.722778 227.261454 213.837162 256.866751 225.358235 230.087484 202.326317 176.883871 156.457916 153.359498 139.974576 142.516257 126.841419 136.733971 145.451939 134.077969 148.952122 153.632041 146.669442 149.867664 146.408555 110.593931 106.883827
-9999 -9999 -9999 -9999 -9999 30 30 30 290.911264 -9999 339.969394 30 30 275.838467 266.105407 103.794661 583.544104 994.431735 254.57677 333.800552 304.228997 332.748365 139.208484 159.763324 262.85503 397.274207 721.245264 875.527845 1168.981159 1169.437122 906.95498 960.165957 443.746569 593.216276 366.873005 310.123475 266.093108 263.520329 250.276427 213.861222 208.267704 231.12943 418.783133 428.903723 396.641461 352.711741 292.921012 262.774562 258.992953 233.259694 227.261922 151.474159 170.18148 143.169324 180.238502 163.173247 152.993566 152.802518 139.666759 128.042982 153.273223 132.376275 143.17988 137.317061 133.053203 145.063819 141.030367 143.777087 99.478354 99.478354
-9999 -9999 -9999 -9999 -9999 -9999 -9999 -9999 -9999 30 321.400513 321.442204 30 226.325632 -9999 117.348453 123.677621 182.979732 15.586585 336.88331 284.100694 349.879021 136.39898 136.951151 240.089341 362.303661 603.630607 840.729838 1075.93651 961.17102 851.605958 960.095005 457.946593 243.736358 390.309814 389.583993 317.27219 275.948836 217.657801 210.204502 183.584635 186.141073 308.960062 456.567219 410.541651 358.329911 257.994104 268.798684 221.008468 253.779984 156.510302 139.914367 108.334298 94.058415 160.891093 170.427547 153.373356 149.789829 132.930031 135.844841 135.847121 136.603537 134.125372 127.573041 143.36644 153.020391 149.619997 139.135468 104.043493 97.780736
-9999 -9999 -9999 -9999 -9999 -9999 30 -9999 -9999 -9999 321.442204 321.442204 -9999 -9999 214.512757 230.315723 314.307828 337.207685 114.40243 241.688341 264.012025 410.774159 156.00871 143.398716 341.009617 431.56726 470.538929 478.009218 964.084491 734.554013 931.309426 511.010855 497.915683 253.993425 212.855685 379.681233 309.878799 270.481826 215.610757 197.490695 176.423752 170.694115 246.071719 218.899359 478.036135 359.436806 304.373859 241.378052 226.305715 212.101817 153.477858 140.187756 92.887666 84.800511 153.132439 159.462728 156.577831 152.725653 136.629134 136.501465 109.358116 124.003772 136.510409 141.505698 155.610014 152.928236 152.465636 136.701991 135.239014 123.732792
-9999 -9999 -9999 -9999 -9999 -9999 -9999 -9999 -9999 -9999 -9999 30 -9999 -9999 -9999 -9999 -9999 -9999 31.460643 366.953201 356.571144 356.906163 330.449947 356.790909 347.855428 353.411958 249.711415 440.888752 427.776228 489.291003 608.482646 470.067276 340.774135 310.879054 249.411889 251.317531 187.186045 160.657969 160.208317 153.216455 152.862482 166.584614 177.053465 183.151237 225.103251 411.198554 399.309531 360.370584 325.791526 284.006986 163.252392 149.96664 176.805956 229.239924 160.139084 100.464988 129.781221 116.240458 132.757409 117.73942 114.122485 123.403657 123.292274 139.33992 137.203595 136.939191 149.46976 126.374144 133.088378 159.016061
-9999 -9999 -9999 -9999 -9999 -9999 -9999 -9999 -9999 -9999 -9999 -9999 -9999 -9999 -9999 -9999 -9999 -9999 -9999 72.012777 72.012777 289.772025 373.31284 343.905169 190.198105 116.603749 197.257114 374.368683 365.723282 439.841647 477.51806 365.883188 269.322803 257.104395 303.426105 179.509619 155.784061 160.305515 153.429665 159.556243 174.626609 186.579859 190.242603 218.664422 195.776146 345.996902 275.707282 210.929016 185.896346 244.098948 300.821956 297.251808 192.68574 136.530859 87.516103 96.143766 153.235349 138.98605 152.410269 142.52398 120.961376 123.289447 136.04492 136.411126 140.393141 136.53826 146.985794 139.73967 136.163403 133.145904
-9999 -9999 -9999 -9999 -9999 -9999 -9999 -9999 -9999 -9999 -9999 -9999 -9999 -9999 -9999 -9999 -9999 -9999 -9999 30 369.883161 323.082124 330.55773 269.721398 323.967309 116.603749 353.449067 229.871562 280.007754 366.041218 410.288745 319.844473 229.431595 185.965754 263.2285 229.188962 163.333282 190.445157 147.054976 147.414281 170.698961 176.866069 156.411689 172.390244 216.715951 226.652704 375.864453 244.775101 211.019425 247.553327 225.456103 301.356541 180.705452 143.06257 127.395178 87.179421 76.590537 149.440565 160.234674 145.946954 126.923388 132.941721 123.292123 123.189816 116.538702 128.863249 152.933739 165.958929 41.231401 46.223735
-9999 -9999 -9999 -9999 -9999 -9999 -9999 -9999 -9999 -9999 -9999 -9999 -9999 -9999 -9999 -9999 -9999 -9999 -9999 -9999 366.813154 369.819425 176.120622 152.529621 199.414396 303.417207 349.333085 229.887263 206.191476 151.89417 337.771396 292.919582 260.256207 183.001579 163.346898 186.273639 162.422336 147.22502 142.700918 147.395402 155.855988 148.493656 151.292097 163.650924 219.413535 270.404271 290.396643 358.217779 155.448646 277.209481 240.743289 225.523406 261.082863 155.72225 136.51269 107.629372 100.690403 87.175997 196.636848 173.939106 149.467823 137.630411 124.15521 126.197349 119.667164 142.719797 147.444653 166.291941 84.014128 61.573591
-9999 -9999 -9999 -9999 -9999 -9999 -9999 -9999 -9999 -9999 -9999 -9999 -9999 -9999 -9999 -9999 -9999 -9999 -9999 -9999 340.383682 333.90277 252.982437 168.933049 163.338135 173.224954 267.509053 149.66861 149.66861 151.89417 243.184528 151.780968 123.22508 146.210446 163.215141 162.956098 156.543135 147.561845 141.848287 143.233016 159.816884 159.669912 170.231216 175.881788 216.143527 216.143527 214.921735 184.439214 155.693037 256.068818 330.935446 227.068891 227.068889 194.144433 156.497597 136.536708 108.054775 97.59206 83.060077 150.209543 163.085165 121.268298 117.29045 135.891036 136.518072 150.740781 159.847247 117.500076 98.242557 107.978868
-9999 -9999 -9999 -9999 -9999 -9999 -9999 -9999 -9999 -9999 -9999 -9999 -9999 -9999 -9999 -9999 -9999 -9999 -9999 -9999 257.80599 172.76585 214.044622 176.26228 158.868205 155.889765 225.597961 203.271332 270.529296 133.773594 132.585084 152.227888 123.22508 150.739029 145.527832 146.386487 153.777406 146.504028 143.035062 166.545052 160.708357 153.446099 166.479313 189.118487 216.143527 215.956142 143.849638 120.571461 103.16966 62.013973 130.331157 266.47437 227.068889 201.267219 175.178139 87.206212 45.430467 29.786469 29.786469 209.144422 154.266139 136.929101 134.106697 164.190457 174.370828 147.923996 161.139024 108.349115 116.13997 123.914434
-9999 -9999 -9999 -9999 -9999 -9999 -9999 -9999 -9999 -9999 -9999 -9999 -9999 -9999 -9999 -9999 -9999 -9999 -9999 -9999 -9999 165.957199 85.627243 623.669686 148.499299 160.032541 167.624429 186.252145 240.576628 136.939596 217.090521 153.783544 160.093822 157.643232 145.527832 124.431576 137.106903 148.914681 142.206765 153.305959 141.993246 139.87689 147.55909 151.026427 160.393553 216.032571 144.176581 101.357107 87.237946 67.225468 257.46997 249.445585 210.381098 182.306721 120.805996 80.147857 49.845558 29.421335 29.786469 37.566579 37.566579 353.868423 221.64656 181.145447 260.851037 153.244638 177.075598 220.232361 149.892144 133.364256
-9999 -9999 -9999 -9999 -9999 -9999 -9999 -9999 -9999 -9999 -9999 -9999 -9999 -9999 -9999 -9999 -9999 -9999 -9999 -9999 -9999 552.234218 929.72223 422.025356 388.222679 166.418462 130.050574 142.516492 137.285794 171.09589 220.040114 153.783544 164.382488 164.227747 159.2855 140.014477 122.960931 160.211277 153.800088 139.288799 130.45593 136.485794 153.410374 169.860551 167.017955 171.810932 126.515156 106.436548 75.573808 63.812196 65.792879 278.925414 233.576709 197.883476 165.859001 165.859001 74.195756 55.011636 45.723933 35.434433 37.566579 258.042236 293.935035 269.713391 214.227626 153.579243 180.14444 204.034521 262.59778 164.257214
-9999 -9999 -9999 -9999 -9999 -9999 -9999 -9999 -9999 -9999 -9999 -9999 -9999 -9999 -9999 -9999 -9999 -9999 -9999 -9999 -9999 1567.530855 1566.649282 1205.387967 484.788529 346.783248 123.322017 138.980378 136.589516 145.768575 151.802513 313.787484 323.780911 164.227747 157.294547 137.450816 223.107037 159.978783 149.897661 133.07314 116.246208 128.044704 153.172517 172.328338 186.810101 138.40907 120.348773 95.960728 75.597502 64.11079 148.841884 268.821153 229.111083 181.878018 165.859001 165.859001 74.330433 64.937258 209.144422 45.04084 40.60319 63.551905 136.850034 247.56209 187.080649 187.353519 170.627573 176.917858 250.165754 162.857445
-9999 -9999 -9999 -9999 -9999 -9999 -9999 -9999 -9999 -9999 -9999 -9999 -9999 -9999 -9999 -9999 -9999 -9999 -9999 -9999 -9999 1339.266665 1529.869137 726.37472 483.59485 744.481212 252.068928 139.476519 146.230297 146.98483 130.635611 157.025655 337.209255 200.001113 156.728951 136.204796 226.383453 152.941123 123.497423 126.423788 117.169271 122.816292 129.55408 136.358055 136.810386 139.212214 223.447575 289.641601 366.158358 332.898714 329.604905 310.455766 279.575633 212.798256 174.694891 177.212672 208.323066 208.323066 97.631759 75.926197 31.917408 31.917408 117.738373 185.382687 193.687439 190.521703 166.48057 177.331774 186.6541 153.361058
-9999 -9999 -9999 -9999 -9999 -9999 -9999 -9999 -9999 -9999 -9999 -9999 -9999 -9999 -9999 -9999 -9999 -9999 -9999 30 285.447206 298.90486 433.617169 433.530241 398.758841 782.95213 338.494182 140.786275 149.075146 142.590485 145.080587 153.292764 290.349743 314.429881 176.725586 160.442094 171.419499 127.488021 110.658559 132.946276 107.462444 109.957136 123.219094 156.440969 152.994243 148.204359 182.108145 108.514844 95.427789 132.096335 194.42013 127.183106 325.434634 241.561205 223.661101 209.144422 209.144422 209.144422 209.144422 48.434047 31.917408 31.917408 146.136797 121.261722 126.765099 173.428987 155.048088 153.027215 160.386273 166.80873
-9999 -9999 -9999 -9999 -9999 -9999 -9999 -9999 -9999 -9999 -9999 -9999 -9999 -9999 -9999 -9999 -9999 -9999 30 219.72462 305.448323 343.004204 426.584483 430.538617 395.017112 402.50057 331.673888 120.951883 126.89499 110.599592 135.855023 149.450135 200.342798 166.812642 306.824094 256.027051 152.85631 152.006236 140.734278 117.963274 106.654775 106.984958 107.436955 133.762015 140.891425 150.249731 330.056574 112.628381 107.926542 356.138305 49.746473 131.253788 319.575633 242.981749 225.783659 216.646133 216.646133 216.646133 174.266973 48.013689 32.193475 31.125257 137.718059 139.755888 142.816837 100.98224 113.456323 139.740129 140.526115 126.55203
-9999 -9999 -9999 -9999 -9999 -9999 -9999 -9999 -9999 -9999 -9999 -9999 -9999 -9999 -9999 -9999 -9999 -9999 -9999 219.72462 219.72462 376.202494 251.832078 338.494182 158.704321 158.704321 263.758452 240.35173 139.387454 123.874982 139.516843 152.3103 152.988456 156.396697 347.411916 270.694499 199.80365 160.193543 153.230588 146.167923 107.948484 100.613754 103.130693 127.553486 142.85391 121.204595 87.581777 63.654563 52.907519 43.87634 52.501027 340.674671 287.416566 244.599589 210.935389 191.46595 181.698292 116.169715 89.140299 54.167465 37.958932 26.024378 26.024378 213.133055 139.782053 108.240743 136.197417 139.554936 129.298313 123.461672
-9999 -9999 -9999 -9999 -9999 -9999 -9999 -9999 -9999 -9999 -9999 -9999 -9999 -9999 -9999 -9999 -9999 -9999 -9999 -9999 -9999 158.704321 158.704321 158.704321 158.704321 158.704321 158.704321 158.705105 149.664561 142.419749 143.668647 153.039064 159.189214 163.469183 290.39966 187.54757 169.891549 219.846568 199.656866 152.426962 117.383183 139.875472 139.804483 143.522309 147.402606 97.810466 70.583155 52.501027 50.528862 31.863107 51.914533 330.2292 276.363231 240.31242 203.325612 167.578317 126.718164 104.926982 81.242551 58.044351 38.321021 26.024378 26.024378 360.324939 304.279142 250.585795 176.433122 149.713344 152.976577 139.887251
-9999 -9999 -9999 -9999 -9999 -9999 -9999 -9999 -9999 -9999 -9999 -9999 -9999 -9999 -9999 -9999 30 30 -9999 -9999 -9999 158.704321 158.704321 158.704321 158.704321 177.303616 157.773346 157.923638 157.930305 155.800895 149.38688 152.831138 166.899014 176.717877 216.869057 160.173326 139.570976 270.80354 179.898531 155.824459 160.905486 149.59513 136.672564 127.742678 117.697119 87.715717 63.115986 52.501027 38.779375 37.849418 48.907857 284.260755 243.890503 200.271527 160.812409 123.893953 93.16947 77.345705 54.996602 39.756858 22.550595 33.600362 41.862651 338.175602 314.288419 186.375558 139.971074 142.983396 149.134442 140.066435
-9999 -9999 -9999 -9999 -9999 -9999 -9999 -9999 -9999 30 30 -9999 -9999 -9999 30 -9999 247.991595 -9999 -9999 -9999 -9999 30 287.823243 186.739233 186.347791 197.358687 206.650895 200.892157 126.773826 156.012203 153.178336 153.630777 176.541936 186.045959 187.483628 151.446855 148.936355 139.606263 126.504264 170.573155 157.927158 148.77624 136.010485 127.171317 117.330436 80.603812 55.310057 52.501027 40.18298 37.849418 202.694558 276.374471 244.140604 206.930845 157.228601 117.49174 93.287591 77.345705 50.140614 39.756551 22.550595 22.221638 41.862651 292.504382 303.923118 226.345445 159.539585 149.218798 193.045187 153.234817
-9999 -9999 -9999 -9999 -9999 -9999 -9999 -9999 -9999 166.747935 30 30 411.178879 578.12538 -9999 975.303778 -9999 264.315946 836.798477 408.047144 307.096318 387.28809 223.863208 180.645826 186.803818 190.347245 194.558294 200.301125 209.670416 155.867897 152.858359 152.49814 171.394834 180.231523 183.460771 153.00786 152.64903 146.43217 146.439327 146.963015 136.34898 140.010331 130.78625 136.748233 120.851565 80.614841 56.837734 43.692183 28.697155 32.658562 229.793046 236.815369 236.777808 213.280982 187.086621 127.394816 104.316052 77.684904 51.018296 38.544832 22.548341 22.548341 150.301036 300.271012 294.334456 244.402612 233.302166 233.454153 197.662522 161.158541
-9999 -9999 -9999 -9999 -9999 -9999 -9999 -9999 -9999 176.857003 186.2108 324.457424 383.626386 558.165697 859.380597 1054.200223 1399.66945 1400.003717 1136.001362 360.352248 226.940518 367.615649 200.640799 200.185381 187.652637 186.939254 187.449985 206.566932 169.571863 152.466534 155.629888 152.539166 160.159628 169.753632 162.54965 151.95294 156.280589 160.352245 146.770686 152.441615 126.880091 133.284402 49.875428 143.383153 111.252224 76.833465 70.205277 46.983861 32.758972 18.578299 94.394267 210.56436 221.227983 192.8661 187.107768 124.233372 97.762972 73.74752 53.500717 38.544832 23.64335 19.081907 34.183818 344.085494 250.320849 233.165148 230.611002 244.428098 234.335808 237.131429
-9999 -9999 -9999 -9999 -9999 -9999 -9999 -9999 -9999 186.191718 186.191718 444.608755 577.210556 708.303329 767.201342 791.418908 976.878143 1103.417474 1336.327945 1497.076396 344.348964 367.317948 186.754949 186.764454 186.117979 186.454748 207.460836 206.316853 178.442178 146.500561 152.990097 149.12458 159.413355 163.919118 159.835105 148.904627 163.309169 142.043039 151.509198 151.740672 135.653136 116.93517 147.320379 146.62008 120.943222 86.66723 72.525667 42.143238 27.423507 16.35139 52.501027 49.903253 100.760273 197.475854 187.107768 130.333735 101.457203 84.495361 57.744141 38.26623 23.283397 19.081907 19.081907 192.722556 139.640502 169.668349 210.300134 217.176741 234.457511 244.488851
