STOTEN_Data/raw/Age_yrs_1600ft.asc
ncols         250
nrows         718
xllcorner     -2256000
yllcorner     1557000
cellsize      1000
NODATA_value  -9999
[rows 248 to 278 of 718, columns 70 to 139 of 250]
1459.237816 1539.00125 1633.04424 1792.356622 1905.123289 2304.695534 2722.930758 2602.22486 2839.329012 3503.955822 3402.44454 4145.031955 5250 5250 5250 4991.721459 3967.7319 3437.917678 3313.156674 3132.595727 2710.09765 2397.609341 2128.753633 1827.869182 1625.758363 1520.636578 1434.50068 1391.319593 1334.521691 1285.788727 1263.836215 1275.442135 970.695732 707.677686 475.380626 368.523159 413.841136 486.756241 33.624914 6.587269 6.587269 -9999 -9999 -9999 -9999 -9999 -9999 -9999 -9999 -9999 -9999 -9999 -9999 -9999 -9999 -9999 -9999 -9999 -9999 -9999 -9999 -9999 -9999 -9999 -9999 -9999 -9999 -9999 -9999 -9999
1467.269761 1539.441496 1634.278982 1863.013702 2058.308805 2366.40747 2762.810377 2770.342236 2980.96848 3605.407765 3612.693619 5093.219047 5250 5250 4898.35317 3971.98266 3669.276919 3053.702193 2989.094228 2722.083457 2142.672341 1922.968987 2012.042198 1730.171285 1499.03139 1323.43144 1127.676679 1091.151089 1217.607726 1035.187377 988.313115 1028.762209 975.711206 837.079997 501.140475 371.132116 466.685488 466.751012 43.705681 7.790554 4.62423 -9999 -9999 -9999 -9999 -9999 -9999 30 -9999 -9999 -9999 -9999 -9999 -9999 -9999 -9999 -9999 -9999 -9999 -9999 -9999 -9999 -9999 -9999 -9999 -9999 -9999 -9999 -9999 -9999
1501.872041 1538.499948 1701.131635 1845.16345 2141.073192 2466.39655 2832.446773 2979.307101 3252.481339 3736.951632 4138.155042 5250 5250 5210.292499 3705.355331 2749.403178 2183.027654 1924.983819 1784.067238 1590.81372 1506.092837 1436.260124 1437.318331 1357.600649 1149.942975 986.20111 817.434646 765.726746 758.150797 803.046703 781.056073 686.976065 729.322715 730.978076 602.603689 372.863801 391.016001 445.959985 77.905544 32.704997 32.704997 32.704997 30 -9999 -9999 -9999 -9999 -9999 -9999 -9999 -9999 -9999 -9999 -9999 -9999 -9999 -9999 -9999 -9999 -9999 -9999 -9999 -9999 -9999 -9999 -9999 -9999 -9999 -9999 -9999
1502.535005 1605.428376 1679.012445 1782.433888 2102.011732 2571.5341 3001.57884 3112.225107 3774.378095 3868.903301 5250 5250 4586.842965 2901.522104 2519.644083 1811.41897 1682.402881 1678.825377 1902.286576 1504.52628 1332.866034 1152.581942 1032.644597 1013.472037 846.534244 751.355711 667.159914 576.814536 534.749357 500.921479 507.56969 573.961296 537.534386 534.010668 476.244706 333.340464 358.093074 487.930133 509.475008 32.704997 32.704997 32.704997 30 30 30 30 30 -9999 -9999 -9999 -9999 -9999 -9999 -9999 -9999 -9999 -9999 -9999 -9999 -9999 -9999 -9999 -9999 -9999 -9999 -9999 -9999 -9999 -9999 -9999
1506.138376 1605.272381 1702.982253 1783.953295 2064.24183 2463.771848 3029.376821 3134.162973 4103.762068 4105.778468 5250 2750.433096 2038.174714 1618.59523 1506.028292 1367.8769 1277.969811 1156.220259 1046.416044 1106.925525 1331.440834 1303.757942 950.972003 796.225541 694.868375 497.058566 463.941001 399.320191 380.092775 358.422063 361.266597 365.06211 365.655705 429.541932 390.185366 403.574742 330.887685 525.010267 161.93103 32.704997 51.624914 51.624914 30 30 30 30 -9999 -9999 -9999 -9999 -9999 -9999 -9999 -9999 -9999 -9999 -9999 -9999 -9999 -9999 -9999 -9999 -9999 -9999 -9999 -9999 -9999 -9999 -9999 -9999
1535.94735 1629.930109 1726.964275 1865.872539 2004.228903 2374.839113 2825.865456 3176.342045 4302.860268 5250 2835.851537 1859.830169 1589.518697 1439.776659 1330.258326 1175.820175 1227.992669 982.026486 887.946396 872.063382 733.41545 935.848305 1240.236 957.740583 700.601094 473.741451 359.214883 292.168606 262.105386 267.255037 315.428017 296.384357 312.773671 285.609844 314.144686 385.215318 407.474333 187.132295 266.709442 44.66256 44.66256 44.66256 30 30 -9999 -9999 -9999 -9999 -9999 -9999 -9999 -9999 -9999 -9999 -9999 -9999 -9999 -9999 -9999 -9999 -9999 -9999 -9999 -9999 -9999 -9999 -9999 -9999 -9999 -9999
1624.911953 1639.811748 1762.26269 1905.381371 2068.594232 2335.840179 2735.123167 3179.826766 4231.442526 3193.917001 1971.958822 1630.481648 1338.182949 1119.641002 1024.850363 986.546996 1123.277874 812.899295 701.163942 621.368751 598.29867 565.861032 878.518993 997.307812 711.384896 465.752156 343.284038 257.267294 249.272728 272.918381 277.559057 276.256429 278.32876 265.433474 336.864339 353.732862 427.488022 427.488022 206.725399 47.790554 22.502396 22.502396 9.749487 -9999 -9999 -9999 -9999 -9999 -9999 -9999 -9999 -9999 -9999 -9999 -9999 -9999 -9999 -9999 -9999 -9999 -9999 -9999 -9999 -9999 -9999 -9999 -9999 -9999 -9999 -9999
1627.676463 1700.568325 1799.534477 1907.852391 2131.186986 2432.974324 2665.657521 3591.098943 4974.75029 2286.322222 1605.252632 1265.407955 1139.200863 1029.673323 952.394907 821.273582 756.141758 712.667745 593.100913 552.48494 461.821952 522.587587 486.910843 716.21651 631.627622 496.027007 376.481452 283.383247 260.552723 306.621448 266.74452 260.149533 259.931667 321.376763 372.476375 336.077402 427.488022 417.544859 185.081147 102.094518 3.452607 4.62423 -9999 -9999 -9999 -9999 -9999 -9999 -9999 -9999 -9999 -9999 -9999 -9999 -9999 -9999 -9999 -9999 -9999 -9999 -9999 -9999 -9999 -9999 -9999 -9999 -9999 -9999 -9999 -9999
1704.282373 1735.424352 1865.206925 1998.413359 2207.04944 2475.059684 2633.154688 4071.459181 3046.838881 1641.546707 1442.585733 1180.134454 1011.326682 875.586075 828.407957 755.215284 686.064704 669.331805 608.74312 601.331331 539.161876 479.366794 390.757622 407.916552 337.135988 348.215675 346.579297 343.083099 341.378675 306.161649 816.379718 406.475092 382.535823 367.2493 344.867135 304.194229 363.048141 417.494867 185.023956 205.859001 3.452607 3.452607 30 -9999 -9999 -9999 -9999 -9999 -9999 -9999 -9999 -9999 -9999 -9999 -9999 -9999 -9999 -9999 -9999 -9999 -9999 -9999 -9999 -9999 -9999 -9999 -9999 -9999 -9999 -9999
1794.514003 1865.530198 1905.966405 2062.968095 2303.827209 2512.73556 2661.219617 4010.577384 2449.623239 1635.266767 1158.993887 1019.063734 928.253912 831.837303 799.434307 691.050196 608.536236 609.775032 611.127102 618.521961 485.688206 464.79478 454.746829 429.835624 449.977336 396.766361 376.415344 388.493417 377.797151 430.48566 409.896863 396.489481 374.334192 491.619743 411.119295 320.90457 290.557047 427.488022 417.720845 467.488022 125.859001 95.852156 30 -9999 -9999 -9999 -9999 -9999 -9999 -9999 -9999 -9999 -9999 -9999 -9999 -9999 -9999 -9999 -9999 -9999 -9999 -9999 -9999 -9999 -9999 -9999 -9999 -9999 -9999 -9999
1728.450008 1897.987267 1907.788619 2128.40057 2336.701366 2504.257598 2726.24965 4884.713756 1919.415408 1289.189011 1171.783183 1019.433642 852.524288 814.239824 1016.8573 757.974434 713.890081 649.049497 689.44923 657.015777 588.012843 591.951419 868.823945 519.890906 466.395807 445.336486 470.99524 501.426522 463.775716 447.480811 582.048342 879.559205 693.47318 608.759222 450.640973 541.787904 288.036817 446.2423 466.639288 26.461328 8.66256 4.5859 30 -9999 -9999 -9999 -9999 -9999 -9999 -9999 -9999 -9999 -9999 -9999 -9999 -9999 -9999 -9999 -9999 -9999 -9999 -9999 -9999 -9999 -9999 -9999 -9999 -9999 -9999 -9999
1722.149869 2004.10953 2001.868523 2207.454542 2531.646315 2605.298853 3142.008569 3733.890951 1770.776513 1289.904024 1033.165085 924.238817 881.01011 818.870019 968.286608 719.839895 973.97882 718.012104 729.717142 636.200619 696.775858 623.716671 602.621766 604.071225 662.660278 608.96792 548.738888 531.101449 860.94246 743.521367 723.299243 744.776024 663.893504 466.709861 410.403833 444.982888 326.803559 185.448323 176.646133 4.501027 4.501027 4.5859 30 -9999 -9999 -9999 -9999 -9999 -9999 -9999 -9999 -9999 -9999 -9999 -9999 -9999 -9999 -9999 -9999 -9999 -9999 -9999 -9999 -9999 -9999 -9999 -9999 -9999 -9999 -9999
1762.356108 2045.380537 2065.478546 2335.69052 2572.276108 2662.397112 3671.734419 2335.211008 1489.00982 1223.741001 1042.096064 964.635481 886.709774 884.681422 1022.313728 888.825178 661.604694 765.237824 812.825357 760.270372 738.59371 696.057147 687.783623 675.545843 666.812685 590.793565 761.195436 821.460043 775.329191 937.607597 855.03716 744.29917 622.347148 474.562359 479.085597 446.461328 509.158111 509.158111 155.865845 4.501027 30 30 30 -9999 -9999 -9999 -9999 -9999 -9999 -9999 -9999 -9999 -9999 -9999 -9999 -9999 -9999 -9999 -9999 -9999 -9999 -9999 -9999 -9999 -9999 -9999 -9999 -9999 -9999 -9999
1896.170161 2003.468731 2304.501267 2461.353574 2605.721626 2733.610992 3810.27012 2451.100133 1490.567933 1186.575346 1066.486572 1018.36465 920.818515 1053.999016 802.743522 856.446244 944.621469 988.283755 852.465435 812.14175 786.264287 722.04153 683.775899 674.012413 859.560104 896.807947 813.712462 1061.197238 937.589827 857.730809 755.72411 683.906291 583.68466 433.788126 396.1227 356.805254 509.158111 509.158111 155.865845 145.87269 30 30 -9999 -9999 -9999 -9999 -9999 -9999 -9999 -9999 -9999 -9999 -9999 -9999 -9999 -9999 -9999 -9999 -9999 -9999 -9999 -9999 -9999 -9999 -9999 -9999 -9999 -9999 -9999 -9999
2129.57861 2032.81391 2402.086532 2501.552353 2606.910044 2934.572854 4882.592199 1832.048434 1380.21981 1190.637315 1120.377949 1055.807409 985.309754 980.648345 807.04415 981.351162 994.172973 939.381174 833.159915 806.110681 803.111941 818.827005 1024.743497 934.333119 885.477341 1060.78435 1025.472131 1217.129371 1031.553654 833.953396 750.508225 694.611262 559.283952 429.660856 358.452784 437.776793 483.194113 766.16844 155.865845 13.721729 4.5859 4.5859 -9999 -9999 -9999 -9999 -9999 -9999 -9999 -9999 -9999 -9999 -9999 -9999 -9999 -9999 -9999 -9999 -9999 -9999 -9999 -9999 -9999 -9999 -9999 -9999 -9999 -9999 -9999 -9999
2168.804027 2101.068273 2506.080123 2596.172613 2665.910064 3150.728537 3527.079579 1822.142006 1380.904551 1287.628425 1192.493812 1144.424752 1047.619399 1015.863097 1013.248625 1022.356206 1019.056733 928.928904 885.78679 920.336184 1093.132558 1189.347287 934.127595 989.677065 1228.415002 1159.809411 1354.855574 1196.200378 1028.449 834.409778 783.818788 662.663941 487.134 429.206946 349.118831 312.942681 452.698663 335.844704 355.341796 18.544832 4.5859 30 -9999 -9999 -9999 -9999 -9999 -9999 -9999 -9999 -9999 -9999 -9999 -9999 -9999 -9999 -9999 -9999 -9999 -9999 -9999 -9999 -9999 -9999 -9999 -9999 -9999 -9999 -9999 -9999
2070.412035 2148.401087 2609.056191 2598.411278 2758.467474 3374.835974 2806.441467 1688.891541 1460.537157 1353.504009 1254.397629 1265.839148 1346.733501 1192.597613 1150.132304 1112.152977 1071.32287 1005.510987 974.245896 1254.512874 1094.798869 1058.64809 1253.142399 1254.973768 1486.954708 1453.360665 1355.965145 1222.497827 1033.081304 898.215454 783.851273 692.669541 547.866852 428.114654 352.206071 285.438788 335.973708 272.936345 315.049768 50.915811 50.915811 30 -9999 -9999 -9999 -9999 -9999 -9999 -9999 -9999 -9999 -9999 -9999 -9999 -9999 -9999 -9999 -9999 -9999 -9999 -9999 -9999 -9999 -9999 -9999 -9999 -9999 -9999 -9999 -9999
2001.843986 2236.913811 2665.902557 2637.224943 2837.079962 3601.305155 2228.308165 1688.888889 1505.971498 1490.351383 1392.299612 1371.346251 1384.023987 1238.266209 1241.238233 1234.66451 1148.844159 1174.147867 1353.912069 1098.256328 1098.683613 1281.695592 1498.337585 1552.085865 2050.417313 1666.319809 1424.151666 1201.647779 1097.644298 901.42653 764.770598 698.630312 605.336951 442.690698 343.291761 461.854175 525.010267 958.851792 296.085201 155.975524 50.915811 -9999 -9999 -9999 -9999 -9999 -9999 -9999 -9999 -9999 -9999 -9999 -9999 -9999 -9999 -9999 -9999 -9999 -9999 -9999 -9999 -9999 -9999 -9999 -9999 -9999 -9999 -9999 -9999 -9999
2096.976851 2336.613143 2705.112002 2669.995834 3077.377863 4505.563736 2120.419758 1688.888897 1632.173002 1527.731749 1437.755884 1493.275946 1453.502175 1349.532506 1288.627714 1274.510761 1345.433323 1421.743078 1233.775209 1186.691375 1354.506553 1326.719755 1656.954599 2516.957731 2052.718597 1631.19811 1416.61359 1288.048291 1074.760586 906.091887 769.023105 705.218544 630.870275 444.428765 350.336491 456.418893 525.010267 595.309343 11.164419 50.915811 50.915811 -9999 -9999 -9999 -9999 -9999 -9999 -9999 -9999 -9999 -9999 -9999 -9999 -9999 -9999 -9999 -9999 -9999 -9999 -9999 -9999 -9999 -9999 -9999 -9999 -9999 -9999 -9999 -9999 -9999
2207.326411 2503.160431 2738.217725 2828.065017 3367.549177 5250 2004.182 1798.378991 1716.377661 1603.974064 1650.541074 1587.999007 1456.476473 1366.293643 1331.006464 1442.90678 1455.33328 1323.147074 1293.760719 1392.02915 1478.295085 1516.820887 1989.076674 2555.90998 2053.57939 1666.327457 1452.06403 1321.195329 1253.714647 1039.607729 836.543463 750.825169 626.576605 488.5749 519.028063 459.313036 725.256674 636.582361 11.164419 50.915811 155.934177 155.556474 164.027046 30 30 -9999 -9999 -9999 -9999 -9999 -9999 -9999 -9999 -9999 -9999 -9999 -9999 -9999 -9999 -9999 -9999 -9999 -9999 -9999 -9999 -9999 -9999 -9999 -9999 -9999
2335.203474 2633.731991 2835.627684 2940.673623 3543.540818 2856.771253 2031.019993 1903.754517 1764.78225 1814.457091 1700.851142 1625.571968 1470.644252 1457.660825 1455.102276 1435.16127 1285.056041 1324.611425 1616.612638 1536.713848 1635.694784 1892.137031 2826.639027 2517.175663 2117.139916 1786.700564 1512.980546 1351.038712 1199.072082 1150.261422 991.567564 798.188158 724.110623 582.791775 430.708001 428.590625 499.046293 616.515039 397.701284 50.915811 204.262454 175.852156 107.488022 30 -9999 -9999 -9999 -9999 -9999 -9999 -9999 -9999 -9999 -9999 -9999 -9999 -9999 -9999 -9999 -9999 -9999 -9999 -9999 -9999 -9999 -9999 -9999 -9999 -9999 -9999
2472.315531 2704.131311 2908.547743 3203.521697 3665.889852 2591.037391 2125.863052 1950.962085 1886.299866 1849.863225 1766.82385 1652.991264 1546.743362 1470.093678 1562.980603 1359.994711 1353.463829 1595.056137 1730.728119 2250.239959 52.459959 52.459959 2959.844588 2642.438217 2365.607063 1825.838008 1539.993729 1355.768138 1350.892932 1144.665431 1047.174733 835.935309 772.872804 516.193106 459.047354 468.151987 888.006156 892.817698 878.986995 298.843209 156.249144 97.919233 24.543463 4.5859 -9999 -9999 -9999 -9999 -9999 -9999 -9999 -9999 -9999 -9999 -9999 -9999 -9999 -9999 -9999 -9999 -9999 -9999 -9999 -9999 -9999 -9999 -9999 -9999 -9999 -9999
2632.668664 2935.388576 3013.700531 3600.208806 4936.494519 2414.244884 2159.465704 2056.680347 2057.1347 1899.774937 1797.591205 1701.190122 1631.175562 1806.245359 1458.970723 1403.056996 1497.184504 1666.579259 2250.240633 4893.183211 52.459959 52.459959 3056.534174 2676.615081 2064.932863 1826.089944 1558.773036 1422.46693 1302.255822 1004.088081 879.075811 751.829663 660.890434 590.347158 1275.001408 492.062872 460.663262 845.995893 774.811773 393.347023 308.747433 29.791923 4.5859 4.5859 -9999 -9999 -9999 -9999 -9999 -9999 -9999 -9999 -9999 -9999 -9999 -9999 -9999 -9999 -9999 -9999 -9999 -9999 -9999 -9999 -9999 -9999 -9999 -9999 -9999 -9999
2667.0457 3335.362287 3202.444516 3668.908466 4509.842642 2446.271441 2314.126772 2188.839217 2068.798096 2015.946256 1836.987883 1769.171635 2093.143497 1657.439935 1496.885819 1556.838955 1741.625877 2353.005552 4617.337712 52.418891 52.418891 2902.467893 2784.936097 2412.256706 2129.441704 1797.504588 1546.848104 1403.43901 1243.063941 971.356729 924.480436 515.354894 883.812832 634.827556 480.647754 404.066784 418.170963 745.380836 779.824972 318.277134 318.740589 39.874059 11.748118 -9999 -9999 -9999 -9999 -9999 -9999 -9999 -9999 -9999 -9999 -9999 -9999 -9999 -9999 -9999 -9999 -9999 -9999 -9999 -9999 -9999 -9999 -9999 -9999 -9999 -9999 -9999
3041.675097 3839.026703 3599.7458 3942.716053 3058.503346 2433.72738 2438.484674 2386.945454 2192.795396 2053.432401 1902.487385 2193.545667 1961.031258 1680.253716 1625.053037 1691.321019 1920.389778 2967.892982 524.188912 52.418891 52.418891 2880.908531 2009.373651 1890.184812 1862.867536 1696.830824 1385.98574 1118.473181 1018.167439 896.053734 583.114238 566.53096 471.938399 561.46498 483.542704 498.251184 410.053622 426.996768 779.537442 979.192334 318.740589 5250 5250 30 30 -9999 -9999 -9999 -9999 -9999 -9999 -9999 -9999 -9999 -9999 -9999 -9999 -9999 -9999 -9999 -9999 -9999 -9999 -9999 -9999 -9999 -9999 -9999 -9999 -9999
3199.991151 3531.286874 3670.91558 4572.211332 2902.660371 2589.738704 2527.957203 2341.366142 2283.666676 2070.501067 2052.441358 2594.394877 1987.0083 1930.525331 1827.247129 2043.51661 2358.158562 4958.344098 3090.127359 2899.69286 2267.970834 1474.571385 1329.995787 1188.907857 1178.231378 1122.376753 1452.649657 722.735923 733.740443 579.962095 706.085287 604.271421 579.808288 734.930413 654.461849 638.197614 529.965485 400.73474 781.061768 878.986995 318.740589 25.447678 25.447678 418.009043 385.641816 346.303863 336.274101 318.528653 -9999 -9999 -9999 -9999 -9999 -9999 -9999 -9999 -9999 -9999 -9999 -9999 -9999 -9999 -9999 -9999 -9999 -9999 -9999 -9999 -9999 -9999
3480.215284 3608.964201 4008.415708 5250 2897.859982 2732.696956 2498.272185 2446.158788 2360.89427 2250.240578 2636.281821 2193.981567 2051.828998 2086.537152 2320.018739 2488.986981 5044.194166 2733.432267 2921.457145 2563.264044 1585.206458 1264.317484 1245.341293 923.570022 885.140143 924.161791 835.822626 799.319497 798.664037 797.065533 778.415009 807.902081 767.545776 679.901009 691.149714 631.056419 585.082604 571.075973 512.203298 434.891436 774.811773 517.219876 25.447678 52.501027 52.501027 245.434634 236.249144 238.927354 -9999 -9999 -9999 -9999 -9999 -9999 -9999 -9999 -9999 -9999 -9999 -9999 -9999 -9999 -9999 -9999 -9999 -9999 -9999 -9999 -9999 -9999
4541.021869 3836.572117 4049.241765 4158.063528 2922.765135 2767.546452 2632.17125 2594.387454 2345.474401 2884.332711 2649.694634 2422.311018 2320.161825 2527.824253 2729.36345 2270.82682 1836.909088 1687.242662 1615.983082 1234.545183 1608.831358 1013.36774 982.142804 905.971113 840.949582 997.986091 933.011919 1071.916139 1401.312923 1249.870395 1112.389877 1003.259926 815.187599 777.661199 764.672166 695.573611 568.147648 451.125073 377.161102 317.905189 493.7577 479.981888 289.0996 276.123566 52.501027 236.249144 245.509888 206.347027 236.64857 -9999 -9999 -9999 -9999 -9999 -9999 -9999 -9999 -9999 -9999 -9999 -9999 -9999 -9999 -9999 -9999 -9999 -9999 -9999 -9999 -9999
4049.225278 3941.74357 4725.918909 3483.601689 3008.613588 2903.740147 2742.690338 2554.194122 2863.690539 2717.93133 2609.902316 2702.989501 2648.940855 5250 1729.188191 1667.486016 1453.737511 1353.655677 1443.097261 1180.967414 1122.78671 1044.750494 1064.996284 1043.820576 1265.747543 1822.409312 1638.238589 1560.937719 1405.967266 1253.556106 1142.190251 1003.794966 895.140089 804.435016 743.781816 702.118307 569.155565 426.747436 340.652174 434.530695 525.010267 658.726899 216.133374 248.292124 245.434634 245.434634 207.8987 207.8987 22.544832 -9999 -9999 -9999 -9999 -9999 -9999 -9999 -9999 -9999 -9999 -9999 -9999 -9999 -9999 -9999 -9999 -9999 -9999 -9999 -9999 -9999
4133.386436 4142.293162 5250 3359.692419 3124.472014 2986.619923 2876.995924 2904.929374 2951.227134 2822.6659 2717.109723 2831.125042 2634.804926 2061.674435 1760.586281 1581.342744 1443.972562 1370.973804 1256.732946 1259.057438 1188.39976 1210.688863 1233.339491 1568.948186 1906.174434 1820.982589 1666.026927 1559.150547 1459.113762 1332.555498 1206.292526 1078.08778 950.617814 838.786627 792.441281 702.564465 661.551674 391.132161 369.408675 406.090248 406.57563 5250 5250 245.620434 245.434634 245.330088 52.501027 22.544832 22.544832 -9999 -9999 -9999 -9999 -9999 -9999 -9999 -9999 -9999 -9999 -9999 -9999 -9999 -9999 -9999 -9999 -9999 -9999 -9999 -9999 -9999
4341.447112 4747.143128 5250 3400.790529 3258.236334 3099.62034 2966.613615 3275.358535 2955.5415 2757.902153 3078.210148 2230.914152 2330.371529 1868.483891 1610.332739 1513.496868 1424.159268 1396.436498 1388.448904 1394.020829 1429.520213 2233.88509 2078.395662 2338.718149 2069.363141 1858.508894 1678.014936 1561.764339 1443.294795 1360.788908 1214.03539 1111.493261 999.391904 839.80955 763.865431 759.800564 661.513948 410.153096 457.59132 398.422028 459.263676 5250 5250 265.723617 297.761139 178.133169 52.501027 21.585216 21.585216 -9999 -9999 -9999 -9999 -9999 -9999 -9999 -9999 -9999 -9999 -9999 -9999 -9999 -9999 -9999 -9999 -9999 -9999 -9999 -9999 -9999
