STOTEN_Data/raw/Age_yrs_1400ft.asc
ncols         250
nrows         718
xllcorner     -2256000
yllcorner     1557000
cellsize      1000
NODATA_value  -9999
[rows 248 to 278 of 718, columns 69 to 137 of 250]
1577.489149 1699.794884 1706.523254 1728.063821 1666.629161 918.067422 2068.802381 2603.485343 2630.713829 2759.458487 3074.4646 3170.325543 3959.944403 5180.472411 5250 5250 4698.593767 3959.374485 3281.168421 3166.296189 3019.420778 2748.940982 2272.675504 1894.561737 1658.038641 1467.009811 1382.441361 1296.501145 1272.037851 1240.956088 1214.008839 1171.13266 424.320277 967.666987 771.869693 479.426882 316.666004 236.084234 224.089849 33.624914 6.587269 6.587269 -9999 -9999 -9999 -9999 -9999 -9999 -9999 -9999 -9999 -9999 -9999 -9999 -9999 -9999 -9999 -9999 -9999 -9999 -9999 -9999 -9999 -9999 -9999 -9999 -9999 -9999 -9999
1664.438818 1599.016737 1600.769039 1629.390244 1625.556472 1802.638965 2072.704604 2654.95779 2580.160452 2767.298608 3205.841981 3380.317891 5085.738088 5250 5250 5055.18025 3850.077029 3565.833369 2963.218838 2741.035423 2746.24606 1913.811964 1699.168846 1789.657946 1559.182495 1315.436284 1105.361633 934.817295 874.048143 849.859201 927.846112 925.351907 923.747182 853.730394 285.002966 565.599306 339.490441 203.868705 217.023246 43.705681 7.790554 4.62423 -9999 -9999 -9999 -9999 -9999 -9999 30 -9999 -9999 -9999 -9999 -9999 -9999 -9999 -9999 -9999 -9999 -9999 -9999 -9999 -9999 -9999 -9999 -9999 -9999 -9999 -9999
1662.74964 1571.840906 1537.478574 1563.701752 1706.02051 1868.66254 2194.808201 2655.368667 2768.088623 3007.624434 3381.247662 3968.514889 5250 5250 5201.348259 3667.189723 2691.661302 2066.384056 1778.916583 1629.017737 1412.737636 1260.455705 1194.533773 1192.844484 1167.623272 997.30778 795.469401 682.398674 661.278657 567.637783 511.816885 546.422336 629.098795 631.161019 611.257109 494.251291 349.720142 228.71278 206.04072 77.905544 32.704997 32.704997 32.704997 30 -9999 -9999 -9999 -9999 -9999 -9999 -9999 -9999 -9999 -9999 -9999 -9999 -9999 -9999 -9999 -9999 -9999 -9999 -9999 -9999 -9999 -9999 -9999 -9999 -9999
1595.659038 1568.119735 1599.026757 1573.78325 1680.794486 1869.283095 2301.338561 2690.793057 2838.392147 3399.141425 3504.525625 5250 5250 4425.505913 2723.631687 2035.515175 1696.468241 1518.857201 1450.792385 1692.716555 1362.088719 1072.612098 955.551132 883.203057 844.626972 737.385995 649.163543 553.292843 447.011107 405.55012 369.511008 355.734562 375.143211 396.250622 446.198666 361.3445 299.002557 209.864033 271.459847 200.818502 32.704997 32.704997 32.704997 30 30 30 30 30 -9999 -9999 -9999 -9999 -9999 -9999 -9999 -9999 -9999 -9999 -9999 -9999 -9999 -9999 -9999 -9999 -9999 -9999 -9999 -9999 -9999
1599.01876 1569.843373 1600.823085 1604.104339 1680.834035 1870.310845 2255.964005 2667.170532 2844.162196 3777.720206 3776.011263 5250 2710.507932 1954.749777 1553.221385 1364.572339 1182.006947 1006.757803 869.550404 775.110908 724.931161 955.623544 1136.119921 783.835508 685.649616 553.37114 429.817137 362.701645 309.530818 302.650586 278.105647 266.34984 252.925828 250.757334 291.780927 317.996492 260.254186 239.779127 378.156045 161.93103 32.704997 51.624914 51.624914 30 30 30 30 -9999 -9999 -9999 -9999 -9999 -9999 -9999 -9999 -9999 -9999 -9999 -9999 -9999 -9999 -9999 -9999 -9999 -9999 -9999 -9999 -9999 -9999
1570.191839 1570.197121 1632.548483 1636.478161 1768.72073 1874.357609 2164.811069 2602.749652 2983.831214 3839.462446 5250 2803.935997 1758.682124 1367.09815 1103.936028 977.525414 809.676946 744.528993 618.258536 560.307714 520.668051 486.611554 666.548439 1106.94488 886.297546 584.748375 379.1782 286.454688 209.118186 179.882308 171.766073 162.143259 166.835828 192.161844 228.832997 215.757541 301.740919 316.895197 187.132295 266.709442 44.66256 44.66256 44.66256 30 30 -9999 -9999 -9999 -9999 -9999 -9999 -9999 -9999 -9999 -9999 -9999 -9999 -9999 -9999 -9999 -9999 -9999 -9999 -9999 -9999 -9999 -9999 -9999 -9999
1570.401273 1630.979744 1632.921912 1674.755763 1779.475304 2066.919853 2230.412545 2534.945725 2982.615495 3703.057558 3393.95416 1906.135641 1366.07701 1025.697028 807.882563 709.81518 672.193297 561.684509 514.228673 435.508591 387.261858 369.860825 349.231857 714.214009 888.648905 630.674843 398.813248 273.141424 179.667563 159.56588 158.127428 149.628922 182.367919 192.268831 209.443385 230.110748 259.197595 296.348364 259.180679 206.725399 47.790554 22.502396 22.502396 9.749487 -9999 -9999 -9999 -9999 -9999 -9999 -9999 -9999 -9999 -9999 -9999 -9999 -9999 -9999 -9999 -9999 -9999 -9999 -9999 -9999 -9999 -9999 -9999 -9999 -9999
1631.490025 1635.040908 1635.861013 1713.243808 1839.581141 2070.759906 2255.563215 2572.055535 3330.543053 4740.65377 2367.973929 1391.653191 1060.907909 885.469997 746.929344 651.229957 587.844634 442.709962 415.765701 388.999665 346.532486 325.637768 309.302251 305.269524 594.279103 565.861779 429.33746 297.822215 203.634294 167.13653 186.010022 195.261789 188.893622 166.951223 197.669917 329.161082 289.10505 241.245722 250.622861 185.081147 102.094518 3.452607 4.62423 -9999 -9999 -9999 -9999 -9999 -9999 -9999 -9999 -9999 -9999 -9999 -9999 -9999 -9999 -9999 -9999 -9999 -9999 -9999 -9999 -9999 -9999 -9999 -9999 -9999 -9999
1662.236933 1637.868318 1642.317818 1744.771955 1932.459776 2071.988189 2329.185379 2575.05813 3775.485372 3591.991969 1514.124587 1263.825486 1025.110681 835.358066 723.29712 575.340318 461.700511 423.352186 402.814357 365.658055 343.609421 308.855048 281.78851 250.445113 277.578594 216.37543 216.119858 216.100005 220.171139 220.508438 199.737458 193.257532 320.390509 309.607957 313.817936 293.58825 263.800708 255.714116 223.447167 185.023956 205.859001 3.452607 3.452607 30 -9999 -9999 -9999 -9999 -9999 -9999 -9999 -9999 -9999 -9999 -9999 -9999 -9999 -9999 -9999 -9999 -9999 -9999 -9999 -9999 -9999 -9999 -9999 -9999 -9999
1722.141205 1637.955184 1748.575621 1833.046196 1939.164163 2074.003554 2475.379369 2634.434792 3667.870265 2583.677579 1531.858374 1081.845417 916.116372 780.261365 676.573513 516.372626 423.56377 422.316679 400.708315 372.927408 338.720536 305.640238 295.104752 259.138992 245.795724 278.955657 272.813924 269.348245 268.719925 292.772685 336.845529 327.323063 319.829203 310.435232 442.805444 371.322031 301.470257 259.768167 233.101787 201.931194 467.488022 125.859001 95.852156 30 -9999 -9999 -9999 -9999 -9999 -9999 -9999 -9999 -9999 -9999 -9999 -9999 -9999 -9999 -9999 -9999 -9999 -9999 -9999 -9999 -9999 -9999 -9999 -9999 -9999
1729.65509 1642.05928 1768.241232 1863.418617 2070.639849 2253.85091 2510.689422 2698.263067 4296.945406 1819.575691 1294.160657 1101.78056 913.606773 746.409763 594.902849 512.368897 435.434299 413.638379 396.122114 373.363756 403.344632 332.764765 325.37765 330.078016 339.566193 806.88496 789.190828 340.150107 390.784608 364.58789 356.596116 420.23173 523.648347 512.860021 466.384656 397.474635 306.378647 279.479716 250.987682 224.996578 26.461328 8.66256 4.5859 30 -9999 -9999 -9999 -9999 -9999 -9999 -9999 -9999 -9999 -9999 -9999 -9999 -9999 -9999 -9999 -9999 -9999 -9999 -9999 -9999 -9999 -9999 -9999 -9999 -9999
1773.154554 1670.244963 1808.601326 1935.87827 2072.589187 2459.797193 2604.459302 3014.074857 3566.190017 1686.707149 1311.180613 965.79959 849.503205 753.689657 605.170705 470.08735 439.966363 428.856744 414.660849 409.529922 396.332164 430.151188 373.042562 383.708777 471.630947 452.007075 454.087636 429.134697 422.884546 562.636195 593.823862 597.007626 706.631644 544.587593 466.895583 400.054516 323.244511 277.062781 185.448323 176.646133 4.501027 4.501027 4.5859 30 -9999 -9999 -9999 -9999 -9999 -9999 -9999 -9999 -9999 -9999 -9999 -9999 -9999 -9999 -9999 -9999 -9999 -9999 -9999 -9999 -9999 -9999 -9999 -9999 -9999
1902.661646 1709.456079 1839.022266 2033.196491 2077.683282 2536.909771 2604.492948 3433.493897 2537.890781 1453.431639 1209.13143 998.757621 863.810584 744.408642 690.523589 524.793532 452.266858 580.350453 847.134915 841.368958 959.14347 482.929235 501.761036 480.523559 479.694933 474.691469 444.429296 547.843444 654.512771 649.86961 838.568989 758.276754 629.434682 536.114889 468.78458 382.610787 300.273785 236.878017 200.835044 155.865845 4.501027 30 30 30 -9999 -9999 -9999 -9999 -9999 -9999 -9999 -9999 -9999 -9999 -9999 -9999 -9999 -9999 -9999 -9999 -9999 -9999 -9999 -9999 -9999 -9999 -9999 -9999 -9999
1742.531374 1773.614864 1846.063493 2072.294519 2393.696467 2545.193154 2696.145462 3561.614407 2060.798282 1409.476013 1135.9438 974.664098 841.288362 751.604181 714.214153 546.045077 547.840897 573.413393 613.889579 523.293497 1032.387166 514.917201 484.675662 484.47986 495.557889 617.054438 708.034237 643.481631 815.292275 873.837672 770.21337 672.541355 554.314635 467.837484 423.183894 359.799178 300.004563 215.229295 200.691227 155.865845 145.87269 30 30 -9999 -9999 -9999 -9999 -9999 -9999 -9999 -9999 -9999 -9999 -9999 -9999 -9999 -9999 -9999 -9999 -9999 -9999 -9999 -9999 -9999 -9999 -9999 -9999 -9999 -9999
1673.839597 1931.110928 1936.052772 2072.294595 2429.167496 2604.051929 2874.763548 4410.273837 1666.267724 1308.386452 1129.611658 958.521592 852.166004 758.966646 720.228577 596.876252 674.241319 625.290743 764.582716 611.250629 555.43753 524.913099 562.514603 754.11025 736.701912 664.642068 811.500847 904.086956 1105.68416 901.733352 794.272744 668.902092 537.879551 436.810322 384.32279 322.882722 300.187671 416.800048 453.787227 155.865845 13.721729 4.5859 4.5859 -9999 -9999 -9999 -9999 -9999 -9999 -9999 -9999 -9999 -9999 -9999 -9999 -9999 -9999 -9999 -9999 -9999 -9999 -9999 -9999 -9999 -9999 -9999 -9999 -9999 -9999
1709.587743 2002.01922 2004.465453 2205.685776 2538.257215 2611.222744 3045.894399 3425.712527 1652.206546 1280.980621 1094.741418 977.160552 909.264294 769.699585 730.614194 1141.464817 759.311314 738.894283 765.675132 642.38553 590.314079 714.663025 790.772187 748.129242 779.302969 958.9328 970.139142 1265.331424 1103.588029 900.242855 767.373262 637.218195 510.921492 434.41928 369.739774 312.142402 253.030569 305.511927 335.844704 355.341796 18.544832 4.5859 30 -9999 -9999 -9999 -9999 -9999 -9999 -9999 -9999 -9999 -9999 -9999 -9999 -9999 -9999 -9999 -9999 -9999 -9999 -9999 -9999 -9999 -9999 -9999 -9999 -9999 -9999
1742.04502 2062.92236 2008.909049 2462.951616 2540.239119 2751.076573 3200.560233 2647.509795 1556.111441 1299.222481 1150.992406 1044.428287 981.66226 835.624146 934.876876 642.187374 837.189084 785.580107 788.337783 839.131595 876.97871 831.12952 788.866073 1054.437778 1092.034003 1254.113863 1305.797294 1324.524133 1102.563048 964.627099 767.650623 644.575169 508.795433 441.29298 384.480691 311.680645 242.128108 222.155063 272.936345 315.049768 50.915811 50.915811 30 -9999 -9999 -9999 -9999 -9999 -9999 -9999 -9999 -9999 -9999 -9999 -9999 -9999 -9999 -9999 -9999 -9999 -9999 -9999 -9999 -9999 -9999 -9999 -9999 -9999 -9999
1832.573387 2199.96548 2169.946754 2671.789213 2580.022907 2776.63337 3377.431493 2095.200208 1550.171116 1299.100243 1245.969391 1092.967675 1666.255989 1322.111967 984.101315 923.673907 943.471293 925.119825 918.364117 942.887006 842.981297 858.602815 1130.990538 1417.384102 1455.547984 1933.705309 1597.058713 1354.917566 1110.219347 971.269928 795.009975 720.759027 551.615183 468.311655 407.029793 315.127677 361.270349 281.221622 485.480753 296.085201 155.975524 50.915811 -9999 -9999 -9999 -9999 -9999 -9999 -9999 -9999 -9999 -9999 -9999 -9999 -9999 -9999 -9999 -9999 -9999 -9999 -9999 -9999 -9999 -9999 -9999 -9999 -9999 -9999 -9999
1929.277971 2330.436571 2274.754425 2701.605348 2641.933561 3002.748102 4011.93975 2024.954583 1550.171123 1387.465755 1455.64742 1335.766713 1231.769099 1358.356747 1055.319201 975.741615 902.416416 1034.55349 1037.23276 1020.807666 902.679209 1030.407551 1190.850376 1493.307775 2516.923725 2050.417313 1552.633703 1355.029294 1191.163772 970.211322 840.529102 758.644323 667.467592 484.010563 420.757182 323.617164 348.728461 268.422304 396.158915 11.164419 50.915811 50.915811 -9999 -9999 -9999 -9999 -9999 -9999 -9999 -9999 -9999 -9999 -9999 -9999 -9999 -9999 -9999 -9999 -9999 -9999 -9999 -9999 -9999 -9999 -9999 -9999 -9999 -9999 -9999
2006.232091 2400.584149 2531.914526 2699.98112 2752.344992 3162.166457 3950.171123 1850.239562 1588.87216 1527.905016 1422.405815 1555.636017 1278.871421 1124.201437 1038.168667 1056.015859 1135.628187 1095.109933 1019.39311 1023.905104 1131.001138 1238.055436 1253.436565 1637.282973 2428.652713 1998.794597 1633.456579 1395.336351 1205.256794 1104.116014 871.163101 764.446308 641.360466 510.330067 448.015382 427.384756 376.544306 309.566951 247.650364 11.164419 50.915811 155.934177 155.556474 164.027046 30 30 -9999 -9999 -9999 -9999 -9999 -9999 -9999 -9999 -9999 -9999 -9999 -9999 -9999 -9999 -9999 -9999 -9999 -9999 -9999 -9999 -9999 -9999 -9999
2073.184059 2437.661002 2597.750459 2767.269905 2772.29996 3333.087846 2801.049715 1891.547264 1755.814668 1657.702256 1670.276504 1484.700241 1260.535235 1122.46167 1058.830721 1109.871639 1049.371945 1066.417064 1032.159481 1288.673626 1383.667906 1344.343539 1631.032376 2791.89704 2543.751535 2050.677626 1701.647105 1487.543303 1303.352565 1171.853449 990.866976 804.429197 786.814742 664.666163 463.560421 379.891907 435.292867 357.966647 410.325938 397.701284 50.915811 204.262454 175.852156 107.488022 30 -9999 -9999 -9999 -9999 -9999 -9999 -9999 -9999 -9999 -9999 -9999 -9999 -9999 -9999 -9999 -9999 -9999 -9999 -9999 -9999 -9999 -9999 -9999 -9999
2203.088474 2567.092385 2702.83426 2839.885065 3062.19506 3521.91441 2536.69577 2086.2423 1993.257197 1828.278409 1829.623989 1530.287641 1284.197752 1210.323264 1136.336788 1140.939505 1040.344028 1064.123397 1264.101022 1431.315299 1895.294522 367.219713 2115.140737 2932.271537 2650.247831 2076.40013 1775.392256 1498.401233 1324.666308 1229.254541 1031.099884 903.844281 764.563279 746.568106 501.434938 432.981084 426.837711 423.096424 436.450462 368.110883 298.843209 156.249144 97.919233 24.543463 4.5859 -9999 -9999 -9999 -9999 -9999 -9999 -9999 -9999 -9999 -9999 -9999 -9999 -9999 -9999 -9999 -9999 -9999 -9999 -9999 -9999 -9999 -9999 -9999 -9999
2431.861793 2692.051347 2941.772364 2948.471803 3366.063454 4633.798319 2967.759088 2177.623564 2005.145973 2027.430205 1918.717303 1586.432912 1333.08819 1304.975744 1270.948617 1136.26997 1131.918777 1230.409511 1446.277121 1928.674184 4656.900429 2952.368328 2526.679556 2974.183305 2651.805568 2062.900338 1772.168306 1546.177354 1420.463216 1293.646678 945.219273 840.237466 752.390762 611.839765 510.008025 1259.558044 360.998618 395.238969 392.681836 526.291394 393.347023 308.747433 29.791923 4.5859 4.5859 -9999 -9999 -9999 -9999 -9999 -9999 -9999 -9999 -9999 -9999 -9999 -9999 -9999 -9999 -9999 -9999 -9999 -9999 -9999 -9999 -9999 -9999 -9999 -9999
2573.117068 2708.373592 3270.501749 3091.71865 3468.020389 4361.55661 2683.213892 2310.052168 2068.517377 2123.882048 2012.084457 1689.591985 1458.896382 1497.300983 1239.97526 1159.656598 1227.494749 1483.81593 1908.596468 4325.136446 366.932238 2284.769065 2956.861291 2624.414291 2389.035486 2059.531016 1765.379826 1520.81452 1282.156782 1129.818895 1061.801821 791.632696 507.42987 470.643188 863.009609 444.248398 393.947499 394.14384 518.388357 400.109149 318.277134 318.740589 39.874059 11.748118 -9999 -9999 -9999 -9999 -9999 -9999 -9999 -9999 -9999 -9999 -9999 -9999 -9999 -9999 -9999 -9999 -9999 -9999 -9999 -9999 -9999 -9999 -9999 -9999 -9999
2630.54576 2844.542716 3233.884385 3368.310176 3677.981714 3119.765185 2495.57655 2389.328568 2390.372868 2180.932155 2057.174583 1741.973963 1650.051592 1523.441981 1365.473025 1326.25089 1439.69087 1558.467012 2459.71016 524.188912 2536.650064 2085.483299 2805.472179 1695.757522 1526.711993 1838.962155 1600.294698 1366.321823 1134.610781 994.011343 861.824915 636.541465 485.873263 849.345553 493.219256 490.996461 526.830938 378.501476 348.177048 352.556597 752.361396 318.740589 5250 5250 30 30 -9999 -9999 -9999 -9999 -9999 -9999 -9999 -9999 -9999 -9999 -9999 -9999 -9999 -9999 -9999 -9999 -9999 -9999 -9999 -9999 -9999 -9999 -9999
2766.922845 3160.422859 3363.20309 3556.887817 4314.360919 2948.165122 2529.935954 2504.945298 2384.748 2297.394371 2072.052453 1985.562446 1948.710309 1527.832258 1487.827724 1494.378073 1671.558213 1912.801396 3493.088439 3104.626934 2751.515064 2115.815633 1326.981766 1140.293169 1051.365971 1042.968316 873.509983 632.942167 574.851801 484.515838 485.193108 1102.274161 591.548825 545.280442 626.241248 600.669368 549.695821 520.568418 407.200548 358.740589 447.912389 318.740589 25.447678 25.447678 418.009043 385.641816 346.303863 336.274101 318.528653 -9999 -9999 -9999 -9999 -9999 -9999 -9999 -9999 -9999 -9999 -9999 -9999 -9999 -9999 -9999 -9999 -9999 -9999 -9999 -9999
3004.540654 3645.589763 3471.622127 3679.799354 5053.053145 2874.869097 2717.651867 2652.574528 2524.583221 2405.370191 2289.278615 2454.498979 1788.249275 1648.558804 1617.031248 2002.774868 2283.364951 4434.440921 2562.550643 2848.172551 2454.750962 1386.226976 957.983021 633.562438 729.083656 758.767593 736.204001 575.81235 576.417578 754.495092 755.165756 765.15212 744.559438 710.056976 666.585602 627.869178 621.994383 566.753365 538.827287 556.887976 479.990874 414.645488 231.514452 25.447678 52.501027 52.501027 245.434634 236.249144 238.927354 -9999 -9999 -9999 -9999 -9999 -9999 -9999 -9999 -9999 -9999 -9999 -9999 -9999 -9999 -9999 -9999 -9999 -9999 -9999 -9999
3240.096957 3913.708418 3569.600253 3941.735765 4230.843547 2907.777868 2837.420993 2712.963834 2578.929934 2409.436033 2798.158368 2453.129181 1922.458849 1890.492287 2124.637799 2543.190049 2162.561663 1534.982988 1351.544278 1291.553094 1075.985021 961.699282 811.104317 777.731829 790.089211 486.382618 695.025061 779.789301 844.444632 1320.996946 1147.23178 1005.155574 895.50855 801.32856 735.101323 692.200822 524.955315 453.142697 438.095725 359.509418 315.309359 525.010267 238.933085 289.0996 276.123566 52.501027 236.249144 245.509888 206.347027 236.64857 -9999 -9999 -9999 -9999 -9999 -9999 -9999 -9999 -9999 -9999 -9999 -9999 -9999 -9999 -9999 -9999 -9999 -9999 -9999
3608.753928 3877.897826 3941.333425 4768.73648 3612.517766 3003.01158 2969.899178 2839.654817 2653.538223 2864.565237 2527.693504 2353.000228 2319.774965 2729.36345 3350.177678 1663.343625 1539.928378 1345.33478 1395.290217 1151.172616 915.664459 884.452695 864.15745 686.430697 846.450078 1009.315384 1560.577774 1566.958242 1468.812882 1321.025395 1148.321859 1006.249651 895.058157 803.792466 714.599886 647.884643 556.966395 508.847986 453.103023 344.075606 372.048066 393.769738 245.109455 216.133374 248.292124 245.434634 245.434634 207.8987 207.8987 22.544832 -9999 -9999 -9999 -9999 -9999 -9999 -9999 -9999 -9999 -9999 -9999 -9999 -9999 -9999 -9999 -9999 -9999 -9999 -9999
4311.649103 3977.298155 4142.622064 5250 3398.978258 3161.201361 3073.365039 2908.03678 2759.496447 2891.839832 2661.306415 2648.688489 2758.701879 2663.233732 1775.301702 1581.405481 1314.418119 1178.49671 1078.468221 994.679683 991.219661 1058.546957 1016.54173 1005.744538 1366.736839 1798.972009 1638.887658 1538.847563 1559.949177 1460.0532 1365.581699 1247.274143 1140.245358 1007.521029 927.247599 802.452325 705.568508 464.870712 349.456866 344.309604 350.75051 334.230675 234.087993 320.198494 245.620434 245.434634 245.330088 52.501027 22.544832 22.544832 -9999 -9999 -9999 -9999 -9999 -9999 -9999 -9999 -9999 -9999 -9999 -9999 -9999 -9999 -9999 -9999 -9999 -9999 -9999
4331.345057 4239.654043 4739.40784 5250 3586.310829 3369.311669 3224.243066 3018.925275 3319.755683 2974.140266 2794.397367 2991.827847 2161.619115 1915.432994 1680.923161 1437.223418 1230.530904 1196.538697 1108.822085 1152.442527 1137.998248 1142.374977 1638.30904 1928.740413 2170.077022 1949.208382 1772.70921 1614.960348 1566.39421 1493.577795 1365.200644 1268.760933 1174.66489 1039.143544 924.254248 779.035381 648.703003 497.526115 440.048407 392.891454 397.753565 314.689283 287.589621 321.261883 265.723617 297.761139 178.133169 52.501027 21.585216 21.585216 -9999 -9999 -9999 -9999 -9999 -9999 -9999 -9999 -9999 -9999 -9999 -9999 -9999 -9999 -9999 -9999 -9999 -9999 -9999
