STOTEN_Data/raw/Age_yrs_700ft.asc
ncols         250
nrows         718
xllcorner     -2256000
yllcorner     1557000
cellsize      1000
NODATA_value  -9999
[rows 620 to 650 of 718, columns 138 to 206 of 250]
5250 5250 5250 5250 5250 5250 5250 5250 5250 5250 5250 5250 5250 3420.258432 2344.342092 4376.57428 4505.702119 4471.552147 4546.262636 5250 874.569034 381.125593 388.594985 5250 5250 5250 5250 4866.666667 52.418891 4829.349187 1559.021108 446.868024 434.841698 404.695293 5250 5250 1908.36101 5250 5250 2270.890091 5250 2086.914343 826.709296 830.397473 912.980208 621.688758 758.265119 1348.692667 2544.314568 5055.53274 5212.457221 5250 3521.274164 4271.625294 1842.788503 3375.554189 1929.874232 1763.021134 1775.733517 1360.288722 1360.886608 1110.157123 1206.991755 1268.341088 1569.943433 1598.365376 1671.685823 1604.810207 1239.108837
5250 5250 5250 5250 5250 5250 5250 5250 5250 5250 5250 2026.760551 2915.796931 2405.499886 4032.541322 4302.274593 4470.086094 4682.823961 5250 5250 5250 5250 372.577659 5250 5250 5250 5250 5250 4841.889117 5250 5250 5250 5250 462.722642 1341.082274 1017.307682 5250 2404.025139 2009.734664 5250 1293.50005 3169.701841 1318.926639 1528.929894 1164.610575 591.859107 658.322745 1036.007829 1546.655106 1689.511366 2482.395573 1905.726671 2358.51884 2737.713895 3053.354627 5250 1687.497715 1852.486176 1801.828838 1802.617264 1291.775715 1215.680996 1021.748338 1636.536561 1702.251506 1673.15948 1673.165752 1632.187093 1251.522997
5250 5250 5250 5250 5250 5250 5250 5250 5250 5250 2501.374344 2773.739792 4604.538395 3819.330876 4220.253753 4469.820612 4812.486959 5250 5250 5250 5250 5250 5250 5250 5250 5250 5250 5250 5250 5250 5250 4162.491444 5250 520.034174 437.616064 407.014853 1175.482925 1835.841926 428.876991 439.854662 1056.925539 2102.553745 1382.609909 1230.47786 1105.922918 611.543497 872.896259 641.673063 995.723334 1375.131189 1583.116587 1592.002492 1638.948378 1725.542646 2717.21161 2570.751403 5250 3730.051752 2094.437855 1667.071248 1600.712899 1732.933928 1324.956055 1772.834379 1971.582302 1801.586036 1673.724413 1538.752378 1966.482967
5250 5250 5250 5250 5250 5250 5250 5250 5250 2083.841686 2001.375955 4730.725733 4547.369881 3408.446017 4472.24506 5250 5250 5250 5250 5250 5250 5250 353.661537 5250 5250 477.774185 2779.250795 5250 5250 5250 5250 5250 5250 460.288765 340.849015 356.512381 366.264562 1052.080976 319.309164 804.517666 1084.931644 1113.650245 869.756329 645.903721 1110.475466 1138.730108 1254.685899 908.630984 1094.408015 933.206422 1458.095866 1587.634041 1568.913977 1534.877381 2154.409367 1698.92853 1325.386042 2708.678562 3060.060513 2209.483733 1597.748715 1700.184376 1704.886288 1810.021 1835.306891 1710.459953 1835.374614 2908.452675 2108.110833
5250 5250 5250 5250 5250 5250 5250 3141.696802 2368.402201 2878.011685 5164.926339 5250 4823.920891 4707.092478 5250 5250 5250 5250 3050.239562 5250 5250 5250 5250 381.497097 375.346284 372.549471 5164.161408 5250 5250 5160.697219 5250 5250 52.459959 5250 5250 5250 434.840415 1081.945629 383.034118 1289.257562 1202.062716 903.205093 823.884901 920.980291 992.772445 1217.672781 1211.217836 1249.995733 1245.310479 1120.839608 1107.777086 1518.092631 1503.868625 1483.729593 1648.520983 1528.84226 1527.695155 1644.672599 2124.964197 3885.540711 3805.93084 2879.121688 1924.607886 2065.791482 1679.277757 2672.163686 2601.358924 2192.015352 2010.810227
5250 5250 5250 2250.602687 2162.257899 5250 2710.827783 2378.192186 4842.605948 5250 5250 5250 4473.01196 5250 5250 5250 5250 5250 5250 5250 5250 350.376443 426.236921 333.96371 5250 5161.022156 5250 3211.875877 3734.256517 5250 5250 5250 52.459959 52.459959 5250 1804.243669 1666.804284 1463.783372 1117.636918 1204.144561 1190.891062 912.589111 893.938701 917.55506 1135.13688 1202.781617 1210.236238 1263.829634 1268.006606 910.10107 950.817651 1281.888998 1405.262746 1469.579867 1506.893866 1461.010924 1327.694824 1329.48248 1483.545186 1880.861552 3203.769317 4679.398818 3137.713895 3969.41095 3433.139047 3464.409052 1038.701855 1945.830478 1874.533453
2162.676711 2169.716511 2162.257899 5250 3078.620938 2480.6944 3863.537624 4526.219072 4467.942203 4624.216084 4505.048202 4972.534066 5250 5250 5250 5250 3071.377326 5250 5250 5250 340.13534 1975.342414 1641.095893 5250 5250 5250 3335.929161 3896.74598 5250 5250 5250 5250 5250 5250 5250 1220.237766 1470.739979 1416.863246 1335.828924 1254.854344 976.863244 921.903935 954.301761 898.466152 1113.239559 1287.599499 1155.791049 1215.31788 870.965092 921.763778 1118.001933 1142.121011 1001.955657 1227.039099 1485.716654 1142.849771 1174.814828 1129.480809 1183.043824 1116.642115 2217.832598 3255.058411 3199.635998 3780.651296 5250 5250 3552.717875 3436.967504 3400.921536
3143.445371 3405.128606 2615.198361 2480.6944 2676.508928 4468.863421 4470.683431 4474.466049 4825.322182 4473.30675 5250 5250 3783.750276 5250 5250 5250 5250 5250 5250 315.253802 1460.419371 577.574122 1466.930696 5250 3274.204522 3265.313093 4038.289166 4814.037244 4741.106512 3770.675948 4628.446842 5250 5250 5250 5250 1822.416357 1116.158024 1290.709933 1321.527181 1405.566963 1419.835027 1006.536803 833.470889 675.253538 675.01362 859.948656 784.824194 782.693299 714.41833 770.230619 1004.631955 984.498331 988.609918 963.79089 997.456932 830.648892 915.933057 954.662255 847.145791 1085.451614 1352.554106 2912.50798 3258.590007 3135.596691 5250 5250 5250 5250 4268.181532
2209.345989 3095.89474 3841.232104 4300.756849 4271.7362 4706.79688 4471.079455 4818.654109 5250 5250 5250 3127.483714 5250 5250 5250 5250 5250 5250 5250 2725.508263 3975.306163 2410.770019 2236.509539 1879.676048 2243.783233 4238.687169 5250 4572.952282 3369.318977 4165.697368 3840.753517 4684.334348 5250 5250 5250 1792.021616 1511.741582 1415.499785 1394.865409 1258.607862 1399.992571 757.976374 635.322323 622.939816 634.977879 753.079967 668.581131 582.809826 591.330396 683.94167 760.948211 755.236852 963.695203 1021.961256 947.136539 654.822974 776.474055 847.737232 713.813126 833.420032 1490.252127 2770.721015 3078.198884 3084.369978 4035.788334 5250 5250 5250 5250
3375.824621 3633.504594 4073.172075 4466.390353 4471.545131 4470.019479 5178.555679 5250 5250 5250 2480.962839 5250 5250 5250 5250 5250 5250 5250 5250 4067.352135 5250 1803.281803 1640.348162 1696.995215 2670.663269 3739.451327 4466.727675 3299.711235 4350.727126 3577.027547 3540.216437 4529.693098 5250 5250 5250 1742.795374 1329.215538 1273.174099 1397.903117 1402.912522 1043.482061 646.947446 608.229888 607.985702 609.303376 723.705225 649.772647 525.010267 591.91838 685.67194 752.908966 741.957563 726.318518 1083.070998 641.898243 616.417498 654.166114 600.063883 601.252786 772.092174 1513.662957 2758.969043 2505.853026 2503.970693 3613.635573 5250 5250 5250 5250
3528.390125 4104.844199 4467.942203 4469.955908 4469.957961 5250 5250 5250 5250 3172.430472 5250 5250 5250 5250 5250 5250 5250 3973.814994 4330.682276 4677.817635 2774.243584 2481.735754 1337.488733 1427.832189 2333.867423 3078.900391 3345.109652 2883.32234 4336.799377 4071.586001 3976.766273 4736.77983 5250 4680.04547 1733.307727 1547.660934 1534.5535 1618.762412 1397.506631 1264.831392 961.751239 615.985446 623.155837 593.075324 650.419895 658.22748 525.010267 525.010267 589.278289 663.049631 741.957563 741.957563 709.080612 672.580279 618.8837 614.154689 524.453571 524.453571 600.076651 941.087604 2292.91154 2738.507176 2066.144333 1640.120026 2305.61798 4297.605117 5250 5250 523.689528
3570.80269 4467.867374 4468.106212 4473.128485 5250 5250 5250 2927.296869 5250 5250 5250 5250 5250 5250 5250 2167.168635 4587.507194 4814.754106 2072.944498 5250 2770.344758 1999.639118 1799.94048 2338.469829 1843.05014 2931.049012 3207.57269 2417.93811 4698.989883 4524.895265 4723.059082 3596.754005 5158.998952 5250 1709.200738 1619.413034 1428.062735 1288.327376 1312.388893 1086.317849 886.618547 633.805168 641.614301 573.534733 645.849947 580.533881 498.626512 492.219941 597.326032 669.641798 741.957563 746.10997 859.831166 615.241283 569.582478 569.582478 498.626512 524.453571 525.010267 891.347073 2233.466096 2754.887806 1700.426803 1575.339738 1634.085424 1977.71471 2636.716092 2574.629851 2420.541183
4271.282469 4467.942203 4654.324311 5250 5250 5250 2631.343012 5250 4177.944013 5250 5250 5250 5250 5250 2063.035285 5250 3871.866034 3478.309027 3470.983764 3137.139456 3102.169211 2938.356451 2392.554247 2144.810129 2786.138045 1455.776994 1392.943412 2779.01784 4213.599023 4471.792278 4633.775345 1145.214344 3946.85113 5250 5250 1731.352951 1629.247385 1318.047 1309.234565 2382.397693 673.978498 656.115289 654.264203 657.230313 507.926991 491.134839 480.848734 492.922656 590.476488 597.326032 669.641798 695.11944 714.388079 573.65228 614.154689 614.154689 462.222222 540.79386 525.010267 708.336756 1016.673511 1572.178412 1406.584289 1631.294587 1598.913834 1839.813491 2140.273267 2312.104714 2437.633717
5250 5250 5250 5250 5250 5250 5250 5250 2250.934218 5250 5250 5250 5250 5250 5250 3079.730837 2326.737291 2571.925219 2803.503619 2630.646441 3842.921651 3603.13202 2235.338976 3003.422637 751.80529 211.186855 2244.051955 2899.773205 3978.376333 4637.549631 4811.477916 859.073321 3165.82284 5250 1193.744055 1718.951797 1016.335942 1048.854125 1149.418772 893.290784 665.82173 661.368709 673.277701 656.284711 643.221538 560.082136 462.306563 480.848734 525.010267 597.326032 669.641798 697.221857 675.506589 614.154689 614.154689 573.627838 525.010267 525.010267 525.010267 638.758841 1520.729586 1368.479679 1678.566122 1580.364433 1596.896021 1632.153965 2407.127452 2309.428897 2436.862247
5250 5250 5250 5250 5250 5250 5250 5250 5250 5250 5250 5250 5250 5250 3559.333939 2477.052371 3366.447863 5250 1942.329336 2668.004026 3845.498328 3307.056557 2602.276074 2275.310679 1071.869263 733.780822 1968.089212 1981.603055 3578.667683 4601.764818 3650.771229 964.881954 4210.264152 1121.049968 2334.171073 916.918526 768.816258 901.223943 1046.792776 846.98809 666.361204 672.90455 657.943913 665.65795 633.284884 383.013025 459.299983 494.849081 525.010267 597.326032 678.963703 735.59564 708.955417 614.154689 614.154689 587.675376 541.114086 540.910771 525.010267 744.392753 1507.407863 1402.366587 1709.582857 1605.323302 1373.310941 1403.16623 1869.800815 2105.063129 2168.823922
5250 5250 5250 5250 5250 5250 5250 5250 5250 5250 5250 5250 2586.567771 3966.924683 2477.776077 3527.398863 5250 1938.781427 1975.229143 3338.764954 3301.233493 3130.062422 2643.932364 3142.947039 1901.748426 2465.573103 1805.461717 1989.654828 3418.335492 4525.335845 3730.765761 3207.689081 903.420789 1140.982279 2124.6333 808.268309 580.533881 699.94068 1088.671116 667.172225 591.759069 608.277436 593.127995 593.127995 504.219416 352.527779 495.931121 495.325511 521.962126 597.326032 581.246484 804.33493 681.879372 614.154689 614.154689 575.232864 541.076806 538.848186 587.5154 1048.2802 1644.341031 2193.887552 1632.303303 1605.904418 1432.079198 1335.013396 1499.599083 1734.681919 2000.43312
5250 5250 3050.239562 5250 5250 5250 5250 5250 5250 5250 5250 1873.495343 5250 2548.553874 2576.56012 3467.830273 2009.816111 1772.907719 2145.227162 2581.417595 2607.575259 2867.665454 2874.318695 3638.550912 2161.978164 2711.157264 2445.433961 2305.479138 4307.561976 5158.914339 3053.389316 4762.672072 2169.827114 1766.433018 781.939311 582.733168 469.920228 768.16902 915.089389 593.127995 582.627015 597.326032 597.326032 536.056596 389.58166 458.210276 483.47707 524.595026 525.010267 597.326032 835.955135 677.888135 620.210888 614.154689 614.154689 624.573659 541.10706 541.405786 616.673511 800.91621 1599.528535 1923.849046 1148.350954 1409.474845 1461.231057 1273.308683 1307.393722 1437.267266 1634.234822
5250 5250 5250 5250 5250 5250 5250 5250 5250 5250 5250 5250 2879.40652 2437.007088 5250 2681.95335 1768.421262 1940.555773 2064.3623 1936.633249 2301.434658 2708.138492 3209.273857 3239.254773 3331.110759 2843.274291 2785.738237 2613.245036 3907.681581 4818.545752 3577.298399 4985.382968 980.479124 2129.923125 1830.230801 525.010267 644.581337 651.718894 588.148779 587.09459 525.010267 525.010267 417.185658 414.600289 441.962126 535.350217 468.379231 521.962135 521.962135 582.882576 636.057495 675.388901 668.632905 658.726899 614.154689 606.45662 607.624453 615.771536 634.788957 655.798497 1350.507343 1574.881259 1515.915875 1342.953521 1432.584143 1304.055549 1395.157203 1475.309469 1493.958267
5250 5250 5250 5250 5250 5250 5250 5250 5250 5250 5250 3022.058688 2328.617121 3358.877466 5250 2005.836208 1711.365246 2005.356421 1877.356757 1773.028396 2071.601619 2368.52961 3075.959728 2981.404153 3203.686637 2677.0123 2845.474052 2943.531935 3806.825978 4526.926908 4077.754116 4782.852834 854.346338 1208.213552 1895.066543 918.101757 714.447791 650.777734 525.010267 525.010267 525.010267 525.010267 525.010267 411.1248 468.683131 556.029527 465.913683 521.962136 525.010267 709.612447 747.19841 718.402771 665.836866 658.726899 658.726899 606.032087 609.900718 615.959869 615.015663 587.5154 1364.233722 1443.322388 1817.916841 1713.416609 1407.695558 1433.327973 1397.535383 1430.045356 1391.232047
5250 5250 5250 5250 5250 5250 5250 5250 5250 5250 3226.683152 3372.614405 4469.874475 5250 2369.448698 1638.549115 1809.52189 1868.784378 1712.795576 1713.726017 1882.521586 2335.986808 2775.513718 3060.654908 3201.940868 3249.512225 2941.741539 2948.466398 3934.271355 3506.247651 1792.199466 5250 1385.352498 1208.213552 1208.213552 1059.639516 1023.921764 653.188855 581.912072 525.010267 415.833904 415.833904 415.833904 418.872173 525.010267 521.962126 523.057267 521.962135 524.595026 703.711526 736.217203 695.814737 661.830756 630.535388 658.726899 606.027927 678.842091 618.432696 668.854259 628.983149 1307.57324 1186.086351 1406.035422 1736.715978 1682.897717 1816.883053 1603.626102 1475.718821 1364.789865
5250 5250 5250 5250 5250 5250 5250 5250 2576.097793 3395.841673 2477.648438 2768.00947 4687.189817 2378.992311 1804.18295 1635.997884 1800.854168 1776.31737 1609.652083 1809.082874 1978.882294 2509.265236 2373.454766 3209.202592 3208.013612 3247.251951 3041.41876 3379.250358 2163.472505 1109.484515 2265.443775 5250 1800.767797 1208.213552 1208.213552 1049.647887 901.585134 636.057495 525.010267 525.010267 312.1704 300.294811 313.474789 416.644819 525.010267 523.057267 525.010267 525.010267 521.962126 692.741458 711.25713 690.343475 663.52208 630.535388 630.535388 573.403843 608.336552 627.564066 691.540102 679.178645 1258.430146 1202.455434 1266.063322 1553.645734 1439.274552 1550.692522 1556.116749 1416.365999 1219.055081
5250 5250 5250 5250 5250 5250 5250 2530.874227 3300.738008 2401.147553 2072.934092 3072.2856 2925.909275 1804.227684 1599.930182 1700.855838 1694.311925 1673.462297 1712.132865 1880.781104 1875.459896 1945.751601 2440.683793 2752.968049 3239.524813 3301.602134 3112.512817 3336.177491 1386.036381 253.017193 2452.322663 5250 1447.878272 1208.213552 1208.213552 842.936305 726.817094 580.533881 525.010267 298.882044 172.574808 177.155228 289.022068 301.601826 418.3436 525.010267 525.010267 411.544604 524.595026 604.61154 626.438512 686.646733 591.04039 630.535388 627.97171 573.778105 573.029582 623.912747 691.52578 732.303372 1008.350445 980.60689 1008.350445 1281.207557 1246.772105 1267.623334 1203.907289 1197.776473 1025.369443
-9999 -9999 5250 5250 5250 5250 5250 3345.943127 2330.5317 2007.129896 2075.282267 5250 1610.676141 1572.815326 1767.643895 1610.154289 1607.713217 1833.565492 1907.465958 1875.8736 1866.623389 2036.605693 2637.891009 2682.005418 3338.762347 3274.536106 3579.337521 3136.959933 566.399514 471.958797 2033.166696 1942.023232 741.957563 2136.585845 1218.797465 907.169766 1024.998204 609.691992 525.010267 164.731887 156.523737 157.770619 176.787605 295.975845 307.473119 323.089748 312.7812 316.191441 415.692448 389.780262 635.711334 431.581332 424.991151 458.924632 563.623997 574.152366 573.34553 571.436065 631.271124 822.196306 637.039121 800 727.012747 980.60689 1154.614551 1039.351163 967.248671 956.261356 838.777263
-9999 -9999 -9999 5250 5250 5250 2946.515806 2642.804409 2073.859122 2102.624108 2889.966706 1646.934054 1629.521049 1829.030765 1693.807614 1578.832698 1831.011438 2037.424106 2103.273651 1869.605877 1909.101716 2110.358894 2653.272827 2743.354711 2913.620367 3340.062889 3745.833538 3835.114863 613.977004 748.80219 462.304063 583.564207 741.957563 395.381297 723.951631 1163.906 769.010264 525.010267 293.304877 150.581793 148.607351 147.780059 161.711455 176.541182 289.514958 294.13258 426.958704 524.595026 492.530613 306.374629 552.498109 362.550773 316.248818 361.825237 380.631662 531.387911 554.640753 554.27348 571.669313 703.244925 643.496375 691.437155 662.633153 837.312752 1041.174871 869.482218 785.702694 731.024012 646.159671
-9999 -9999 -9999 5250 -9999 30 2401.43658 2074.365044 1930.505944 2364.42472 1760.044778 1634.867211 1775.136939 1770.582268 1606.665522 1660.873052 1875.664228 2039.268763 1833.155861 1856.084372 2073.545936 2275.332607 2576.016119 2979.806869 2785.172211 3177.648502 3742.572223 3944.955358 2337.305532 1909.29253 525.010267 499.612202 384.003252 200.411085 384.428617 735.831103 724.031427 525.010267 180.544489 123.349304 122.00903 150.463179 153.758013 155.370236 163.915127 172.148225 311.788491 441.216181 409.596527 312.232748 494.182081 282.723511 276.048741 277.391686 308.491901 432.801825 442.245061 449.655504 528.450308 714.080438 624.547106 597.673475 527.400833 717.481306 780.496128 759.942975 640.491535 548.842572 525.010267
-9999 -9999 -9999 -9999 -9999 -9999 1645.663475 1607.020271 1727.700602 5250 1578.637286 1734.135109 1842.571581 1668.244349 1569.407595 1673.103919 1998.923825 1900.135996 1832.973374 2065.307958 2254.734493 2548.26331 2677.174298 2781.049372 2847.129614 3043.566233 3013.598924 3674.34804 2751.951301 3999.632558 2388.078711 2909.140921 182.41774 195.035645 382.545559 845.801875 698.360185 409.341679 286.940354 226.93113 78.459017 109.618253 139.447867 139.539243 153.590996 167.550349 442.04165 441.250087 515.865939 386.260553 379.457495 242.426973 217.87664 241.119054 278.948399 349.431896 349.970345 343.122965 429.167237 672.652598 639.116805 442.245038 363.048141 661.321366 656.808333 658.993732 526.415697 525.010267 525.010267
951.182333 1636.868122 -9999 -9999 -9999 -9999 30 1562.229566 1642.745327 5250 1470.192284 1908.265955 1632.522461 1529.817899 1608.204929 1907.600876 1864.847353 1738.182443 1868.947436 2105.305121 2266.820852 2583.321761 2744.872359 2847.450506 2953.080884 3081.302785 2915.339801 3588.190663 3436.17118 4504.09394 2325.009409 161.670089 194.573554 188.06528 575.377595 563.244912 718.56276 570.753461 131.236413 71.404925 70.206179 75.345346 102.505133 102.551641 280.292037 314.266276 109.571982 289.489256 492.851955 348.805267 329.869075 187.128844 172.794889 188.902578 247.70037 305.562458 316.645229 316.641601 343.052704 473.368309 822.08533 349.97034 320.419804 487.124593 493.479352 525.010267 525.010267 452.58021 301.202024
943.403092 1431.239229 1533.21951 -9999 -9999 -9999 30 2221.794381 5250 1531.706988 1234.47293 1728.751977 1430.098855 1559.287605 1610.635222 1746.868579 1600.980282 1695.846064 2075.439456 2194.892519 2479.3742 2585.893379 2714.191629 2781.616858 2983.392282 3169.335875 2675.060228 3254.270378 3437.878978 4408.654832 2601.460144 686.752209 182.337071 187.283873 394.382403 854.255076 793.759248 410.232706 373.396025 52.501027 52.501027 70.545585 73.132202 74.390593 105.519442 228.035279 74.195756 108.637481 294.238851 370.029694 285.444195 167.720839 160.453153 168.199863 183.225215 262.794902 262.340111 272.867088 316.641575 389.594555 545.617166 306.639289 264.109073 249.032288 290.408396 525.010267 433.869718 306.639289 226.703856
-9999 1396.428107 1203.624555 -9999 -9999 -9999 -9999 5250 5250 1203.829784 1080.552691 1368.277578 1044.482933 1362.981702 1560.130887 1597.685823 1597.453492 1768.123261 1906.518397 2133.196266 2307.719218 2229.389746 2376.093414 2815.97989 2980.913894 2944.180245 3171.067414 3165.649316 2907.996602 4524.38484 2603.515615 175.28151 174.308877 167.715996 372.035368 655.715264 1336.299338 525.010267 69.615755 30.121715 16.011034 52.501027 58.788127 73.992237 260.961263 74.195756 74.195756 74.195756 149.505632 312.198996 197.494867 147.493208 147.10016 154.942609 167.555388 186.913082 193.306326 193.316967 233.309749 311.129363 349.970489 304.010951 212.341701 169.710245 172.785764 97.159024 125.221994 189.68866 147.898731
-9999 -9999 1225.972358 1179.177415 30 -9999 -9999 -9999 5250 1211.126534 1074.388935 942.874625 1007.46418 1037.042267 1463.11357 1539.232332 1566.732158 1746.247562 1779.990981 2100.211403 2244.927976 2376.61865 2412.900973 2876.709337 3069.495026 2878.516405 2883.485588 2882.503412 3071.286276 3367.702628 201.664578 147.224405 143.834022 342.085563 741.957563 626.520648 1647.430338 409.814654 52.501027 3.771566 3.758018 30.413761 19.943134 52.501027 52.501027 52.501027 52.501027 66.96418 177.118469 290.915149 165.797782 104.307552 107.155351 155.774294 159.249953 156.66055 163.048151 163.048477 176.382032 265.964202 306.639288 266.639433 160.000544 149.714809 146.639547 148.729689 83.83899 146.639438 106.630394
-9999 -9999 -9999 1243.452347 1429.329315 1369.159946 -9999 -9999 -9999 1431.599893 1294.657319 941.471652 941.753204 1002.486232 1431.584731 1438.406768 1627.50697 1901.216063 1989.402236 2003.325164 1771.792431 2107.77077 2171.448321 2782.571132 3166.443972 2849.481173 2877.768692 2584.594644 3918.186811 3340.282777 4469.426686 144.439881 319.604415 259.202287 741.957563 592.980656 901.468658 169.567479 367.507187 3.956334 3.758018 5.929596 2.633441 28.921326 52.501027 19.832991 19.832991 52.501027 284.630336 233.301392 73.438916 69.048337 73.620297 102.362445 149.717151 146.639362 129.710776 139.968066 149.714817 183.051942 258.882044 266.639288 149.714821 106.630307 86.625599 86.625599 106.630162 86.625599 86.625599
