STOTEN_Data/raw/Age_yrs_900ft.asc
ncols         250
nrows         718
xllcorner     -2256000
yllcorner     1557000
cellsize      1000
NODATA_value  -9999
[rows 279 to 309 of 718, columns 0 to 68 of 250]
-9999 -9999 -9999 -9999 -9999 -9999 -9999 -9999 -9999 -9999 -9999 -9999 -9999 -9999 -9999 -9999 587.488879 741.604322 576.025725 558.922261 559.217755 573.089504 577.712026 523.340178 523.340178 772.195329 772.192782 776.026669 779.738425 778.735423 777.509433 764.024609 734.245801 721.788915 607.310086 663.43027 688.935942 673.195215 572.597036 662.712909 665.803292 757.437943 768.267819 903.593654 1046.982964 1230.965712 1364.573743 1439.865866 1605.502614 1704.551025 1606.489601 2051.600352 1703.552037 1840.042726 2194.565469 2710.145021 2567.471521 2828.594725 2764.322995 3229.943637 3928.129643 4622.959183 4548.61796 3421.17949 4313.592424 5250 5250 5250 5042.561074
-9999 -9999 -9999 -9999 -9999 -9999 -9999 -9999 -9999 -9999 -9999 -9999 -9999 -9999 -9999 -9999 645.659983 710.108989 698.262293 636.713649 576.777784 578.724685 640.610694 523.737237 766.961878 770.764999 1033.996308 1077.140267 1021.661594 1072.177154 1146.148189 868.186642 779.454557 775.681661 767.905804 756.629725 780.476375 840.239951 938.306109 865.330173 778.140873 778.711526 940.287507 1043.247398 1330.646962 1570.977906 1742.155037 1905.333292 1707.230121 1698.154359 1629.392892 1567.081323 1663.87067 2104.393887 1835.249242 2066.288641 2303.791883 2857.03573 2795.520528 2987.536411 3878.147014 3969.759131 4292.293609 5250 5250 5250 5245.995893 5250 4998.928001
-9999 -9999 -9999 -9999 -9999 -9999 -9999 -9999 -9999 -9999 -9999 -9999 -9999 -9999 -9999 -9999 30 774.823653 764.007763 698.489093 638.630061 704.933224 767.497859 769.734842 771.148624 807.032285 1117.140726 -9999 -9999 -9999 -9999 391.889917 1169.953544 1096.088335 813.025755 776.596795 840.935147 3108.381558 1165.630827 1131.185982 940.53041 934.47522 969.325064 969.653259 1210.387381 1541.209985 1879.921856 2685.726099 1778.088801 1676.527066 1607.328664 1639.859717 1564.841414 1573.348258 1709.020596 2375.078531 2070.226862 2251.408575 2506.473704 2588.409233 3276.957661 3758.294323 3969.127001 4217.848205 3665.958685 3865.379547 4139.587182 5250 5250
-9999 -9999 -9999 -9999 -9999 -9999 -9999 -9999 -9999 -9999 -9999 -9999 -9999 -9999 -9999 -9999 569.730067 775.002396 843.989929 760.771535 759.375451 769.7578 770.834284 771.557926 870.823584 875.344486 1085.672306 1553.19854 -9999 -9999 -9999 -9999 -9999 1642.010293 977.080255 850.588106 994.668883 3265.204838 1301.402938 683.881078 683.561541 742.714751 769.696342 688.25141 842.393768 876.641725 1166.640505 1597.209641 2801.71565 1912.693851 1809.749655 1737.82011 1679.359335 1757.975421 1712.065386 1801.350546 2002.445306 2804.624021 2574.37865 2580.118813 2658.390925 2761.341271 2845.042688 3035.399879 3507.531456 3681.058999 4880.132328 5250 5250
-9999 -9999 -9999 -9999 -9999 -9999 -9999 -9999 -9999 -9999 -9999 -9999 -9999 -9999 -9999 -9999 569.730067 843.440327 980.284862 766.311511 761.144793 761.456019 772.172286 844.253166 939.062704 911.270071 1080.91998 3010.94413 1401.697476 786.623942 -9999 -9999 -9999 -9999 -9999 1056.99739 1206.589491 1603.323511 1297.574895 640.325897 643.770407 740.666014 703.462873 703.455241 771.593707 862.503113 1041.686142 1334.170404 1538.161078 1797.033313 1899.161897 2001.72912 2073.87312 2078.167942 1873.376247 2079.161624 1992.295454 2107.453209 2347.151427 2501.28181 2718.046585 2755.315225 2962.32233 3079.093389 3262.873962 4380.001273 5250 5250 5250
-9999 -9999 -9999 -9999 -9999 -9999 -9999 -9999 -9999 -9999 -9999 -9999 -9999 -9999 -9999 -9999 651.672836 650.306371 880.893535 876.444632 806.876305 809.502072 872.011705 911.474054 1006.011337 1011.187725 1076.806711 1370.641229 3943.028093 1399.817626 1154.891354 -9999 -9999 -9999 -9999 1179.999956 1594.72558 774.934356 769.985913 636.972389 636.972389 676.371687 624.944595 736.188708 648.975476 830.637324 965.718243 1071.792923 1305.965735 1634.720393 1798.023407 2157.370808 1827.644538 2302.140821 2766.913158 2773.043766 2783.732365 2815.232363 2878.232358 2848.471111 3070.323543 3078.225105 3429.866163 4031.854207 4565.437687 5250 5250 5250 5250
-9999 -9999 -9999 -9999 -9999 -9999 -9999 -9999 -9999 -9999 -9999 -9999 -9999 -9999 -9999 -9999 650.306371 695.288064 942.387758 977.547476 909.085188 909.377194 946.154886 1012.204403 1081.318333 1115.820467 1115.939251 1334.868521 1960.010416 1859.078674 1358.668813 1123.279596 2056.100215 2381.846598 1438.073718 1302.770446 1133.860416 841.265681 770.749976 646.776919 644.861218 554.919596 554.919596 699.674909 678.482712 634.814196 673.923477 742.515913 908.690455 968.363056 1095.238228 1335.812847 2204.902936 2036.192821 2039.040202 3050.744793 2883.498181 3057.790222 3105.845793 3366.106827 3444.738591 3872.309713 4027.3532 3988.429756 4279.520851 4556.385197 5250 5093.841301 5250
-9999 -9999 -9999 -9999 -9999 -9999 -9999 -9999 -9999 -9999 -9999 -9999 -9999 -9999 -9999 -9999 803.802763 872.000722 1013.150004 1081.817086 1009.727469 1010.442514 1079.868928 1115.693515 1184.312457 1660.213961 1467.884866 1901.428208 2780.581004 2305.497277 1880.106026 3268.495495 1571.500769 1383.347934 1204.299729 1607.72055 1203.892858 1136.99513 836.44135 770.213142 644.861218 644.861218 552.571204 577.544894 607.423108 629.55582 571.366604 558.624772 563.99695 839.423121 1169.889611 1471.058191 2401.696316 2542.242029 2735.901388 2754.241751 2994.762003 3104.442949 3594.617902 3627.171637 4119.839244 4173.578618 4362.028197 4434.018683 4798.640182 5148.331031 5250 4972.332664 5022.657161
-9999 -9999 -9999 -9999 -9999 -9999 -9999 -9999 -9999 -9999 -9999 -9999 -9999 -9999 -9999 -9999 30 1438.138642 1081.964703 1364.256586 1409.697916 1716.710639 2036.884662 2559.073627 2679.029336 2680.202024 3041.874362 3043.181697 3704.152678 3307.522337 3626.649949 2204.357374 1635.114495 1560.600009 1777.699365 1535.06136 1600.869184 1264.193843 836.44135 974.084634 830.981488 673.918703 552.571204 552.571204 502.751972 473.994435 520.741387 505.853764 556.565311 799.579471 798.277207 972.789669 1371.602388 2730.253633 3197.849929 2979.084884 3154.946086 3377.104486 4065.610315 3944.886911 3924.458655 3925.350643 4014.565621 3876.51123 4066.129894 4269.315065 4769.301022 4766.224614 4847.572619
-9999 -9999 -9999 -9999 -9999 -9999 -9999 -9999 -9999 -9999 -9999 -9999 -9999 -9999 -9999 -9999 30 2166.362752 1602.924908 1879.353347 2835.980333 2904.841846 2799.112566 3002.090362 2468.875301 2841.658752 2442.406317 3140.163632 3046.704502 3499.142635 3295.044537 2541.329078 2043.603879 2233.468998 2324.504236 3158.609382 3012.945664 2465.729657 1569.363256 1164.266119 830.981488 758.131065 733.455912 687.892678 499.62503 495.511813 520.741387 647.299066 650.840895 688.122079 745.60569 937.395918 1217.180337 1660.13252 2357.511002 3061.939518 3230.339273 3369.51929 3635.659183 3458.937738 3638.546289 3402.450829 3339.348462 3428.641725 3522.634774 3707.642101 4329.48998 4470.115422 4611.034133
-9999 -9999 -9999 -9999 -9999 -9999 -9999 -9999 -9999 -9999 -9999 -9999 -9999 -9999 -9999 -9999 30 3405.465101 3541.738003 3442.868299 2640.800079 -9999 -9999 -9999 -9999 -9999 2133.316483 2598.863329 3327.014946 4013.134134 2863.771429 2774.199148 2540.717607 2873.244198 2868.377886 3305.498046 3368.322462 2754.970995 1937.191602 1566.096443 1378.677339 1173.183855 733.43505 733.43505 560.181192 650.659238 682.678833 682.604612 650.078531 681.053692 742.109486 838.782676 978.527485 1349.673666 1741.181357 2570.477695 2409.034671 2780.900043 3025.642386 3128.303323 3296.741795 3531.633556 3503.955688 3402.48364 3159.546716 3170.460292 3527.676207 4034.07662 4302.038681
-9999 -9999 -9999 -9999 -9999 -9999 -9999 -9999 -9999 -9999 -9999 -9999 -9999 -9999 -9999 -9999 30 4671.575216 3109.321538 2702.438777 2200.230406 -9999 -9999 -9999 -9999 -9999 -9999 2444.956968 3920.965976 3067.877963 2806.950093 2873.178701 3989.757928 3544.578575 2753.117768 5250 4375.159678 3398.567424 2899.614142 2548.011101 2005.380017 1600.292535 1362.430497 1222.415128 650.659238 650.659238 679.663935 660.030653 630.057047 643.151577 740.868022 830.694794 774.069913 945.779298 1301.789892 909.833397 2189.928966 2457.688102 2039.94493 2129.879961 2698.785696 2845.000342 2785.756915 3082.09724 3078.402824 3023.426908 3176.466016 3844.825393 4061.896842
-9999 -9999 -9999 -9999 -9999 -9999 -9999 -9999 -9999 -9999 -9999 -9999 -9999 30 -9999 -9999 -9999 3122.088194 2818.052155 2931.815348 -9999 -9999 -9999 -9999 -9999 -9999 -9999 -9999 4014.777517 2772.18685 2842.478908 2772.608548 3613.9129 4786.257091 5250 5250 5250 2537.666207 3262.412386 3695.691847 2978.289075 2659.685873 2293.786076 1570.040828 932.042223 805.633153 660.29346 660.29346 633.723703 638.449752 556.853082 618.953248 773.180191 941.963581 520.197867 705.46354 1050.825916 1563.757 1824.117212 1893.147516 1925.865077 1997.309622 2099.054688 2243.521957 2726.016463 2918.448421 2942.752625 3402.131945 3980.363059
-9999 -9999 -9999 -9999 -9999 -9999 -9999 -9999 -9999 -9999 -9999 -9999 -9999 30 -9999 5012.594114 2681.146432 2711.015426 3535.101779 -9999 -9999 -9999 -9999 -9999 -9999 -9999 -9999 -9999 4167.455362 2812.738297 2845.430963 2780.489634 4333.539453 5250 5250 2673.636226 1842.221931 1872.068611 1352.702214 4923.683121 4171.848334 4320.132102 3264.404607 2068.370571 1230.228221 904.908014 974.891975 711.824749 645.517707 579.516361 533.548124 567.777183 685.699632 833.294098 520.197867 813.377941 354.202845 424.04468 774.914085 1149.887137 1357.091171 1599.730074 1829.019104 2002.478543 2420.025438 3170.301648 3055.166353 3138.541605 3841.478451
-9999 -9999 -9999 -9999 -9999 -9999 -9999 -9999 -9999 -9999 -9999 -9999 -9999 3052.594265 2447.021188 1966.110598 1794.932727 -9999 -9999 -9999 -9999 -9999 -9999 -9999 -9999 -9999 3061.818771 3019.671924 4582.824095 2847.379605 2878.174773 2814.828282 3231.030892 4368.106577 5250 3070.053889 2102.246189 2003.940698 1558.794317 5250 5250 5250 4183.094989 3030.740599 2375.062096 1338.355407 1371.377172 740.112109 781.59249 553.463699 556.125298 584.840286 660.072177 843.890687 684.980698 455.884982 360.708649 394.078042 645.243881 1102.680663 1281.548547 1490.185398 1672.089436 2072.80318 2576.021777 3269.999606 3056.246107 3290.762205 4072.350873
-9999 -9999 -9999 -9999 -9999 -9999 -9999 -9999 -9999 -9999 -9999 -9999 -9999 -9999 1742.463415 -9999 -9999 -9999 -9999 -9999 -9999 -9999 -9999 -9999 -9999 2950.854586 3995.455706 3505.308578 4553.445866 3074.311885 2942.263474 3006.293148 3236.594766 4951.99312 5250 3575.761621 2733.615184 2094.186291 1471.430902 1337.56256 2016.142892 5250 5250 4473.415354 3305.385875 1914.214071 1829.44906 804.945746 806.026984 510.79848 530.415127 674.646936 778.238813 977.206483 753.781748 593.648726 962.242777 1205.336726 1462.897287 1598.062479 1798.373762 2094.331963 2265.081454 2572.193589 2970.510421 3373.092778 3183.676085 3996.408111 4405.230148
-9999 -9999 -9999 -9999 -9999 -9999 -9999 -9999 -9999 -9999 -9999 -9999 -9999 -9999 -9999 -9999 -9999 -9999 -9999 -9999 -9999 -9999 -9999 -9999 -9999 -9999 2761.752149 3950.507836 4809.160524 3387.356288 3276.884165 3113.583457 5250 5250 5250 3602.511973 1431.035888 1069.24727 1069.902179 1134.724179 1895.872598 5250 5250 5250 5063.209681 3696.79245 2178.352295 1438.925167 807.939428 804.822941 674.636636 744.425339 806.614201 771.196603 810.72697 835.730371 976.973796 1175.026336 1306.791855 1598.698689 2135.323172 2545.065168 2971.650841 3235.956562 3606.248179 3913.576851 3707.768807 5250 4617.469749
-9999 -9999 -9999 -9999 -9999 -9999 -9999 -9999 -9999 -9999 -9999 -9999 -9999 -9999 -9999 -9999 -9999 -9999 -9999 -9999 -9999 -9999 -9999 -9999 -9999 -9999 -9999 2761.752149 3827.391928 4293.754742 3972.462831 3779.93639 5250 5250 5250 2704.480386 1601.983221 839.63953 870.311574 1003.088755 2291.875042 2139.776612 1002.885834 879.206282 1298.96981 1298.971836 1611.3867 1398.246031 800.177523 806.022367 820.248723 937.103676 1040.066685 1081.583875 1068.461921 1136.465858 1236.888331 1341.458162 1439.27177 1703.289335 1451.222381 1596.864481 1736.643489 2271.091897 2901.936506 3779.864573 4070.695294 4173.243547 4437.574051
-9999 -9999 -9999 -9999 -9999 -9999 -9999 -9999 -9999 -9999 -9999 -9999 -9999 -9999 -9999 -9999 -9999 -9999 880.463943 -9999 -9999 -9999 -9999 -9999 -9999 -9999 -9999 -9999 -9999 3955.834325 5189.23994 4567.051725 5250 5250 5250 3205.037732 1472.813857 966.807727 418.636744 742.294783 800.417399 802.25794 802.25794 879.206282 879.206282 1110.66886 1081.108752 932.551195 900.900451 806.382527 971.502407 1010.520751 1139.376595 1206.348405 1264.995818 1053.813314 1085.334169 973.400107 1044.88901 1208.613292 1237.278453 1374.743313 1627.683296 2259.081881 2839.119582 3835.760652 3988.677359 4013.812191 4584.772708
-9999 -9999 -9999 -9999 -9999 -9999 -9999 -9999 -9999 -9999 -9999 -9999 -9999 30 30 1272.123662 815.375151 607.846329 691.042996 644.359957 707.980401 736.994597 875.392295 979.497458 -9999 -9999 -9999 -9999 -9999 -9999 -9999 -9999 -9999 5250 5250 3641.371691 1903.175627 983.616619 406.438405 406.438405 801.030312 428.605293 343.702485 452.836832 452.836832 800.864453 802.822977 839.793761 875.016484 901.308661 975.462909 1168.428649 1173.414909 1214.273296 1074.441254 1070.358666 974.100258 913.162284 973.042927 1079.961519 1172.685898 1329.697815 1671.249955 2146.218844 2855.858847 4016.363054 4373.127907 4872.322986 5250
-9999 -9999 -9999 -9999 -9999 -9999 -9999 -9999 -9999 -9999 -9999 30 -9999 -9999 -9999 1302.253667 691.766399 524.188912 560.966023 510.743114 496.451165 558.235453 735.539116 911.990253 1193.7003 -9999 -9999 -9999 -9999 -9999 -9999 5250 5250 5250 5250 5250 2572.403236 1366.29837 418.494531 876.128261 805.319311 799.495656 343.702485 343.702485 460.578407 803.828266 839.417951 947.329276 1035.664848 1073.125343 1172.195546 1202.429087 1206.300712 1212.168212 1136.769419 1067.237966 818.764946 877.206854 907.558379 980.113577 1109.915106 1335.124505 2002.945453 2984.570057 5250 5250 5250 4639.48744 5250
-9999 -9999 -9999 -9999 -9999 -9999 -9999 -9999 -9999 -9999 -9999 -9999 -9999 -9999 -9999 -9999 878.590975 535.834941 509.748253 481.155223 433.100487 -9999 -9999 -9999 1558.098285 1592.494061 1772.7863 2003.60758 -9999 -9999 4947.855615 4123.475467 4119.854582 4210.044703 5250 5250 3721.11461 2665.998285 1276.369016 875.624984 836.083636 938.836194 420.921549 386.667037 552.31116 575.202485 907.775043 1140.271938 1494.443126 1563.662021 1738.856155 1668.642023 1507.929996 1296.730565 978.354449 816.251524 787.964811 706.621256 956.680508 1146.156588 1347.650182 1580.302264 2103.978259 2922.251219 3438.934084 3824.829612 4120.516708 4708.82501 4974.884176
-9999 -9999 -9999 -9999 -9999 -9999 -9999 -9999 -9999 -9999 -9999 -9999 -9999 -9999 -9999 -9999 30 596.717423 441.45985 474.804599 439.385097 -9999 -9999 -9999 -9999 30 2839.233003 3160.203689 3933.739128 5208.909375 -9999 -9999 3025.474289 3040.812281 -9999 -9999 -9999 3472.305014 3075.309421 1673.180061 1567.87972 1201.91431 525.326066 614.503591 901.467959 975.218103 1510.065647 1676.895086 2099.196416 2756.193701 2772.262532 3187.505849 2842.995864 2313.015911 1021.502812 993.234333 1148.711387 520.271031 942.886636 1006.678053 868.367032 2758.116584 5250 5250 5250 5250 5250 5250 5250
-9999 -9999 -9999 -9999 -9999 -9999 -9999 -9999 -9999 -9999 -9999 -9999 -9999 -9999 -9999 -9999 -9999 507.737783 441.446842 476.843142 428.625395 610.740516 -9999 -9999 -9999 -9999 4166.658803 30 3041.880209 3153.459781 2920.133187 -9999 -9999 -9999 -9999 -9999 -9999 4651.748116 4087.28793 3238.657586 3160.742043 2421.862352 1286.623876 1115.411527 1535.219368 1737.322283 2006.182211 2659.394408 2999.267854 3439.236191 4374.181701 5074.181121 5250 5250 1580.510951 1077.900703 1222.244633 986.087003 470.877312 557.810538 2540.853334 983.718135 608.430094 1074.298215 2140.823084 2508.849343 2642.64337 3942.048448 4670.731512
-9999 -9999 -9999 -9999 -9999 -9999 -9999 -9999 -9999 -9999 -9999 -9999 -9999 -9999 -9999 -9999 496.877327 459.823242 431.818531 438.333892 436.24109 426.393876 360.174169 -9999 -9999 -9999 -9999 30 1379.481618 1063.236647 1305.208763 1336.167168 1498.354299 1795.234487 -9999 -9999 -9999 3063.277283 4087.015532 5250 5056.282014 3518.156461 2875.773172 2252.048841 2643.790317 2851.890699 3202.65349 3639.459845 4168.858958 4415.037932 4785.959272 5250 5250 1146.401962 1146.401962 1125.034896 1014.654825 758.252373 758.439578 1507.907207 442.016738 530.540726 609.014028 744.054997 1839.362066 2375.988524 2372.769541 2507.536256 2843.168835
-9999 -9999 -9999 -9999 -9999 -9999 -9999 -9999 -9999 -9999 -9999 -9999 -9999 -9999 -9999 -9999 30 483.162467 412.900069 427.538937 457.804733 359.631102 337.634008 30 -9999 -9999 -9999 -9999 -9999 1036.892157 836.445575 716.261914 904.60973 1041.357398 1138.999984 -9999 -9999 3068.126319 5168.145683 4076.365611 4578.475564 5245.995893 4867.727983 3969.661903 4581.711929 3855.791121 3958.879638 4884.614102 5250 5250 5245.995893 5245.995893 5250 1219.623618 1577.036459 728.156809 728.156809 587.303081 719.954785 1233.009445 495.013238 778.149325 2511.894965 5250 5250 5250 5250 2680.020466 2507.026626
-9999 -9999 -9999 -9999 -9999 -9999 -9999 -9999 -9999 -9999 -9999 -9999 -9999 -9999 -9999 -9999 30 481.828958 399.297829 411.992696 444.656359 353.200686 356.661691 359.880378 -9999 -9999 -9999 -9999 -9999 -9999 617.540073 601.873564 585.626295 424.761641 464.40984 982.01428 -9999 2886.362515 2976.840112 2886.362515 2798.788145 4085.885655 4906.480468 5250 5250 5250 2550.034223 2981.586412 2891.902612 5250 5250 5250 957.587373 957.587373 1854.813039 728.156809 728.156809 587.367802 1632.587568 709.119573 748.64474 777.024803 1894.124938 1481.682256 1296.577358 1588.490826 1926.192789 2208.795201 2747.445828
-9999 -9999 -9999 -9999 -9999 -9999 -9999 -9999 -9999 -9999 -9999 -9999 -9999 -9999 -9999 480.012958 469.669172 364.103623 385.595127 404.696625 427.130792 333.219461 371.155254 373.5103 -9999 -9999 -9999 -9999 -9999 -9999 -9999 443.150465 356.170457 336.441946 385.206905 396.050727 477.848683 1361.676226 1637.742474 1602.319826 1654.404378 3118.014664 4962.090749 5116.580231 5250 5250 2018.662722 2137.577002 2893.156974 5250 5250 5250 957.587373 957.587373 758.340588 758.340588 1735.387719 1669.729933 1669.729933 709.119573 1082.9769 1258.789714 1311.757623 933.724641 896.906822 925.626715 1030.896065 1040.606928 1561.575518
-9999 -9999 -9999 -9999 -9999 -9999 -9999 -9999 -9999 -9999 -9999 -9999 -9999 -9999 -9999 30 456.374638 463.277933 421.526569 387.76529 410.741214 349.711265 363.771687 350.703706 30 -9999 -9999 -9999 -9999 -9999 -9999 467.681496 343.053455 279.761273 330.177554 355.844882 414.917368 844.428773 912.272739 447.503744 938.497358 2124.529312 3127.348352 3377.183083 4668.218753 4220.476529 5250 5250 5250 5245.995893 4315.662386 3381.879692 4093.598255 4470.796285 758.340588 758.340588 1921.821211 2490.212526 3046.49516 1247.440191 1255.58159 1279.715037 1282.085031 308.335944 362.509697 702.558303 948.111373 1097.286834 1083.007319
-9999 -9999 -9999 -9999 -9999 -9999 -9999 -9999 -9999 -9999 -9999 -9999 -9999 441.018491 430.541388 430.683996 364.220999 417.66959 364.638076 -9999 398.464804 397.639096 350.163451 330.078702 30 -9999 -9999 -9999 -9999 -9999 -9999 -9999 30 279.761273 287.645333 330.700191 617.765414 764.816001 660.739363 390.285345 719.418213 1704.810466 1832.978863 1744.060859 1976.87694 3204.694388 4106.544954 4821.84688 5250 5250 3160.994933 3067.445309 4650.103869 4635.589793 1698.150116 2126.878285 4332.965305 5250 5250 5250 5186.089313 2719.733926 2269.411656 308.335944 308.335944 383.260386 459.174082 592.163785 719.911975
-9999 -9999 -9999 -9999 -9999 -9999 -9999 -9999 -9999 -9999 -9999 -9999 -9999 403.350095 393.666453 327.943163 395.171084 365.506853 317.020097 -9999 -9999 -9999 -9999 287.05383 276.343322 -9999 -9999 -9999 -9999 -9999 -9999 -9999 -9999 -9999 -9999 330.302505 337.365417 695.263897 349.989402 349.989402 681.872002 449.795128 457.581489 696.397873 1147.392675 2024.707227 2873.358626 5250 5136.583947 5250 5250 5250 5250 5234.792835 5136.828209 5250 5250 5250 5236.624011 5111.417628 5129.969094 5250 4727.068274 417.970138 567.762454 776.800673 474.195756 474.195756 474.195756
