STOTEN_Data/raw/Age_yrs_400ft.asc
ncols         250
nrows         718
xllcorner     -2256000
yllcorner     1557000
cellsize      1000
NODATA_value  -9999
[rows 496 to 526 of 718, columns 138 to 206 of 250]
680.879747 825.386671 881.375649 396.59682 1256.484534 1207.723189 2641.907703 3163.823865 1981.865732 1820.713455 1702.410237 2343.780299 2185.202826 2559.167115 2552.659917 2537.312867 5189.721309 3274.057631 1932.668631 1182.854276 1071.243447 957.593049 795.194662 604.764848 599.956874 482.845653 484.72662 397.2889 370.91335 363.990102 352.618235 310.955665 282.492678 250.660809 233.844087 236.483598 240.259909 246.022206 236.178135 227.048449 243.684614 266.664277 289.343626 261.208413 254.32112 236.572772 223.222783 226.932883 203.316022 197.006028 169.238641 143.067884 122.895477 97.209568 83.322036 68.679448 62.3292 34.438875 36.792021 33.691924 50.611222 44.73497 3.719271 5.830215 5.72227 7.521316 4.755945 5.585281 5.611753
771.606517 871.409898 767.931884 680.864315 1137.940395 2028.941005 1348.212189 836.282822 1091.420473 1751.765717 1733.144874 1076.246847 2041.874958 2049.27534 3444.890376 2760.392132 2150.648969 2079.616458 1789.145359 1215.306467 1027.403702 803.219589 693.25863 563.73966 573.185272 535.278446 531.99455 482.601855 416.831488 371.039043 347.405947 316.51209 274.409527 252.752863 258.455002 280.083853 340.285533 343.265847 339.388795 340.021384 319.93982 286.459455 263.645525 253.397738 244.018229 229.689919 226.796438 212.249111 196.660159 186.244856 159.543643 136.988309 113.332879 96.838324 80.254852 67.629067 45.332595 30.030037 25.955973 29.839947 45.86915 15.603697 44.669137 22.695839 11.79182 6.775155 4.755945 4.908997 30
311.735059 912.726321 1696.736249 982.371009 1444.175514 848.723775 1124.104033 1065.626058 437.311862 1130.739154 2812.093651 1832.197489 1436.046156 1948.300965 2100.50625 2717.484588 2592.515669 2538.072605 1896.246614 1625.426374 1324.737888 800.426299 764.111013 733.042163 627.590777 631.871231 595.819133 492.410042 502.819114 473.499042 428.060437 352.316992 313.890887 290.384134 289.859701 346.441233 371.68685 356.555421 353.628076 351.004109 329.830572 310.189821 297.494366 266.463621 240.064045 232.478109 220.111026 219.824709 196.730673 176.772631 150.706755 126.24346 106.358134 86.539264 58.214342 59.504565 46.333965 46.316053 35.737771 34.731419 21.601882 15.651367 15.641772 25.80507 8.648228 4.873637 4.802338 4.802338 -9999
627.493294 353.409207 1248.65328 471.161508 913.780384 416.219209 419.041777 1091.955545 1157.362071 949.699029 352.339898 331.883527 1071.1069 1870.984216 1272.12689 1788.645272 2489.567085 1970.215051 1867.384929 1636.641664 1499.972726 899.325364 814.131346 768.568477 706.145859 674.91323 633.867184 606.292905 599.986653 532.178862 442.652925 346.55276 309.863633 281.400779 296.769012 339.92196 337.220651 360.303222 353.015145 353.002733 336.9539 306.319097 286.035313 247.00569 226.710836 217.620638 206.627474 182.973157 163.549542 147.482325 136.376082 106.661975 90.316476 64.54508 44.347951 33.033929 22.412882 34.054068 25.732136 20.713652 18.714168 17.827164 17.819582 3.677002 3.815175 -9999 4.812137 -9999 -9999
913.782255 400.217811 449.949414 286.85243 295.81735 1883.370065 997.326505 884.793454 943.861019 1019.485757 985.452798 966.47803 1055.748822 1902.682268 1977.095465 1744.811224 2165.818657 2131.258415 2028.311227 1673.75559 1534.037207 1327.457517 875.045579 805.609468 764.971813 710.133813 671.153423 653.528765 601.351028 536.254657 469.412139 394.189802 337.42325 313.46286 348.168561 330.324748 327.198874 346.450635 337.17524 329.522242 310.505415 293.379566 257.27413 233.7524 212.582176 189.726455 176.143516 160.619604 140.168147 123.030089 103.351685 90.00041 69.61109 46.62419 35.953467 23.999113 11.685732 9.063534 18.906016 28.83895 16.828483 17.779906 17.819582 51.580361 4.843891 -9999 -9999 -9999 -9999
232.912994 256.159449 344.178854 346.596272 299.423699 893.861466 915.505043 947.671069 919.28597 827.287988 951.529167 922.700074 940.802662 1012.16067 1110.427545 1754.352693 2306.582004 2086.657578 1927.19414 1697.911634 1564.903204 1593.363872 1041.160853 841.88381 769.260881 698.504906 681.726819 637.713757 579.144953 541.73177 541.537553 440.541539 400.644321 393.112193 338.894031 386.619127 377.383243 363.593917 344.59271 333.033612 292.713476 263.391142 243.425669 212.507607 182.960966 166.374519 153.931069 136.742162 116.449459 103.547431 89.943318 74.783334 65.036693 41.029139 29.032553 18.925808 11.680337 6.409082 23.988673 22.586919 20.695581 22.531647 22.525445 26.619676 6.645087 6.645049 5.719443 -9999 -9999
271.306234 341.626095 321.824995 354.326945 807.041348 877.721281 912.574936 926.889148 793.699892 710.973299 942.187804 890.786208 882.735012 1468.088272 1612.234864 2231.974333 2202.830982 2185.338745 2007.320591 1845.209024 1670.69001 1365.143953 1234.531685 834.296888 745.680638 703.040395 641.745505 628.380547 568.373933 554.307652 524.892956 500.637739 498.890711 419.159642 397.3068 369.538287 360.76043 353.759168 323.455585 296.661952 269.923112 240.576051 216.385895 195.920587 176.265565 159.624299 146.607118 126.725988 113.336064 96.900053 86.527218 66.409658 55.339809 37.657459 24.049101 13.092317 9.709382 10.050409 15.70241 28.868168 28.832719 34.731265 28.834468 30.586788 6.803652 6.782226 5.719443 30 2.001369
217.104612 331.477164 385.467538 909.518094 792.323182 928.484727 857.915851 786.08409 740.746027 1184.064237 880.26549 906.44248 930.848286 957.183911 1449.113117 1487.791808 1501.314992 1441.426637 1746.668459 1686.906434 1534.470453 1459.217918 1307.87475 1179.134721 812.58222 739.718018 675.694939 627.895339 593.022817 539.590866 528.011674 501.182259 448.87954 392.096344 383.344784 379.899165 356.715628 330.962738 306.161616 286.019604 262.952608 236.438499 213.243624 192.618072 172.533305 159.654391 139.533461 123.122314 103.445351 90.118525 66.599166 53.94636 32.684975 21.937581 13.404597 11.723198 9.730269 12.078537 14.016811 36.121735 34.772587 40.698963 37.585872 38.509118 30 -9999 -9999 -9999 2.001369
285.317964 330.462929 937.651596 291.846864 726.186048 363.533422 911.192519 753.760466 736.845479 739.456777 278.981222 849.119592 785.161859 886.471847 1396.610908 1461.995239 1502.566854 1564.950129 2026.04988 1671.610726 1697.978191 1602.827002 1369.737828 1201.644521 804.299639 742.358306 701.346879 664.22554 600.617051 562.022036 533.226328 504.72147 465.747232 437.953398 396.506469 364.106368 345.801057 326.990272 310.318806 279.863175 259.732447 230.040885 206.750262 182.624283 159.608723 139.794424 130.409565 106.406938 93.484169 70.832375 64.722816 44.252377 34.340467 25.304912 15.022514 15.338836 15.981905 24.736387 36.072699 37.735866 35.129635 47.787421 46.463239 46.819022 -9999 -9999 -9999 -9999 3.65843
250.632396 307.353996 902.801033 314.551471 330.371842 326.365725 292.895746 236.76364 261.712558 238.995072 661.397439 821.915064 782.298082 899.598874 904.613348 1552.964474 1522.893006 1595.722713 2001.519652 1757.040259 1739.919755 1602.527644 1434.27677 1258.091583 816.330125 766.161282 733.662461 705.408836 664.331028 595.114045 556.127781 529.99191 499.848397 449.473877 388.643416 367.29054 345.662801 322.563379 300.647166 276.408458 252.562369 223.584056 195.345189 172.514337 146.987157 136.132887 126.767824 109.445469 96.851321 76.652047 65.035476 54.115751 40.626006 29.685967 21.352587 20.061651 29.681155 37.4193 48.986097 49.354234 48.813873 67.072256 52.501027 66.280587 76.127635 127.392779 168.224624 4.743134 3.639438
238.367604 276.48022 336.76788 363.256776 343.056403 283.463429 267.426958 292.107666 286.444784 238.037183 249.601387 314.769017 761.983117 1025.253713 933.12361 1544.583259 1646.652715 1609.687101 2088.88153 1929.67562 1858.272135 1618.915374 1492.831676 1354.773447 1163.924124 770.174929 736.61616 703.197882 666.953657 594.847108 590.183257 528.019421 500.97965 448.448343 403.821723 393.461835 379.169471 327.018519 296.04947 267.12053 242.444622 236.453768 216.274073 185.643781 156.648494 139.630664 129.696037 112.539186 103.496579 96.849814 65.755365 55.292262 41.91229 32.621904 24.742249 17.038495 22.394724 114.129507 99.748016 70.253206 75.716317 66.510225 108.303381 98.175691 137.162157 136.199921 154.787977 2.770987 5.726773
239.885083 255.840321 295.909904 346.456463 284.867569 281.842195 276.925193 289.469089 269.102826 243.22304 770.905532 354.558763 768.772926 881.183245 1007.029389 1726.802243 1759.383645 2261.821828 2268.243533 2055.911775 1989.021273 1757.535325 1601.586626 1422.566628 1325.50186 868.43837 798.615966 742.033267 700.582111 664.192907 628.674317 590.11654 530.75533 507.617233 438.206779 393.1956 389.006417 364.039189 331.167787 296.435715 276.780981 249.963833 219.694433 196.257024 169.496787 153.156996 136.324788 126.768773 112.359439 96.686976 70.672384 64.879996 44.705186 38.220156 26.919679 16.357081 26.535292 170.079509 84.83546 156.325161 99.760366 90.247135 146.873662 167.768411 136.601566 207.478156 297.0705 2.770987 133.7577
317.304605 294.863637 337.811949 355.575066 353.359716 312.224556 279.063032 261.666466 265.523557 873.34968 825.687448 753.157813 933.982934 1042.969321 1305.087873 1187.047467 2198.845335 2429.781461 2264.723117 2830.524522 2235.626565 2107.232315 1955.967933 1603.465965 1424.477317 931.948725 867.865089 802.365069 739.139028 692.89946 632.599784 626.999614 562.99528 524.306423 496.022226 433.344347 383.600652 359.821857 329.666693 292.66022 280.800115 255.922329 223.439334 195.567485 176.412408 156.272891 140.004598 136.411028 125.364791 108.482385 88.15562 65.582303 55.172426 42.07246 34.667003 33.673324 189.669219 39.301563 39.301563 215.852177 143.07478 139.483496 178.043498 198.921178 349.031592 52.501027 156.358416 118.191232 144.613279
353.084021 328.568011 330.9419 310.262052 304.079885 309.090987 315.959317 290.196267 263.500106 596.66721 477.752186 490.973656 333.255703 744.246048 1080.788138 1143.40082 1829.390261 2454.199186 1967.346169 2651.348817 2639.406721 3169.212042 2927.589946 2566.487561 1921.962519 1130.9655 1002.702581 933.28745 864.323056 771.840531 700.29043 633.85012 633.431891 554.010631 530.169704 470.057499 385.537249 366.902671 353.087211 324.2691 286.59337 263.212679 242.247495 223.429842 201.966849 176.401206 156.309133 139.192874 129.785119 115.573819 106.1191 88.521453 69.43693 64.875698 64.585534 100.795302 59.002024 63.366559 225.146336 339.670599 196.189534 163.254095 243.459331 136.434 52.501027 52.501027 136.403236 136.294383 147.424018
279.691245 318.796279 312.369027 291.213091 339.519847 314.091693 326.061695 316.529426 283.700273 283.018423 271.450963 281.644023 276.154371 313.552879 362.253716 950.528594 1394.685356 1627.770859 1650.181889 2278.323466 2321.84637 2189.724169 2244.949069 2176.275967 2270.136182 3019.567152 1812.278482 2009.503348 1233.601823 1057.351941 903.66551 770.993478 664.267108 633.418459 553.296333 530.374671 445.384777 431.197358 349.735058 335.117151 316.858983 293.368051 256.371409 239.432205 213.209743 195.842296 176.399771 159.178645 143.454615 135.306125 126.634725 119.443306 136.673757 207.329978 128.665409 112.277594 133.420132 340.924171 42.392813 238.292167 286.849073 162.788227 175.618636 178.23644 225.105802 157.424851 247.598754 258.317989 156.249144
254.41711 282.156691 278.618453 266.316089 287.95031 292.111621 332.916935 326.76796 320.236649 285.528554 275.748407 276.526168 275.078827 284.179406 279.218117 568.992996 760.15272 714.672185 1247.177296 1729.744079 1962.955893 2086.485253 2031.658478 2002.248017 1865.148147 1727.583847 1116.368582 1180.534676 1161.520847 1217.110241 1791.585917 1505.363778 1202.873824 970.568779 836.077278 677.196609 558.95666 523.092411 452.121672 371.786767 339.794141 319.361959 292.173052 260.909316 235.582991 219.977185 216.118712 209.323744 222.894355 320.014916 197.655668 163.955607 153.175866 153.048148 153.053352 282.067576 273.65801 145.314254 42.392813 157.747006 138.975738 163.981624 216.253403 225.295774 225.023956 167.069951 135.852156 135.852156 147.218978
266.643404 281.516219 273.267237 253.372597 292.458587 285.158464 319.407325 312.433491 343.517747 329.05906 329.147473 313.47201 310.158033 299.001776 296.833615 293.470671 572.277985 640.027394 716.235236 639.507581 1281.009865 1430.475682 1897.666974 1919.706273 1726.985272 1581.740279 1104.507151 1064.469211 1063.989747 1009.309191 986.073474 1026.848392 1080.646047 1084.484062 1403.42488 1389.1215 1197.520455 924.901234 857.48762 917.144824 543.743427 380.45373 370.490302 388.144908 471.577654 320.535477 303.024091 256.386433 249.224259 213.519898 223.79838 359.632636 164.505774 133.582428 149.754001 131.88102 163.478503 127.665465 46.312439 46.319601 174.210192 174.174054 207.661364 240.27063 206.625599 156.249144 155.865845 135.852156 135.852156
258.635285 272.264434 308.488054 356.55367 337.058137 343.309608 332.364561 293.038969 321.720678 357.007868 343.118037 323.388108 309.275418 278.825318 269.289345 265.779965 538.285927 553.41391 516.493257 498.175642 667.134428 623.001824 922.415179 838.789854 1108.194104 1234.650454 1398.668299 972.731259 979.633426 901.288499 933.675281 928.873937 851.184312 809.04488 838.466265 869.604303 788.81548 834.416767 783.015367 1087.760908 1057.651395 1060.9029 913.889972 765.881799 542.710858 413.613989 343.352975 325.702562 252.953891 250.695314 252.51487 239.03419 199.07949 188.453003 169.480585 155.534645 128.743257 45.008191 26.144976 123.170496 176.956493 153.617549 190.806484 189.964213 206.625599 185.023956 156.249144 156.249144 187.422216
232.25331 275.83968 274.863643 286.940479 306.754558 298.732154 261.817618 318.931027 336.386196 341.961979 332.896414 313.089862 295.696943 273.140553 259.634449 250.093172 249.683767 312.254428 292.872991 437.209116 478.931908 479.311818 555.302328 313.565081 727.932379 766.376792 682.900999 633.560857 615.278553 655.400705 781.277559 764.939058 835.611628 735.620192 769.839961 679.544311 647.438356 696.720683 634.829971 629.687025 593.189258 602.055761 623.465487 460.59977 402.484671 400.130571 324.930172 288.622805 267.500559 205.696544 179.503707 155.222727 143.103418 126.574812 98.334015 73.852643 41.148969 20.904328 20.327234 214.77594 161.831984 159.318712 153.234908 223.070169 167.049966 186.639288 237.394519 186.662554 207.990793
200.444302 275.529427 272.539045 240.214252 305.039675 320.669481 278.630455 293.739028 287.104785 285.451571 290.392866 286.035878 267.150341 249.512922 266.194467 249.420614 243.785341 252.253605 292.132461 312.002227 308.67515 401.273638 300.948587 362.835702 348.663349 316.412076 449.928051 483.65963 367.132484 360.031561 364.520654 460.213496 493.087362 575.550868 683.914523 630.468802 597.299155 591.74305 519.104097 497.727809 483.311835 493.807598 477.567037 407.866184 329.197883 292.600875 263.592763 232.524308 199.527224 159.268325 146.742398 136.382656 114.101935 90.028566 61.897451 43.982415 39.324039 41.305093 38.415155 123.320006 106.594344 147.094714 160.279335 212.757226 248.032118 345.776097 226.979252 206.911377 185.023956
203.727032 225.923322 241.698764 297.359131 309.854468 303.427734 297.649812 311.917156 320.180166 323.233257 309.323562 260.265475 238.074252 252.318628 252.215871 252.839387 246.992292 234.75779 292.14725 279.950422 293.523802 291.79482 278.473668 320.355852 264.65218 316.37746 302.359512 337.123432 339.691079 313.751353 300.380507 317.519342 333.206598 353.745519 401.214983 477.13198 542.197295 496.359202 474.78783 479.391118 461.457902 396.472456 353.709555 338.611121 332.957338 305.003289 275.361242 234.657816 176.715548 152.017592 133.008193 108.019837 82.021942 57.29697 33.790941 30.34104 29.986221 29.986221 46.612299 46.612299 121.076669 157.823711 158.409698 238.799735 250.255444 497.873065 186.639288 186.639288 -9999
184.136472 197.798056 197.10028 208.971868 254.751218 267.925515 261.434711 316.982819 310.226876 304.169668 291.292905 267.033203 258.410792 243.480228 250.412946 260.759862 248.491714 221.130996 243.350325 253.199635 269.288055 272.306644 265.525516 332.886905 296.296104 287.176416 266.155967 286.690896 303.358207 290.135426 291.156635 282.815657 266.129611 276.47373 288.405552 316.706145 313.263692 471.819034 390.795341 387.35138 342.825539 336.761244 350.011619 323.898349 268.969459 240.164872 218.208974 209.43114 180.164698 157.534979 141.49789 112.904488 81.35611 42.949485 33.524827 25.921255 17.641111 41.028847 93.779065 140.181222 182.80665 207.21712 156.014473 197.190281 283.058205 301.48611 225.023956 407.424193 -9999
183.095303 201.788148 202.723642 216.722142 257.273394 279.048209 245.532831 277.894275 264.921743 269.119927 262.899883 260.297318 244.289842 241.506452 239.007888 243.892785 243.030579 225.947131 262.739729 253.178846 259.511365 259.306528 245.744824 230.597668 273.049833 266.657541 241.515831 236.530628 238.050421 269.838126 267.267921 260.13015 260.154298 256.423082 233.35688 282.571236 287.085977 299.833703 303.974663 332.997872 334.179848 312.992035 265.634442 262.841073 276.216342 222.611264 199.726997 140.388489 132.785763 109.451342 97.536592 84.08947 84.473176 59.007368 34.645775 17.641111 17.641111 113.815705 141.638878 205.550543 243.096142 272.365995 217.064147 160.254932 252.897035 248.306648 336.418119 30 -9999
178.536797 183.727515 195.76869 198.7688 199.30464 263.908391 285.585253 283.653177 299.265498 273.228164 281.565649 258.521601 248.612571 221.305217 233.771888 231.398534 232.72126 263.715258 249.752782 249.747502 256.043726 249.825917 223.440743 210.270587 260.429098 246.638373 213.01976 212.275112 196.882929 223.19868 237.056344 227.213056 220.052909 234.090877 240.110866 253.390394 261.045135 223.497126 283.918026 316.308976 363.520296 271.265716 250.223599 210.791492 184.007205 190.936309 190.033595 136.415569 116.112641 89.877377 54.342422 40.617217 32.317635 27.160305 23.801427 16.241694 33.975083 146.805613 222.912543 262.365315 268.54828 367.145379 276.321726 182.553861 209.470439 336.590886 175.531249 30 -9999
150.755803 139.504757 152.835315 161.960412 179.067607 195.694777 278.303371 284.753285 313.315607 293.307902 287.18102 263.414495 244.53793 240.135358 240.571467 240.075193 253.384153 249.63432 249.746361 236.062543 220.036871 226.370834 199.766412 187.041619 184.180462 168.349119 193.316837 187.101787 169.46236 166.278736 193.408645 200.13589 200.967199 197.542397 216.988161 219.659351 239.911474 263.290385 241.183188 236.618691 311.311337 227.062968 215.452201 202.339548 174.485329 139.738722 104.767452 100.351705 99.682068 86.550383 55.271424 33.349214 18.076946 17.396067 16.241694 16.241694 104.12887 183.704661 250.097105 340.109736 484.045178 501.993161 526.462079 339.422722 270.807795 288.476254 166.721576 267.38519 30
156.177239 151.32747 139.927634 52.376454 52.376454 192.460613 254.175587 265.489353 316.282162 278.057164 270.154911 247.304467 247.203352 250.865048 229.528765 212.545203 252.957701 239.201455 229.770854 239.257802 216.894483 206.620665 186.849495 164.010162 153.341442 143.676694 184.613279 169.936767 148.064657 146.462924 141.894174 167.010889 170.076457 170.154957 200.470711 203.167868 209.799771 227.55997 226.620592 230.254879 217.82136 188.700544 156.565833 174.057696 141.943712 132.894876 94.066919 68.175592 41.73905 38.683295 41.702705 38.594959 23.258163 17.396067 24.660624 28.026434 135.490836 253.114668 276.484154 777.384169 752.325321 708.751054 730.026796 552.914171 285.832767 289.06277 276.019903 276.658494 225.128923
157.214222 156.691112 141.940753 52.376454 135.763358 175.003563 249.83993 290.476092 302.499094 252.863855 261.175485 262.071623 260.49009 232.698311 215.878428 226.208442 239.200369 223.507734 206.266334 210.036366 199.877236 170.61257 160.919638 143.747065 136.893108 123.813313 165.90405 113.609498 130.054463 107.848553 110.854809 109.43089 146.869333 146.919212 150.466369 170.577184 189.156065 187.791333 221.123194 203.319528 199.472469 146.150479 156.568926 133.185787 115.401501 101.308851 93.149252 71.52465 38.684265 26.075698 26.181459 32.476645 30.994343 26.986723 26.986723 65.605917 162.11105 253.347652 435.433291 939.150881 960.472211 969.470585 967.430261 756.547649 282.942882 179.941736 279.161934 275.23665 185.103273
140.712249 145.471553 150.268219 151.701563 146.597117 214.159741 263.632014 291.872776 287.513399 271.459 268.109351 260.362719 250.738075 225.284996 211.152963 219.80628 228.98112 206.234125 209.769487 196.939568 170.854252 154.221627 130.846061 120.464764 116.443411 106.605728 93.462237 91.757041 91.492509 86.362304 78.086907 76.891248 81.268601 120.567069 108.842479 115.080094 153.232813 160.274609 200.300043 207.612606 179.911515 153.081246 149.680629 110.840548 100.946428 82.080522 64.671864 41.651295 39.416368 31.715485 26.075627 30.859631 32.476645 30.636356 37.28728 123.645733 206.76116 274.922098 592.987202 1093.296569 1170.401792 1034.294368 1034.092999 810.56908 481.509453 144.188213 236.481737 275.06516 196.249144
144.2008 159.638245 64.329282 102.144513 139.249314 198.701686 214.489907 246.259623 246.089183 240.818825 233.504181 244.056154 236.127829 213.057829 203.441776 192.696907 214.404775 196.861256 197.584634 180.605883 160.919386 133.578348 123.189718 103.114273 93.437869 83.693524 66.340498 64.631695 57.807496 58.504041 68.744124 54.875056 53.568773 76.917102 84.150866 89.711017 101.168134 129.688756 139.896089 164.554775 167.329958 145.02142 123.645389 98.869469 71.160808 71.551357 38.436843 33.44118 20.638832 14.405212 36.983661 40.3846 48.33178 88.217084 98.484535 165.530739 215.649424 520.972283 861.804894 1400.953153 1403.485198 1101.627747 1090.497332 249.615752 181.229936 134.235481 170.3331 286.200917 268.758389
152.871832 132.345545 91.733023 52.459959 178.026853 205.169969 201.955326 246.286251 253.057582 266.244758 264.353179 254.170726 222.002713 206.143956 192.617407 256.081769 211.266609 213.367429 203.886764 157.294754 145.705236 119.853106 100.022039 83.650936 77.015875 59.360637 52.38542 51.477413 41.077803 40.834132 45.509174 44.205583 43.510304 35.945316 54.167717 60.712154 62.069783 87.461125 93.826847 119.952679 137.353865 129.715238 114.036049 82.34031 49.969358 56.461615 37.430095 30.860123 20.422034 14.405212 14.405212 66.775145 124.276335 134.493051 159.952045 261.402808 289.362243 805.314732 1258.982783 1840.469402 1519.327514 1090.973268 399.073261 322.568249 226.293715 202.657924 146.360994 147.525718 295.889043
179.675011 185.842112 139.680095 166.581154 188.070267 185.674203 164.314721 204.249026 200.920701 236.67169 239.493208 117.40732 212.521327 192.748996 179.613635 163.464967 213.415573 200.398158 183.82419 151.079746 133.857171 126.955345 87.218568 77.145829 59.338309 51.049289 42.662451 33.767016 37.826026 38.083606 23.222907 25.763632 28.061872 28.437993 54.065628 43.416834 46.306865 54.016221 59.492933 81.366786 94.200326 109.108471 95.689355 71.401123 52.947269 39.330609 33.348902 25.226515 17.684533 27.59849 37.522434 125.675682 199.669056 213.340247 255.800119 326.783576 551.207477 1087.066533 1762.711716 1852.75135 1669.915457 1133.569892 399.545477 265.844409 229.828281 213.797742 271.230546 190.547001 160.534123
