STOTEN_Data/raw/Age_yrs_250ft.asc
ncols         250
nrows         718
xllcorner     -2256000
yllcorner     1557000
cellsize      1000
NODATA_value  -9999
[rows 248 to 278 of 718, columns 0 to 68 of 250]
-9999 -9999 -9999 -9999 -9999 -9999 -9999 -9999 -9999 -9999 -9999 -9999 -9999 -9999 -9999 -9999 -9999 -9999 -9999 -9999 -9999 -9999 -9999 -9999 -9999 -9999 -9999 -9999 -9999 -9999 -9999 -9999 -9999 -9999 39.383759 23.60869 84.766528 90.730068 108.205385 108.101069 108.085306 67.237076 57.139651 51.973979 61.199328 73.262106 73.720188 79.103529 76.727641 79.221459 76.477908 72.258065 66.143636 66.74165 65.001497 66.360915 70.334902 70.053364 75.89563 79.861446 81.438792 97.420075 104.560115 91.166475 97.843297 117.066078 147.796932 220.971975 455.848275
-9999 -9999 -9999 -9999 -9999 -9999 -9999 -9999 -9999 -9999 -9999 -9999 -9999 -9999 -9999 -9999 -9999 -9999 -9999 -9999 -9999 -9999 -9999 -9999 -9999 -9999 -9999 -9999 -9999 -9999 -9999 -9999 -9999 -9999 23.60869 23.60869 60.529907 91.204441 87.207355 68.366579 36.701821 31.19182 36.716468 40.042029 36.075798 56.991712 53.334693 51.843207 59.545551 51.337937 50.920045 93.435661 93.435661 58.198544 57.752348 64.168338 66.899635 69.701295 72.426243 76.597575 80.582432 80.936983 99.448125 104.84726 113.351155 136.29341 154.00636 200.62983 414.521274
-9999 -9999 -9999 -9999 -9999 -9999 -9999 -9999 -9999 -9999 -9999 -9999 -9999 -9999 -9999 -9999 -9999 -9999 -9999 -9999 -9999 -9999 -9999 -9999 -9999 -9999 -9999 -9999 -9999 -9999 -9999 -9999 -9999 -9999 -9999 27.603635 34.120843 59.502303 69.54103 64.345978 55.846534 44.417025 35.115249 36.948477 37.45918 32.721252 41.432364 44.628656 42.422993 49.318698 34.373244 38.381685 34.684056 100.955483 100.955483 67.458634 70.330619 67.870617 73.981429 76.92246 77.114854 77.180636 77.808075 94.722483 117.858898 150.414155 157.358585 160.881711 328.087685
-9999 -9999 -9999 -9999 -9999 -9999 -9999 -9999 -9999 -9999 -9999 -9999 -9999 -9999 -9999 -9999 -9999 -9999 -9999 -9999 -9999 -9999 -9999 -9999 -9999 -9999 -9999 -9999 -9999 -9999 -9999 -9999 -9999 -9999 -9999 27.603635 33.557298 24.515172 29.362993 39.621562 42.774257 45.066757 44.795284 40.107763 40.61846 37.617196 40.481817 44.657812 43.578955 43.514552 48.05069 44.286658 30.128592 48.574937 28.767767 54.714905 63.340186 64.496483 67.747987 79.8742 81.006004 81.144796 77.101864 81.200235 97.813543 107.940311 126.83526 153.6114 182.960211
-9999 -9999 -9999 -9999 -9999 -9999 -9999 -9999 -9999 -9999 -9999 -9999 -9999 -9999 -9999 -9999 -9999 -9999 -9999 -9999 -9999 -9999 -9999 -9999 -9999 -9999 -9999 -9999 -9999 -9999 -9999 -9999 -9999 -9999 -9999 35.081323 35.081323 24.515172 38.342575 98.119972 100.973822 107.16877 47.106521 39.740299 41.44326 43.64083 39.760109 43.807715 48.313863 44.099965 48.377963 53.198212 39.269822 35.80263 30.761959 32.670621 42.110004 58.12856 64.663287 80.693537 84.665388 81.174103 80.168855 79.760871 84.564479 95.941268 96.960338 130.217981 170.212666
-9999 -9999 -9999 -9999 -9999 -9999 -9999 -9999 -9999 -9999 -9999 -9999 -9999 -9999 -9999 -9999 -9999 -9999 -9999 -9999 -9999 -9999 -9999 -9999 -9999 -9999 -9999 -9999 -9999 -9999 -9999 -9999 -9999 -9999 -9999 45.146042 76.34104 84.154877 87.049971 98.119972 97.934185 103.752273 46.757774 42.44788 43.652931 44.425013 48.832224 46.326018 47.758981 55.419167 55.156832 72.295578 52.87942 43.780649 41.011631 36.092939 29.329443 33.006093 54.238129 72.91562 79.664502 80.431641 73.795111 80.101242 87.105411 96.547741 103.155564 106.739864 120.880419
-9999 -9999 -9999 -9999 -9999 -9999 -9999 -9999 -9999 -9999 -9999 -9999 -9999 -9999 -9999 -9999 -9999 -9999 -9999 -9999 -9999 -9999 -9999 -9999 -9999 -9999 -9999 -9999 -9999 -9999 -9999 -9999 -9999 -9999 -9999 30 80.883823 81.158797 87.623301 97.766977 97.751576 100.723796 86.88896 47.446134 44.44218 47.37566 55.161342 48.797385 60.953063 69.82089 75.189526 73.394664 73.006828 48.471276 50.415016 46.445037 35.707256 39.739786 31.02923 37.704935 66.167032 68.178595 55.281276 73.362501 80.371355 93.749689 101.151827 117.299188 121.252679
-9999 -9999 -9999 -9999 -9999 -9999 -9999 -9999 -9999 -9999 -9999 -9999 -9999 -9999 -9999 -9999 -9999 -9999 -9999 -9999 -9999 -9999 -9999 -9999 -9999 -9999 -9999 -9999 -9999 -9999 -9999 -9999 -9999 -9999 -9999 30 84.081531 84.081531 87.724635 93.639786 97.616168 81.264442 56.92134 50.709988 47.091307 48.052683 51.55592 58.393185 66.749349 73.600911 80.397611 77.314787 73.394779 53.244738 50.641689 67.502539 55.52265 48.328325 41.359248 44.031551 32.385221 36.073678 40.351048 55.360634 46.380684 90.672532 111.250753 117.971151 145.448419
-9999 -9999 -9999 -9999 -9999 -9999 -9999 -9999 -9999 -9999 -9999 -9999 -9999 -9999 -9999 -9999 -9999 -9999 -9999 -9999 -9999 -9999 -9999 -9999 -9999 -9999 -9999 -9999 -9999 -9999 -9999 -9999 -9999 -9999 -9999 30 84.535806 84.765891 97.794615 97.77322 97.88235 76.978738 57.959126 51.811182 52.521967 48.109018 51.319626 58.736944 67.094837 73.419196 80.544121 83.57956 75.986767 52.955815 55.213143 76.535439 77.253082 76.675302 76.9566 76.385408 36.342031 39.474122 43.683869 27.705825 27.705825 55.085102 86.988927 74.19158 148.003245
-9999 -9999 -9999 -9999 -9999 -9999 -9999 -9999 -9999 -9999 -9999 -9999 -9999 -9999 -9999 -9999 -9999 -9999 -9999 -9999 -9999 -9999 -9999 -9999 -9999 -9999 -9999 -9999 -9999 -9999 -9999 -9999 -9999 -9999 -9999 83.968599 83.968599 84.765891 87.321897 81.059925 80.724862 74.705695 66.874913 58.412239 59.219553 51.495165 50.82277 61.491596 64.165965 73.519627 77.195449 83.859095 79.554719 77.057494 75.883644 76.841189 80.723021 83.671363 83.60075 80.737577 47.862574 55.25387 47.405568 46.760525 36.381171 29.719271 29.719271 37.653678 42.575186
-9999 -9999 -9999 -9999 -9999 -9999 -9999 -9999 -9999 -9999 -9999 -9999 -9999 -9999 -9999 -9999 -9999 -9999 -9999 -9999 -9999 -9999 -9999 -9999 -9999 -9999 -9999 -9999 -9999 -9999 -9999 -9999 -9999 -9999 -9999 84.364028 84.364028 93.533141 93.533141 77.13034 77.210234 77.385793 57.364089 57.023093 64.28672 57.762549 48.892502 50.496872 60.437332 69.683332 73.184433 81.063844 80.923896 80.025884 80.578392 77.215847 79.516131 80.969428 81.062157 79.895671 80.449629 77.013913 68.282214 63.850698 60.449898 41.745776 36.093611 44.70955 49.229267
-9999 -9999 -9999 -9999 -9999 -9999 -9999 -9999 -9999 -9999 -9999 -9999 -9999 -9999 -9999 -9999 -9999 -9999 -9999 -9999 -9999 -9999 -9999 -9999 -9999 -9999 -9999 -9999 -9999 -9999 -9999 -9999 -9999 -9999 -9999 84.364028 84.364028 90.2576 90.276527 97.786567 97.786567 77.501714 54.272444 54.569846 63.523092 63.710775 48.9322 49.837879 55.535373 59.627278 66.52715 77.335957 81.355864 80.525484 80.493513 80.586149 76.742469 76.021465 79.39633 73.294397 72.913781 79.385666 79.520322 76.737296 76.168358 80.590929 49.557641 63.538292 40.549744
-9999 -9999 -9999 -9999 -9999 -9999 -9999 -9999 -9999 -9999 -9999 -9999 -9999 -9999 -9999 -9999 -9999 -9999 -9999 -9999 -9999 -9999 -9999 -9999 -9999 -9999 -9999 -9999 -9999 -9999 -9999 -9999 -9999 -9999 -9999 30 90.080678 84.824143 90.276527 97.786552 83.542892 58.901595 55.525813 55.088814 63.084044 64.017944 50.350395 48.048132 56.266533 54.572593 59.547038 76.105512 80.84355 79.89076 77.215582 77.113358 79.701034 76.659226 77.014086 77.478386 76.340574 87.610488 91.571865 87.469054 87.960984 99.942593 103.686968 80.822403 47.14214
-9999 -9999 -9999 -9999 -9999 -9999 -9999 -9999 -9999 -9999 -9999 -9999 -9999 -9999 -9999 -9999 -9999 -9999 -9999 -9999 -9999 -9999 -9999 -9999 -9999 -9999 -9999 -9999 -9999 -9999 -9999 -9999 -9999 -9999 -9999 30 87.120187 85.125285 96.428768 90.899616 83.301493 54.651616 54.461489 56.418355 56.971007 57.324796 59.000886 58.245872 64.484324 72.187359 65.032457 73.168625 80.133969 76.986509 68.74535 68.986342 77.046455 69.355343 80.991453 80.362718 79.054132 81.192036 100.856019 97.969565 103.463894 111.523752 120.142521 114.013335 525.010267
-9999 -9999 -9999 -9999 -9999 -9999 -9999 -9999 -9999 -9999 -9999 -9999 -9999 -9999 -9999 -9999 -9999 -9999 -9999 -9999 -9999 -9999 -9999 -9999 -9999 -9999 -9999 -9999 -9999 -9999 -9999 -9999 -9999 -9999 30 84.129073 84.397304 85.125285 94.109171 87.054962 83.502385 63.609624 67.175579 58.483551 55.885938 56.774058 55.064917 73.214615 74.019397 76.919634 76.962589 76.846399 69.404501 71.208161 59.433793 59.440533 68.660265 68.941667 80.366353 72.404004 80.76069 80.273896 96.214729 107.919374 111.591376 105.159204 105.008104 137.096753 279.972967
-9999 -9999 -9999 -9999 -9999 -9999 -9999 -9999 -9999 -9999 -9999 -9999 -9999 -9999 -9999 -9999 -9999 -9999 -9999 -9999 -9999 -9999 -9999 -9999 -9999 -9999 -9999 -9999 -9999 -9999 -9999 -9999 -9999 -9999 30 70.456115 67.479924 96.971875 84.016967 83.507078 84.028263 83.758698 73.553434 65.931731 66.132009 66.377416 72.003041 76.912923 77.083924 77.353029 76.713608 68.58701 68.220548 68.286015 59.421992 59.608865 59.403242 58.722457 59.388165 80.834613 80.990777 80.790544 87.106782 90.954552 120.9126 120.663645 116.729155 132.375751 149.983516
-9999 -9999 -9999 -9999 -9999 -9999 -9999 -9999 -9999 -9999 -9999 -9999 -9999 -9999 -9999 -9999 -9999 -9999 -9999 -9999 -9999 -9999 -9999 -9999 -9999 -9999 -9999 -9999 -9999 -9999 -9999 -9999 -9999 30 89.899507 67.479924 67.479924 87.95038 80.941259 84.218807 57.987715 55.015347 83.39176 83.919911 73.782206 72.565136 68.20803 77.218901 80.45936 79.646974 71.250239 76.142243 68.663393 67.908421 68.149694 68.580781 59.158614 58.674685 49.37935 80.512833 81.003773 71.662634 91.577902 103.083393 121.082879 129.477865 132.862786 143.051246 157.542921
-9999 -9999 -9999 -9999 -9999 -9999 -9999 -9999 -9999 -9999 -9999 -9999 -9999 -9999 -9999 -9999 -9999 -9999 -9999 -9999 -9999 -9999 -9999 -9999 -9999 -9999 -9999 -9999 -9999 -9999 -9999 -9999 -9999 30 93.589839 97.066545 97.946363 83.540993 81.100501 84.680921 81.144027 66.881362 65.213532 55.461416 80.711206 89.982835 63.922495 65.160406 80.653718 80.183879 77.248974 68.657859 76.752118 73.867816 76.314066 77.127838 68.472588 68.724499 59.61016 77.377963 68.982884 71.157778 87.231817 114.382386 117.401092 150.961144 152.65314 152.105897 167.386884
-9999 -9999 -9999 -9999 -9999 -9999 -9999 -9999 -9999 -9999 -9999 -9999 -9999 -9999 -9999 -9999 -9999 -9999 -9999 -9999 -9999 -9999 -9999 -9999 -9999 -9999 -9999 -9999 -9999 -9999 -9999 -9999 -9999 68.49574 96.098451 96.098451 84.071181 56.534218 76.769598 73.092464 73.092464 76.563971 76.370356 62.417064 72.558608 83.648015 68.312356 63.960018 77.191749 80.7714 80.398459 68.723534 68.920362 77.350683 77.225929 80.250568 69.212161 68.789081 68.955476 60.152163 58.548769 72.331576 83.752396 123.465687 148.943005 175.717781 172.492223 173.369972 187.13525
-9999 -9999 -9999 -9999 -9999 -9999 -9999 -9999 -9999 -9999 -9999 -9999 -9999 -9999 -9999 -9999 -9999 -9999 -9999 -9999 -9999 -9999 -9999 30 30 -9999 -9999 -9999 -9999 -9999 -9999 -9999 -9999 68.452884 59.193557 64.524083 57.988689 56.27343 76.76358 72.997743 73.459769 76.280569 68.384282 63.362712 63.926803 80.300887 74.597805 65.02527 73.984101 80.509475 83.583952 71.586293 59.435532 67.392394 77.222163 80.308441 80.072721 77.712825 80.334144 72.121494 71.42495 83.492011 87.272696 107.837331 133.803139 173.697995 184.166441 183.55009 210.389561
-9999 -9999 -9999 -9999 -9999 -9999 -9999 -9999 -9999 -9999 -9999 -9999 -9999 -9999 -9999 -9999 -9999 -9999 -9999 -9999 -9999 30 -9999 -9999 30 -9999 -9999 -9999 -9999 -9999 -9999 -9999 -9999 59.253362 59.253362 67.817167 68.213627 58.643515 67.454537 67.45872 73.636958 76.527268 76.976083 76.548236 76.662529 80.125841 80.672172 67.363912 72.90638 79.937863 80.298977 74.757675 77.681775 77.025745 77.178141 68.767807 80.94491 80.917052 80.983767 74.509529 86.871923 84.662901 96.463101 100.828046 117.330595 167.516742 160.465608 191.013561 230.633913
-9999 -9999 -9999 -9999 -9999 -9999 -9999 -9999 -9999 -9999 -9999 -9999 -9999 -9999 -9999 -9999 -9999 -9999 -9999 -9999 -9999 30 -9999 -9999 30 -9999 -9999 -9999 -9999 -9999 -9999 -9999 -9999 77.493393 77.698149 76.87137 69.046149 76.936519 68.80517 54.716484 53.01825 53.834021 77.065078 83.462314 83.462314 76.833672 74.409665 70.170841 65.545601 79.923402 80.743393 80.922248 80.976086 83.938236 87.923741 87.12787 83.716158 83.519459 81.010791 84.242729 87.363556 90.413385 91.141033 97.661084 110.914721 152.784255 160.812166 207.287413 247.629882
-9999 -9999 -9999 -9999 -9999 -9999 -9999 -9999 -9999 -9999 -9999 -9999 -9999 -9999 -9999 -9999 -9999 -9999 -9999 -9999 -9999 30 97.366469 93.962337 93.895123 30 -9999 -9999 -9999 -9999 -9999 -9999 -9999 -9999 80.542342 84.877416 80.740071 80.052725 80.118779 54.716484 64.210253 77.243028 77.150039 77.157896 83.462314 76.088373 72.193278 73.637883 74.378372 79.575978 83.837016 81.156052 83.496128 90.113763 93.959703 103.898582 87.705945 83.6323 81.41436 87.506153 90.88128 97.951612 81.136009 81.10314 120.821958 104.592639 134.205531 200.674493 219.858109
-9999 -9999 -9999 -9999 -9999 -9999 -9999 -9999 -9999 -9999 -9999 -9999 -9999 -9999 -9999 -9999 -9999 -9999 -9999 -9999 -9999 70.715589 97.366469 -9999 -9999 -9999 -9999 -9999 -9999 30 -9999 -9999 -9999 -9999 -9999 93.431449 81.095849 84.616376 83.934593 57.869265 57.764862 77.243028 77.105404 76.729042 76.142488 76.142488 76.708325 77.050885 80.062832 80.907298 84.348753 84.290376 84.329165 94.432898 99.034625 107.450786 88.067887 87.376263 84.480664 90.743769 103.321886 100.711926 85.415573 81.520431 126.263628 128.473011 127.373501 136.812939 190.28533
-9999 -9999 -9999 -9999 -9999 -9999 -9999 -9999 -9999 -9999 -9999 -9999 -9999 -9999 -9999 -9999 -9999 -9999 -9999 -9999 30 71.222365 97.007312 94.441921 -9999 -9999 -9999 -9999 -9999 97.658729 97.658729 -9999 -9999 114.205172 142.964691 -9999 93.899221 93.961372 83.934593 123.853793 123.853793 77.080405 77.080405 67.459932 76.538224 80.902969 117.500477 117.500477 84.269471 87.08083 87.202485 87.32555 87.547942 95.067546 89.295787 97.751909 93.56413 94.377588 100.725569 104.023587 117.32972 104.174529 100.55814 104.153906 121.295609 156.75714 147.731274 167.797452 160.144064
-9999 -9999 -9999 -9999 -9999 -9999 -9999 -9999 -9999 -9999 -9999 -9999 -9999 -9999 -9999 -9999 30 -9999 -9999 -9999 72.272418 83.534219 97.041354 97.983431 97.495502 -9999 104.686088 93.620037 90.010184 97.384413 100.607589 -9999 108.362104 111.727953 142.964691 169.906787 143.066029 143.066029 90.01136 133.666236 123.853793 127.248582 127.248582 76.986213 77.392837 87.240653 117.500477 104.680801 93.571429 97.114652 90.534041 90.153035 87.378973 96.299289 107.838634 123.945928 100.599317 111.386178 114.611784 116.688629 133.259322 136.419996 114.945511 127.138003 139.053919 185.786732 163.835936 160.135378 157.270823
-9999 -9999 -9999 -9999 -9999 -9999 -9999 -9999 -9999 -9999 -9999 -9999 -9999 -9999 -9999 108.189587 30 -9999 -9999 -9999 74.154573 84.705429 96.395963 104.010196 98.222391 97.565295 111.239975 104.709847 107.934345 97.685033 93.912257 104.735297 107.605995 117.391246 137.133834 170.189915 153.458805 143.254456 91.228615 93.488913 87.594466 127.248582 127.248582 83.818662 89.903923 104.408802 114.49837 108.369412 107.767435 103.458904 96.589686 95.827029 93.819804 100.434559 104.848399 110.865064 106.465218 114.574425 126.653871 117.186596 130.684394 133.747831 133.149225 150.422286 176.16298 210.470478 157.386028 156.74613 121.935735
-9999 -9999 -9999 -9999 -9999 -9999 -9999 -9999 -9999 -9999 -9999 -9999 -9999 -9999 -9999 108.189587 108.49522 -9999 -9999 86.908371 87.428018 83.861737 88.328619 107.044021 100.541948 110.150422 134.052277 131.029165 116.907314 107.898256 100.792239 120.737911 120.695438 117.893318 120.894616 -9999 131.371031 116.950873 107.345742 91.214294 90.035144 97.63559 104.49308 104.396606 126.712613 127.24548 148.160928 153.710215 146.349531 120.836655 110.129366 98.016826 100.939772 104.285775 114.694647 120.872263 114.81293 114.666837 130.525538 117.532699 123.871244 155.416383 170.538949 160.922266 197.902329 146.494854 114.76013 149.759899 118.777807
-9999 -9999 -9999 -9999 -9999 -9999 -9999 -9999 -9999 -9999 -9999 -9999 -9999 -9999 -9999 -9999 123.951176 -9999 -9999 96.601816 91.062272 87.48918 86.649545 98.066048 103.216027 146.223074 170.683795 166.946419 153.599666 136.571152 107.879384 137.416084 130.456132 121.600993 117.347645 -9999 142.649744 110.487008 117.283152 100.788382 100.879954 93.601919 94.356539 107.839216 127.272272 150.041925 164.09209 177.370834 186.552323 160.353618 137.615545 123.688422 110.698211 117.162135 127.272536 139.956514 147.097728 140.248934 130.388088 153.952125 133.336771 161.267111 177.50095 161.343796 146.819628 99.143163 98.457139 133.214961 126.062414
-9999 -9999 -9999 -9999 -9999 -9999 -9999 -9999 -9999 -9999 -9999 -9999 -9999 -9999 -9999 -9999 136.659517 193.970539 136.663858 111.046639 96.527853 97.224063 93.796612 108.083633 146.336603 219.761082 280.534905 221.062063 186.473123 183.397951 173.648674 168.002299 137.091807 133.527388 127.182991 143.008086 149.620539 117.163957 117.850373 121.088006 127.696839 124.222317 120.670744 126.703774 145.714518 160.079364 170.959147 190.459152 264.397685 197.518258 177.516822 156.908292 146.167408 415.360941 454.9371 558.376902 157.67952 161.111423 153.771766 156.452329 156.392353 180.258855 194.272152 160.308225 153.05855 153.539333 85.427693 133.131884 134.096044
-9999 -9999 -9999 -9999 -9999 -9999 -9999 -9999 -9999 -9999 -9999 -9999 -9999 -9999 -9999 -9999 147.363849 152.977266 159.650189 135.196467 121.081584 117.560661 114.672269 137.771361 206.958693 401.190118 386.608042 336.88153 297.406663 296.869888 271.241467 213.065512 168.178678 161.039023 134.173647 147.343929 156.882651 166.327288 133.629789 137.292232 147.50862 147.597587 147.199742 159.901313 164.706305 183.142325 196.749085 206.607212 283.827737 400.429179 437.168417 275.192971 186.618893 438.09088 964.879305 2134.378972 2439.936602 2070.390603 174.245969 160.313365 164.037728 179.983215 180.679143 145.947034 150.341255 160.62737 98.688609 101.282007 152.941356
