STOTEN_Data/raw/Age_yrs_500ft.asc
ncols         250
nrows         718
xllcorner     -2256000
yllcorner     1557000
cellsize      1000
NODATA_value  -9999
[rows 310 to 340 of 718, columns 69 to 137 of 250]
280.222117 418.670837 358.024241 557.590685 914.431069 1542.02691 2875.643328 2880.498575 2982.444332 3381.290214 5250 5250 4179.345926 3158.102315 3099.917499 2769.992039 1350.321674 987.568302 1070.896969 911.649971 874.598391 805.099994 679.827779 560.004572 428.330816 439.182685 400.332365 389.789079 347.848783 323.44739 307.096312 284.169655 255.798213 223.984753 240.0225 246.994763 240.170267 226.795787 226.654872 226.871941 217.18076 226.636798 222.638306 220.134984 219.737721 217.075224 216.55721 207.692438 173.829905 363.79315 318.705891 30 30 30 30 30 30 30 30 -9999 -9999 -9999 -9999 -9999 -9999 -9999 -9999 -9999 -9999
153.972168 211.797401 314.873523 424.75269 742.827014 1210.896855 2207.828306 2772.351232 5250 2977.602653 5250 5250 4486.352589 2985.922258 2195.812451 1578.091287 1433.050766 1231.956418 1008.118754 907.651332 868.868718 724.937664 691.52965 556.037145 376.226737 384.137316 380.067455 362.282104 317.114668 293.737218 273.632395 239.763605 226.626107 217.346235 249.703664 250.379001 234.109055 216.546737 210.337315 236.555241 236.368361 226.625025 220.685075 220.037771 219.005127 216.182113 217.323452 217.417054 173.962851 180.299947 187.27543 35.874059 35.874059 30 30 30 30 30 -9999 -9999 -9999 -9999 -9999 -9999 -9999 -9999 -9999 -9999 -9999
150.225233 200.496651 276.702397 343.97588 579.016931 874.372624 1605.070909 2690.742521 3878.341342 5250 5250 5250 5172.4666 3270.488782 1772.62216 1539.204966 1465.160098 1235.125559 1045.766376 912.636676 870.310573 774.835697 653.971309 472.556679 364.551289 366.60578 371.180892 309.823422 271.147247 243.324964 206.787727 223.955836 226.982628 223.091078 230.585793 243.589188 243.132371 225.890383 207.39396 209.65711 223.966511 214.649409 201.068735 216.501311 219.677278 216.180326 197.8858 197.52247 160.050497 160.473037 185.475558 35.874059 30 30 30 30 30 30 30 30 -9999 -9999 -9999 -9999 -9999 -9999 -9999 -9999 -9999
107.641657 163.517682 257.746927 320.772465 430.723884 724.063 1175.907683 2322.683567 4085.868539 5250 5250 5250 4732.008042 2205.295045 1810.4485 1468.665602 1364.892272 1172.172884 949.910993 869.714929 803.845865 705.227356 624.780614 516.49519 497.192615 463.48245 414.550425 368.342646 293.857315 246.671424 173.641962 199.525118 213.446452 217.62098 223.978174 243.206851 243.871846 227.927901 206.879117 203.757924 224.042511 217.619471 209.541627 216.715028 224.415153 210.805798 201.541148 197.666156 197.43751 177.165264 288.880095 306.24841 30 30 30 -9999 -9999 -9999 -9999 -9999 -9999 -9999 -9999 -9999 -9999 -9999 -9999 -9999 -9999
110.985122 159.703955 215.907171 284.446929 413.140578 648.164507 904.525074 1535.749714 2869.574229 5250 5250 5250 3461.903697 2240.738684 1615.248652 1436.640015 1304.023315 1174.569022 1082.611363 911.104658 865.318343 825.790844 516.756437 477.361962 391.483711 444.545132 407.49956 338.524583 292.39553 214.256277 176.599661 187.736655 196.178521 210.832185 216.996876 262.725624 274.043577 239.788287 210.817247 211.184568 221.122648 229.636459 217.202764 216.483087 224.493835 226.590478 230.806816 177.576003 179.931869 168.655883 225.145352 157.11301 157.089148 30 -9999 -9999 -9999 -9999 -9999 -9999 -9999 -9999 -9999 -9999 -9999 -9999 -9999 -9999 -9999
136.375582 173.748729 225.191519 287.236972 380.286748 571.106063 828.262599 1194.723593 1807.860413 4337.713895 5250 5250 2743.919982 1883.022757 1194.966913 1468.09675 1432.15198 1270.60941 1082.72795 972.615961 834.702209 728.55937 577.520122 407.438034 453.093263 410.538636 366.238062 321.509588 293.880153 236.033163 189.958232 176.504682 174.632249 206.656812 216.814232 270.884983 266.927398 230.026656 213.871633 213.684782 214.477174 229.893333 216.198333 214.235532 219.757411 220.434435 230.877912 201.47643 169.738558 167.95892 167.045323 157.089148 51.915127 30 -9999 -9999 -9999 -9999 -9999 -9999 -9999 -9999 -9999 -9999 -9999 -9999 -9999 -9999 -9999
200.197269 212.67077 256.987473 313.377992 392.622642 545.379225 753.347748 996.873877 1387.635373 2315.408388 5250 5250 2713.219842 1840.571791 1632.363329 1188.399723 1366.568487 1266.336779 1045.792392 913.01589 803.765559 597.03091 386.177801 367.857711 384.195934 413.693864 375.792937 326.836804 301.378321 262.692614 199.343312 177.150212 199.812715 214.102977 247.058327 256.092655 270.78786 237.176145 217.716548 214.320339 207.238021 217.792358 213.758941 216.794915 239.563846 261.294887 266.691863 230.631851 169.628021 262.801294 257.956028 51.915127 51.915127 30 -9999 -9999 -9999 -9999 -9999 -9999 -9999 -9999 -9999 -9999 -9999 -9999 -9999 -9999 -9999
295.068789 347.786797 407.227926 457.589509 509.089526 665.579816 785.459361 987.959914 1195.509697 1754.311973 4523.307992 5250 2744.83104 1895.52325 1605.342891 1194.511635 1402.238189 1238.362785 1136.514168 1040.390343 910.348086 805.059879 602.310187 430.951591 390.869334 429.706196 409.608184 339.301987 303.984162 275.869684 263.196519 226.48172 200.916491 206.710839 250.129846 230.730047 229.976761 214.401814 218.159138 214.444702 210.712446 229.801398 214.319723 222.944243 227.204009 264.014603 227.072637 250.46777 161.690223 239.674984 265.884719 51.915127 -9999 -9999 -9999 -9999 -9999 -9999 -9999 -9999 -9999 -9999 -9999 -9999 -9999 -9999 -9999 -9999 -9999
294.849098 353.346677 427.258695 590.388813 831.536952 967.811416 1131.066002 1293.381154 1497.411913 1728.808458 2163.50063 5250 3126.777166 1867.420243 1606.607257 1468.134891 1371.608004 1270.362548 1173.595637 1043.437118 913.576401 874.566059 723.612277 413.030645 374.744344 343.883135 366.701516 393.842165 381.176664 356.248636 260.45211 255.983219 206.841466 167.905895 170.536283 207.209472 230.46876 255.837375 223.430852 233.366994 233.648261 239.758418 222.195862 251.133903 220.386632 180.795319 195.082049 266.474792 176.526134 52.501027 219.705984 219.705984 -9999 -9999 -9999 -9999 -9999 -9999 -9999 -9999 -9999 -9999 -9999 -9999 -9999 -9999 -9999 -9999 -9999
367.908255 434.530368 607.254566 766.50644 901.696067 1141.802803 1365.902614 1600.616195 2132.528211 494.182067 3540.965773 5250 2198.84624 1843.86893 1554.738862 1465.845563 1362.520716 1264.654782 1116.632896 1014.055624 842.159804 752.186189 539.276788 369.113678 333.778788 315.870762 306.671562 336.269276 337.25169 326.798229 283.825336 264.959461 213.412946 177.87603 213.252193 277.831961 277.161032 253.698961 227.14673 232.73348 257.669633 257.573841 241.485058 240.662707 240.086304 181.550601 174.22011 190.904607 262.539478 52.501027 275.172008 -9999 -9999 -9999 -9999 -9999 -9999 -9999 -9999 -9999 -9999 -9999 -9999 -9999 -9999 -9999 -9999 -9999 -9999
488.416313 854.897971 996.002803 1179.529552 1302.03768 1530.777901 1801.83648 3784.35117 5250 5250 5250 5250 2476.09741 1908.474392 1576.42815 1465.494623 1364.400201 1236.82344 1081.15652 1012.214569 791.382794 778.081419 626.575849 402.928401 377.59857 374.131035 377.697573 418.025454 417.730456 377.04519 360.727735 337.772289 316.803111 297.848471 287.476219 281.339972 286.879983 263.5673 300.4736 310.058618 306.912868 264.171397 177.217295 164.213387 154.074327 161.033124 152.774527 134.084146 186.634184 225.25422 275.679232 30 -9999 -9999 -9999 -9999 -9999 -9999 -9999 -9999 -9999 -9999 -9999 -9999 -9999 -9999 -9999 -9999 -9999
768.375849 904.54822 1140.938607 1675.604379 5204.284593 4744.783957 5250 5250 5250 5250 3215.918445 525.010267 3333.483152 2204.160732 1734.959932 1546.412079 1461.991426 1329.762363 1176.131817 1073.8273 972.823158 796.258288 727.400798 600.387824 527.991001 450.337245 420.054685 393.342367 383.392716 326.616138 339.769778 310.455721 298.19674 310.665043 323.505659 330.389774 317.293048 304.967002 320.420966 340.424687 249.945704 223.456069 189.367832 161.128137 193.013651 177.048612 157.398666 139.540453 157.038595 543.466393 247.872222 -9999 -9999 -9999 -9999 -9999 -9999 -9999 -9999 -9999 -9999 -9999 -9999 -9999 -9999 -9999 -9999 -9999 -9999
487.049966 1880.600112 4543.964432 4805.265049 4809.685418 4985.126553 5250 5250 2116.330651 930.701497 797.193202 2984.206795 3972.797247 2058.195908 1836.496541 1638.627216 1536.017802 1467.499669 1307.751768 1202.941451 1078.657681 857.800938 762.306261 712.863451 578.132173 497.138826 504.180885 431.520445 348.965873 314.728412 284.345617 277.399562 299.656486 324.45723 354.520471 325.971127 328.144617 328.267288 308.041863 283.725922 253.606071 233.504927 214.459369 206.389576 196.331674 183.79831 213.667806 180.755492 125.553187 228.306472 336.148543 30 30 30 -9999 -9999 -9999 -9999 -9999 -9999 -9999 -9999 -9999 -9999 -9999 -9999 -9999 -9999 -9999
2470.145961 4686.506435 4616.664086 4770.236037 4072.689217 5041.449022 5250 968.940781 602.616651 525.010267 583.401658 1192.483601 4669.583302 2497.854445 1952.279895 1637.701947 1513.21286 1432.143641 1303.473412 1236.452972 1104.201456 878.410484 752.773395 644.448975 601.954169 574.967217 445.858258 404.290583 324.669588 297.696468 300.530678 301.057246 330.207576 331.411089 320.045929 307.503095 301.314473 299.790973 303.682559 288.444813 253.953871 253.368194 213.968533 206.367687 209.1246 219.372837 210.335142 199.803877 196.714506 216.91204 306.97106 186.714607 -9999 -9999 -9999 -9999 -9999 -9999 -9999 -9999 -9999 -9999 -9999 -9999 -9999 -9999 -9999 -9999 -9999
3870.825387 4568.239167 3434.93201 4087.724846 5118.408177 5250 792.087727 538.827287 306.776843 282.269846 525.010267 1033.69728 5250 2967.838727 1996.4041 1672.588951 1495.630813 1404.36976 1296.243365 1232.960499 981.143327 902.251282 800.296826 671.930487 639.041872 615.383018 534.773626 400.682876 357.868063 307.120793 294.12867 297.183243 336.583061 280.329887 313.803237 333.396559 327.035402 303.528206 295.221615 267.176706 246.447585 226.637781 207.239256 206.38217 205.760616 214.066109 219.614715 223.515314 200.393564 209.543778 166.794685 176.325129 -9999 -9999 -9999 -9999 -9999 -9999 -9999 -9999 -9999 -9999 -9999 -9999 -9999 -9999 -9999 -9999 -9999
3264.424298 3029.351049 4533.961671 4832.155048 5250 1405.908217 525.010267 188.927652 163.680398 166.312285 451.711704 727.74916 525.010267 3351.820821 2555.327359 1884.538142 1604.481058 1495.095938 1343.417805 1232.935307 1035.459189 905.740929 810.052896 706.75868 697.315129 587.941079 583.681614 461.042135 408.106616 309.482009 303.67716 274.99733 313.488998 391.642995 337.293783 285.09704 284.46575 287.055479 278.569941 271.073908 252.807435 260.290089 246.92828 210.229415 203.252852 208.227531 217.063634 230.309641 199.405712 171.088319 167.122356 176.325129 -9999 -9999 -9999 -9999 -9999 -9999 -9999 -9999 -9999 -9999 -9999 -9999 -9999 -9999 -9999 -9999 -9999
2925.250219 1736.22068 1871.896089 2435.610876 1647.841683 567.655029 300.282023 125.871796 84.073153 109.841816 379.132476 700.716762 3566.586371 5250 2813.755365 2126.149073 1771.684261 1549.423448 1408.02361 1201.498107 978.586519 903.471417 834.9336 795.514909 708.415586 741.934925 499.979483 463.987541 414.594156 406.726246 435.899428 430.1728 397.363599 388.365953 307.55294 291.206009 278.306263 291.020985 286.78828 300.441157 287.617108 270.445344 250.457761 217.395434 213.616224 219.824085 223.657153 230.330675 226.411151 156.225423 137.157169 30 30 -9999 -9999 -9999 -9999 -9999 -9999 -9999 -9999 -9999 -9999 -9999 -9999 -9999 -9999 -9999 -9999
505.01483 524.188912 2050.10928 2033.665743 1026.511522 449.776154 103.527164 71.342323 66.541035 102.427809 523.866848 784.072406 3228.474386 3873.946121 3749.813478 2647.758717 1870.967086 1571.261262 1430.104301 1274.28508 1141.640658 1017.651201 920.694376 846.510447 839.004936 717.875283 693.64306 605.622485 576.200115 567.084263 499.922765 464.485622 453.095607 417.132346 338.241384 304.13754 287.717231 310.126232 290.677429 301.086431 290.29954 246.742501 232.664652 216.947198 213.026761 214.006305 223.313067 196.474417 183.639506 149.478147 93.923749 30 4.62423 -9999 -9999 -9999 -9999 -9999 -9999 -9999 -9999 -9999 -9999 -9999 -9999 -9999 -9999 -9999 -9999
500.654144 2284.677412 1628.23396 1052.413944 538.846744 206.133143 83.713108 46.828049 71.126634 125.885747 525.010267 933.295042 2430.715469 2375.986515 5250 4504.324772 2813.343737 1888.893352 1506.957348 1338.982388 1265.609642 1139.694572 982.160645 910.219769 845.04008 724.276724 694.34173 691.834961 773.746955 735.059893 601.687524 496.975123 608.663393 540.86798 378.241467 311.080929 286.27764 270.702649 280.671471 284.544087 281.914272 248.1779 237.17856 234.125271 223.722341 209.929773 216.791305 202.712566 156.679041 86.498653 39.748118 4.62423 4.62423 -9999 -9999 -9999 -9999 -9999 -9999 -9999 -9999 -9999 -9999 -9999 -9999 -9999 -9999 -9999 -9999
2261.975313 989.874845 1200.673409 789.268804 305.667183 133.562294 113.704419 47.147378 63.631466 205.603191 525.010267 1490.626728 3199.115498 1675.047303 3073.851632 5250 5250 3030.999271 2099.954952 1540.060725 1406.331832 1269.128004 958.33864 999.98391 931.918782 762.297242 758.177091 838.120378 797.769175 795.787674 717.128089 608.650129 591.764172 502.991846 398.421933 311.302955 277.742909 270.748356 275.010866 281.980148 283.75944 254.148577 257.298313 247.202848 226.816127 217.529072 190.519765 171.24801 136.494276 142.532512 47.832991 4.62423 30 -9999 -9999 -9999 -9999 -9999 -9999 -9999 -9999 -9999 -9999 -9999 -9999 -9999 -9999 -9999 -9999
1257.080111 1028.47851 852.924785 664.413505 193.777299 75.81757 62.45277 62.565528 63.27983 309.959562 524.003407 1508.519948 2102.805398 1404.666629 2330.038092 3103.51197 5250 5250 2905.73554 2576.495769 1808.758014 1404.922621 1050.499685 987.871917 923.349434 853.367308 814.522726 873.647451 804.77029 744.356286 735.954491 848.005242 641.465748 536.443725 412.020042 323.83953 366.318622 301.190536 264.531323 260.714345 280.736126 262.959012 266.967638 274.379313 244.960851 226.843693 194.086709 183.143588 156.044076 80.387862 4.62423 4.62423 30 -9999 -9999 -9999 -9999 -9999 -9999 -9999 -9999 -9999 -9999 -9999 -9999 -9999 -9999 -9999 -9999
824.533522 932.764839 700.77111 483.768912 125.87206 113.084511 58.224255 62.490593 149.670962 384.86524 577.901324 783.89059 1026.002363 1094.751927 1802.113762 2305.14061 4119.699023 5250 5250 2792.079271 2421.62177 1904.051132 1265.591588 1151.374884 1102.395507 1082.656589 1019.352332 1204.309168 1138.777053 1045.548951 1017.401627 912.354404 837.550153 725.829027 601.638923 427.584783 379.367802 301.858384 314.038948 310.096277 260.710482 258.078988 277.1943 277.380731 247.789408 210.991209 206.319479 197.489141 161.261055 119.556295 53.260987 77.481177 30 -9999 -9999 -9999 -9999 -9999 -9999 -9999 -9999 -9999 -9999 -9999 -9999 -9999 -9999 -9999 -9999
683.142886 709.647631 525.925695 391.885055 74.236783 59.731998 62.211195 69.868628 165.766114 363.956868 861.795076 931.281147 755.983949 808.698289 1198.923505 1346.805773 2136.497147 5162.174913 5250 5250 2786.481961 2160.759348 1480.854961 1262.738082 1217.499121 1127.523701 1080.931794 1229.699925 1229.377377 1198.008734 1053.734931 1010.147429 912.919155 870.884559 723.664178 728.722373 501.564248 461.710611 395.500416 340.832091 283.315876 298.084936 273.969515 260.4263 243.75955 214.321248 209.696896 167.188037 123.788249 130.169949 179.977048 206.033033 -9999 -9999 -9999 -9999 -9999 -9999 -9999 -9999 -9999 -9999 -9999 -9999 -9999 -9999 -9999 -9999 -9999
479.845776 542.233704 322.200154 296.056195 54.47442 50.79215 55.561413 96.399574 146.734596 310.986842 1318.499086 705.130636 625.658174 706.909564 769.927613 1078.618857 1273.732325 1416.777793 4046.877704 4478.129813 5180.525728 2093.789469 1610.736528 1358.398163 1256.784489 1216.494008 1179.482945 1397.752679 1283.560562 1216.336455 1145.861795 1079.372415 980.16343 909.465603 809.565966 775.902158 671.499495 484.652127 460.91791 445.027219 387.884176 300.71753 299.660772 270.558453 262.846841 254.568581 223.398034 182.878701 136.482305 146.322034 146.116086 -9999 -9999 -9999 -9999 -9999 -9999 -9999 -9999 -9999 -9999 -9999 -9999 -9999 -9999 -9999 -9999 -9999 -9999
353.116286 430.415591 208.10221 220.108424 86.623955 34.38887 45.141629 79.861444 156.224527 273.93106 623.485434 590.182525 529.778714 614.945957 608.914105 965.110816 1072.25552 1216.171932 1241.678871 3598.491548 4710.599472 3485.411923 3592.912904 1748.508098 1382.348523 1205.712982 1186.573629 1401.104823 1362.202117 1247.963916 1109.473179 979.426904 972.235792 875.495743 868.1834 831.400578 772.429442 736.714881 557.70417 470.723678 467.291197 386.980575 317.779221 271.607251 266.771053 258.012558 250.97327 226.455824 173.733666 149.787228 290.748295 465.541929 -9999 -9999 -9999 -9999 -9999 -9999 -9999 -9999 -9999 -9999 -9999 -9999 -9999 -9999 -9999 -9999 -9999
416.229623 446.128837 194.825608 203.445972 130.066934 27.338302 23.655404 63.198873 86.686193 374.262044 481.298804 544.172775 519.123555 507.400919 550.776952 854.242288 798.2542 842.964737 1001.480871 1340.747481 2476.578088 3160.514794 3224.148948 525.010267 2132.642286 1549.661435 1704.285933 1525.422587 1371.037056 1298.685306 1104.048209 976.6462 934.562849 895.596303 869.939674 805.907889 700.871595 657.733496 693.284654 641.861653 470.768771 411.305497 420.35197 377.742523 347.135941 286.371979 263.621102 234.12148 156.342225 170.222398 465.764427 417.919233 -9999 -9999 -9999 -9999 -9999 -9999 -9999 -9999 -9999 -9999 -9999 -9999 -9999 -9999 -9999 -9999 -9999
525.624381 441.947231 272.980639 283.504183 214.808367 22.258953 22.322789 88.429993 60.408265 459.434251 318.898346 895.70483 463.307478 447.528555 504.59726 665.37933 652.995 778.086633 837.765023 799.413682 1053.913027 1918.102503 2530.254623 2921.991057 2887.539696 525.010267 3083.55008 1940.082445 1602.565967 1485.837897 1368.934094 1362.049174 1270.629543 1179.347342 1083.678865 1048.311318 976.638142 907.65679 906.602641 869.838239 836.139215 711.126101 525.857322 437.90099 383.982492 336.914338 286.411845 219.749995 160.930076 149.44081 6.10275 6.10275 5.70705 5.70705 30 -9999 -9999 -9999 -9999 -9999 -9999 -9999 -9999 -9999 -9999 -9999 -9999 -9999 -9999
536.127146 476.837103 325.649627 303.335262 202.094456 193.270117 152.205477 116.481262 195.801392 354.506807 202.94667 704.548237 367.482143 352.886337 392.353185 481.746483 513.631049 658.330875 642.747956 648.90593 726.589828 821.794351 755.180481 1238.99944 2715.401093 2367.334815 3593.983389 4827.386736 3715.671702 2994.576423 1672.510573 1434.731722 1338.919165 1308.118339 1220.008463 1130.3666 1081.578346 1003.365944 976.166348 905.594984 867.686912 776.629035 772.938364 731.837859 454.063145 353.967338 293.951856 253.308271 163.666354 139.776913 52.495443 6.10275 30 30 30 -9999 -9999 -9999 -9999 -9999 -9999 -9999 -9999 -9999 -9999 -9999 -9999 -9999 -9999
526.443645 625.005755 374.917938 313.298708 192.092174 192.092174 185.420945 260.145107 717.590985 680.277314 336.458706 309.742092 282.050893 320.2847 379.936035 487.312226 374.720054 346.236571 485.131147 543.994547 526.26129 489.537454 511.319715 710.282827 1146.914192 1274.845454 3109.312053 2733.458059 2998.896015 3597.681519 4606.757007 4291.898728 3514.661249 2079.736532 1672.943027 1419.79793 1326.24142 1299.757394 941.505427 871.90182 836.004459 805.366469 802.111907 698.640297 620.123403 550.501339 374.399545 268.240932 183.666765 153.509072 44.279261 5.664613 5.664613 30 -9999 -9999 -9999 -9999 -9999 -9999 -9999 -9999 -9999 -9999 -9999 -9999 -9999 -9999 -9999
511.85209 722.708445 568.530018 333.829493 212.099123 218.267529 318.259938 523.23125 1062.837989 1472.838859 568.540938 326.982234 401.075553 310.408284 324.623852 423.078 306.801342 312.491508 392.071008 411.327384 422.387186 442.879249 450.816445 479.049612 1080.113347 1064.506866 2430.108333 2256.847162 2126.039344 2304.73825 2597.772067 2962.866391 4708.136479 3458.90195 3216.884663 2663.463869 1983.510254 1666.25599 1427.347541 1359.844863 1079.02882 799.828492 764.017076 748.653647 732.364263 618.777589 497.041659 394.386509 251.599303 51.501711 48.25097 8.704997 50.587269 -9999 -9999 -9999 -9999 -9999 -9999 -9999 -9999 -9999 -9999 -9999 -9999 -9999 -9999 -9999 -9999
555.319042 505.343548 690.95288 371.111426 508.03443 561.810968 916.474092 715.320213 1255.974785 2001.037673 591.729909 337.568887 621.561075 310.217109 297.403645 334.057593 319.51389 336.482804 333.322897 335.824474 327.135227 376.93909 388.506405 431.516629 430.042658 947.748833 1540.310043 1708.205957 2022.937905 2023.857058 1875.567263 1803.404119 2474.150176 3105.299843 4216.34394 3088.506075 3330.941098 2642.282007 2824.075945 1653.291602 1358.521561 1133.909595 1037.442673 891.635309 757.619169 674.700033 567.10391 478.886607 303.27745 179.086647 165.775243 350.93072 295.996158 30 -9999 -9999 -9999 -9999 -9999 -9999 -9999 -9999 -9999 -9999 -9999 -9999 -9999 -9999 -9999
