STOTEN_Data/raw/Age_yrs_1400ft.asc
ncols         250
nrows         718
xllcorner     -2256000
yllcorner     1557000
cellsize      1000
NODATA_value  -9999
[rows 372 to 402 of 718, columns 69 to 137 of 250]
-9999 907.863399 907.863399 974.925316 1302.720134 1506.390077 1642.973213 2269.581186 3052.614087 3063.592852 4469.233627 5250 5250 5250 5250 5250 5250 5250 5250 5250 5250 5250 5250 5250 5250 5250 5250 5250 5250 5250 5250 5250 5250 5250 5250 5250 5250 5250 5250 5250 5250 5250 5250 5059.27085 4921.90949 4746.608487 4644.282424 5083.798099 5161.411634 4582.55137 4194.027977 4131.00067 4029.187714 4500.637961 3916.933692 4054.539236 3567.257424 3104.338173 3139.47117 2435.969623 1635.92125 1902.820196 1612.522301 1509.958856 1463.768996 1567.220053 118.28653 135.951145 146.639288
-9999 904.955863 966.188504 972.82293 1309.674105 1472.747274 1504.218849 1674.287458 2664.624325 3063.592853 4875.118059 5250 5250 5250 5250 5250 5250 5250 5250 5250 5250 5250 5160.98373 4885.865398 5068.761008 5065.030861 5250 5250 5250 5250 5250 5250 5080.976693 5250 5158.931708 5250 5250 5250 5250 5250 5250 5250 5250 5250 5250 5250 5250 5250 5250 5250 5250 5250 5184.205482 5250 5134.167149 4033.385058 3397.411513 3491.716193 3296.70095 2404.739839 1502.072144 1697.450648 1638.380813 1510.352421 1358.534011 1464.128133 126.769922 129.614274 167.363961
-9999 -9999 966.188504 972.224105 1110.113311 1240.479025 1464.686706 1637.613624 2621.612222 3903.941105 5250 5250 5250 5250 5250 5250 5250 5250 5250 5250 5250 5250 5250 5070.654677 5028.511228 4887.908044 4723.727196 4479.955311 4483.763913 5061.749863 4782.884788 4482.739198 4088.042933 4466.648496 4827.206007 4831.983318 5250 5250 5250 5161.953298 5078.020895 4874.230144 4966.672308 4682.627792 4330.807719 4327.08658 4426.702452 4583.884413 5250 5250 5250 5250 5250 5250 5250 3856.691137 3070.390768 2947.400583 4167.681463 2693.161525 1567.470742 1432.960545 1534.965683 1507.069371 1409.925845 1358.719574 136.312022 118.593846 156.065298
-9999 -9999 967.136867 967.136867 967.136872 1173.754516 1341.046959 1976.331512 3333.536204 5250 5250 5250 5250 5250 5250 5250 5250 5250 5250 5250 5250 5250 5250 4870.745629 4868.728072 5060.700105 4785.047715 4828.39521 4473.822102 4463.794761 4227.534889 4391.141915 3819.815938 3810.421747 4018.805783 4014.839423 4088.363383 4350.970101 3967.016393 4554.705042 4279.945706 4218.491012 4545.561395 4528.137303 4378.278737 4103.102098 4110.019687 4271.837615 4366.209681 5250 5250 5250 5250 5250 5189.786625 4900.677676 4608.010157 3435.427976 3261.046145 3566.512996 2284.246689 1402.962341 1661.735518 1510.394274 1365.216547 1259.101603 1565.591111 118.352358 156.074256
-9999 -9999 -9999 967.136867 1006.147325 1374.810566 1976.056549 3237.126263 4198.446763 4427.602944 5250 5250 5250 5250 5250 5250 5250 5250 5250 5250 5250 5250 5173.069813 4461.82633 4516.857255 4705.6553 4776.499435 4435.690731 4681.114047 4483.443031 4376.114514 4011.791145 4141.457873 4007.20964 4042.054719 3709.917465 4262.444086 4350.171513 4055.301639 4223.725282 4003.186848 3949.880197 3942.8586 3834.17074 3821.026701 3801.159252 3796.372663 3765.435674 4075.714256 4570.366218 5250 4878.240934 4710.011375 4738.671793 4841.53701 4635.380273 4304.418172 4273.430439 3164.289575 2109.236877 2038.814424 1203.494133 1461.054504 1604.122653 1408.723321 1179.669096 1358.572504 126.802011 357.905544
-9999 -9999 -9999 -9999 1348.442368 2572.367959 3435.125726 3015.63786 3336.666648 3867.496486 4947.766502 5228.17731 5250 5250 5250 5250 5250 5250 5250 5250 5250 5250 5250 4460.784586 4719.970145 4539.578059 4643.419992 4333.123631 4380.255792 4680.325466 4373.22423 4021.385132 4208.418882 4104.819348 3909.361921 3696.232187 4032.665338 3982.68125 3880.180553 3710.55701 3872.307266 3825.815541 3798.139486 3701.104947 3476.566407 3452.932831 3392.358099 3460.992543 3834.38773 4127.318473 5250 4576.443601 4274.088652 4231.454721 4307.861289 4428.935879 4133.172186 4034.455461 4258.288283 2947.791069 1599.062558 1269.766963 1128.034096 1734.55333 1455.498519 1413.537588 1187.727732 185.743006 357.905544
-9999 -9999 -9999 -9999 -9999 1442.043636 1603.661695 1702.725634 2550.900854 3176.767069 4268.350883 5136.130371 5250 5250 5250 5250 5250 5250 5250 5250 5250 5250 5163.57286 4681.499913 4367.381719 4465.852373 4613.378195 4627.166444 4281.595969 4422.039165 4670.025158 4266.7287 3816.336619 4094.149274 3706.812826 3865.965125 3804.75615 3765.341029 4167.80071 4034.200944 3871.360899 3781.374007 3665.369423 3461.370074 3370.371258 3362.419768 3329.003273 3307.837424 3480.910658 3804.533581 4336.788003 4436.681356 4011.993628 3896.95898 3894.103937 3994.133943 3868.06242 3565.277257 3798.499016 3260.125891 1939.144144 1766.087555 1264.459658 1102.845805 1458.768212 1219.344185 1170.993566 3700.670595 337.0705
-9999 -9999 -9999 -9999 -9999 912.745865 1270.411948 1507.553687 2013.033126 2706.141455 4061.971146 4068.109901 5250 5250 5250 5250 5250 5250 5250 5250 5250 5190.924731 4680.821975 4673.869408 4590.995468 4411.50687 4360.30161 4443.337969 4106.521075 4042.623133 4272.607605 4416.05496 3870.697556 4100.610659 3705.930024 3693.809318 3405.946671 3658.4045 3655.881748 4028.931581 3944.564958 3821.767369 3535.855987 3227.012058 3099.202343 3038.088498 2998.767354 3127.527718 3430.555911 3774.372511 4000.853444 4169.636948 3862.624452 3545.035312 3427.003809 3363.820884 3430.893846 3193.013528 3301.275556 3580.243654 2774.201803 2058.04121 1999.263113 1541.844782 1427.331195 1218.049823 1078.501147 1184.001126 446.2423
-9999 -9999 -9999 -9999 -9999 969.931503 1044.217901 1335.253711 1629.722829 2127.079418 3202.48228 3972.844123 5086.267042 5250 5250 5250 5250 5250 5250 5250 5250 5250 5068.538647 4681.214145 4764.669531 4361.454665 4263.464781 4262.655602 4310.370539 4109.711231 3977.319671 4266.873032 4078.551367 3603.168554 3390.551123 3231.373712 2538.544163 3710.701481 3304.714786 3777.430079 3664.009502 3566.561115 3422.812241 3225.399596 3032.194651 2797.014766 2864.280646 3099.088227 3176.822589 3530.791476 3762.574033 3994.39347 3639.341506 3239.596001 3079.949193 3012.063074 3029.38677 2907.458789 2938.093608 3021.933684 3158.295664 2376.195255 2636.596958 2364.54682 1756.35636 1330.087058 1126.595241 1072.064761 155.033181
-9999 -9999 -9999 -9999 -9999 -9999 1045.332905 1411.265987 1498.385655 1733.465038 2729.164873 3334.908934 4099.190329 5250 5250 5250 5250 5250 5250 5250 5250 5068.535827 4668.828583 4467.990867 4718.025636 4403.889192 4366.39698 4220.805269 4017.154335 4271.070528 3975.244914 4047.224488 3780.224605 4107.717126 4013.464652 3666.904869 3613.217218 3230.705778 3708.563271 3811.783886 4385.049939 4375.479602 3371.132457 3324.69287 3076.099556 2919.737026 2802.55442 2975.940484 3027.248049 3202.98809 3370.215483 3640.324538 3330.478529 3067.3915 2897.038793 2834.323175 2740.288527 2738.001277 2738.015124 2864.546705 2907.575471 2839.2444 2569.0368 2740.360857 2539.052443 1555.664872 1142.014407 968.399443 5250
-9999 -9999 -9999 -9999 -9999 -9999 1013.37865 1336.065701 1370.682604 1634.760314 2242.216718 3062.259997 3497.601112 5100.710073 5250 5250 5250 5250 5250 5250 5250 5250 5250 5250 5250 5164.499491 4376.981207 4770.418841 5250 5250 5250 5250 5250 5250 4175.830035 3761.097871 3522.111756 3857.492499 3728.691417 3442.870386 4215.091924 4220.838418 3234.331599 3292.175247 3194.961379 3030.22548 2905.794703 2838.067886 2904.874823 2947.132035 3133.896392 3161.368839 3074.704078 2868.782029 2761.275274 2628.720148 2565.894364 2567.052971 2498.377202 2505.09543 2745.08232 2867.345016 2642.647675 2524.271213 2592.57931 1995.120878 1361.546084 981.378836 1076.538676
-9999 -9999 -9999 -9999 -9999 -9999 980.727926 1217.177383 1500.457113 1562.620035 1738.139032 2379.235308 3108.361473 4472.814629 5250 5250 5250 5250 5250 5250 5250 5050.381763 4084.427479 4164.405742 3724.836047 3798.658188 4244.709794 4276.4937 4100.475446 3835.963718 3530.920799 4044.0706 3587.303604 3637.218462 3774.394486 3754.471888 3471.61847 3600.301969 3190.501432 3556.103162 4299.187975 4112.465899 3258.904057 3223.033413 3104.254736 3073.179071 3033.655673 2869.914755 2823.836731 2803.357687 2895.348008 2898.344117 2902.973508 2755.888738 2600.397658 2374.230718 2263.846039 2171.458757 2164.14531 2141.914401 2228.534721 2476.370738 2764.98208 2429.45274 1941.734358 2239.638872 1663.676854 1074.105025 929.563249
-9999 -9999 -9999 -9999 -9999 979.383966 979.996101 1270.270025 1433.701812 1559.286429 1636.549131 2217.720773 3009.657824 3637.513565 5250 5250 5250 5250 5250 5250 5250 5250 5250 5250 5250 5250 5250 5250 5250 5250 5250 5250 5250 5185.855449 5250 5250 5250 5250 3509.577194 3301.760275 4323.017511 4388.211716 3859.813555 3841.97596 3402.782298 3038.983028 3007.034596 2871.048236 2802.457591 2763.045129 2733.277752 2725.202051 2737.091831 2604.773719 2397.21082 2164.739496 2000.928902 1900.174128 1845.168984 1842.12768 1893.852011 1960.070593 2169.780512 2296.343239 1831.431376 1770.057132 1729.130133 1423.106318 916.796029
-9999 -9999 -9999 -9999 -9999 1011.814571 641.544439 561.797278 1040.901283 1340.63356 1562.63302 1807.022626 2949.649284 3235.815423 4950.417902 5250 5250 5250 5250 5250 5250 5250 5250 5250 5250 5250 5250 5250 5250 5250 5250 5250 5250 4427.270276 4530.167305 4159.319957 3898.126798 3234.55432 2767.160438 2869.466657 2881.245783 3205.675773 3122.416788 3228.116477 4069.249519 3389.414398 3029.626587 2900.357677 2800.153726 2761.941262 2638.641291 2564.144345 2499.973541 2345.771777 2133.630042 1966.403152 1889.76768 1738.377366 1693.199386 1659.378899 1661.459997 1693.101938 1806.429056 2053.029062 1902.304173 1530.070845 1471.206143 1429.894477 879.577596
-9999 -9999 -9999 -9999 -9999 525.010267 525.010267 550.208326 793.736768 1273.228406 1565.709557 1706.913036 2582.788905 3170.958204 4618.727443 5250 5250 5250 5250 5250 5250 5250 5250 5250 5250 5250 5250 4353.52212 4020.721842 4232.542284 4322.138217 3930.767719 3831.180839 3998.975557 3744.085589 3662.216512 3291.25849 2812.133739 2329.8314 2205.513158 2390.426246 2478.041922 2886.785434 2475.578264 2631.645583 2933.129822 3086.561102 2963.676725 2821.132647 2588.464026 2490.677436 2437.038285 2342.393868 2145.061459 2028.544973 1890.363981 1736.8008 1633.199809 1565.786359 1497.685057 1495.883325 1500.032678 1566.581977 1665.323196 1775.196451 1514.546756 1368.566492 1232.966036 967.922088
-9999 -9999 -9999 -9999 -9999 512.683185 632.761581 1128.863056 1130.944528 1050.471367 1305.806258 1503.071945 1902.780357 3011.553558 4147.244131 5250 5250 5250 5250 5250 5250 5250 5250 5250 5250 4477.650188 4284.702427 4198.79981 4070.897301 4028.223711 3911.751147 3775.897553 3779.491998 3523.678025 3068.570739 3001.673929 2427.945866 2315.290139 2100.8786 2098.3783 2282.863938 2282.1779 1611.48894 1875.173848 2229.066834 2689.238108 3037.224508 3023.330687 2766.975071 2632.570808 2331.125216 2169.256464 2044.476819 1867.293389 1828.707107 1770.573042 1669.060696 1565.285655 1461.607166 1396.778622 1392.038657 1394.348079 1428.767621 1495.320139 1592.529152 1548.686985 1364.300053 1163.396383 1262.973269
-9999 -9999 -9999 -9999 404.386713 450.943621 693.273564 1034.083637 1160.064813 1104.199428 1244.800361 1468.8268 1839.461276 3007.080794 4112.222921 5250 5250 5250 5250 5250 5250 5250 5250 5250 5250 4481.622247 4175.055955 3922.8714 4129.008542 3713.103363 3625.564667 3709.820959 3562.383096 3371.295889 3114.121668 2884.433022 2640.450157 2354.58719 1917.035966 1894.967707 1958.741791 2011.923755 1466.803455 1597.004723 1712.558821 2105.30829 2599.714395 2764.856197 2602.329616 2438.862027 2172.24398 1972.099196 1798.325867 1703.163076 1704.871485 1635.706234 1564.823347 1496.018302 1395.796022 1361.522674 1297.982004 1268.703874 1328.504664 1397.341891 1463.538174 1467.355591 1305.591428 1194.465132 1195.244075
-9999 -9999 -9999 -9999 404.3739 420.894507 636.498765 620.126416 805.025833 895.262493 967.11537 1371.60035 1673.719074 2949.649283 4310.301734 5250 5250 5250 5250 5250 5250 5250 5250 5250 5250 4445.748976 3819.976004 3654.898724 3845.528149 3790.756126 3790.311772 3429.580811 3152.655176 2951.209565 2868.948554 2776.211136 2622.410061 2505.719307 2276.233559 2169.287324 2198.871686 2234.394307 2196.88096 2381.305049 1700.484845 2041.454085 2192.864591 2290.337395 2334.355339 2169.693253 1966.965555 1777.279632 1627.750365 1537.982532 1533.137269 1462.911741 1462.053263 1434.300826 1441.094077 1404.632669 1374.007242 1374.746092 1401.404194 1396.077398 1393.102869 1395.261691 1272.355676 1101.377001 1039.785263
-9999 -9999 -9999 -9999 628.005693 779.020418 484.920383 663.488347 913.742004 1043.6927 967.150768 1143.758294 1603.243124 2891.082886 4473.359358 5250 5250 5250 5250 5250 5250 5250 5250 5250 4628.930648 4409.204008 3699.23995 4000.440165 3857.452789 3784.643396 3778.997238 3338.99381 3335.603393 3016.4764 2881.882615 2769.110493 2622.6736 2331.847654 2198.886052 2115.15499 2158.584709 2197.165737 2348.750723 2503.82003 1674.554865 1972.964688 2111.790424 2108.901216 2204.013644 2164.526283 1903.160858 1776.34933 1629.806973 1543.980179 1463.025113 1362.430087 1398.280351 1562.105844 1664.364088 1666.844029 1665.404752 1564.908495 1528.427759 1431.409247 1303.642465 1295.931141 1177.18998 1010.57922 933.739548
-9999 -9999 30 -9999 420.236713 319.726632 276.910026 393.25769 1566.003524 1499.299508 1274.883527 1306.00043 1565.358805 2977.666229 5036.806363 5250 5250 5250 5250 5250 5220.944559 4673.408473 5250 5250 4955.643149 4308.071278 3835.636559 3748.992559 3899.943607 3898.673705 3811.792658 3489.692186 3128.532623 3155.316533 3161.672476 3020.249743 2743.602259 2487.201379 2248.731339 2233.572508 2232.298766 2490.210844 2507.868164 2702.869426 1898.943307 2256.922326 2474.514722 2543.646958 2427.453511 2228.886998 1975.116272 1776.609745 1637.523589 1540.989255 1497.580814 1424.895063 1400.469226 1902.406609 1899.205407 1831.560071 1775.097814 1697.978072 1604.879926 1498.616871 1311.699342 1151.40351 1071.015408 966.944958 867.796611
-9999 -9999 -9999 -9999 287.955768 272.278085 307.703312 369.118615 440.480888 1569.235279 1567.069951 1468.559963 1603.243152 3067.355887 5250 5250 5250 5250 5250 5220.944559 5232.060898 5250 5001.177324 4840.836909 3880.640497 3925.110177 3481.176674 3840.786882 3719.938137 3672.857408 3349.721881 3147.08519 2917.326687 2987.06164 3004.011283 2943.430198 2710.470121 2573.372105 2436.397215 2293.669318 2695.501906 3094.487592 3073.167196 3082.461173 3051.847129 2259.654242 2462.855554 2496.774176 2533.321086 2478.669979 2165.362064 1809.825831 1769.344344 1969.231875 1867.564159 1901.895657 2132.67481 2039.679682 2065.916905 2163.830126 1908.082427 1806.859457 1661.424417 1532.28802 1400.871296 1214.557856 1049.172609 939.316459 868.120703
-9999 -9999 -9999 -9999 -9999 299.631029 695.785384 341.960052 372.425711 817.323409 1570.741451 1566.019357 1939.897436 5250 5250 5250 5250 5250 5250 5220.944559 5250 5250 5250 5250 5250 5244.739439 5250 4063.205497 3937.878644 4493.318423 4415.12918 4422.489382 4117.136788 4427.375803 3652.83063 4552.350968 4105.661678 4096.124526 3981.308041 3523.007118 3356.962845 3358.361802 3261.273607 3083.90217 2036.588414 2441.196886 2604.389488 2782.9403 2739.727128 2506.792082 2635.045078 2598.079668 2332.876376 2184.097712 2108.273543 2101.985799 2635.348554 2667.336264 2364.756521 2230.365489 2101.632599 1839.963691 1734.933486 1602.469047 1527.275304 1409.521817 1270.120299 1232.127399 937.722282
-9999 -9999 -9999 -9999 -9999 338.589242 1130.311356 376.513306 386.80522 1568.77341 1566.80537 1570.741451 2978.319283 5250 5250 5250 5250 5250 5250 5250 5250 5250 5250 5250 5250 5250 5250 5250 5250 4985.422666 4811.53597 4461.887217 4371.118062 4212.680673 4222.026951 4286.136895 4410.125475 4515.103957 4057.081118 3566.079389 2329.94267 2485.7332 2904.149882 3088.181009 2202.231816 2631.192845 2727.387314 2858.316151 2873.725445 3035.37923 2939.439462 2759.912607 2624.081518 3035.169215 3132.376783 3240.441815 3011.102292 2863.365482 3098.544266 2799.155468 2339.29586 2228.484164 1928.720247 1735.983172 1603.408205 1527.760023 1463.763882 1395.492946 1268.772134
-9999 -9999 -9999 -9999 -9999 319.881477 713.30073 766.468752 1176.97854 1566.80537 1566.80537 1567.256147 5250 5250 5250 5250 5250 5250 5250 5250 5250 5250 5250 5250 5250 5250 5250 4780.175546 5250 4376.120956 3711.392212 3222.545081 3443.87942 3269.368923 3438.290341 3404.201415 3673.304667 3127.634886 2724.085242 2574.503124 2585.840911 2763.521252 3198.504709 3387.746522 2506.45396 3027.749862 3056.876815 3186.466766 3166.953714 3109.527063 3264.856003 3571.488394 4169.312504 4529.825962 4199.565762 3804.259557 4235.492337 4127.563725 3569.564711 3102.60667 2691.494788 2373.403601 2201.263054 2008.822806 1806.624862 1726.514006 1569.149728 1470.541976 1369.408406
-9999 -9999 -9999 -9999 -9999 30 317.318132 371.954278 1198.095979 1564.837329 1564.837329 5250 5243.311295 5250 5250 5250 5250 5250 5250 5250 5250 5250 5250 4866.699232 4483.448227 4176.223621 4483.113261 4575.986313 4708.2527 4269.190173 3785.639022 3530.344511 3745.182482 3878.702381 3839.420338 3891.608138 4025.498134 3704.337427 3162.253609 3126.251012 3232.859957 3128.264773 3366.086498 3826.016934 2835.908534 3368.781709 3746.79941 3674.535577 4049.771509 4676.281409 5250 5250 5250 5250 5250 5250 4781.85175 4176.157496 4219.167403 3457.941754 3263.820878 2901.368493 2623.574423 2270.508771 2033.744004 1794.607865 1669.531645 1529.328889 1374.979178
-9999 -9999 -9999 -9999 -9999 30 -9999 1188.131386 1564.837329 3030.093121 3077.729351 3072.968972 3535.926104 4343.454742 4955.973565 5250 5250 5250 5250 5250 5250 5250 5250 5250 4671.144421 4264.690738 4325.1663 4276.600155 4643.266477 4265.807552 3719.182258 3668.704762 3558.354286 4082.458855 4414.637479 4372.96859 3965.904128 4240.152064 4097.839418 3873.964484 3792.2619 3734.32109 4459.964611 5250 4828.09653 5250 5250 5250 5250 5250 5250 5250 5250 5250 5250 5250 5250 5250 5160.728178 4586.564978 3986.24318 3274.907994 2774.917604 2532.082049 2272.258343 1974.578934 1634.401479 1592.038207 1514.835197
-9999 -9999 -9999 -9999 -9999 -9999 -9999 1564.837329 1046.635 510.8282 1082.262411 2409.717129 2751.113502 3235.97703 4343.454742 4692.645152 5250 5250 5250 5250 5250 5250 5250 5250 5250 5062.396539 4485.184927 4484.472202 4783.86801 4285.24053 4224.280934 4483.723543 4347.330643 4375.234149 4373.458658 4385.661233 4634.049013 4555.353595 5159.957707 5250 5250 5250 5250 5250 5250 3080.407161 5250 5250 5250 5250 5250 5250 5250 5250 4888.172421 4468.684461 4819.228686 4427.226578 4256.9842 4256.667487 3632.361184 3307.109517 3059.187839 2628.127242 2325.406577 2064.14751 1668.054891 1594.627089 1556.282841
-9999 -9999 -9999 -9999 -9999 -9999 1068.683586 1098.440922 953.162439 498.614144 647.870796 1096.92885 1872.556308 2897.586566 3322.353753 4087.59232 4530.328659 5250 5250 5250 5250 5250 5250 5250 5250 5250 4570.245127 5250 5250 5250 5250 5250 5250 5250 5250 5250 5250 5250 5250 5250 4375.738348 3555.383779 3734.289908 3574.284997 4188.610134 3142.7008 3629.966498 3574.351218 5250 5250 5250 5250 5250 5250 5250 5180.222475 4888.328593 4469.876852 4473.177982 4276.502737 3804.104978 3431.8216 3127.75767 2799.042374 2600.676705 2204.095687 1904.975597 1704.773085 1633.17321
-9999 -9999 -9999 -9999 -9999 -9999 1221.280889 968.291567 1070.478902 912.998863 581.847243 667.398043 1937.3396 2281.908003 3350.034223 3680.761346 3962.700988 4510.570706 5250 5250 5250 5250 5250 5250 5250 5250 5250 5250 5250 5250 5250 5250 4584.922593 4419.542295 4476.14855 4682.17251 5250 4888.194257 4481.122124 3990.998031 3974.05047 3077.40743 3775.365651 3976.634592 3066.169068 2037.873215 2822.195868 3053.810091 4458.77737 5250 5250 5250 5250 5250 5250 5250 5175.439687 4759.34643 4556.552135 3801.068062 3341.737812 3130.588646 3029.70987 2676.454634 2562.882384 2274.788378 2196.645393 2102.374572 1976.220191
-9999 -9999 -9999 -9999 -9999 -9999 30 1141.241993 931.829752 1100.166064 545.28328 606.47738 2183.510024 1836.768607 2430.530596 3350.034223 3596.462654 3922.418017 4918.958283 5250 5250 5250 5250 5250 5250 5063.322907 5250 5071.183064 5250 4469.726546 4923.01708 3775.457437 4178.074391 3476.866347 3573.819505 3643.250091 3557.33325 3683.340629 3080.572853 3877.483892 5250 4081.687143 4787.23855 3070.651091 3614.956731 3152.402123 5250 3181.838222 4062.627616 5250 5250 5250 5250 5250 5250 5250 5250 4525.699264 4303.545227 3803.375371 3438.404748 3104.863193 2963.229372 2674.427619 2571.03423 2332.185017 2261.663422 2257.849636 2264.125023
-9999 -9999 -9999 -9999 -9999 -9999 -9999 1561.106924 801.53185 1003.335203 769.103632 541.377674 2239.991781 1668.355323 1773.454455 3350.034223 3469.525633 3600.887508 4171.924061 5250 5250 5250 5250 5250 5250 4985.080788 5053.870904 4773.576543 4032.036966 3521.51193 3065.169125 3308.615129 3343.780793 3370.223056 3371.760258 3206.066821 3405.250075 3576.455965 4461.962326 4461.535655 4477.24424 4175.417554 4074.631584 3968.890345 3969.808131 4283.706903 5250 5250 3484.827433 5250 5250 5250 5250 5250 5250 5250 4985.486221 4335.627377 4109.799137 3576.381109 3465.968761 3166.728306 3074.680159 2932.867331 2698.251206 2594.196156 2408.710385 2227.756689 2167.57605
