STOTEN_Data/raw/Age_yrs_1000ft.asc
ncols         250
nrows         718
xllcorner     -2256000
yllcorner     1557000
cellsize      1000
NODATA_value  -9999
[rows 465 to 495 of 718, columns 69 to 137 of 250]
-9999 -9999 -9999 -9999 -9999 -9999 -9999 -9999 -9999 1366.179213 1366.173861 1336.822599 1174.798647 1076.059033 1010.105381 1009.180093 874.405443 911.834139 908.355482 938.503876 941.306972 1165.71551 1650.281298 1130.015809 1668.230089 1642.388333 1605.888146 1640.436078 1661.36508 1708.915501 1736.903612 1698.214266 1509.583727 1680.896095 3404.75243 4886.808356 2890.596486 2200.481567 1658.617145 2032.772353 2163.70511 1975.966069 1855.424927 1537.654555 1228.605452 1038.753215 933.971216 867.232922 869.56725 935.874875 750.9581 795.013092 748.086939 740.436757 741.240703 682.002452 682.8982 674.773172 616.942869 608.008289 613.894896 621.599442 733.772281 973.711711 1267.964707 1399.18194 1706.194259 1857.36112 2161.273489
-9999 -9999 -9999 -9999 -9999 -9999 -9999 -9999 -9999 1303.969999 1433.284006 1240.413952 1141.180328 1176.548863 1141.235661 1204.263209 1011.055129 30 30 -9999 30 976.276429 1239.218713 1699.629659 1672.541463 1677.339812 1674.142305 1668.258017 1642.082029 1638.501569 1704.820361 1700.54937 1469.584633 2078.679002 4336.836501 4667.731728 2993.364681 2125.291125 2240.707371 2313.460263 2135.659723 1910.067094 1669.766831 1351.988785 1171.046032 933.971216 867.748897 814.689879 748.434189 761.483975 732.713238 677.935634 654.958178 669.837769 705.511023 649.180706 612.394873 596.939772 556.343828 534.559346 528.215779 587.231523 634.236474 806.37326 1236.031275 1399.173866 1859.106457 1934.106483 2202.657085
-9999 -9999 -9999 -9999 -9999 -9999 -9999 -9999 -9999 1470.486755 1468.98578 1370.879774 1400.119755 1435.075815 -9999 -9999 -9999 -9999 -9999 -9999 -9999 1070.099658 1041.378515 1332.176262 1598.725395 1602.770827 1606.983849 1640.000074 1675.73609 1676.739816 1679.489673 1762.854659 1402.217239 2062.239443 3866.423399 4273.144585 3175.608804 2505.653392 2463.939861 2247.917199 1884.725165 1693.687968 1466.809071 1456.295075 974.285217 898.068346 814.692742 750.481738 755.160656 672.627339 597.657503 657.07795 622.977185 637.991651 615.29965 587.110582 622.371235 593.350756 486.716578 430.282214 389.802821 385.764484 538.326643 762.219554 1195.477508 1367.881244 1730.20431 1888.442792 2033.628616
-9999 -9999 -9999 -9999 -9999 -9999 -9999 -9999 -9999 30 1639.334823 1469.972139 1497.897687 1440.367743 -9999 -9999 -9999 -9999 -9999 -9999 -9999 -9999 30 1178.457063 1369.233184 1496.047883 1635.652374 1642.14521 1675.08135 1676.379616 1306.661173 1408.23346 1024.179868 2409.937687 3746.261781 4019.305468 3761.99357 2883.829747 2703.338961 1660.540506 1353.070442 1358.63263 1171.869868 1069.210488 917.195059 788.787161 847.436075 771.249674 638.759339 608.236954 605.491502 602.538169 577.115952 642.153329 563.992252 558.446641 493.739152 463.144003 451.117075 407.540526 426.852798 431.976646 393.888744 160.276874 251.499782 473.83542 1799.492438 1866.888042 1857.586182
-9999 -9999 -9999 -9999 -9999 -9999 -9999 -9999 1905.668921 1773.227258 1712.77632 1566.046978 1596.585029 30 -9999 -9999 -9999 -9999 -9999 -9999 -9999 -9999 -9999 1511.475085 1331.546316 1138.785236 1530.981551 1674.554546 1670.901925 1307.703246 1306.661173 1306.661173 991.09318 2429.309513 2825.662983 2666.958795 4088.33342 2898.158284 2254.413166 1481.161486 1235.717134 932.872406 941.238262 1070.075181 1043.253645 973.021197 776.268018 703.127584 643.120506 605.524601 605.524601 566.904465 564.168956 497.108171 488.692714 485.644573 477.606361 454.06908 414.362178 328.202331 282.974392 247.465294 329.618593 154.664205 217.954131 920.047309 1531.238962 1765.631225 1887.197069
-9999 -9999 -9999 -9999 -9999 -9999 -9999 -9999 -9999 2212.871345 1897.841316 1722.088799 1594.6493 -9999 -9999 -9999 -9999 -9999 -9999 -9999 -9999 -9999 -9999 -9999 1402.199359 1432.273155 1300.164616 1604.156309 1671.564747 1703.04171 1337.445395 1007.561983 1004.637009 808.538202 2582.399928 4114.768222 4349.149796 2934.584218 1693.396263 972.418398 872.358532 869.827164 963.891917 1377.001091 1005.404623 799.277806 621.380069 638.759339 592.776103 598.305801 616.286477 505.799819 503.789845 491.74998 476.51397 448.199863 399.879105 406.365876 382.969067 343.610315 297.307623 253.515172 230.610931 373.378662 631.077303 1289.94326 1529.631124 1725.943334 539.41447
-9999 -9999 -9999 -9999 -9999 -9999 -9999 -9999 -9999 2262.425882 1728.910619 1736.319205 30 -9999 -9999 -9999 -9999 -9999 -9999 -9999 -9999 -9999 -9999 -9999 1597.891804 1497.50717 1367.526659 1432.829532 1637.270078 921.98929 1369.996583 943.022277 1007.087199 1101.311443 1950.648359 958.522457 3293.178364 2726.451635 1176.099233 838.768795 637.783175 763.967211 913.78175 752.252681 756.692022 611.819238 585.39653 636.236578 622.990725 579.331619 544.84948 514.224157 442.937185 395.636364 401.79855 383.500455 404.083117 415.663544 335.02335 290.553159 258.132865 230.700434 211.074382 311.835368 157.919979 316.457458 985.648075 536.760025 575.447104
-9999 -9999 -9999 -9999 -9999 -9999 -9999 -9999 -9999 2400.940163 2398.516182 1803.737666 30 -9999 -9999 -9999 -9999 -9999 -9999 -9999 -9999 -9999 -9999 -9999 1222.334133 1274.316028 1222.833601 1405.856006 1632.924999 1288.376672 1290.879517 741.01691 622.962 1400.113995 2654.251302 958.865094 2661.88096 1236.66211 846.112244 870.166521 805.831568 644.83689 520.026097 650.996164 727.138532 644.477941 662.720617 652.586519 621.700835 564.015514 463.956373 446.64294 413.533074 401.28775 401.371865 397.218671 383.013041 350.927408 327.097213 299.018938 257.319555 217.230212 256.697446 350.949402 174.453389 312.815775 1365.579149 1106.1011 1850.596639
-9999 -9999 -9999 -9999 -9999 -9999 -9999 -9999 -9999 -9999 30 2100.114744 2138.052137 -9999 -9999 -9999 -9999 -9999 -9999 -9999 -9999 -9999 -9999 -9999 -9999 1665.932284 1640.346411 869.973139 1252.176472 1260.188514 1291.429253 1074.069192 705.258235 1606.871591 1711.483051 631.069565 820.122498 948.016415 985.865592 805.786762 579.255025 440.035806 520.216736 634.949358 731.368957 738.859315 811.012697 680.806406 592.036495 487.991254 449.145089 446.069356 415.820444 407.584513 387.36743 391.234672 380.545417 355.708374 320.002606 264.673012 254.347675 252.001966 279.726221 359.611739 533.385766 873.216694 1294.718862 1527.079757 1691.017394
-9999 -9999 -9999 -9999 -9999 -9999 -9999 -9999 -9999 -9999 -9999 2248.515426 2272.292547 -9999 -9999 -9999 -9999 -9999 -9999 -9999 -9999 -9999 -9999 -9999 -9999 1568.598406 1768.20737 988.824414 907.944893 871.692006 758.0515 806.090651 741.014001 978.556155 1757.108246 589.475025 933.176102 603.156268 721.637663 446.314125 565.549851 400.965008 518.989901 551.380504 538.160828 646.524955 656.653595 579.530663 564.502498 495.238486 476.665614 449.179334 414.300394 407.779736 410.999511 398.223326 371.156897 334.382435 306.737197 271.280628 264.748767 260.953722 286.365372 345.93685 450.059253 730.059403 1223.483245 1429.471862 1396.476522
-9999 -9999 -9999 -9999 -9999 -9999 -9999 -9999 -9999 -9999 -9999 -9999 2272.292547 -9999 -9999 -9999 -9999 -9999 -9999 -9999 -9999 -9999 -9999 -9999 -9999 1805.089331 1569.091931 1223.271626 525.010267 525.010267 621.317955 1004.91621 939.629241 561.941042 544.399086 586.117412 608.167154 757.192493 684.488353 396.927341 381.799646 429.209077 558.862915 523.609334 512.947461 559.575069 463.933933 506.133666 583.358532 505.701669 486.191567 459.878461 444.010628 427.237505 402.852898 389.333847 352.532965 321.316632 315.368858 310.640878 303.270342 283.583517 274.863772 334.591291 465.56166 760.408762 1026.416163 1226.178301 1590.17685
-9999 -9999 -9999 -9999 -9999 -9999 -9999 -9999 -9999 -9999 -9999 -9999 30 -9999 -9999 -9999 -9999 -9999 -9999 -9999 -9999 -9999 -9999 -9999 1727.028275 1548.216232 1637.699107 1221.123289 873.93701 525.010267 625.421048 991.609116 1142.64157 1034.793841 542.926007 508.387326 418.446949 1084.638162 440.702517 403.172169 408.38459 397.168919 402.055089 514.168697 479.148192 470.562228 442.805778 458.91932 558.693895 561.539216 529.986158 465.880623 435.731601 417.03379 400.686549 380.472251 365.021349 354.257165 328.588296 322.778428 263.630751 248.346116 281.352978 332.534682 462.282502 765.059803 1120.603225 1163.095819 1133.497671
-9999 -9999 -9999 -9999 -9999 -9999 -9999 -9999 -9999 -9999 -9999 -9999 30 -9999 -9999 -9999 -9999 -9999 -9999 -9999 -9999 -9999 -9999 -9999 1728.737141 1415.383398 1804.453539 794.793782 525.010267 908.159672 907.944892 1005.122453 802.833466 690.268893 569.446575 569.984433 485.765415 641.541596 462.108285 456.375132 427.214746 420.005276 410.176803 391.773879 340.210901 359.754913 408.040703 481.546156 593.468096 525.63009 479.270194 461.556272 455.14593 429.328221 425.422173 400.85786 392.741733 364.861131 337.151833 289.933461 246.994339 250.99277 337.92616 413.541395 550.009669 841.712109 878.797024 1070.253657 1305.212135
-9999 -9999 -9999 -9999 -9999 -9999 -9999 -9999 -9999 -9999 -9999 -9999 -9999 -9999 -9999 -9999 -9999 -9999 -9999 -9999 -9999 -9999 -9999 -9999 1219.327617 1733.116955 402.089893 237.355029 525.010267 907.944893 870.923882 1204.048338 1143.748395 656.933543 663.817079 477.455472 417.41522 501.282699 598.557681 496.815372 452.886043 389.968205 402.901871 393.791177 361.97822 338.355631 468.174629 422.305841 469.424503 526.048405 492.78045 496.125168 468.165626 461.198027 461.10883 412.166507 375.471603 347.647681 329.75911 291.403667 298.352832 388.880404 444.134419 465.572849 600.624549 797.895377 900.81176 719.587899 535.187405
-9999 -9999 -9999 -9999 -9999 -9999 -9999 -9999 -9999 -9999 -9999 -9999 -9999 -9999 -9999 -9999 -9999 -9999 -9999 -9999 -9999 -9999 -9999 -9999 829.758171 1319.844902 1270.633291 452.160179 379.139486 525.010267 477.23776 1574.745742 898.534248 630.497013 715.498505 476.073406 420.086327 524.116866 599.761155 457.990797 430.348455 398.807668 366.576264 346.68289 335.320166 356.384006 457.831102 437.927821 544.07345 583.849213 591.106551 561.306969 502.366629 467.865229 444.149008 420.756512 403.278847 372.848585 354.03654 354.554969 380.49931 457.55605 499.090426 530.85711 669.168439 670.147107 535.397239 513.270024 549.767359
-9999 -9999 -9999 -9999 -9999 -9999 -9999 -9999 -9999 -9999 -9999 -9999 -9999 -9999 -9999 -9999 -9999 -9999 -9999 -9999 -9999 -9999 -9999 -9999 -9999 872.168942 869.96393 393.5097 300.469862 432.258729 1000.667059 815.145445 825.29094 760.047874 669.642145 542.713235 437.453595 582.933269 652.693927 426.432864 393.673948 422.643413 394.943064 363.819138 335.138018 371.983228 533.884632 639.929039 663.857799 633.562082 628.806651 591.239364 536.076195 495.95848 479.39094 449.459837 436.477276 429.725296 426.344148 435.994215 468.572547 512.501299 534.275942 691.072062 502.220144 582.472765 546.257087 513.571465 682.449845
-9999 -9999 -9999 -9999 -9999 -9999 -9999 -9999 -9999 -9999 -9999 -9999 -9999 -9999 -9999 -9999 -9999 -9999 -9999 -9999 -9999 -9999 -9999 -9999 -9999 1669.374432 951.10268 303.979963 273.319624 361.47497 489.542905 1089.197844 798.629125 754.335146 639.554549 535.502817 521.699052 548.712566 643.186579 400.844653 403.244027 470.258458 428.541116 379.896037 365.275956 503.103383 538.86551 538.394609 672.195237 628.044718 629.14391 600.301828 611.343363 540.641243 493.965649 486.746152 480.539547 496.235681 499.623762 542.08344 606.653467 636.919205 748.315237 731.129778 657.582223 768.813711 692.555904 665.060526 762.661417
-9999 -9999 -9999 -9999 -9999 -9999 -9999 -9999 -9999 -9999 -9999 -9999 -9999 -9999 -9999 -9999 -9999 -9999 -9999 -9999 -9999 -9999 -9999 -9999 -9999 -9999 1564.397568 247.882245 288.1877 358.422011 490.993395 959.628893 877.876194 835.207233 671.966135 462.030226 549.443273 581.685801 405.38197 408.041883 455.682326 432.746282 435.967058 383.719744 403.913684 528.625689 509.568626 520.074745 593.164629 638.697316 695.632381 662.152673 697.582046 594.123827 578.371543 607.578838 607.836058 595.138729 664.637997 677.325727 754.462393 778.993402 822.89894 789.892187 874.924133 873.408573 835.108504 766.3245 1066.307212
-9999 -9999 -9999 -9999 -9999 -9999 -9999 -9999 -9999 -9999 -9999 -9999 -9999 -9999 -9999 -9999 -9999 -9999 -9999 -9999 -9999 -9999 -9999 -9999 -9999 -9999 1166.501773 208.56429 320.023904 364.035232 857.707271 1091.102401 842.18538 872.080789 682.943073 637.092612 606.449574 428.964057 425.206416 425.261773 436.150494 424.863152 447.090539 397.491645 390.356412 394.07485 527.500192 735.138486 701.898247 694.262896 692.403502 547.684872 622.712498 637.127743 689.954001 675.019202 731.921259 752.374867 776.32571 786.410197 831.737308 839.705441 866.826137 891.570353 792.356621 919.400367 1164.600637 1303.343289 931.56323
-9999 -9999 -9999 -9999 -9999 -9999 -9999 -9999 -9999 -9999 -9999 -9999 -9999 -9999 -9999 -9999 -9999 -9999 -9999 -9999 -9999 -9999 30 30 30 30 -9999 844.472283 448.282625 282.472196 695.807598 1051.825767 1011.053795 816.511273 693.435386 813.556082 672.713054 456.103568 414.88887 417.049126 427.342654 426.874085 450.586587 431.319752 426.151593 411.361895 618.951942 638.133291 539.412316 611.472484 554.442832 633.809331 622.64651 664.866512 756.445202 822.870317 903.695497 864.301837 866.852303 828.054272 799.833462 785.427712 856.624847 833.552131 932.4772 1264.668738 1164.640064 1062.629444 766.325355
-9999 -9999 -9999 -9999 -9999 -9999 -9999 -9999 -9999 -9999 -9999 -9999 -9999 -9999 -9999 -9999 -9999 -9999 -9999 -9999 -9999 -9999 -9999 30 30 -9999 -9999 1174.274273 440.272429 522.518823 642.913916 975.639003 987.415057 669.357287 763.248102 801.023995 479.931623 447.223791 406.516555 404.224797 416.178253 429.344848 479.940646 446.420897 430.613186 684.830416 614.649875 516.835886 600.168335 569.582452 621.024605 794.102494 756.921869 709.810587 815.162331 876.0572 803.041504 814.987061 787.754711 799.637258 778.535703 780.386539 813.041421 1076.851658 1166.32757 1197.279699 1131.45709 766.326196 1867.318017
-9999 -9999 -9999 -9999 -9999 -9999 -9999 -9999 -9999 -9999 -9999 -9999 -9999 -9999 -9999 -9999 -9999 -9999 -9999 -9999 -9999 -9999 -9999 30 30 30 -9999 1214.2661 373.574803 419.41874 824.845824 849.968373 937.567351 594.177088 853.645881 547.510747 485.10707 435.605838 396.448306 385.372511 405.248277 592.182926 612.573551 491.459346 697.517256 572.823749 522.78857 770.688047 862.570245 754.083295 850.024218 899.209938 798.070335 908.421734 877.150645 896.147746 864.890554 830.704309 799.635318 800.760546 865.348997 852.618826 1074.664151 1301.122411 1269.732117 1930.008414 750.328285 3370.253247 1294.547514
-9999 -9999 -9999 -9999 -9999 -9999 -9999 -9999 -9999 -9999 -9999 -9999 -9999 -9999 -9999 -9999 -9999 -9999 -9999 -9999 -9999 -9999 -9999 30 30 197.169062 1048.522283 523.097251 387.403238 436.31037 848.357591 795.728619 941.709042 576.006569 675.099293 580.498421 562.033351 450.716554 428.714421 386.212356 414.739226 531.293709 711.146648 649.18113 594.432404 605.911767 687.448159 900.985663 876.809148 752.249931 888.884631 850.757797 978.465897 1026.189726 1041.679187 951.589461 960.91084 953.050867 949.168986 982.930684 1088.874092 1082.857211 1326.030049 1432.21625 1364.143322 5250 2974.97971 1294.547521 1278.743854
-9999 -9999 -9999 -9999 -9999 -9999 -9999 -9999 -9999 -9999 -9999 -9999 -9999 -9999 -9999 -9999 -9999 -9999 -9999 -9999 -9999 -9999 30 -9999 30 197.169062 2055.279669 522.518823 439.482133 603.003693 711.707854 739.961689 899.320166 853.818022 644.186204 587.904686 448.298109 442.593321 388.338853 385.261839 517.019618 564.539074 590.468368 587.676824 678.012068 937.140569 980.72575 974.651566 824.241579 747.851725 807.317764 850.883795 873.807296 929.939165 926.12105 969.085312 1070.398679 1096.674085 1223.196738 1296.973392 1351.543501 1463.085496 1519.06181 1367.682418 5250 1660.26229 1987.380869 1520.139788 1609.908115
-9999 -9999 -9999 -9999 -9999 -9999 -9999 -9999 -9999 -9999 -9999 -9999 -9999 -9999 -9999 -9999 -9999 -9999 -9999 -9999 -9999 -9999 -9999 -9999 -9999 -9999 30 788.530283 508.626759 584.702026 1012.002417 623.895207 854.350223 819.710864 544.302407 514.444626 447.558604 420.379496 384.700017 384.494861 371.083711 410.354667 416.552906 697.556145 897.877507 1012.919746 715.332937 675.852351 758.930706 750.501832 673.201273 731.849544 885.522712 930.751474 966.366668 1104.755651 1256.845792 1371.939781 1496.395532 1531.172288 1522.692512 1487.656503 1452.254329 1464.308992 5250 3717.951949 2581.962713 2694.592745 2561.259411
-9999 -9999 -9999 -9999 -9999 -9999 -9999 -9999 -9999 -9999 -9999 -9999 -9999 -9999 -9999 -9999 -9999 -9999 -9999 -9999 -9999 -9999 -9999 -9999 -9999 -9999 -9999 -9999 522.518823 1028.110768 1479.764989 676.058332 952.983366 550.807874 422.058523 558.008296 468.555208 432.667304 424.652347 475.119686 455.524402 454.971968 424.995027 414.987399 729.117717 666.426828 614.331621 461.848618 580.427521 866.202847 803.148937 1041.624792 1016.743707 1082.500132 1103.378936 1266.533985 1359.230352 1319.391907 1360.8649 1551.419201 1493.270817 1426.830955 1400.597731 4536.129411 3104.525776 2520.571025 3431.758025 3014.013329 2902.851928
-9999 -9999 -9999 -9999 -9999 -9999 -9999 -9999 -9999 -9999 -9999 -9999 -9999 -9999 -9999 -9999 -9999 -9999 -9999 -9999 -9999 -9999 -9999 -9999 -9999 -9999 -9999 -9999 -9999 30 5250 654.143872 583.500807 434.068672 557.267526 455.666367 574.621306 570.908216 581.36348 553.661202 439.591119 464.485361 444.442548 404.056293 635.98282 731.666007 668.379657 893.744534 943.227908 962.512239 1198.777353 1200.181031 1209.730534 1226.827776 1220.562834 1361.865616 1371.682332 1549.031943 1488.461679 1523.408913 1565.51009 1397.282027 1313.724359 2561.169174 2482.300362 3183.832648 2991.88034 2898.138531 2489.798072
-9999 -9999 -9999 -9999 -9999 -9999 -9999 -9999 -9999 -9999 -9999 -9999 -9999 -9999 -9999 -9999 -9999 -9999 -9999 -9999 -9999 -9999 -9999 -9999 -9999 -9999 -9999 -9999 -9999 -9999 5250 1575.746754 1595.510917 403.720927 454.851061 449.10894 588.883041 622.916534 672.974468 612.879992 703.704824 577.431439 444.887004 393.155669 738.535059 878.057106 854.777677 826.597247 1112.588162 1299.338541 1249.065624 1310.019005 1359.572159 1135.76344 1379.761598 1283.901896 1191.09599 1578.043138 1674.425928 1650.643223 2054.219617 2846.772356 1592.825242 2161.165825 3353.48662 3099.977185 2828.944285 2830.755191 2760.046901
-9999 -9999 -9999 -9999 -9999 -9999 -9999 -9999 -9999 -9999 -9999 -9999 -9999 -9999 -9999 -9999 -9999 -9999 -9999 -9999 -9999 -9999 -9999 -9999 -9999 -9999 -9999 -9999 -9999 -9999 -9999 2169.089422 1433.077964 409.917764 1235.039265 456.457946 471.278772 554.988518 582.089192 439.187073 607.788652 593.036189 436.982351 384.276023 502.896378 823.48372 874.417397 1283.475224 1183.706955 1171.154244 1331.579935 1190.405148 1203.513466 1200.204405 1185.62876 1175.186973 1200.433407 1620.146424 1678.500902 2290.072133 1277.052862 1867.420589 2660.051755 2993.692604 2855.622229 2593.078485 2758.65938 2902.947547 3102.806297
-9999 -9999 -9999 -9999 -9999 -9999 -9999 -9999 -9999 -9999 -9999 -9999 -9999 -9999 -9999 -9999 -9999 -9999 -9999 -9999 -9999 -9999 -9999 -9999 -9999 -9999 -9999 -9999 -9999 -9999 -9999 -9999 2506.575273 1228.951902 1025.170657 404.659075 1151.88696 562.971494 467.117863 541.236197 559.267509 566.20698 539.897071 539.713608 527.944021 733.484231 844.83272 1234.533892 1159.049937 1452.722326 1386.999788 1395.110565 1253.022826 1248.666989 1182.900516 1218.75603 1214.703748 1301.754778 1366.022735 2887.880614 1948.397846 3122.531907 2927.951352 2824.274801 2750.027015 2497.376228 2758.659788 3538.763426 3262.566639
-9999 -9999 -9999 -9999 -9999 -9999 -9999 -9999 -9999 -9999 -9999 -9999 -9999 -9999 -9999 -9999 -9999 -9999 -9999 -9999 -9999 -9999 -9999 -9999 -9999 -9999 -9999 -9999 -9999 -9999 -9999 -9999 -9999 3099.160028 2195.062936 1447.20791 1337.339484 424.328022 635.375754 760.57318 585.188007 671.94592 710.135931 805.920347 719.902057 425.703533 724.935543 732.589429 1065.629522 1289.300578 1086.061085 1454.75965 1564.221891 1498.390844 1275.788279 1254.518488 1214.603318 1395.69458 464.981163 2268.423845 3247.492149 3056.557221 2834.754268 2528.290058 2758.660254 3397.399932 3484.180864 3767.722227 5250
