STOTEN_Data/raw/Age_yrs_200ft.asc
ncols         250
nrows         718
xllcorner     -2256000
yllcorner     1557000
cellsize      1000
NODATA_value  -9999
[rows 589 to 619 of 718, columns 140 to 209 of 250]
525.010267 422.490009 362.883743 413.738915 296.590033 390.060359 443.442636 480.094319 529.688878 391.602522 424.567884 328.12849 273.055591 287.720644 309.109356 327.318191 310.159977 401.074936 473.542084 480.836569 332.847778 171.521605 144.03683 127.706684 127.288139 136.981752 103.415146 102.405879 57.83025 61.836416 86.849883 204.607169 203.231608 249.678811 264.034163 171.934019 167.914248 270.697938 312.894281 323.787009 444.232609 340.635192 289.364702 218.299295 260.992482 221.362915 48.999316 48.999316 181.752307 156.199999 159.302607 186.12362 198.98819 196.876217 252.953796 305.993784 249.697572 187.864871 157.463774 131.793011 132.564532 91.138286 115.772432 146.230319 142.870918 116.414035 126.567847 123.572564 121.348833 133.733113
1468.918087 856.154657 1498.180248 629.210675 599.287341 511.490601 592.156966 540.24657 536.797341 387.843324 527.490118 406.811314 409.630987 436.879346 305.831522 290.495579 380.696205 227.606812 293.67027 456.572028 427.080349 194.850789 139.461918 132.888993 126.088756 74.08394 87.946889 129.357717 94.043542 134.661712 224.109837 265.511066 273.622601 307.409374 273.981338 191.716424 180.268538 268.791503 373.1793 427.562485 367.987279 342.672903 310.64534 345.495195 306.5402 271.273875 276.36519 208.095809 206.719735 192.458585 188.367609 170.895545 150.299556 184.077097 238.321888 229.174724 239.038255 256.830509 180.161861 137.137192 127.888653 126.955616 117.702197 132.570744 130.708927 136.56507 127.910328 123.83903 143.252941 149.814719
612.950482 64.015121 105.728366 345.732191 376.430888 538.897762 596.619168 663.562383 539.016698 527.918348 452.915889 479.178051 593.666697 601.43733 594.073522 376.572969 355.832687 238.092369 256.976483 384.180249 354.520034 357.397578 139.323835 136.563591 154.5662 76.2624 61.510395 199.058602 236.541819 241.224707 267.448723 293.309642 44.914442 44.914442 264.209939 284.834265 268.899974 287.299128 443.036795 443.558711 371.293704 375.838469 379.8901 400.423317 329.963704 312.769823 303.244595 286.372402 248.404393 229.647493 236.581865 139.875462 122.069044 190.0318 236.787304 193.108837 190.644853 212.331192 167.029272 146.21689 137.362559 139.877672 136.764736 133.709889 126.967232 140.508695 133.807893 123.303176 134.433341 136.320167
515.441478 64.015121 64.015121 273.382015 233.36731 307.525526 472.429221 544.023431 529.337899 359.283961 410.521573 157.260096 157.260096 478.125119 453.250163 376.782478 264.22942 267.600339 291.364007 353.426388 363.934428 299.418599 198.46832 208.56554 217.139203 110.78812 78.320821 235.555913 245.45162 267.72458 131.929648 125.341502 44.914442 44.914442 253.307943 290.563223 257.463396 309.450354 453.371347 433.897135 379.654751 453.797786 509.614462 409.837868 339.648378 332.326929 316.153162 296.750185 287.224905 247.404617 177.129496 153.782936 120.42556 166.87086 233.603388 167.053916 174.191628 172.062118 129.95178 156.288864 155.426093 146.167328 147.361175 136.624107 127.013516 137.261795 153.575023 159.522617 160.690395 157.688963
344.758385 525.010267 2020.977875 249.014128 202.75911 186.365256 149.136224 457.367757 356.301702 374.183337 330.739197 213.446374 150.28119 146.929341 146.929341 353.127173 264.115784 260.552123 359.461298 350.723499 350.977275 264.323428 281.170733 346.558705 277.956797 189.237606 166.015357 247.191053 255.163221 226.965654 136.604226 151.551322 156.861053 181.190222 175.802836 179.811515 171.019042 186.417718 426.840663 363.852094 338.087312 386.653631 410.457904 233.551675 339.827382 271.06616 246.761082 268.921707 310.335261 239.020715 177.176273 186.017674 142.756336 161.737152 213.379889 161.733298 174.772391 180.569731 156.774032 167.900627 159.410272 167.261229 160.786215 146.337009 160.394817 159.645185 160.01213 159.948288 166.456763 170.825599
1193.826531 149.526249 492.511978 492.511978 273.312837 120.440061 122.379878 420.036796 500.780188 602.206253 157.276621 157.454598 150.129536 150.240422 166.216911 264.121098 249.454808 216.753136 346.461072 353.046121 284.225799 273.708774 274.26852 333.169401 314.299376 255.909979 253.526003 264.023503 267.836704 222.50913 187.470302 213.762522 175.477672 169.597341 168.919905 161.271359 210.93019 201.306628 337.084096 266.430096 310.671517 185.991854 112.215143 121.582041 230.169949 177.827563 186.299244 217.061279 322.482983 282.442601 182.605547 180.471193 164.008369 172.189598 229.781045 200.79075 188.964946 213.201973 153.060123 153.897955 149.862878 170.118732 180.568392 176.166786 160.69118 152.842723 156.850647 156.954711 160.452293 169.972594
635.501023 706.728574 179.639134 538.941638 627.603031 228.717561 171.062503 403.398742 453.129548 505.871944 436.56282 216.632371 149.896923 163.006461 206.582232 206.762744 68.716505 281.483876 336.931073 284.032231 267.866634 273.981409 277.558478 274.482369 260.827374 310.217416 251.37632 279.678687 279.669769 287.455936 280.51754 280.477976 199.205543 173.490699 198.55899 199.291733 250.617835 247.54042 286.734134 283.212227 326.945123 189.750243 131.802421 132.452861 183.539022 199.337451 230.055822 239.663047 300.060313 233.37482 205.513905 220.085608 209.459169 193.895765 196.995283 202.883706 219.977011 297.156377 186.886331 155.204517 160.993225 180.649323 183.542882 176.956645 166.334441 153.954878 156.736117 156.993221 160.959149 192.423516
330.274708 220.304091 160.365078 427.55416 394.814142 213.671558 171.02847 189.32716 144.278332 414.250743 552.600301 418.431878 163.06576 186.796053 236.582264 68.716505 68.716505 256.539744 353.324602 420.121822 417.082021 426.852254 266.124013 263.973679 296.375867 329.17737 226.343323 240.371667 326.17028 329.52275 323.184267 310.376982 281.118392 167.961066 166.727275 220.316194 244.12094 279.982142 277.49388 267.750896 277.722943 199.541014 185.136211 242.852066 234.212802 254.134728 226.418702 283.803171 310.450334 217.217449 190.320589 260.290056 242.344437 198.004991 169.907776 176.4807 298.767374 319.435681 200.148177 154.569062 167.801842 167.333649 174.102003 177.652578 176.05419 185.822244 177.20511 173.99756 180.337475 274.467327
97.618629 138.025087 146.640166 336.490854 525.010267 454.860877 168.814543 162.677681 140.24194 251.109958 506.295815 530.66092 399.623731 283.239032 300.106706 251.843026 173.513822 261.627179 354.014081 416.631639 652.550931 464.118928 403.039304 376.582637 415.148366 287.426369 264.11098 267.9883 279.861026 360.001302 349.189376 293.948394 279.881832 204.509644 200.147544 217.174757 252.487064 256.726505 280.463877 280.921674 293.72254 246.56142 224.859962 249.171586 286.345199 232.369759 233.461628 323.617204 156.059377 15.87848 9.915382 41.942663 232.004079 200.781142 179.904311 170.057716 267.565564 332.075745 200.539701 159.689044 160.745146 157.282487 176.668298 202.649355 203.624868 190.883477 184.077918 171.32494 193.96233 334.132859
96.595862 142.773778 648.517624 196.420252 525.010267 827.109203 234.716489 203.750099 215.772026 259.842844 366.145032 481.319023 399.851721 378.89615 356.37759 252.171164 264.347742 266.888269 338.571825 393.093197 663.941789 576.407598 444.079009 420.69066 420.396558 374.127238 227.289247 273.475737 277.177625 346.502586 433.192149 417.277732 293.735977 252.891522 126.134322 127.852765 256.71084 257.389321 279.936712 245.544814 280.883892 260.713898 279.070241 286.71255 299.198332 207.40929 340.482726 155.836975 27.512993 9.915382 9.915382 29.371176 95.407434 170.262327 169.687572 162.926624 276.393508 309.718128 226.684118 153.330734 153.342176 176.371506 189.470875 202.963327 213.248917 200.045754 193.379029 214.2347 312.279719 403.636073
97.528973 143.898379 169.673787 138.465935 349.839726 142.054242 148.392575 258.512158 253.009332 312.933594 381.38009 489.32459 271.107477 269.589091 336.54804 341.349084 351.001871 267.453041 284.397054 391.34621 477.010352 594.29449 433.467626 317.667367 311.255533 356.638936 280.295252 313.614899 346.055777 353.182413 346.50429 397.795298 370.013879 281.366724 145.546241 172.498264 267.004679 274.105889 281.011266 251.760802 262.343126 235.907466 293.2895 316.76851 329.332508 268.894787 197.586715 80.692659 33.832412 16.082658 18.074673 45.715875 183.297037 70.933915 107.016468 173.005437 296.721559 296.161038 156.315129 153.335943 156.812555 167.400578 177.438178 206.426113 244.189313 242.568095 196.749973 245.153415 269.83843 298.453271
130.325504 132.791699 156.840802 155.914763 274.111565 509.651446 156.701122 244.191215 268.241415 251.589467 270.236402 261.563728 251.379997 248.137978 245.953185 268.478388 376.561159 329.539005 339.680072 376.774914 455.150426 552.341137 553.33505 463.824784 375.963221 300.926147 280.425795 301.043124 360.640345 334.219487 346.397149 344.124058 299.373398 284.300273 277.3556 280.272989 261.13373 283.813909 279.829849 280.217615 271.354202 165.087417 297.197485 317.146925 322.717961 280.829673 156.79187 90.866348 58.772925 36.8025 37.1702 111.621807 142.46916 103.094518 136.219979 160.325477 173.467693 81.878514 133.743197 146.516021 153.269923 157.008029 167.858671 196.405056 190.418047 176.841368 193.38258 264.126039 259.79168 291.106399
119.605802 156.580314 203.8471 173.671837 183.554249 485.821089 158.800084 216.436701 169.874887 137.760516 163.515508 316.594753 317.568356 255.519088 267.236256 268.710222 345.868696 383.258849 367.267233 417.08601 453.635942 546.869763 535.284686 488.256862 410.589037 259.579512 245.639786 250.894721 259.378607 313.708891 367.542426 360.262173 336.200813 347.175907 350.331498 296.842688 281.277373 309.34124 297.763253 273.885239 266.576778 124.88497 297.656359 333.550975 330.714645 241.155642 148.813659 106.718622 82.347444 77.481177 78.386588 139.621347 120.881662 126.92858 149.837057 156.844327 170.283177 86.072549 40.754829 68.266433 44.392689 153.168917 170.985877 187.628176 214.451657 88.636975 103.434875 167.980493 247.113378 426.565002
98.061687 143.053779 189.723496 35.748118 183.738443 525.010267 123.835942 134.496441 156.750261 144.867227 194.709299 413.965007 350.168814 246.570331 266.385615 352.754691 366.971442 381.86003 319.009036 320.41023 429.556075 563.738648 499.280484 494.058574 654.864306 337.212786 226.308576 251.31708 283.662069 295.964698 344.580343 353.024822 353.55129 312.927048 367.875739 332.963543 324.847332 267.778195 330.373222 279.79273 303.54733 134.327634 162.577233 228.121469 221.104561 201.330544 160.251441 127.215323 105.090546 52.418891 52.418891 150.034979 137.075011 146.047504 149.933574 147.17054 180.24125 86.316853 89.398182 111.365589 42.072186 130.859351 91.48349 71.344312 64.233826 78.884397 93.591829 97.710249 45.657386 43.067965
110.375286 126.976485 139.473011 35.748118 427.865061 525.010267 130.381396 145.437152 141.814755 213.112482 223.510198 552.872024 498.773895 174.238314 252.219316 247.805187 345.675301 388.120113 393.844444 378.978631 354.406334 446.644539 536.203844 567.321192 722.430265 720.454755 300.168709 273.497792 306.72053 272.567507 284.13708 353.620604 269.523704 283.021581 370.526988 433.936142 392.546488 286.909132 310.187468 276.56519 259.15594 148.573847 146.905283 165.889904 163.115399 211.523165 172.493027 148.337564 128.272244 124.066079 52.418891 159.595749 149.613524 158.917959 156.971211 163.429543 183.498161 159.85585 119.638457 87.017883 119.80198 89.628536 57.806393 57.874969 72.023742 83.743915 97.43001 67.056045 45.66567 43.992324
101.428219 130.575111 97.11643 155.832887 211.085628 525.010267 147.622745 147.622745 146.709156 146.553316 142.691087 328.8401 376.064862 193.367355 299.973538 297.509773 283.775178 383.368985 383.412881 430.007652 460.331847 452.442944 576.570138 572.611539 554.845018 723.133345 590.228391 345.986668 321.066117 341.856195 313.351596 413.65757 386.966325 351.062922 400.56504 423.24731 386.942972 349.725897 303.040803 293.935043 254.196685 206.92635 212.924213 181.902945 180.343936 227.787609 190.740805 168.023594 153.427939 149.682823 169.578165 174.470664 155.245764 167.16495 169.295718 179.657311 139.818772 126.688931 132.495555 128.951713 150.157686 104.140206 90.550955 120.854057 130.239942 110.991382 97.571952 107.389362 149.452425 160.845353
146.573185 140.271124 143.373418 127.627805 190.638998 525.010267 350.814117 325.935895 146.726215 146.726215 188.38684 220.673527 262.293808 254.386533 260.346931 253.112778 317.379246 364.161308 379.417042 383.60118 426.993843 499.860201 614.740536 740.347318 539.098099 611.31811 725.056068 485.762023 366.95143 382.030918 386.214578 393.916336 354.61966 387.503516 376.782269 426.928877 364.398887 350.18088 316.664846 277.659086 243.094478 212.68223 232.834565 212.640157 253.993768 247.796587 213.801817 190.311587 162.15919 165.176227 193.817897 192.611203 175.988693 186.664652 159.638535 182.855563 146.939483 133.011281 126.746178 153.492749 123.679248 120.748114 120.94049 133.07592 120.884116 117.660682 110.95951 133.041102 149.558306 166.513756
164.412683 138.023198 143.168216 110.078475 170.656464 525.010267 232.886129 525.010267 161.48673 142.747538 203.243279 201.166418 240.383623 250.897152 240.422696 276.138319 472.901865 498.958925 511.24807 429.900283 417.441235 450.244224 619.109801 801.68165 871.638189 735.883531 689.5022 644.468827 499.056581 393.405106 417.062542 409.95294 353.177464 311.112738 300.967919 310.290629 293.917631 229.314581 277.841695 206.532717 186.758455 192.097383 200.856869 131.806434 297.153293 269.078638 243.721489 219.596535 171.029911 181.623254 188.962246 176.946144 170.766177 211.950079 170.231526 139.577717 146.93277 139.692629 153.007469 130.046204 129.933506 143.215373 146.778527 139.593911 133.058589 129.934736 150.146077 169.836868 157.030781 166.588336
447.736191 101.220714 149.818267 164.377259 209.963341 297.622645 255.22941 525.010267 348.660477 129.614961 131.090645 158.078993 204.157929 229.0251 235.870922 286.496066 437.176093 525.010267 551.390343 598.325343 632.446934 633.828441 617.101584 801.393596 870.785494 909.308111 737.165828 697.875568 463.289592 456.180159 416.418841 419.215403 399.361904 350.447708 314.092227 269.695596 303.709868 219.157039 160.689776 274.687481 166.634911 186.747206 163.580324 115.858669 284.545281 282.594404 251.84003 230.440905 195.641538 161.568786 157.332191 169.961545 97.445759 180.29509 181.485779 136.238814 140.348304 152.958319 146.830221 139.796076 150.096087 159.572785 153.003932 147.002785 146.876896 177.460426 186.856763 171.795288 190.563452 170.691609
5250 126.401654 234.032177 164.640964 200.345052 203.537538 241.046573 439.461723 525.010267 219.696594 206.695929 223.903633 206.870253 216.615567 206.695579 185.954179 266.06437 443.603086 512.970441 570.008315 604.580194 764.491154 737.210635 931.472075 940.460017 934.808109 903.502561 734.285265 634.870656 443.883028 406.039709 390.091565 416.510858 433.065148 353.657359 317.324033 190.313753 193.488391 196.196116 173.861339 162.36553 204.138848 183.016767 149.959564 247.698072 253.893547 236.092156 242.967358 219.70347 187.051677 165.886204 170.557282 100.292892 196.141218 90.351755 152.630274 143.583341 153.076871 153.081674 164.090692 167.235335 173.273137 163.959276 157.251407 186.886924 186.321676 240.44522 223.982725 199.959653 171.103025
5250 882.327182 469.408636 254.946602 189.85208 190.677932 260.067125 243.906237 522.084244 447.491788 327.345378 202.862115 129.122795 127.94222 193.469637 220.109427 313.741429 333.361418 417.014925 509.892034 551.740188 659.486323 856.199914 901.550942 871.555067 935.849097 872.055407 838.895106 604.754581 463.319653 384.310662 344.34987 354.509573 427.38737 370.607106 327.167703 213.985549 162.636546 222.490753 176.280298 183.435197 206.773736 180.668451 166.756568 125.555769 244.620529 188.96291 250.012809 232.68001 209.424743 159.803246 169.639129 187.511462 209.353013 90.551854 148.933944 143.70385 146.608768 156.414888 153.265842 166.656201 176.749502 174.641294 177.005342 244.313747 219.512134 363.437196 343.591137 229.450781 170.249096
5250 5250 555.826831 551.356779 217.927264 176.850005 211.849566 273.457291 316.130577 352.360078 326.666369 138.968942 130.298239 139.568515 179.706496 183.531358 193.919092 241.563331 351.523061 436.61244 440.875526 549.927765 601.464595 825.010409 804.516169 772.071229 838.454966 770.918456 528.555783 457.127909 358.20033 417.347331 369.369331 327.838093 371.218979 200.476241 145.502747 173.245218 132.857166 136.888967 193.116657 237.070078 218.857544 159.971988 117.978536 129.978316 135.425608 217.796449 226.942965 203.490754 166.612127 163.340763 173.665118 205.585449 149.748486 126.904761 145.637341 153.251348 163.823015 159.374058 177.078326 193.23636 199.26859 226.652365 236.550394 436.561771 524.23983 419.892794 404.335328 323.331166
5250 5250 5250 645.887069 357.406241 164.179906 173.734193 212.386877 308.171908 349.65912 315.227572 289.431117 230.593053 163.384553 141.844955 157.649127 166.217127 215.211782 313.069179 348.901273 413.786229 525.010267 552.592394 633.859267 686.393102 735.206106 734.502176 740.00312 637.98844 512.556183 277.453563 281.27946 264.77094 217.704534 290.87895 268.10163 146.559704 149.712572 131.216236 139.723087 203.635766 223.285765 163.719492 142.980706 136.618919 156.99909 134.5785 157.719832 222.917378 239.158089 176.404737 116.048818 176.404468 188.248391 136.652154 127.609378 153.223209 160.777388 170.37409 155.887431 160.71376 186.724712 190.511819 296.173369 430.960573 1012.491637 961.476943 1003.978238 681.397775 488.153093
5250 5250 5250 5250 230.893034 128.419724 131.729049 191.027988 269.543215 209.644775 219.591763 253.424419 306.03396 307.62653 166.69697 147.628126 186.678221 277.397561 485.809521 413.210413 353.232708 391.545004 550.439471 549.746349 538.984791 627.035813 735.353455 568.361586 554.072377 470.616225 283.812176 159.684992 167.528455 206.639902 317.99677 307.780231 152.880341 148.977097 155.517849 135.902712 135.230038 219.620172 133.904051 136.231264 145.865979 169.551988 162.656297 170.098698 216.101361 260.701806 173.64702 113.502816 114.782124 193.170367 156.644567 153.200769 146.445977 160.310983 157.019591 159.432117 166.874295 173.636843 207.95205 376.594749 1089.704514 1402.89825 1303.474282 1170.98457 707.302682 553.093493
5250 5250 5250 5250 153.047908 100.168092 134.143954 175.286488 214.57476 186.60302 203.124194 221.316171 380.884818 213.381273 284.786183 339.69491 324.417774 383.67075 403.930545 475.617047 509.284293 571.898558 638.838376 534.939547 520.136478 496.192547 497.037494 427.299532 334.868744 286.744756 214.105573 167.045972 202.853013 270.34149 319.358836 340.457167 190.279093 169.970708 173.188767 146.212128 136.48513 159.889153 176.992318 211.298565 152.834417 179.726938 199.225114 162.931642 223.134801 208.752723 193.661517 154.639703 157.410408 179.928258 155.90294 146.022301 153.204673 163.811189 166.645139 159.921896 159.470532 149.85341 227.60663 792.254281 1240.266898 1272.717098 1241.199792 1110.954952 876.407512 605.119014
5250 5250 5250 509.650228 104.166538 127.632734 136.718314 154.710784 137.241349 163.419977 195.989357 216.503771 262.251994 262.8341 213.312117 189.940172 193.338966 292.783348 285.164829 337.658913 320.817684 525.010267 529.014404 553.105623 555.875835 516.690921 400.848682 327.601673 281.716335 327.862007 257.210145 147.240581 211.552713 266.760255 254.216033 145.863572 181.969289 197.601741 199.541715 181.142186 146.026719 142.310732 145.95211 193.17518 158.038677 160.932558 216.699529 173.358479 217.116881 137.153603 190.064274 156.852785 182.720751 167.933545 155.94415 143.050537 159.912226 176.398129 166.300627 156.200494 104.830177 123.795166 316.756266 643.608723 731.336639 1078.038655 1330.779774 1011.268334 945.139368 735.916821
5250 5250 5250 447.087797 130.472056 104.616904 129.680239 118.817802 146.400682 170.157874 184.940346 198.052421 215.053222 211.468345 223.767004 240.278486 174.368662 193.344364 191.252938 214.917578 218.522595 300.098541 250.307449 409.513007 407.056021 410.059888 383.540502 301.338384 271.407581 180.309989 159.280538 176.728441 159.796149 116.047329 119.184504 125.630011 153.834868 187.288321 215.012789 159.590026 159.11548 162.338812 153.112907 142.478516 152.957653 178.36742 200.16252 167.574691 148.083976 143.712835 152.839092 109.217531 199.503569 179.696504 155.885283 150.043181 160.011527 159.405331 146.291217 152.858206 170.785425 217.117631 189.560379 339.540068 1598.307359 1330.36509 1174.73872 859.717313 696.080591 550.689419
5250 5250 5250 5250 492.108403 105.750341 317.111424 272.458141 119.526611 153.024151 169.784639 187.541977 180.910057 206.017352 211.973604 205.346691 199.174906 179.543888 192.019678 153.075048 94.15882 158.803127 367.770551 452.216 329.555303 369.062806 197.919887 150.326202 237.885105 251.334146 52.167009 52.167009 239.74839 176.694326 129.252031 149.981864 178.002674 209.094045 216.633401 182.796185 155.402008 154.247856 181.680013 154.721369 113.906462 133.102213 96.984443 93.826175 102.548962 171.043038 176.42397 153.800469 186.656779 192.925732 159.74785 146.690324 166.66418 153.311643 149.122422 166.495793 163.430491 156.768711 148.429819 287.583577 874.898458 694.795886 597.900246 581.303794 441.597868 413.11252
5250 5250 5250 5250 5250 5250 352.768365 152.839978 109.021328 126.361004 155.865352 158.183515 173.82398 188.193483 194.08976 187.51274 166.479678 231.212674 280.65701 152.232374 161.315956 299.406808 310.737735 176.82116 157.841613 377.368526 333.61335 221.448142 147.825438 130.628717 202.956801 160.773338 141.112242 193.131581 128.082599 136.862981 145.60718 161.248224 172.5654 167.009478 151.014617 157.972517 87.161113 84.098968 95.983519 108.779146 121.757245 123.69954 102.990736 133.292904 173.666449 184.026737 205.890694 163.518299 149.284148 160.321191 159.713902 155.840604 160.89156 142.524075 143.47648 147.675845 276.666109 803.977039 554.611168 456.583105 366.844442 307.653052 263.88755 224.306571
5250 5250 5250 5250 5250 5250 5250 516.118695 135.407318 126.234006 115.559482 135.263032 157.369701 171.184182 181.313708 203.621851 211.035439 226.912966 167.504659 159.637323 156.883561 155.37586 171.445497 169.062459 178.540494 149.794212 343.067273 313.702794 218.029904 143.117098 166.359509 114.778528 134.310915 156.91845 127.888251 137.467605 147.04978 168.377354 209.917658 219.607552 216.343536 202.722668 109.669706 83.548828 86.867387 117.990073 116.884639 90.423227 90.163795 90.083566 136.891109 210.61965 220.365076 170.189252 136.386804 136.29272 156.73614 159.442727 156.261846 155.429867 136.068546 186.870849 350.341836 909.079849 671.085177 539.343702 389.792935 313.429797 269.048585 307.441672
5250 5250 5250 5250 5250 5250 5250 5250 5250 153.869316 112.985612 126.761944 169.755972 182.149023 202.439904 187.551345 184.307763 120.080976 108.605264 130.915979 152.813159 112.841835 135.139552 176.889975 188.705815 186.940465 216.368544 287.250525 244.647774 168.562229 156.603703 131.163847 138.209754 122.472947 113.403669 114.278955 146.151296 161.326842 187.514215 165.767848 138.913099 122.699564 129.550537 96.935335 129.793387 87.685709 108.03963 89.501247 143.428064 116.669252 147.360854 177.711044 177.598436 155.211736 170.616313 135.939574 115.282164 125.175003 112.453272 133.132038 127.394235 190.913811 766.374498 838.499897 776.445083 771.301104 610.324744 416.991696 355.653338 332.496293
