STOTEN_Data/raw/Age_yrs_50ft.asc
ncols         250
nrows         718
xllcorner     -2256000
yllcorner     1557000
cellsize      1000
NODATA_value  -9999
[rows 434 to 464 of 718, columns 71 to 141 of 250]
-9999 -9999 -9999 -9999 -9999 -9999 -9999 -9999 -9999 -9999 -9999 -9999 30 70.278864 68.728419 39.851663 27.83089 26.405499 24.357159 22.709524 22.362195 24.140599 22.756169 19.183433 19.183433 84.313514 1003.219633 5250 1170.279799 128.877131 28.369659 20.860236 40.631181 26.029766 25.78348 23.361338 25.988325 26.029922 26.435128 29.463378 34.976172 23.423034 24.052508 737.2836 27.179557 309.941709 330.128686 305.428011 220.246139 34.363943 17.743627 52.565504 32.277374 16.673539 17.002654 17.062157 12.611513 11.780726 13.046418 13.758195 15.078227 13.034772 12.556458 13.370779 13.370779 11.366907 12.362743 12.362743 12.672691 12.323528 14.695925
-9999 -9999 -9999 -9999 -9999 -9999 -9999 -9999 -9999 -9999 -9999 -9999 -9999 71.372319 71.350452 32.965982 32.975808 20.843236 18.053592 18.729048 25.098425 25.093446 22.756169 22.408371 20.595386 189.883792 853.296108 5250 884.410322 190.45853 39.795502 39.447339 39.918687 25.762514 24.589856 30.09969 29.585828 29.8826 26.141803 25.459887 25.32238 21.098397 26.743951 42.407044 203.110269 416.284251 37.526808 21.084189 252.57158 179.725263 142.86967 57.610207 41.408743 19.337973 17.932244 14.410774 12.994872 11.795183 12.653054 12.195924 13.759601 12.093335 12.556458 13.370779 13.370779 15.560884 15.562669 15.713476 12.323528 12.323528 14.695925
-9999 -9999 -9999 -9999 -9999 -9999 -9999 -9999 -9999 -9999 -9999 -9999 -9999 48.176599 25.373551 27.825756 32.04242 19.360388 19.189873 18.729048 21.987932 23.35276 22.366206 22.366206 20.595386 498.764919 850.575495 5250 1202.025274 397.891373 40.238832 38.453118 38.082684 22.910196 19.363385 27.730777 25.495553 98.911997 26.135155 19.341768 19.07434 19.075893 25.721668 24.982043 23.111407 247.865797 44.458134 21.084189 258.972375 104.723539 170.78189 136.067196 85.819903 28.997378 18.31809 53.561452 95.046181 59.648043 19.085305 12.195924 13.759601 45.335088 21.44376 17.791962 11.299318 15.560884 15.560884 15.3762 17.432171 17.397547 13.776048
-9999 -9999 -9999 -9999 -9999 -9999 -9999 -9999 -9999 -9999 30 10.554415 27.054126 27.054126 25.360159 24.103479 30.801225 35.972222 17.351459 19.389968 19.672577 23.35276 29.070023 79.839159 229.697565 525.010267 699.36235 5250 2217.578187 512.607447 39.904804 49.546496 31.606562 30.930493 30.196413 19.397847 19.016319 140.038461 54.415758 20.802653 29.855144 32.845786 22.435201 22.435201 23.111407 109.68933 45.777971 12.915127 19.867974 70.086387 86.831796 41.672147 148.873365 120.714169 89.089383 40.787956 26.953232 89.51852 51.625051 50.568409 45.367479 45.335088 21.44376 21.44376 23.683157 23.35704 19.739941 17.430744 17.430744 17.397547 15.876816
-9999 -9999 -9999 -9999 -9999 -9999 -9999 -9999 -9999 -9999 -9999 -9999 16.503869 23.345993 51.736124 79.461848 69.581962 51.964185 17.351459 21.098537 17.357588 30.982062 33.033792 62.22396 87.123604 481.746974 850.987548 5250 1449.13917 559.827268 307.132673 170.599946 21.061171 21.061171 30.051504 28.71587 23.003934 31.691358 31.691358 24.396564 23.411343 32.805675 21.128257 21.086496 213.74887 316.431555 297.766385 8.94319 176.229565 129.869856 60.410708 17.622565 56.492676 33.301207 19.072821 15.999786 14.094082 39.352525 42.035334 41.220417 15.30198 13.215254 27.050959 49.326137 23.683157 23.683157 12.320312 12.320312 14.742785 14.385746 14.385746
-9999 -9999 -9999 -9999 -9999 -9999 -9999 -9999 -9999 30 46.187329 -9999 64.320951 23.02485 24.422617 93.300216 56.703876 72.824679 72.481981 47.481329 17.357588 43.888418 51.814867 24.986295 53.992846 486.939182 961.185944 1707.350565 1318.95377 989.546441 163.548247 93.411727 56.235561 19.05995 21.427115 21.427115 23.754973 21.35346 29.788535 26.432177 26.432177 19.057664 19.093168 21.065864 147.514378 247.659476 182.485426 221.836432 177.51786 101.021715 46.236567 24.712619 21.518975 16.356362 19.424365 18.40497 16.517863 18.380976 18.787505 17.437436 17.40818 13.215254 13.215254 15.67761 12.575104 12.496932 12.320312 12.320312 14.445824 12.679926 13.729025
-9999 -9999 -9999 -9999 -9999 -9999 -9999 -9999 -9999 45.529076 46.187329 57.957346 30 79.077218 79.077218 89.788781 53.218078 76.183864 35.12182 56.069144 22.042608 34.331777 51.814867 24.986295 390.799529 486.912315 968.842877 1667.740011 1446.658197 1246.279083 660.784641 23.08474 23.08474 19.05995 21.040188 21.744118 19.052977 19.052977 21.162075 21.133162 25.72468 15.189331 15.189331 23.07671 111.296595 316.051382 170.591259 136.122432 31.186888 56.989755 51.038964 24.712619 24.712619 20.070203 19.7077 17.33132 16.552448 16.522519 19.110392 14.983223 14.445938 16.732366 16.732366 15.67761 15.67761 19.283046 15.677319 14.297844 12.679926 12.679926 13.729025
-9999 -9999 -9999 -9999 -9999 -9999 -9999 -9999 45.567597 46.210765 -9999 -9999 -9999 79.077218 79.077218 93.458921 63.750751 19.124194 27.863149 49.246021 27.987854 27.987854 58.93055 124.033117 276.294337 454.300869 962.076186 1666.595403 1168.051988 850.144772 854.718016 413.191855 172.537799 26.07214 26.064083 22.406598 21.309033 21.050579 38.062048 29.764515 19.515407 18.247285 15.219659 31.23049 32.281121 57.36139 291.320541 140.500012 48.247822 74.594118 75.574331 22.710679 27.07637 20.070203 20.070203 15.03476 18.718208 22.327293 17.072971 16.084521 14.445938 15.322401 18.456986 16.354066 16.354066 19.283046 19.283046 13.007306 16.385432 16.384927 16.987295
-9999 -9999 -9999 -9999 30 -9999 -9999 46.275286 46.220105 46.210765 -9999 30 20.669028 20.669028 46.324488 49.252516 63.903 70.357561 76.465624 63.181012 43.284406 27.987854 47.347718 46.696935 237.178293 677.116311 931.997299 1175.134734 1418.40222 850.144801 533.666747 614.188242 213.19559 46.50259 23.739343 26.651184 24.741537 25.056583 28.662944 23.546527 20.548158 20.529829 18.125392 28.110242 58.743309 57.428027 47.355105 22.05494 95.478201 42.86038 36.209446 27.454678 36.953853 34.057803 19.967317 14.79823 14.79823 22.327293 18.748192 17.72913 14.381947 14.756882 18.456986 15.186233 12.301219 14.726277 14.726277 12.823628 12.823628 16.384927 14.292835
-9999 -9999 -9999 -9999 30 30 30 46.275286 -9999 46.773065 30 30 20.669028 20.673149 49.462667 49.358136 56.75013 66.939806 76.39426 63.465949 60.152672 17.438624 29.795658 46.696935 248.241294 350.406668 745.671998 1175.086675 961.304992 751.968333 758.562043 247.140145 274.01648 90.768982 23.737028 26.141753 25.680297 21.856796 18.661272 18.323577 20.14838 20.856049 23.734806 24.371987 25.112148 57.396377 57.065348 22.05494 93.06677 41.825988 15.363989 20.283014 36.953853 43.060133 22.309803 18.106437 15.556087 21.680855 19.681077 18.707132 15.500071 16.158158 15.391007 16.104052 12.452012 14.416332 15.446634 11.461022 11.461022 15.834406 15.834406
-9999 -9999 -9999 -9999 -9999 -9999 -9999 -9999 30 46.773065 46.369703 30 49.01894 -9999 49.592097 49.462667 82.985674 83.018827 66.862537 66.483818 60.152672 16.825008 19.058563 53.766049 118.282415 247.656039 678.473218 1075.922228 568.272383 705.768722 453.700601 245.791016 49.183169 19.349595 223.462108 152.754721 36.049009 22.169005 20.543006 19.368506 19.765001 20.310151 24.760872 24.772998 23.028895 22.955041 26.779831 23.350744 30.051025 52.264203 80.474704 35.832991 10.188222 13.337974 23.986724 19.11558 15.556087 17.046291 16.42645 16.176735 15.814319 16.115314 15.123378 17.010691 16.365581 16.365581 14.991801 13.98805 11.923003 13.068947 13.068947
-9999 -9999 -9999 -9999 -9999 30 -9999 -9999 -9999 46.369703 46.369703 -9999 -9999 46.245478 51.116654 57.53396 76.797678 46.160514 63.515731 76.811097 76.214775 15.979035 15.979035 53.766049 61.084793 146.798928 446.321806 481.782167 522.139927 676.286737 277.794163 217.132639 73.155879 19.349595 215.325954 74.407732 40.461419 28.192505 30.492911 19.368506 20.348593 18.794516 17.409955 18.320951 23.769322 24.088264 26.779831 217.786857 206.639658 116.15048 136.463303 39.874059 22.748802 64.521813 136.122539 48.732067 18.461854 18.448923 16.451609 16.078643 16.060681 15.059445 15.010759 17.010691 16.691348 14.660139 13.006526 13.00587 14.082595 14.082595 13.068947
-9999 -9999 -9999 -9999 -9999 -9999 -9999 -9999 -9999 -9999 30 -9999 -9999 -9999 -9999 -9999 -9999 25.413353 63.494429 73.410083 69.726856 48.142954 49.187942 50.156326 50.156326 115.740369 59.154408 62.448525 142.801514 136.428591 323.391836 63.948081 43.066315 22.273766 22.273766 59.204031 38.940767 27.804839 20.282882 22.061266 20.390445 18.667334 18.662153 19.349623 18.406482 19.379638 201.498828 305.380653 259.887967 52.501027 52.501027 48.967045 179.637505 74.070048 51.070018 26.963743 14.779607 17.680576 15.358811 15.788394 15.774896 15.683902 15.421616 15.321078 15.322864 14.645442 13.079698 13.014223 13.762509 13.028498 11.703196
-9999 -9999 -9999 -9999 -9999 -9999 -9999 -9999 -9999 -9999 -9999 -9999 -9999 -9999 -9999 -9999 -9999 -9999 76.995039 76.995039 66.139475 66.139475 49.087187 15.017108 15.017108 55.259192 55.259192 62.448525 63.283731 55.338799 210.638864 90.674242 43.066315 22.273766 39.882874 18.717464 18.705254 18.367635 20.282882 20.665914 18.98722 18.89476 21.824854 18.389746 18.407722 19.050611 36.236726 52.501027 88.963808 44.120004 126.783974 99.422541 33.033145 40.072746 42.836573 38.939767 16.659091 18.029423 19.630723 19.727781 17.942102 14.384045 15.421616 15.321078 13.563414 14.717043 14.717043 12.240471 12.356728 13.028498 12.374539
-9999 -9999 -9999 -9999 -9999 -9999 -9999 -9999 -9999 -9999 -9999 -9999 -9999 -9999 -9999 -9999 -9999 -9999 30 76.623203 57.313268 53.51371 59.563165 59.563165 15.017108 28.401451 28.401451 50.053912 50.053912 55.338799 72.9109 32.701549 18.720162 18.720162 35.358032 18.717464 20.026062 17.677143 22.64843 23.279449 18.98722 18.881047 21.553136 20.119887 20.770431 18.675228 24.968502 52.501027 20.209446 23.897731 109.03217 60.194906 36.90682 52.934925 38.168378 38.168378 32.734107 31.682554 23.258698 19.630723 19.679706 19.375446 14.268111 13.764605 12.967529 14.717043 14.974199 12.834813 13.045847 12.04582 12.37938
-9999 -9999 -9999 -9999 -9999 -9999 -9999 -9999 -9999 -9999 -9999 -9999 -9999 -9999 -9999 -9999 -9999 -9999 -9999 76.648356 76.797755 23.465388 29.467021 52.249068 59.704922 59.704922 28.401451 35.637508 22.681045 47.837723 51.815268 32.701549 18.720162 22.289575 31.272039 28.451535 28.470523 17.677143 17.675545 16.892472 17.807997 17.845017 18.607613 18.709406 18.418419 20.391373 26.352989 52.501027 27.21013 23.897731 38.30306 20.971386 24.395789 39.710302 61.452983 38.168378 87.789538 23.916174 23.916174 28.641142 21.558025 19.375446 14.268111 15.623139 15.430354 15.430354 15.948545 13.284776 13.045847 13.94616 13.94616
-9999 -9999 -9999 -9999 -9999 -9999 -9999 -9999 -9999 -9999 -9999 -9999 -9999 -9999 -9999 -9999 -9999 -9999 -9999 76.359732 76.390719 18.335198 18.335198 42.451562 45.389257 54.412501 20.328524 20.328524 22.681045 47.716142 22.773506 16.36174 18.273974 22.289575 31.272039 24.756779 22.101607 20.262215 19.625731 16.892472 17.146803 20.004699 18.143015 18.165548 20.387684 20.740896 21.126677 52.501027 52.501027 243.303571 80.229949 20.368353 23.322071 27.602534 136.442405 117.784026 106.556769 31.166912 23.916174 20.027573 20.027573 15.312797 15.746482 15.623139 15.430354 16.727749 14.334145 14.334145 14.002099 13.94616 13.94616
-9999 -9999 -9999 -9999 -9999 -9999 -9999 -9999 -9999 -9999 -9999 -9999 -9999 -9999 -9999 -9999 -9999 -9999 -9999 66.870513 57.056379 18.72915 18.72915 27.349344 28.319416 54.415677 54.109654 54.060718 17.017786 18.432628 22.773506 16.36174 22.292758 17.931276 22.020507 22.014898 22.101607 22.107382 18.906089 19.892005 19.904174 19.753713 19.046409 16.396515 18.6474 17.569908 30.266561 52.501027 52.501027 32.154123 25.393287 27.400009 19.922118 23.369973 98.677005 28.064211 2.445731 2.445731 21.021074 21.021074 20.027573 15.312797 32.986249 54.57825 35.980995 17.247341 14.302263 18.289688 16.444061 16.444061 14.850431
-9999 -9999 -9999 -9999 -9999 -9999 -9999 -9999 -9999 -9999 -9999 -9999 -9999 -9999 -9999 -9999 -9999 -9999 -9999 -9999 57.097575 24.648835 18.577659 24.176428 27.760062 47.35575 53.323867 54.060718 17.017786 54.331519 22.315802 22.292758 22.292758 17.931276 17.891122 15.773136 22.028786 22.028786 18.906089 19.003605 20.01276 19.163258 16.42067 16.942144 18.422295 19.093192 21.716466 17.596159 25.500342 27.096822 23.368968 87.331918 209.062784 160.264881 95.093718 48.327734 4.631234 2.445731 4.597308 4.597308 199.145968 46.572218 32.986249 54.638763 29.625921 23.069609 23.069609 18.289688 16.439427 17.936788 14.755072
-9999 -9999 -9999 -9999 -9999 -9999 -9999 -9999 -9999 -9999 -9999 -9999 -9999 -9999 -9999 -9999 -9999 -9999 -9999 -9999 73.314426 106.038919 18.314889 20.400967 26.475226 16.396281 16.764592 43.657752 54.359295 54.331519 22.315802 52.336465 20.659756 19.380177 19.380177 15.773136 15.773136 19.333185 24.965135 26.956349 20.01802 18.232401 17.553234 21.131528 21.668744 20.26478 20.670438 21.035801 9.30778 4.919005 21.327418 90.038776 193.591704 94.114856 35.309647 27.357893 17.258719 7.419576 4.597308 4.597308 37.579179 118.888316 105.270544 36.395625 29.625921 23.083381 29.012183 30.400684 30.608961 18.320818 14.755072
-9999 -9999 -9999 -9999 -9999 -9999 -9999 -9999 -9999 -9999 -9999 -9999 -9999 -9999 -9999 -9999 -9999 -9999 -9999 -9999 61.941689 175.946743 153.915428 17.339377 17.352268 16.540343 16.764592 31.092431 17.664756 48.64096 59.520466 59.520466 20.659756 20.659756 16.702883 31.417971 31.417971 19.333185 23.676019 22.387772 16.665616 16.696596 16.786402 17.300791 21.131528 18.316917 17.975564 20.606687 8.787053 4.919005 20.936488 79.756359 36.900619 36.900619 36.567863 27.357893 21.640828 27.294152 17.500899 5.679671 8.304358 65.421214 52.088441 42.401837 39.862797 29.011846 29.012183 38.992708 39.415532 16.387527 14.617406
-9999 -9999 -9999 -9999 -9999 -9999 -9999 -9999 -9999 -9999 -9999 -9999 -9999 -9999 -9999 -9999 -9999 -9999 -9999 -9999 127.393274 203.155907 208.05667 24.327983 19.272669 19.048154 21.272757 17.479377 17.664756 35.3188 19.171309 59.598235 59.519623 48.779131 16.702883 17.771847 17.744006 15.520446 15.520446 21.340626 18.011846 16.665616 16.725073 18.402336 17.330191 17.738384 18.370258 21.332956 36.231225 52.501027 32.380223 102.014905 36.900619 68.85301 36.912046 20.687923 19.456879 25.755107 21.127182 20.914442 20.914442 17.115029 32.473052 45.699698 39.862797 40.524771 30.055362 39.17189 39.17189 16.387527 20.064241
-9999 -9999 -9999 -9999 -9999 -9999 -9999 -9999 -9999 -9999 -9999 -9999 -9999 -9999 -9999 -9999 -9999 -9999 30 125.243571 242.548771 185.201104 212.017709 69.148918 19.278502 19.204372 22.035017 17.285109 19.593935 18.664179 19.171309 59.598235 52.164522 59.35074 52.278425 47.224728 17.744006 17.170369 18.431331 17.711822 17.644867 16.675612 16.345247 17.049908 18.64293 18.637965 21.720012 22.116781 20.252357 10.209902 3.988863 270.86494 165.479184 149.419522 36.912046 83.496313 90.584699 34.449604 19.87703 20.914442 20.914442 16.330238 16.625808 16.100421 40.620025 40.620025 26.330735 15.694706 32.550366 28.819389 28.802679
-9999 -9999 -9999 -9999 -9999 -9999 -9999 -9999 -9999 -9999 -9999 -9999 -9999 -9999 -9999 -9999 -9999 30 20.965947 58.501523 212.380327 299.51843 223.112554 115.95704 21.578869 16.982196 16.623826 17.285109 19.975934 19.372299 21.383529 18.525289 18.525289 62.791449 59.473611 45.20814 54.268895 39.239889 19.290223 18.650059 17.711822 12.745804 13.101583 17.633013 18.307228 18.66635 17.36174 16.855109 18.151628 8.18298 3.988863 271.475386 170.470345 113.335041 136.765839 157.692858 151.360822 87.937021 34.751723 16.387862 4.234999 16.625808 16.625808 16.100421 16.265944 12.784027 15.694706 15.694706 27.03805 19.374793 17.671707
-9999 -9999 -9999 -9999 -9999 -9999 -9999 -9999 -9999 -9999 -9999 -9999 -9999 -9999 -9999 -9999 -9999 -9999 20.965947 20.965947 277.556251 151.621768 177.446123 129.980259 27.19375 16.983504 20.78262 19.701694 20.591021 20.487228 21.383529 19.692813 20.734778 47.77512 47.896063 48.764042 54.274591 49.165659 50.498186 27.425323 14.766856 13.016276 12.745804 15.110542 16.758781 17.054524 17.391346 15.94896 26.544832 15.182752 21.793749 254.118233 174.258263 114.905734 130.006793 118.131718 51.343162 37.913456 40.752232 21.664613 2.537697 2.537697 222.70443 16.265944 16.265944 12.784027 28.005176 17.627129 14.998739 14.998739 17.671707
-9999 -9999 -9999 -9999 -9999 -9999 -9999 -9999 -9999 -9999 -9999 -9999 -9999 -9999 -9999 -9999 -9999 -9999 -9999 -9999 111.024172 111.024172 125.697992 32.867854 34.582686 41.781136 25.953767 20.028827 21.16707 20.281634 20.982306 20.982306 20.701937 32.534198 44.596503 17.346549 17.346549 62.857449 54.461475 40.411557 48.246371 34.47975 23.916121 15.110542 15.4529 14.436391 35.973023 26.544832 9.905088 15.182752 19.184381 267.582786 236.669045 150.401526 167.576551 117.769896 87.717382 59.497241 25.707021 17.349025 2.537697 2.537697 233.390018 118.802757 68.56554 43.827339 37.54959 17.627129 17.703476 17.050821 16.941788
-9999 -9999 -9999 -9999 -9999 -9999 -9999 -9999 -9999 -9999 -9999 -9999 -9999 -9999 -9999 30 30 -9999 -9999 -9999 107.407607 86.671857 24.656234 26.780589 31.33131 41.715655 26.948574 24.935917 25.291635 20.274086 21.974991 25.432847 30.677966 47.100339 44.805485 17.346549 17.737289 15.042638 17.395248 49.88416 48.347237 45.024211 38.333729 21.653112 16.941932 14.436391 29.568501 38.502396 9.500342 4.486881 34.731545 270.088957 159.650097 129.635581 136.805083 97.797446 77.345705 41.195692 22.538132 11.760732 3.15509 2.632407 158.662177 143.409074 72.426776 21.663672 17.692127 17.26076 17.26076 17.050821 16.166716
-9999 -9999 -9999 -9999 -9999 -9999 -9999 -9999 30 30 -9999 -9999 -9999 30 -9999 46.733464 -9999 -9999 -9999 -9999 30 196.829368 134.86653 47.098019 33.485477 32.285926 27.235491 24.822083 27.79219 30.026154 34.656943 43.321722 43.618323 36.085423 20.322209 19.355155 17.745275 15.042638 15.807169 19.045236 18.969021 16.408181 43.939377 27.068425 31.670867 18.802597 20.695608 43.544148 19.501711 4.486881 107.511742 119.506503 22.643926 78.077364 136.835195 66.005025 50.810207 25.512369 18.01723 11.760732 11.760732 2.632407 33.457391 33.457391 53.476249 43.201575 17.692127 22.372644 37.570418 16.738437 16.738437
-9999 -9999 -9999 -9999 -9999 -9999 -9999 -9999 20.6798 30 30 55.494215 55.494215 -9999 54.557361 -9999 54.731794 56.007388 69.003954 167.151654 223.099831 171.987293 89.154609 33.691816 33.478038 29.810085 34.829461 34.856575 34.903093 38.100694 24.646354 23.01414 18.610559 18.511906 20.322209 18.698795 21.140049 21.280029 18.84583 19.045236 19.298389 16.718754 42.181121 43.699158 36.343688 22.597117 17.983885 8.768383 7.078303 56.739354 52.501027 62.459808 26.791 82.177962 170.394954 121.06212 60.89607 35.509911 22.543023 22.540841 22.540841 84.330327 263.179452 33.457391 44.283316 44.182852 40.204367 39.962359 38.383474 16.738437 37.883099
-9999 -9999 -9999 -9999 -9999 -9999 -9999 -9999 24.35979 26.294578 49.963183 55.390851 55.494215 58.534296 53.734478 67.105906 76.598228 80.211608 84.917055 72.829401 260.153444 142.121076 169.848738 140.895216 43.678182 36.701012 29.919945 25.300117 27.155637 26.003194 17.995051 18.639939 20.706414 21.224993 19.674323 17.65557 21.140049 18.241358 20.000701 19.164608 17.610746 16.718754 21.406313 21.545284 42.570488 29.407603 17.97385 12.013428 7.078303 0.870023 56.994057 26.53602 23.757012 27.677459 65.067739 56.281638 77.684912 51.029962 30.046254 22.540841 3.874059 16.443532 307.593709 28.381017 28.381017 44.283316 39.189222 39.156254 38.448188 38.051916 37.903018
-9999 -9999 -9999 -9999 -9999 -9999 -9999 -9999 24.35979 24.35979 76.651753 76.624496 60.161601 53.834634 53.734478 66.957272 64.013175 82.745459 66.54372 55.678357 257.262591 183.552355 134.013148 50.308536 30.875491 29.245105 38.569852 24.013814 19.851801 18.586047 22.489328 21.894952 22.042532 21.417078 20.40326 20.656759 17.42234 17.000994 20.000701 20.170088 17.824471 18.667278 20.885175 21.545284 39.30301 33.31018 18.192444 12.042131 0.870023 0.870023 35.773724 8.352858 19.056036 17.762187 36.611191 50.0901 56.958248 45.268625 26.36386 9.541533 3.874059 3.874059 110.986858 17.383631 17.383631 40.147869 39.875298 39.189222 38.448188 38.423239 37.954029
