STOTEN_Data/raw/Age_yrs_100ft.asc
ncols         250
nrows         718
xllcorner     -2256000
yllcorner     1557000
cellsize      1000
NODATA_value  -9999
[rows 186 to 216 of 718, columns 0 to 69 of 250]
-9999 -9999 -9999 -9999 -9999 -9999 -9999 -9999 -9999 -9999 -9999 -9999 -9999 -9999 -9999 -9999 -9999 -9999 -9999 -9999 -9999 -9999 -9999 -9999 -9999 -9999 -9999 -9999 -9999 -9999 20.183656 31.023115 31.023115 36.080699 36.080699 38.78558 39.527511 39.724222 41.902577 41.902577 42.189114 33.702083 22.032225 24.351335 24.358961 27.372999 27.012557 27.449797 28.104025 28.049421 28.747174 29.696984 32.241176 136.256937 776.071755 95.111091 52.501027 52.501027 35.686066 38.058762 72.11198 304.427114 147.987158 179.709669 126.754948 92.98424 83.3777 103.473353 57.667049 18.693114
-9999 -9999 -9999 -9999 -9999 -9999 -9999 -9999 -9999 -9999 -9999 -9999 -9999 -9999 -9999 -9999 -9999 -9999 -9999 -9999 -9999 -9999 -9999 -9999 -9999 -9999 -9999 -9999 -9999 -9999 20.183656 31.745097 34.754719 41.518852 41.541166 38.78558 38.78558 35.062863 36.103624 37.734129 23.624026 23.624026 22.051771 22.939139 23.376251 23.30875 23.256491 27.783873 28.092016 28.132628 27.81582 27.072265 47.286193 97.950599 1258.369498 1827.302067 66.553449 40.68263 46.624785 46.624785 34.598303 57.147656 332.902592 306.178997 167.153387 136.026078 150.012394 120.094319 74.728544 37.826528
-9999 -9999 -9999 -9999 -9999 -9999 -9999 -9999 -9999 -9999 -9999 -9999 -9999 -9999 -9999 -9999 -9999 -9999 -9999 -9999 -9999 -9999 -9999 -9999 -9999 -9999 -9999 -9999 -9999 -9999 31.772658 31.772658 34.754719 34.754719 32.095937 32.455119 32.455119 35.062863 35.062863 37.734129 28.719798 23.393448 23.937799 23.943391 23.286927 23.298746 23.276413 26.708299 28.083498 28.109166 28.101639 27.108236 36.62425 61.593268 671.620986 5237.645448 110.403625 40.898786 44.223289 70.481574 97.72713 223.194275 389.903533 305.451352 182.626092 155.988333 146.395937 136.287882 62.037965 30.456783
-9999 -9999 -9999 -9999 -9999 -9999 -9999 -9999 -9999 -9999 -9999 -9999 -9999 -9999 -9999 -9999 -9999 -9999 -9999 -9999 -9999 -9999 -9999 -9999 -9999 -9999 -9999 -9999 -9999 -9999 29.729057 33.068051 32.123171 32.123171 32.095937 32.095937 28.037445 33.347774 33.349986 39.746495 39.746495 23.345607 25.640851 28.346835 23.470817 23.468669 23.395072 25.399854 28.401254 28.744802 28.686226 26.914967 29.584172 56.179967 500.249621 5250 90.950961 52.501027 52.501027 117.432768 143.816643 100.612644 403.958796 313.374495 276.034573 165.603083 155.475007 130.265606 62.233801 29.704528
-9999 -9999 -9999 -9999 -9999 -9999 -9999 -9999 -9999 -9999 -9999 -9999 -9999 -9999 -9999 -9999 -9999 -9999 -9999 -9999 -9999 -9999 -9999 -9999 -9999 -9999 -9999 -9999 -9999 29.729057 29.729057 33.068051 32.460317 30.067707 31.099174 31.099174 28.037445 28.037445 33.372955 33.787443 33.8222 31.398256 33.317216 31.067406 24.678726 27.374919 27.081489 27.910471 28.075452 28.347748 27.105524 23.698599 23.185396 150.297842 420.954722 5237.645448 87.691976 54.794461 61.949264 150.358857 157.261923 75.041098 301.032751 369.637124 305.427162 183.325944 156.473088 81.103267 50.928487 51.503996
-9999 -9999 -9999 -9999 -9999 -9999 -9999 -9999 -9999 -9999 -9999 -9999 -9999 -9999 -9999 -9999 -9999 -9999 -9999 -9999 -9999 -9999 -9999 -9999 -9999 -9999 -9999 -9999 -9999 26.343916 26.332341 25.50815 25.50815 30.067707 30.736956 27.047117 32.414207 32.414207 38.297301 34.658905 33.8222 36.310025 32.032725 33.998736 33.031101 30.355484 27.013866 28.075036 33.457137 32.788297 23.727227 23.686095 23.479591 160.160449 1414.939437 161.608596 127.885378 92.265413 91.390711 73.489458 191.422757 151.961296 334.438782 431.325365 356.632486 303.344927 156.072284 118.173538 38.187349 71.884612
-9999 -9999 -9999 -9999 -9999 -9999 -9999 -9999 -9999 -9999 -9999 -9999 -9999 -9999 -9999 -9999 -9999 -9999 -9999 -9999 -9999 -9999 -9999 -9999 -9999 -9999 -9999 -9999 -9999 30 26.332341 25.50815 30.052431 26.983028 26.983028 27.047117 32.379411 31.807542 33.591481 33.591481 41.765944 35.771693 24.402262 31.370392 27.812909 23.655581 23.494475 27.134681 30.998956 31.675885 23.269765 23.070909 31.772887 126.886564 1459.005436 94.363394 73.473228 34.99914 52.501027 52.501027 397.260362 400.237368 224.106011 506.161955 428.415485 396.263657 196.407994 160.118561 52.809717 85.146688
-9999 -9999 -9999 -9999 -9999 -9999 -9999 -9999 -9999 -9999 -9999 -9999 -9999 -9999 -9999 -9999 -9999 -9999 -9999 -9999 -9999 -9999 -9999 -9999 -9999 -9999 -9999 -9999 -9999 27.798164 28.697562 28.697562 30.052431 26.983028 27.39459 29.835247 29.835247 31.126441 33.048379 33.591481 31.97879 31.97879 23.348092 23.439809 25.136753 23.382468 24.708259 27.980067 28.063188 26.702574 23.151862 23.058907 32.41093 66.915933 1463.873001 158.075597 47.911524 32.104232 52.501027 47.217231 39.688521 39.688521 46.937138 96.193481 504.954242 430.86772 370.177636 305.479371 107.434671 107.65454
-9999 -9999 -9999 -9999 -9999 -9999 -9999 -9999 -9999 -9999 -9999 -9999 -9999 -9999 -9999 -9999 -9999 -9999 -9999 -9999 -9999 -9999 -9999 -9999 -9999 -9999 -9999 -9999 -9999 27.798164 28.799691 27.814591 27.109057 27.109057 27.39459 29.835247 29.790879 27.041371 27.041371 30.385732 31.97879 31.97879 23.239198 22.699949 23.970507 24.363514 27.003374 27.443115 25.786028 24.091752 24.439343 25.698766 31.252933 38.198174 944.329444 68.660392 44.943232 30.395413 38.959069 56.353643 42.660624 38.751497 62.550803 74.249564 742.933927 485.804961 321.798197 396.250356 164.195059 111.271329
-9999 -9999 -9999 -9999 -9999 -9999 -9999 -9999 -9999 -9999 -9999 -9999 -9999 -9999 -9999 -9999 -9999 -9999 -9999 -9999 -9999 -9999 -9999 -9999 -9999 -9999 -9999 -9999 -9999 28.664855 28.664855 27.814591 27.109057 26.563721 27.092659 27.092659 29.797463 27.041371 27.041371 34.680796 34.680796 29.724307 22.464207 22.448811 22.464764 22.41031 25.606959 24.040035 23.703548 24.706132 24.671751 24.116862 30.611742 55.714894 310.689608 1518.225748 55.473836 41.511172 58.263795 87.971182 70.320739 66.048278 77.505202 57.784812 744.700733 696.837677 412.569494 473.280952 309.477118 150.027128
-9999 -9999 -9999 -9999 -9999 -9999 -9999 -9999 -9999 -9999 -9999 -9999 -9999 -9999 -9999 -9999 -9999 -9999 -9999 -9999 -9999 -9999 -9999 -9999 -9999 -9999 -9999 -9999 -9999 27.374789 27.374789 27.031739 27.031739 26.563721 27.092659 27.060736 29.323721 29.323721 33.023904 34.680796 34.680796 36.458257 36.388491 22.107985 22.091592 22.044658 25.346704 24.079615 22.994213 23.070367 26.02659 24.963519 24.95616 50.042997 133.117495 2839.839867 132.018112 84.30037 104.61265 104.997727 91.946587 111.101434 76.245102 52.277374 949.576266 742.937615 743.076009 743.076009 426.270651 216.792151
-9999 -9999 -9999 -9999 -9999 -9999 -9999 -9999 -9999 -9999 -9999 -9999 -9999 -9999 -9999 -9999 -9999 -9999 -9999 -9999 -9999 -9999 -9999 -9999 -9999 -9999 -9999 -9999 -9999 27.374789 27.374789 26.991574 26.738609 26.567327 26.337934 27.060736 29.323721 29.082719 27.005569 27.005569 29.488282 36.458257 36.458257 21.723144 21.642859 22.067575 22.405387 22.417191 21.809495 23.049803 22.99086 23.600583 26.721022 42.029415 67.156818 1559.051617 1507.604993 340.924308 140.851655 61.196493 39.089836 161.53454 52.501027 70.209773 226.1215 564.798833 803.073756 743.076009 486.479705 382.984958
-9999 -9999 -9999 -9999 -9999 -9999 -9999 -9999 -9999 -9999 -9999 -9999 -9999 -9999 -9999 -9999 -9999 -9999 -9999 -9999 -9999 -9999 -9999 -9999 -9999 -9999 -9999 -9999 -9999 25.075024 24.501588 25.053738 26.738609 26.567327 26.644278 25.391709 27.446756 29.735523 27.005569 27.005569 31.719459 30.988419 30.689556 21.384232 21.369113 22.091131 22.045719 22.334508 25.749244 28.763566 22.081158 22.082248 25.750874 40.806724 94.467038 675.368783 5250 1270.382727 161.013477 92.042302 97.952575 52.501027 52.501027 103.64727 88.991787 60.922009 47.073144 743.076009 891.115668 460.643894
-9999 -9999 -9999 -9999 -9999 -9999 -9999 -9999 -9999 -9999 -9999 -9999 -9999 -9999 -9999 -9999 -9999 -9999 -9999 -9999 -9999 -9999 -9999 -9999 -9999 -9999 -9999 -9999 -9999 22.682633 25.410397 25.405256 23.369316 -9999 -9999 25.391709 27.316306 30.850264 29.763658 29.788411 31.719459 31.719459 27.440844 21.374 21.333134 21.74199 21.738336 21.818681 21.774366 23.013718 24.362707 23.329084 24.787995 25.768489 89.961047 286.723519 3307.986881 1632.276546 164.399578 121.29918 114.214743 56.439157 74.22248 73.142637 62.723378 45.262236 52.909184 1066.999094 490.483294 2064.071116
-9999 -9999 -9999 -9999 -9999 -9999 -9999 -9999 -9999 -9999 -9999 -9999 -9999 -9999 -9999 -9999 -9999 -9999 -9999 -9999 -9999 -9999 -9999 -9999 -9999 -9999 -9999 -9999 -9999 18.036395 21.643279 25.95299 23.30403 23.295436 -9999 -9999 -9999 30.850264 30.850264 30.678192 31.465128 31.465128 27.440844 27.440844 21.324448 21.377321 21.402002 21.312866 21.304984 23.009171 22.985841 21.367003 24.959104 24.968076 83.669982 139.333379 306.588483 5250 3563.909005 160.521329 57.431135 57.431135 108.324599 87.845283 52.501027 52.501027 91.372161 1364.149704 2071.132815 2419.817474
-9999 -9999 -9999 -9999 -9999 -9999 -9999 -9999 -9999 -9999 -9999 -9999 -9999 -9999 -9999 -9999 -9999 -9999 -9999 -9999 -9999 -9999 -9999 -9999 -9999 -9999 -9999 -9999 30 9.462744 9.462744 25.340649 -9999 23.295436 30 30 27.358118 30.313246 30.313246 30.678192 30.678192 29.093249 25.801277 25.801277 21.318781 21.318781 21.395825 21.84283 23.443108 25.052883 26.021208 21.433151 22.74292 24.29331 28.041154 28.043671 160.077057 1109.923326 5250 75.691823 62.087086 101.373967 133.853262 101.243593 52.501027 57.5699 1299.931554 1548.079182 2940.474982 3265.359801
-9999 -9999 -9999 -9999 -9999 -9999 -9999 -9999 -9999 -9999 -9999 -9999 -9999 -9999 -9999 -9999 -9999 -9999 -9999 -9999 -9999 -9999 -9999 -9999 -9999 -9999 -9999 -9999 -9999 9.399681 9.388036 25.668854 -9999 -9999 -9999 -9999 27.358118 27.358118 29.393392 30.698078 30.698078 29.093249 29.093249 21.298012 20.703637 20.637068 21.345003 21.345003 23.705454 24.268112 26.380689 21.467267 21.467267 24.129382 26.306554 26.656101 30.6537 30.6537 5250 40.867555 40.867555 156.629226 157.581066 147.394807 97.603843 107.960643 1454.084958 2835.870024 3460.977001 2309.114749
-9999 -9999 -9999 -9999 -9999 -9999 -9999 -9999 -9999 -9999 -9999 -9999 -9999 -9999 -9999 -9999 -9999 -9999 -9999 -9999 -9999 -9999 -9999 -9999 -9999 -9999 -9999 -9999 -9999 30 9.403962 24.400041 25.677644 -9999 -9999 -9999 -9999 26.712014 29.393392 29.393392 31.3078 32.753916 32.753916 21.298012 21.298012 20.633612 21.303832 21.174829 23.660901 23.684419 26.686548 23.641136 23.767839 25.724142 25.724142 26.631816 29.101143 32.075971 1937.595557 1455.136431 1392.683304 626.624853 480.979103 434.827237 361.579787 1392.204107 2020.442829 2357.721215 3248.763288 61.063267
-9999 -9999 -9999 -9999 -9999 -9999 -9999 -9999 -9999 -9999 -9999 -9999 -9999 -9999 -9999 -9999 -9999 -9999 -9999 -9999 -9999 -9999 -9999 -9999 -9999 -9999 -9999 -9999 -9999 30 9.811986 11.387754 12.923919 -9999 -9999 -9999 -9999 23.055924 30.075673 30.075673 31.3078 31.3078 33.100012 21.340849 21.340849 20.35513 20.35513 20.942648 23.433279 26.25037 26.366969 26.622676 24.612 25.376628 26.643503 28.116076 28.116076 99.941203 553.709794 52.045895 1460.125889 981.022935 76.070125 593.851378 451.972144 1735.957409 128.64671 61.125938 213.75113 137.233924
-9999 -9999 -9999 -9999 -9999 -9999 -9999 -9999 -9999 -9999 -9999 -9999 -9999 -9999 -9999 -9999 -9999 -9999 -9999 -9999 -9999 -9999 -9999 -9999 -9999 -9999 -9999 -9999 -9999 30 9.8191 9.810704 12.923919 -9999 -9999 -9999 -9999 23.055924 30.075673 30.81784 31.417794 31.417794 33.100012 21.340849 21.340849 24.707796 24.707796 27.026102 27.026102 25.160334 24.701212 24.081845 19.743192 19.743192 26.676523 28.116076 28.39082 235.962115 600.623962 5250 1842.02601 671.767876 108.671011 46.440492 47.379867 4367.78525 428.264022 61.125938 48.17322 48.215982
-9999 -9999 -9999 -9999 -9999 -9999 -9999 -9999 -9999 -9999 -9999 -9999 -9999 -9999 -9999 -9999 -9999 -9999 -9999 -9999 -9999 -9999 -9999 -9999 -9999 -9999 -9999 -9999 -9999 28.129563 9.808531 9.812248 25.773521 -9999 -9999 -9999 -9999 29.756438 29.756438 30.81784 31.417794 32.787093 34.321318 34.321318 32.80814 24.707796 24.707796 32.344103 32.364163 26.668351 26.297237 22.045907 19.743192 21.389596 23.709285 24.061993 26.055495 217.742055 1281.510598 5250 60.978314 60.917159 1328.044359 308.649055 46.793951 374.015088 156.428301 48.273972 48.248426 48.214978
-9999 -9999 -9999 -9999 -9999 -9999 -9999 -9999 -9999 -9999 -9999 -9999 -9999 -9999 -9999 -9999 -9999 -9999 -9999 -9999 -9999 -9999 -9999 -9999 -9999 -9999 -9999 -9999 -9999 28.129563 28.120669 10.718134 30 -9999 -9999 -9999 -9999 29.756438 30.769629 31.743129 31.743129 32.787093 34.321318 28.755554 32.756984 32.756984 31.792914 32.364163 32.364163 26.439016 29.069454 20.638398 21.424123 23.334873 23.666916 24.298484 139.969264 521.245722 2072.716781 5250 228.234152 85.021665 1957.15023 2218.270502 39.476343 39.476343 170.775149 104.96228 140.592198 63.824726
-9999 -9999 -9999 -9999 -9999 -9999 -9999 -9999 -9999 -9999 -9999 -9999 -9999 -9999 -9999 -9999 -9999 -9999 -9999 -9999 -9999 -9999 -9999 -9999 -9999 -9999 -9999 -9999 -9999 24.831789 23.396191 10.721669 10.73444 -9999 -9999 -9999 -9999 30.331797 30.769629 31.743129 31.45836 33.712621 33.712621 28.755554 32.756984 32.756984 24.09007 24.09007 30.792854 29.069454 29.069454 20.3961 22.378067 22.600531 23.960753 26.597574 134.482666 577.603166 2732.793784 367.748612 285.345657 150.804058 131.312078 490.059693 205.129436 294.535913 48.632419 52.501027 168.041185 101.150418
-9999 -9999 -9999 -9999 -9999 -9999 -9999 -9999 -9999 -9999 -9999 -9999 -9999 -9999 -9999 -9999 -9999 -9999 -9999 -9999 -9999 -9999 -9999 -9999 -9999 -9999 -9999 -9999 -9999 -9999 21.02432 10.757428 10.757428 -9999 -9999 -9999 -9999 26.005492 31.375674 31.375674 31.45836 33.712621 23.446319 32.75676 32.75676 29.645407 24.09007 24.09007 31.755773 31.755773 26.069285 23.36558 23.36558 22.598636 23.53002 41.384178 142.809721 2072.543282 3982.78345 163.410415 71.013091 94.551257 48.066127 42.773191 1076.836297 525.010267 49.609385 48.977658 42.364251 44.957875
-9999 -9999 -9999 -9999 -9999 -9999 -9999 -9999 -9999 -9999 -9999 -9999 -9999 -9999 -9999 -9999 -9999 -9999 -9999 -9999 -9999 -9999 -9999 -9999 -9999 -9999 -9999 -9999 -9999 -9999 20.70004 13.854754 9.557837 30 -9999 -9999 -9999 -9999 31.375674 25.45038 30.761902 30.761902 23.446319 32.75676 32.756181 32.10573 32.10573 29.793708 31.755773 31.755773 26.069592 21.464659 24.320589 24.647987 24.647987 53.360579 99.446283 2101.467589 71.328668 74.192178 72.292069 61.261941 50.763092 48.705437 273.941447 1355.155462 107.660353 49.324452 61.658651 184.434067
-9999 -9999 -9999 -9999 -9999 -9999 -9999 -9999 -9999 -9999 -9999 -9999 -9999 -9999 -9999 -9999 -9999 -9999 -9999 -9999 -9999 -9999 -9999 -9999 -9999 -9999 -9999 -9999 -9999 -9999 18.951267 18.946467 9.305189 30 -9999 -9999 -9999 -9999 25.400659 25.45038 30.761902 24.083223 23.540397 23.540397 32.107818 32.10573 32.10573 31.728668 31.728668 31.685585 21.464659 21.464659 24.320589 25.343249 29.415958 110.30724 775.036097 3056.817528 140.649301 142.16727 164.285217 324.754373 171.07319 184.567714 264.895463 941.664021 366.642346 525.010267 294.28126 184.71168
-9999 -9999 -9999 -9999 -9999 -9999 -9999 -9999 -9999 -9999 -9999 -9999 -9999 -9999 -9999 -9999 -9999 -9999 -9999 -9999 -9999 -9999 -9999 -9999 -9999 -9999 -9999 -9999 -9999 -9999 18.692842 18.869038 8.475017 8.475017 -9999 -9999 -9999 -9999 29.394346 31.302038 24.083223 24.083223 23.540397 23.24955 25.052913 25.070635 23.302859 31.728668 31.728668 23.301143 22.925468 23.250671 25.343949 25.343949 29.415958 30.361522 291.526545 3409.247544 5250 5250 5250 412.329288 355.944254 404.92521 5250 46.227972 905.524391 120.218791 98.364877 69.232365
-9999 -9999 -9999 -9999 -9999 -9999 -9999 -9999 -9999 -9999 -9999 -9999 -9999 -9999 -9999 -9999 -9999 -9999 -9999 -9999 -9999 -9999 -9999 -9999 -9999 -9999 -9999 -9999 -9999 -9999 27.798913 18.607221 8.475017 8.475017 30 -9999 -9999 -9999 29.394346 31.302038 31.07423 32.69593 23.012315 23.012315 25.052913 25.052913 31.999016 32.08148 31.715466 23.301143 23.301143 23.250671 20.353038 22.728136 28.686605 28.686605 223.761471 42.32484 5250 5250 5250 358.318082 350.761595 523.635091 50.135136 611.914334 1035.107493 157.980728 111.372201 73.686727
-9999 -9999 -9999 -9999 -9999 -9999 -9999 -9999 -9999 -9999 -9999 -9999 -9999 -9999 -9999 -9999 -9999 -9999 -9999 -9999 -9999 -9999 -9999 -9999 -9999 -9999 -9999 -9999 -9999 -9999 24.387676 18.5953 17.701382 9.221081 30 -9999 -9999 -9999 29.697015 31.07423 31.07423 32.69593 30.648315 23.832648 31.006344 31.290752 31.999016 31.999016 31.821635 31.78811 31.78811 20.029716 20.029716 22.728136 27.677158 34.392739 48.182218 48.158153 4073.835537 3858.830133 4011.443112 349.834604 339.73525 5250 46.667152 50.135136 292.25099 153.554209 89.687012 67.700962
-9999 -9999 -9999 -9999 -9999 -9999 -9999 -9999 -9999 -9999 -9999 -9999 -9999 -9999 -9999 -9999 -9999 -9999 -9999 -9999 -9999 -9999 -9999 -9999 -9999 -9999 -9999 -9999 -9999 -9999 24.919082 14.714934 13.370352 -9999 -9999 -9999 -9999 -9999 28.748396 28.397992 30.024551 30.648315 30.648315 23.832648 21.361059 26.009087 29.281563 31.01907 31.821635 31.821635 31.78811 21.794187 21.794187 24.127931 24.127931 34.392739 46.795198 723.735966 2975.101768 2756.2029 2977.436964 297.530956 137.425897 420.857071 50.085904 45.057085 286.588367 236.139917 157.657787 223.107393
-9999 -9999 -9999 -9999 -9999 -9999 -9999 -9999 -9999 -9999 -9999 -9999 -9999 -9999 -9999 -9999 -9999 -9999 -9999 -9999 -9999 -9999 -9999 -9999 -9999 -9999 -9999 -9999 -9999 -9999 23.814294 23.814294 12.656984 -9999 -9999 -9999 -9999 -9999 28.397992 28.397992 27.452166 25.73831 24.423219 19.927256 19.927256 26.009087 26.009087 29.793195 31.625786 31.625786 30.572082 30.572082 21.794187 30.767495 30.767495 38.848767 38.848767 167.284281 193.909367 526.364117 2345.148481 2578.271961 204.400816 367.371053 367.232488 46.865965 46.865965 1838.852931 1362.793378 624.550829
