STOTEN_Data/raw/Age_yrs_100ft.asc
ncols         250
nrows         718
xllcorner     -2256000
yllcorner     1557000
cellsize      1000
NODATA_value  -9999
[rows 217 to 247 of 718, columns 70 to 139 of 250]
922.991883 357.706773 138.011058 56.808874 167.468824 35.382363 35.382363 152.551288 48.10792 28.463796 13.666958 15.609968 30.603627 362.825148 44.707344 39.416809 48.482421 67.075147 33.689554 26.976765 24.648775 24.914146 24.032578 24.032578 23.675424 23.32432 23.339741 22.754684 22.754684 19.997246 22.419575 22.419575 30.363469 30.363469 26.701753 30.579613 30.590991 35.148417 53.997212 24.651014 24.651014 -9999 -9999 -9999 -9999 -9999 -9999 -9999 -9999 -9999 -9999 -9999 -9999 -9999 -9999 -9999 -9999 -9999 -9999 -9999 -9999 -9999 -9999 -9999 -9999 -9999 -9999 -9999 -9999 -9999
1492.089753 927.725625 34.148818 34.181522 174.367153 51.395906 35.352421 155.901378 111.046727 39.347146 18.374811 17.754986 32.434127 46.414222 45.713402 44.963682 42.190113 33.683381 31.30601 25.490732 25.446392 24.914146 24.032578 23.682277 23.621659 23.621659 23.335784 22.754684 22.754684 22.729586 22.460239 27.143495 29.617787 23.007025 20.354704 36.839675 66.035523 62.011365 41.341346 24.651014 -9999 -9999 -9999 -9999 -9999 -9999 -9999 -9999 -9999 -9999 -9999 -9999 -9999 -9999 -9999 -9999 -9999 -9999 -9999 -9999 -9999 -9999 -9999 -9999 -9999 -9999 -9999 -9999 -9999 -9999
5250 206.972326 74.541279 174.643999 67.476973 54.291229 36.056169 140.46039 143.037814 45.09685 31.748094 28.720967 27.355557 45.797194 48.69188 44.70876 41.393665 34.006726 31.318577 25.770284 26.005721 26.312603 26.0113 23.682277 23.621659 21.430831 23.06853 23.06525 22.764428 22.729586 22.729586 30.833726 26.303852 20.745444 17.932616 28.78906 27.006563 23.954558 20.016715 30 -9999 -9999 -9999 -9999 -9999 -9999 -9999 -9999 -9999 -9999 -9999 -9999 -9999 -9999 -9999 -9999 -9999 -9999 -9999 -9999 -9999 -9999 -9999 -9999 -9999 -9999 -9999 -9999 -9999 -9999
5250 127.873748 151.546639 174.621285 64.836678 102.435617 87.322904 101.419266 153.521392 155.941286 40.472669 25.763336 31.010363 50.1189 95.910604 47.09723 35.091677 33.343452 27.841702 26.956967 26.005721 26.312603 24.072884 23.63177 23.309755 21.430831 23.06853 24.545472 32.670868 32.085108 31.94253 30.876861 28.407576 32.631923 32.631923 28.042785 23.954558 23.954558 20.017284 21.387816 30 -9999 -9999 -9999 -9999 -9999 -9999 -9999 -9999 -9999 -9999 -9999 -9999 -9999 -9999 -9999 -9999 -9999 -9999 -9999 -9999 -9999 -9999 -9999 -9999 -9999 -9999 -9999 -9999 -9999
2478.957646 170.932862 194.966725 125.925582 118.892608 147.320324 107.957586 186.572481 298.296001 453.575007 101.123573 36.317486 40.040537 137.119092 43.652078 44.005754 34.197568 33.684414 28.751328 28.509614 25.69617 25.002224 24.072884 23.63177 23.644599 34.031282 33.43589 33.409793 32.670868 32.662398 32.065866 27.650023 27.70272 32.631923 32.631923 30.310366 30.662072 29.686343 21.387816 21.387816 30 -9999 -9999 -9999 -9999 -9999 -9999 -9999 -9999 -9999 -9999 -9999 -9999 -9999 -9999 -9999 -9999 -9999 -9999 -9999 -9999 -9999 -9999 -9999 -9999 -9999 -9999 -9999 -9999 -9999
1858.156348 2996.188735 191.030818 204.091983 203.942234 167.532006 151.100555 614.216188 590.723973 44.061654 121.607318 46.685647 47.457784 88.129479 45.236204 37.014639 32.753559 30.015844 28.958271 28.509614 25.240805 24.42113 24.036346 23.668198 23.644599 34.031282 22.34645 25.041863 29.942793 32.769576 32.065866 30.770303 21.695196 22.381699 31.408535 31.31814 31.389227 29.680318 27.746985 18.593835 30 -9999 -9999 -9999 -9999 -9999 -9999 -9999 -9999 -9999 -9999 -9999 -9999 -9999 -9999 -9999 -9999 -9999 -9999 -9999 -9999 -9999 -9999 -9999 -9999 -9999 -9999 -9999 -9999 -9999
48.814454 49.531368 123.898935 175.217105 271.677015 258.955596 263.973183 1066.446304 868.477116 48.755586 81.472447 130.971269 154.938058 95.519231 137.046191 34.106448 34.003281 25.692369 26.0007 24.711197 24.42113 24.42113 24.036346 24.062638 34.438697 22.345967 22.34645 25.041863 25.031272 32.714662 22.778759 22.368207 21.695196 21.695196 30.95182 30.609508 30.809055 34.861209 34.861209 18.593835 5.557837 -9999 -9999 -9999 -9999 -9999 -9999 -9999 -9999 -9999 -9999 -9999 -9999 -9999 -9999 -9999 -9999 -9999 -9999 -9999 -9999 -9999 -9999 -9999 -9999 -9999 -9999 -9999 -9999 -9999
863.515327 10.481906 11.172054 25.46164 50.992129 58.628324 1458.530731 733.29552 135.160864 206.527359 138.225813 194.606372 198.276307 141.813863 104.312492 36.47231 28.436093 25.232954 25.232954 24.433544 24.652809 24.381676 24.062638 24.062638 34.438697 23.381837 22.764709 23.043957 23.043957 32.714662 31.676872 22.049589 24.360546 24.360546 30.739749 30.642777 28.775936 12.104459 17.129072 5.557837 5.557837 -9999 -9999 -9999 -9999 -9999 -9999 -9999 -9999 -9999 -9999 -9999 -9999 -9999 -9999 -9999 -9999 -9999 -9999 -9999 -9999 -9999 -9999 -9999 -9999 -9999 -9999 -9999 -9999 -9999
45.03319 4.69007 4.69007 25.46164 38.534898 81.163737 264.193971 1458.763999 194.952793 184.254934 224.109995 207.47845 207.332381 187.823392 44.426923 43.827635 27.992769 27.055504 24.757677 24.652809 24.652809 24.381676 24.07981 23.658965 23.635285 23.635285 22.764709 23.267114 22.072789 24.401651 24.401651 22.049589 22.051374 33.744645 28.987198 28.987198 29.101819 23.012393 17.129072 30 -9999 -9999 -9999 -9999 -9999 -9999 -9999 -9999 -9999 -9999 -9999 -9999 -9999 -9999 -9999 -9999 -9999 -9999 -9999 -9999 -9999 -9999 -9999 -9999 -9999 -9999 -9999 -9999 -9999 -9999
45.03319 9.483111 9.483111 29.758836 42.120566 81.669878 140.675636 1660.504315 355.944737 244.508341 184.576471 298.069697 271.454607 131.116804 39.508202 39.964087 28.010089 28.010089 24.785919 24.756563 24.707772 24.07981 24.07981 23.658965 23.967749 34.11486 23.37286 23.37286 22.072789 22.072789 35.095341 22.655452 22.655452 33.744645 33.744645 27.752705 31.084417 31.084417 -9999 -9999 -9999 -9999 -9999 -9999 -9999 -9999 -9999 -9999 -9999 -9999 -9999 -9999 -9999 -9999 -9999 -9999 -9999 -9999 -9999 -9999 -9999 -9999 -9999 -9999 -9999 -9999 -9999 -9999 -9999 -9999
306.876293 15.684102 9.483111 21.444543 32.746518 60.944578 54.337609 2974.954439 385.411026 274.413371 336.705659 316.914894 188.160599 111.077362 48.060556 38.781964 28.961186 27.388821 24.728397 24.728397 24.707772 28.78241 24.35561 23.97003 23.97003 34.11486 35.695937 20.156602 35.04078 35.04078 35.095341 35.095341 28.974306 27.779996 27.779996 25.958978 28.048339 31.081012 35.97341 35.97341 -9999 -9999 -9999 -9999 -9999 -9999 -9999 -9999 -9999 -9999 -9999 -9999 -9999 -9999 -9999 -9999 -9999 -9999 -9999 -9999 -9999 -9999 -9999 -9999 -9999 -9999 -9999 -9999 -9999 -9999
156.908029 47.939948 31.899775 31.899775 32.050505 59.852976 143.164701 47.345641 44.850893 47.368827 51.374141 400.060841 306.611205 171.303952 97.192114 33.399194 34.754515 28.705649 24.72599 23.881004 28.782165 28.782165 24.35561 26.914091 21.036897 35.695937 35.695937 20.156602 20.156602 34.826411 33.871251 33.871251 28.974306 28.974306 30.241184 28.761915 29.371518 29.096505 36.085009 35.97341 11.612138 11.612138 -9999 -9999 -9999 -9999 -9999 -9999 -9999 -9999 -9999 -9999 -9999 -9999 -9999 -9999 -9999 -9999 -9999 -9999 -9999 -9999 -9999 -9999 -9999 -9999 -9999 -9999 -9999 -9999
149.943768 47.939948 31.899762 20.776671 41.05681 46.790778 51.678234 23.554643 14.806297 16.842823 25.550812 47.052478 218.136265 203.609804 121.130034 29.269237 29.262349 28.67068 28.41149 23.654737 24.648611 24.400869 34.708364 34.708364 21.036897 25.992473 34.734623 35.396516 35.396516 34.826411 34.826411 33.823038 33.733393 33.733393 28.83345 28.088947 28.97046 32.009156 28.985732 25.470458 11.251654 -9999 -9999 -9999 -9999 -9999 -9999 -9999 -9999 -9999 -9999 -9999 -9999 -9999 -9999 -9999 -9999 -9999 -9999 -9999 -9999 -9999 -9999 -9999 -9999 -9999 -9999 -9999 -9999 -9999
155.743032 293.049996 20.776671 20.776671 39.223363 50.356233 45.441943 14.806297 14.806297 16.842823 26.796743 40.106235 140.756428 347.548938 137.159177 41.654385 29.017792 24.375681 24.375681 30.650883 30.650883 24.400869 29.913537 29.913537 23.940247 23.940247 34.734623 35.381797 34.74898 25.999325 25.999325 33.823038 33.799663 33.024349 28.776174 28.461059 27.813382 32.407489 31.652533 28.0624 28.347782 30 -9999 -9999 -9999 -9999 -9999 -9999 -9999 -9999 -9999 -9999 -9999 -9999 -9999 -9999 -9999 -9999 -9999 -9999 -9999 -9999 -9999 -9999 -9999 -9999 -9999 -9999 -9999 -9999
97.405804 49.441955 50.752626 39.357405 47.322361 19.326868 45.441943 30.401585 16.78538 26.333144 26.796743 36.449175 43.35528 323.729512 94.062368 70.935413 29.967464 30.040961 29.042126 24.06007 24.06007 24.02317 24.02317 29.913537 22.454091 22.454091 23.336177 23.336177 34.74898 25.999325 28.050127 24.537229 24.537229 33.024349 28.776174 28.776174 24.777365 22.973106 24.084934 28.772394 -9999 30 -9999 -9999 -9999 -9999 -9999 -9999 -9999 -9999 -9999 -9999 -9999 -9999 -9999 -9999 -9999 -9999 -9999 -9999 -9999 -9999 -9999 -9999 -9999 -9999 -9999 -9999 -9999 -9999
100.429526 224.568731 340.127279 569.946744 456.033559 148.857033 68.413528 55.993365 16.78538 9.97681 33.525311 42.752305 167.530884 299.810071 220.305033 31.645404 25.993194 25.993194 30.036612 30.036612 24.06007 28.620118 28.620118 23.5694 23.5694 22.454091 34.803725 34.803725 34.730705 34.730705 28.050127 24.537229 32.386148 33.739854 33.739854 26.016337 24.774418 26.193748 5.557837 -9999 -9999 30 -9999 -9999 -9999 -9999 -9999 -9999 -9999 -9999 -9999 -9999 -9999 -9999 -9999 -9999 -9999 -9999 -9999 -9999 -9999 -9999 -9999 -9999 -9999 -9999 -9999 -9999 -9999 -9999
62.865833 94.038156 356.684353 7.241893 7.241893 65.605875 40.841287 40.841285 9.97681 9.97681 34.266028 44.30852 210.900865 335.741336 143.338825 31.645404 30.319067 33.029313 24.369748 24.369748 24.024573 24.024573 28.620118 22.953546 22.953546 30.099904 30.099904 34.803725 34.730705 34.759757 34.763699 34.763699 32.386148 33.739854 33.739854 30.394682 35.353591 36.466129 5.557837 5.557837 30 -9999 -9999 -9999 -9999 -9999 -9999 -9999 -9999 -9999 -9999 -9999 -9999 -9999 -9999 -9999 -9999 -9999 -9999 -9999 -9999 -9999 -9999 -9999 -9999 -9999 -9999 -9999 -9999 -9999
67.111839 93.48575 159.577647 1180.433276 462.241489 30.518276 30.518276 40.841285 18.762367 30.448129 41.167237 167.202343 272.918974 305.656222 158.435765 40.001713 40.001713 39.098504 29.964152 25.008298 28.745196 28.745196 34.50493 33.065543 22.953546 35.384733 35.384733 34.791251 34.791251 34.759757 34.763699 33.797663 33.769521 33.769521 30.44762 30.394682 31.760511 26.053004 26.053004 30 -9999 -9999 -9999 -9999 -9999 -9999 -9999 -9999 -9999 -9999 -9999 -9999 -9999 -9999 -9999 -9999 -9999 -9999 -9999 -9999 -9999 -9999 -9999 -9999 -9999 -9999 -9999 -9999 -9999 -9999
77.103647 81.017081 161.156175 1466.872346 32.480918 90.269108 41.022231 18.762367 18.762367 42.848676 51.371648 172.154026 274.152332 306.92802 140.83406 41.785051 35.826113 37.139868 37.139868 35.658017 28.821341 28.745196 34.683307 34.683307 28.565927 30.808303 35.384733 34.789676 35.07724 28.81979 28.81979 33.797663 33.769521 33.080976 29.35174 27.073523 28.46689 26.053004 26.053004 30 -9999 -9999 -9999 -9999 -9999 -9999 -9999 -9999 -9999 -9999 -9999 -9999 -9999 -9999 -9999 -9999 -9999 -9999 -9999 -9999 -9999 -9999 -9999 -9999 -9999 -9999 -9999 -9999 -9999 -9999
70.435052 158.595158 186.218974 1561.124659 32.480918 32.480918 41.022231 19.383995 34.448174 40.151382 48.418891 177.633835 275.870742 315.513752 250.37483 110.993371 35.806527 37.675875 36.719201 23.380747 23.380747 23.948072 30.096222 34.683307 35.054347 35.083466 35.399609 35.109218 35.07724 28.81979 34.425746 33.848999 33.848999 33.032813 29.35174 29.020545 27.679665 7.530002 7.530002 30 -9999 -9999 -9999 -9999 -9999 -9999 -9999 -9999 -9999 -9999 -9999 -9999 -9999 -9999 -9999 -9999 -9999 -9999 -9999 -9999 -9999 -9999 -9999 -9999 -9999 -9999 -9999 -9999 -9999 -9999
36.127989 226.581488 199.99314 37.013461 8.391809 8.391809 18.704498 18.704498 39.825156 50.335387 170.375869 188.194634 276.925822 317.692142 277.297316 133.604373 64.881249 54.619357 36.663303 23.380747 23.380747 34.361482 34.361482 34.454074 35.054347 35.054347 26.708866 25.034095 34.769897 34.437193 34.425746 33.848999 24.935437 26.446334 28.660942 28.033595 27.679665 16.013233 30 -9999 -9999 -9999 -9999 -9999 -9999 -9999 -9999 -9999 -9999 -9999 -9999 -9999 -9999 -9999 -9999 -9999 -9999 -9999 -9999 -9999 -9999 -9999 -9999 -9999 -9999 -9999 -9999 -9999 -9999 -9999
48.80157 401.357171 1187.371559 44.707216 37.013461 8.44216 19.099667 30.706064 36.748184 48.709572 177.091534 142.094929 219.812159 333.205567 306.517301 180.052752 74.598217 56.690914 36.144307 36.144307 35.671722 34.361482 34.361482 33.811187 33.882844 35.50529 25.034095 25.034095 34.769897 28.785831 28.318372 24.935437 24.935437 26.446334 26.446334 23.131086 28.357886 28.357886 30 -9999 -9999 -9999 -9999 -9999 -9999 -9999 -9999 -9999 -9999 -9999 -9999 -9999 -9999 -9999 -9999 -9999 -9999 -9999 -9999 -9999 -9999 -9999 -9999 -9999 -9999 -9999 -9999 -9999 -9999 -9999
213.285653 18.330949 16.318024 32.614802 132.087611 34.874287 39.958932 42.483388 44.740925 83.258461 128.114592 103.16637 135.245492 340.916905 396.908065 177.433162 118.824474 59.796226 36.144307 36.067469 34.812525 34.772632 25.752577 33.811187 33.812607 35.060116 35.060116 24.514877 28.785831 28.785831 28.318372 28.728105 24.765855 24.387863 24.387863 23.131086 23.136423 27.750834 30 30 -9999 -9999 -9999 -9999 -9999 -9999 -9999 -9999 -9999 -9999 -9999 -9999 -9999 -9999 -9999 -9999 -9999 -9999 -9999 -9999 -9999 -9999 -9999 -9999 -9999 -9999 -9999 -9999 -9999 -9999
7.970632 7.970632 14.83643 29.783319 48.460244 161.117125 50.674816 164.240646 164.731847 44.924134 84.214718 102.985529 135.527785 134.374927 368.338647 184.613048 36.734603 31.384351 28.775019 27.83919 34.812525 34.812525 29.161695 25.708191 30.475011 35.060116 35.060116 24.514877 30.717847 34.440816 28.728105 28.728105 24.765855 24.765855 24.397553 21.645723 21.645723 27.450173 26.950293 30 -9999 -9999 -9999 -9999 -9999 -9999 -9999 -9999 -9999 -9999 -9999 -9999 -9999 -9999 -9999 -9999 -9999 -9999 -9999 -9999 -9999 -9999 -9999 -9999 -9999 -9999 -9999 -9999 -9999 -9999
35.80827 9.88295 11.102242 28.473929 45.644766 132.121593 169.598965 525.010267 176.121158 65.916931 71.424028 170.49865 219.387848 99.561024 345.280451 37.519422 36.734603 31.384351 30.797382 27.719948 30.432804 34.177169 25.708191 25.708191 26.009123 26.010666 26.008723 30.717847 30.717847 34.440816 33.050398 25.36943 25.257751 25.257751 24.397553 24.397553 23.059033 30.329678 30.329678 30 -9999 -9999 -9999 -9999 -9999 -9999 -9999 -9999 -9999 -9999 -9999 -9999 -9999 -9999 -9999 -9999 -9999 -9999 -9999 -9999 -9999 -9999 -9999 -9999 -9999 -9999 -9999 -9999 -9999 -9999
43.386977 11.092118 10.444034 18.72753 40.109997 134.891932 72.533606 192.212628 412.649175 73.452285 67.093036 34.395486 34.39703 40.695531 409.058264 117.706472 37.373302 28.350844 27.152991 27.719948 27.719948 30.443032 31.276953 34.139456 26.009123 26.009123 26.008723 25.259526 25.341112 33.050398 33.050398 25.36943 24.485726 24.808183 23.038904 23.038904 23.059033 28.415637 26.222817 5.611681 5.611681 -9999 -9999 -9999 -9999 -9999 -9999 -9999 -9999 -9999 -9999 -9999 -9999 -9999 -9999 -9999 -9999 -9999 -9999 -9999 -9999 -9999 -9999 -9999 -9999 -9999 -9999 -9999 -9999 -9999
389.234203 15.614543 15.616025 16.423018 33.076274 82.552038 133.171431 181.012159 424.954794 216.370538 74.026034 34.018716 29.000823 133.465114 110.431298 45.385794 37.373302 35.464995 30.392048 30.071064 30.054113 30.443032 30.442035 26.311586 27.734348 27.776776 25.22951 25.22951 25.341112 25.327802 25.303046 24.76549 24.76549 24.808183 24.739743 21.781912 22.662861 25.357482 27.002907 7.970796 -9999 -9999 -9999 -9999 -9999 -9999 -9999 -9999 -9999 -9999 -9999 -9999 -9999 -9999 -9999 -9999 -9999 -9999 -9999 -9999 -9999 -9999 -9999 -9999 -9999 -9999 -9999 -9999 -9999 -9999
430.583786 18.700688 15.616075 15.631779 30.641527 44.034548 156.683042 265.783755 272.603252 231.397073 72.260549 29.972466 29.675107 207.212838 264.442012 40.458316 37.65927 37.65927 30.392048 30.691425 30.403627 29.767226 29.767226 26.311586 26.35296 27.708766 25.240561 25.240561 25.329288 25.329288 25.303046 24.815738 24.720005 24.640914 24.640914 21.781912 22.029405 22.686541 32.303865 32.303865 -9999 -9999 -9999 -9999 -9999 -9999 -9999 -9999 -9999 -9999 -9999 -9999 -9999 -9999 -9999 -9999 -9999 -9999 -9999 -9999 -9999 -9999 -9999 -9999 -9999 -9999 -9999 -9999 -9999 -9999
225.850006 38.384722 15.619785 15.6191 23.081133 40.7043 148.36194 270.918412 219.614095 265.726445 55.231345 70.546423 72.638553 175.306396 159.024493 40.458316 34.060571 28.734118 28.696301 28.696301 30.403627 30.389859 26.647251 26.347386 26.347386 27.708766 27.708766 25.240561 25.340306 25.340306 25.896095 25.896095 24.720005 24.470436 24.725635 22.084707 22.070448 21.439729 32.303865 14.916473 30 -9999 -9999 -9999 -9999 -9999 -9999 -9999 -9999 -9999 -9999 -9999 -9999 -9999 -9999 -9999 -9999 -9999 -9999 -9999 -9999 -9999 -9999 -9999 -9999 -9999 -9999 -9999 -9999 -9999
176.044338 46.69544 13.684533 13.681483 17.414763 34.391291 142.970964 236.45566 291.371506 632.716844 67.107283 70.258834 143.62581 229.286044 237.910196 24.40958 24.627394 28.734118 28.341972 31.731601 29.7361 29.7361 26.647251 26.662999 26.791204 26.809556 26.809556 25.609944 25.609944 25.340306 24.712737 24.712737 25.074805 25.074805 24.725635 22.084707 21.736657 21.350788 17.357373 14.916766 30 -9999 -9999 -9999 -9999 -9999 -9999 -9999 -9999 -9999 -9999 -9999 -9999 -9999 -9999 -9999 -9999 -9999 -9999 -9999 -9999 -9999 -9999 -9999 -9999 -9999 -9999 -9999 -9999 -9999
102.828061 285.150316 13.685561 13.680247 16.127051 31.450612 48.098434 303.189822 1050.313399 287.003494 40.118444 43.417309 197.883731 257.203701 240.030697 29.797963 27.879322 30.042821 29.98939 31.731601 30.524019 27.14532 25.282625 25.282625 26.791204 26.770918 26.768159 25.889704 25.889704 25.297705 25.297705 24.712737 24.783924 24.796853 24.341889 24.341889 21.736657 21.350788 19.057147 9.289208 9.289208 30 -9999 -9999 -9999 -9999 -9999 -9999 -9999 -9999 -9999 -9999 -9999 -9999 -9999 -9999 -9999 -9999 -9999 -9999 -9999 -9999 -9999 -9999 -9999 -9999 -9999 -9999 -9999 -9999
