STOTEN_Data/raw/Age_yrs_350ft.asc
ncols         250
nrows         718
xllcorner     -2256000
yllcorner     1557000
cellsize      1000
NODATA_value  -9999
[rows 279 to 309 of 718, columns 0 to 68 of 250]
-9999 -9999 -9999 -9999 -9999 -9999 -9999 -9999 -9999 -9999 -9999 -9999 -9999 -9999 -9999 -9999 174.349056 173.543109 227.42308 223.315386 221.040284 203.375197 223.909991 317.459172 422.785858 577.891533 459.186167 404.542831 411.437269 443.026209 433.896799 356.843656 280.982267 268.771786 246.032577 285.545357 224.669702 226.842355 193.526031 210.466684 214.384868 224.153738 229.722829 267.66938 325.084434 404.273893 499.645945 609.35673 644.371838 675.680688 792.131067 938.394216 879.263569 980.676097 1728.30377 2543.017385 2592.919707 2655.026236 2083.206954 2045.493741 2372.098004 2941.103039 3216.96585 2694.131762 2673.508265 2633.768772 107.592578 107.876034 3175.740835
-9999 -9999 -9999 -9999 -9999 -9999 -9999 -9999 -9999 -9999 -9999 -9999 -9999 -9999 -9999 -9999 174.097904 177.617185 270.500863 249.779641 280.894505 263.928796 283.445574 472.797268 577.379825 588.700528 444.664722 605.544913 111.464424 111.464424 435.774347 528.505783 540.649902 487.279887 487.481172 456.942512 370.222237 468.099352 230.632234 428.774446 240.466211 230.757233 263.192006 320.448832 365.587043 483.586458 612.699292 685.36829 919.846194 972.619772 1311.133289 1245.695972 1382.544202 1805.853075 1870.146615 2069.988694 2511.187913 3037.335948 1893.217819 1908.806776 2206.602246 2547.413494 2419.539341 2697.317776 3335.014384 108.143817 2676.8879 137.204299 196.373785
-9999 -9999 -9999 -9999 -9999 -9999 -9999 -9999 -9999 -9999 -9999 -9999 -9999 -9999 -9999 -9999 30 187.64265 341.815973 280.031981 314.288127 359.716133 402.516534 572.923639 716.392483 535.873986 597.681092 -9999 -9999 -9999 -9999 69.21534 609.66629 609.65209 600.127655 525.010267 503.512058 1637.783349 489.814089 489.814089 346.850777 289.66791 296.578596 297.132614 373.105327 442.204697 624.393463 910.263685 1403.561233 1765.641512 1974.484034 2207.920487 2045.807483 1871.550402 1730.692496 2067.222839 2070.244297 1718.421342 1786.837294 1838.405943 1917.871222 2147.897355 2193.537182 2157.528019 2303.515248 2622.086741 107.524432 136.746867 81.138212
-9999 -9999 -9999 -9999 -9999 -9999 -9999 -9999 -9999 -9999 -9999 -9999 -9999 -9999 -9999 -9999 101.897668 230.886629 244.676399 357.370789 421.951848 427.198714 463.94781 621.746272 753.750734 626.548721 561.563569 284.13022 -9999 -9999 -9999 -9999 -9999 258.245618 769.685285 630.624022 609.026967 1461.547925 541.092881 164.992754 247.608705 180.342644 171.093261 196.232471 257.962691 287.67458 339.766716 496.211158 601.648143 994.824592 2139.866605 2500.757895 2235.515188 1868.04204 1743.039238 1871.125368 2066.855518 1831.637859 2197.123343 2030.843578 1921.396326 2157.973233 2169.03454 2094.058099 2301.066243 3016.059176 97.833434 136.4559 136.655412
-9999 -9999 -9999 -9999 -9999 -9999 -9999 -9999 -9999 -9999 -9999 -9999 -9999 -9999 -9999 -9999 101.897668 179.137874 294.257488 498.338843 505.000699 511.148627 600.540028 682.747922 841.981819 806.356447 689.600911 721.780169 418.126429 210.379286 -9999 -9999 -9999 -9999 -9999 775.270245 693.496981 776.395623 589.033917 164.982991 145.089186 106.589932 154.092573 187.708463 200.652365 247.528266 311.110001 370.802716 496.147347 698.818514 1042.261254 1341.401282 1843.986504 2303.524991 2072.335198 2079.161556 2546.023816 2185.383507 1633.281347 1674.335366 1808.576659 1933.107555 2071.626129 2401.826978 2828.804539 167.498673 128.422823 146.250548 146.471622
-9999 -9999 -9999 -9999 -9999 -9999 -9999 -9999 -9999 -9999 -9999 -9999 -9999 -9999 -9999 -9999 133.469908 133.469908 374.577123 543.759745 541.5905 631.857329 666.36958 807.035581 911.594822 912.768573 846.723564 525.698071 1472.0462 282.935761 292.242962 -9999 -9999 -9999 -9999 693.218562 568.548996 263.920269 223.403005 180.437517 180.437517 106.589932 109.296664 193.449201 199.663442 196.043682 230.527014 291.178175 414.630764 476.014828 688.936098 1027.65804 1906.011665 2126.648949 2988.779832 2772.586724 2878.076727 2876.758029 1975.556067 1915.101477 2106.950836 2708.887967 2707.471954 2910.777668 2773.489123 2317.228468 176.005781 3432.321592 147.223529
-9999 -9999 -9999 -9999 -9999 -9999 -9999 -9999 -9999 -9999 -9999 -9999 -9999 -9999 -9999 -9999 133.469908 166.308369 466.4793 642.031284 677.513924 682.037263 749.28006 909.087545 980.357357 1085.519277 1007.110785 1196.87612 1285.362739 367.543295 365.110139 349.918895 515.334735 370.403906 916.324689 693.662698 339.797609 284.407317 223.403005 210.084902 135.30753 170.372535 170.372535 193.449201 190.850174 170.656602 183.586541 207.454238 267.262722 303.258919 336.475943 522.166429 920.309886 1708.048385 2216.936196 2626.142696 3090.425686 3916.635176 2280.191417 2663.961352 2568.150539 2982.514952 2729.133138 2677.61052 3098.338548 3408.230509 2641.761595 3178.530351 156.2591
-9999 -9999 -9999 -9999 -9999 -9999 -9999 -9999 -9999 -9999 -9999 -9999 -9999 -9999 -9999 -9999 173.974593 173.974593 274.031178 619.678586 806.840547 848.41122 942.98062 1109.220727 1175.845506 1265.6191 1209.318089 1332.400446 1623.48363 833.855189 575.690372 881.573609 1502.976809 818.837031 776.648786 827.582557 356.683433 353.286552 210.802859 210.210103 135.30753 135.30753 95.444162 167.907815 167.907815 170.273981 170.273981 154.242369 160.360853 230.286543 370.263012 542.587343 968.115596 1436.396924 2437.670069 2846.717406 2025.962144 3171.03263 2773.709708 2693.957012 2702.393294 2768.827599 2822.259487 2830.63346 3033.422546 3173.491762 3153.507092 3033.641355 157.209346
-9999 -9999 -9999 -9999 -9999 -9999 -9999 -9999 -9999 -9999 -9999 -9999 -9999 -9999 -9999 -9999 30 348.067449 375.753805 711.852549 1033.660355 1014.003066 1116.286842 1269.625957 1303.970774 1331.104341 1368.68933 1528.592182 2241.088757 1289.296145 1078.381536 1647.934062 1199.851069 1096.993475 1010.822203 666.952972 622.958286 374.597853 210.802859 258.954861 194.267653 194.267653 95.444162 95.444162 153.507419 137.833586 137.833586 147.243248 147.243248 230.880802 264.483973 339.242965 437.721353 739.087296 2067.330165 3396.002199 3206.0759 2344.368286 1598.112314 1589.888683 2781.2507 1763.133148 2783.033479 2727.770179 2710.711324 2689.380068 2907.674325 2967.334576 3175.370714
-9999 -9999 -9999 -9999 -9999 -9999 -9999 -9999 -9999 -9999 -9999 -9999 -9999 -9999 -9999 -9999 30 682.665567 623.811498 943.454394 1244.766514 1149.416173 1212.082769 1364.402685 1409.941929 1432.796702 1434.231558 1602.043652 3039.895245 1415.231128 2343.316519 1644.851605 1294.484941 1065.374735 1602.530214 263.905438 257.225128 321.954486 269.881527 258.954861 194.267653 217.418624 150.4964 150.4964 95.20048 134.652585 137.833586 193.67088 193.736515 223.702518 239.912695 304.56059 445.513117 506.786281 1006.171154 1932.617763 2630.576854 1257.626555 2238.667196 1149.632958 368.636877 1245.552462 2794.275234 2951.989436 2973.845692 2945.26475 3979.913325 4074.821473 4399.285777
-9999 -9999 -9999 -9999 -9999 -9999 -9999 -9999 -9999 -9999 -9999 -9999 -9999 -9999 -9999 -9999 30 1107.267588 1041.300463 1306.241462 1404.96459 -9999 -9999 -9999 -9999 -9999 1870.791242 2078.313586 2499.306742 1985.416481 2072.686191 1674.605151 2042.403428 1606.045585 246.312754 256.997646 263.905438 322.06339 658.194201 982.347318 467.174451 257.360658 150.4964 150.4964 149.933674 149.933674 181.260867 180.219689 193.736515 233.302109 279.980209 307.483156 332.949466 463.887217 756.643938 1031.163706 520.197867 797.630258 307.411831 291.152659 331.981586 355.670439 1190.874538 1156.590421 2202.52358 2646.430695 3182.809891 2715.862529 2878.370262
-9999 -9999 -9999 -9999 -9999 -9999 -9999 -9999 -9999 -9999 -9999 -9999 -9999 -9999 -9999 -9999 30 2106.399071 1597.461455 2301.731485 2695.504276 -9999 -9999 -9999 -9999 -9999 -9999 3190.181007 3273.122194 3169.891806 2170.258255 1808.07751 2001.649914 3400.004693 392.030927 515.044606 289.665822 365.204499 498.235925 1874.594406 246.497503 686.796669 470.297336 307.771802 149.933674 149.933674 187.138139 179.169868 190.014633 203.649451 273.467462 297.430732 221.029592 296.62474 386.296691 520.197867 283.53847 268.253093 293.590923 282.843044 342.607026 367.514805 1073.905178 976.934333 1149.535587 3131.412576 2154.609025 2418.909615 2775.082976
-9999 -9999 -9999 -9999 -9999 -9999 -9999 -9999 -9999 -9999 -9999 -9999 -9999 30 -9999 -9999 -9999 4850.501538 3625.060307 3850.121034 -9999 -9999 -9999 -9999 -9999 -9999 -9999 -9999 3174.823863 3161.602498 2537.60303 2236.103394 2396.770298 2337.758266 1656.284936 673.659335 289.665822 233.828826 250.609286 258.881791 246.497503 1383.616665 1085.102095 616.103988 268.52644 168.152474 179.169868 179.169868 183.324872 160.152397 176.667479 179.717054 217.364889 185.441117 329.087321 272.209398 180.202104 213.654176 240.787813 246.720584 227.754037 197.739424 326.872881 1088.47149 1478.926159 1776.580202 1312.979942 1376.171104 2749.158781
-9999 -9999 -9999 -9999 -9999 -9999 -9999 -9999 -9999 -9999 -9999 -9999 -9999 30 -9999 5048.922401 3052.246484 4396.477894 3344.953829 -9999 -9999 -9999 -9999 -9999 -9999 -9999 -9999 -9999 3235.315886 3055.493018 3236.491914 3178.1768 3116.378856 1517.156551 2383.490183 623.279795 253.660829 240.043231 250.609286 257.244995 442.372633 2553.665413 1788.418822 1045.277655 436.593228 204.200419 194.334458 159.626238 160.152397 160.152397 174.080752 170.417242 87.692367 94.170053 215.094669 98.941445 69.408662 126.06427 167.617742 204.228689 227.463537 186.8472 345.952631 392.22009 394.451838 1150.710074 1414.03152 1542.841732 2628.603665
-9999 -9999 -9999 -9999 -9999 -9999 -9999 -9999 -9999 -9999 -9999 -9999 -9999 1159.251877 956.437169 1588.07322 2194.763259 -9999 -9999 -9999 -9999 -9999 -9999 -9999 -9999 -9999 3195.92298 3601.353652 3247.763394 3051.642011 3063.955298 3962.378775 4071.114696 3459.30365 3796.722046 707.614465 425.725663 313.146385 263.711553 257.244995 775.319493 127.18618 1160.012239 943.836029 914.405786 260.092638 260.092638 162.862074 173.476942 149.902112 156.858868 170.133199 86.911982 260.000336 66.054325 64.320733 65.950831 101.361464 157.10078 206.757445 227.264232 237.724836 301.367857 361.170769 326.738891 962.185568 2166.435844 2518.331231 2878.948999
-9999 -9999 -9999 -9999 -9999 -9999 -9999 -9999 -9999 -9999 -9999 -9999 -9999 -9999 1543.341727 -9999 -9999 -9999 -9999 -9999 -9999 -9999 -9999 -9999 -9999 3043.923274 4405.059841 3741.353056 4129.198428 3379.444683 3082.17589 3306.627505 4730.926478 5250 1969.300363 807.461663 494.476251 361.137536 186.273108 187.450878 259.794209 259.794209 464.218992 1260.699472 1072.835038 267.016514 263.367219 177.038434 177.038434 149.952327 166.727299 177.180534 196.199717 227.398017 88.4552 74.550567 113.614364 176.900925 493.711754 614.989135 575.369051 276.951574 746.273879 1566.32783 2109.7124 1982.690696 2230.595177 3019.652657 3010.771249
-9999 -9999 -9999 -9999 -9999 -9999 -9999 -9999 -9999 -9999 -9999 -9999 -9999 -9999 -9999 -9999 -9999 -9999 -9999 -9999 -9999 -9999 -9999 -9999 -9999 -9999 2763.475253 4313.61401 4963.739949 4005.959546 3587.531606 3587.531606 4966.231982 5250 2869.048581 1016.913978 429.071281 194.370134 191.347611 187.450878 174.432031 358.86394 107.41151 107.41151 1567.440006 474.859625 272.970997 206.758181 167.882102 197.36703 207.37472 184.694629 203.638795 251.356815 310.754759 303.543795 333.658271 394.344279 458.406854 1060.109729 1570.627386 1770.503984 1368.496767 2279.334162 1845.729088 2832.93615 2664.238802 2784.497319 4470.219747
-9999 -9999 -9999 -9999 -9999 -9999 -9999 -9999 -9999 -9999 -9999 -9999 -9999 -9999 -9999 -9999 -9999 -9999 -9999 -9999 -9999 -9999 -9999 -9999 -9999 -9999 -9999 2761.752149 3828.49152 4661.754041 2896.13387 4164.628095 5250 5250 3141.757287 850.735235 496.793428 203.396755 160.585201 174.432031 174.432031 358.86394 170.855197 197.038104 227.157168 227.157168 213.355228 213.355228 170.930419 178.433155 210.914086 218.0118 237.861754 329.990303 333.996123 270.45426 291.373743 344.537538 607.920686 350.717171 275.076101 267.142888 288.014339 1078.970285 1013.985046 2664.479085 3040.230573 4078.13371 4371.676213
-9999 -9999 -9999 -9999 -9999 -9999 -9999 -9999 -9999 -9999 -9999 -9999 -9999 -9999 -9999 -9999 -9999 -9999 503.231474 -9999 -9999 -9999 -9999 -9999 -9999 -9999 -9999 -9999 -9999 4107.726607 25.916496 5250 5250 5250 3297.807968 1375.08733 507.683287 267.381114 160.694472 70.869419 174.110392 170.855197 170.855197 197.038104 197.038104 244.140926 243.696284 233.227948 193.847385 197.839629 205.243697 224.191223 324.503746 420.900724 401.459241 421.098395 281.426446 230.001593 247.246262 300.757449 274.307008 260.442828 303.962538 916.863779 1014.599585 1618.584714 2737.533314 4042.174267 4076.28382
-9999 -9999 -9999 -9999 -9999 -9999 -9999 -9999 -9999 -9999 -9999 -9999 -9999 30 30 492.222743 441.758698 439.26699 417.132729 401.15141 277.092987 268.987106 343.463148 519.929849 -9999 -9999 -9999 -9999 -9999 -9999 -9999 -9999 -9999 5250 3672.618923 1597.071217 754.213464 353.333075 70.864163 70.864163 174.110392 253.092218 70.192126 196.670528 196.670528 244.140926 244.140926 240.014519 250.099596 263.546108 220.470937 226.855762 413.950299 293.044336 217.605449 203.336948 193.740743 216.834285 231.109315 204.582671 253.859668 307.35441 765.722001 1216.502687 1326.671827 1596.303532 2224.67545 5250 4543.003502
-9999 -9999 -9999 -9999 -9999 -9999 -9999 -9999 -9999 -9999 -9999 30 -9999 -9999 -9999 537.153617 457.321786 266.288752 374.416893 330.677803 237.312406 249.609725 261.558543 355.807403 485.319244 -9999 -9999 -9999 -9999 -9999 -9999 5145.220509 5250 5250 5250 3510.555578 1103.332398 449.256452 272.973331 405.701995 347.415203 300.536409 70.192126 70.192126 196.787797 226.571924 217.027637 300.085055 314.258884 320.283273 278.007687 233.853049 270.447836 257.197069 223.941404 208.017658 207.325999 216.750508 198.475194 200.820889 224.082978 325.235663 1187.849655 1777.7539 3073.372976 3355.549812 3928.78905 5250 2538.431727
-9999 -9999 -9999 -9999 -9999 -9999 -9999 -9999 -9999 -9999 -9999 -9999 -9999 -9999 -9999 -9999 511.926202 390.669411 315.497735 283.419369 220.538585 -9999 -9999 -9999 645.588435 1004.13865 2671.154364 2759.704865 -9999 -9999 4527.339364 4109.175321 4025.742248 4428.261851 5250 4002.053295 2828.188042 1201.382394 466.455128 405.633109 376.742954 370.712313 261.245292 270.335259 180.448078 182.894877 230.458134 535.593402 800.658221 1009.711721 1090.714684 213.495417 211.187645 236.849972 240.736422 224.12448 214.029443 217.021232 349.563172 447.320536 423.001172 796.928075 1572.345239 1563.582122 1626.607097 280.500657 1179.453166 1337.538362 1689.861821
-9999 -9999 -9999 -9999 -9999 -9999 -9999 -9999 -9999 -9999 -9999 -9999 -9999 -9999 -9999 -9999 30 458.125224 342.793189 233.329683 222.833654 -9999 -9999 -9999 -9999 30 159.267625 107.43412 2048.525225 2529.775652 -9999 -9999 3426.013551 3217.740552 -9999 -9999 -9999 2371.016777 1282.617479 903.32244 543.823529 406.901686 290.5941 393.613788 310.080967 390.970285 941.377938 1567.339604 1260.908006 1741.031071 278.312432 277.706672 280.423838 274.764039 250.908082 371.299727 452.015398 419.995437 340.98201 294.673238 357.222996 1708.549308 4849.844095 2367.622533 1652.671335 296.066372 404.209177 453.806844 443.214703
-9999 -9999 -9999 -9999 -9999 -9999 -9999 -9999 -9999 -9999 -9999 -9999 -9999 -9999 -9999 -9999 -9999 386.811787 338.827897 276.650769 209.767683 296.549578 -9999 -9999 -9999 -9999 159.267625 30 375.949614 492.725016 1137.287912 -9999 -9999 -9999 -9999 -9999 -9999 5250 4087.287924 2334.097436 1698.811462 1415.954772 936.454082 941.333006 1216.513086 1740.00927 1751.088913 1754.49621 1548.352657 1526.10328 225.551111 341.973801 469.260508 524.067192 354.592745 307.364819 352.527806 287.839379 159.020954 148.827814 329.142053 426.767278 477.151038 508.336756 543.323386 279.124889 1074.356226 423.142947 383.47828
-9999 -9999 -9999 -9999 -9999 -9999 -9999 -9999 -9999 -9999 -9999 -9999 -9999 -9999 -9999 -9999 401.021194 306.089722 303.700907 279.708052 200.076512 209.287113 203.745822 -9999 -9999 -9999 -9999 30 200.196594 104.865571 294.850871 325.769228 476.529144 789.768334 -9999 -9999 -9999 3235.874257 2890.978562 5.916496 4935.969208 3029.512123 3580.298971 1857.426873 2004.110268 875.840799 744.236773 986.936976 1775.2807 1893.9276 231.697999 284.021901 811.669117 253.333333 253.333333 307.369991 263.052704 182.326298 167.52669 383.59542 298.004718 337.715255 462.462052 508.336756 525.010267 348.427469 393.233817 424.561718 192.059793
-9999 -9999 -9999 -9999 -9999 -9999 -9999 -9999 -9999 -9999 -9999 -9999 -9999 -9999 -9999 -9999 30 293.516544 303.058898 270.103421 191.145406 190.821255 191.110105 30 -9999 -9999 -9999 -9999 -9999 97.07839 234.649861 213.90077 285.642922 345.899062 330.484064 -9999 -9999 2874.886165 4572.661906 3746.950555 4769.934364 4535.586285 2165.724411 442.420423 267.374857 181.484725 181.484725 620.683297 789.066583 908.238104 516.209734 565.000509 3606.466696 346.649431 516.20042 67.249062 67.249062 133.443164 147.541666 236.586615 154.38433 180.036149 377.221971 3052.122615 4884.851037 1823.143481 298.577767 236.35355 469.943701
-9999 -9999 -9999 -9999 -9999 -9999 -9999 -9999 -9999 -9999 -9999 -9999 -9999 -9999 -9999 -9999 30 303.716404 289.154251 247.715508 243.130466 187.378108 177.783532 174.364886 -9999 -9999 -9999 -9999 -9999 -9999 193.225138 184.033703 263.129063 230.841139 266.800232 367.932946 -9999 1573.351039 2280.483775 1637.742478 1734.688128 4802.074681 538.410316 419.867706 267.374857 181.484725 253.183114 313.004947 297.686125 384.177478 611.914192 5250 66.974219 66.974219 321.488811 67.249062 67.249062 133.443164 357.546022 89.686134 124.152407 161.533196 220.333294 494.182067 173.405835 200.561453 280.147198 302.664775 316.684106
-9999 -9999 -9999 -9999 -9999 -9999 -9999 -9999 -9999 -9999 -9999 -9999 -9999 -9999 -9999 302.339677 294.045947 290.628659 259.438675 236.450516 224.1541 173.403683 173.117076 167.637968 -9999 -9999 -9999 -9999 -9999 -9999 -9999 68.365019 204.37255 210.855997 243.099354 283.364265 293.476004 616.956015 840.694311 803.476498 587.821533 2980.250141 636.091775 5170.285395 457.125852 465.866865 321.777862 313.980625 312.628798 1039.775339 5250 3568.627427 66.974219 66.974219 59.716795 59.716795 427.214237 506.974622 506.974622 89.686134 152.978219 168.513283 206.183319 120.009126 105.18914 132.147844 194.058212 185.48945 227.346312
-9999 -9999 -9999 -9999 -9999 -9999 -9999 -9999 -9999 -9999 -9999 -9999 -9999 -9999 -9999 30 247.173337 266.566696 222.696472 210.530622 209.530479 172.907197 162.43297 157.399538 30 -9999 -9999 -9999 -9999 -9999 -9999 68.365019 63.165282 69.653974 154.685491 264.798926 311.164042 340.219842 442.310048 334.097189 366.78935 1160.425631 2384.861461 2754.953998 470.088098 696.9899 877.634659 5250 5250 5250 330.504812 847.429148 506.548937 690.836157 59.716795 59.716795 511.895852 297.404553 510.991749 291.672371 369.670843 202.769437 207.892311 13.348392 36.000913 127.775496 121.73444 158.573043 211.863019
-9999 -9999 -9999 -9999 -9999 -9999 -9999 -9999 -9999 -9999 -9999 -9999 -9999 213.415642 213.232764 207.642835 134.919344 215.969454 152.808859 -9999 191.485376 193.533597 150.659179 146.976359 30 -9999 -9999 -9999 -9999 -9999 -9999 -9999 30 69.653974 83.136331 74.542239 284.047272 282.556621 298.300996 239.3408 317.261401 611.930949 339.639613 844.618686 913.066875 2119.743432 3923.590361 4563.981772 158.389658 158.389658 343.951042 546.06439 514.336724 1519.576038 203.842953 338.88449 1147.393297 2043.5126 2275.598914 609.306757 525.010267 525.010267 489.993155 13.348392 13.348392 179.438158 303.700911 218.964284 201.012972
-9999 -9999 -9999 -9999 -9999 -9999 -9999 -9999 -9999 -9999 -9999 -9999 -9999 197.351336 149.79971 103.848013 210.014828 146.401799 142.174939 -9999 -9999 -9999 -9999 136.701689 133.55742 -9999 -9999 -9999 -9999 -9999 -9999 -9999 -9999 -9999 -9999 73.760894 94.857472 241.007838 126.727409 126.727409 262.12473 259.938846 316.679629 308.304981 353.398505 869.464345 1341.812133 2669.548268 158.389658 158.389658 5250 5250 1214.136074 524.032324 1890.720062 2591.535669 3111.02917 285.117043 2087.461413 1475.801726 5096.109179 258.3875 1018.216657 246.370066 328.127678 454.464978 293.988698 318.784646 96.243115
