STOTEN_Data/raw/Age_yrs_500ft.asc
ncols         250
nrows         718
xllcorner     -2256000
yllcorner     1557000
cellsize      1000
NODATA_value  -9999
[rows 403 to 433 of 718, columns 69 to 137 of 250]
-9999 -9999 -9999 -9999 -9999 -9999 -9999 30 832.782836 28.61328 28.61328 118.0301 1905.529309 797.694145 809.84466 1049.855984 1428.524643 2000.92398 2900.965144 5245.995893 5250 5250 4349.16084 3405.636053 2357.720391 2064.571719 1956.293358 1733.191431 1602.211989 1404.714778 1235.086144 1184.452558 1226.866709 1233.563361 1296.632686 1144.878713 1044.042568 871.787178 752.868162 670.382916 551.616664 492.191994 455.939399 356.666886 339.984428 326.633166 319.875678 338.8671 252.417275 370.445614 449.704498 927.065439 1459.851508 1421.234482 1457.539291 1669.166792 1833.710854 1171.334724 790.401937 707.469684 618.421892 569.640748 601.703209 603.868829 694.100449 659.064762 551.821708 561.154349 533.741389
-9999 -9999 -9999 -9999 -9999 -9999 -9999 674.426961 707.355295 929.18975 28.61328 384.65516 533.933006 368.290316 754.460029 1295.198285 1464.770849 1927.329968 2467.119742 3336.06048 4605.196739 5250 5250 4177.439265 3172.799333 2462.704052 1971.327283 1771.739435 1635.518943 1529.50364 1461.131944 1393.895634 1201.903153 1169.732394 1071.070413 980.150811 871.543788 715.386588 673.021747 582.728571 514.77927 383.133912 346.158441 344.213814 327.569774 325.951583 412.712668 346.844107 239.802601 379.886267 495.170888 829.888311 773.34355 1175.4155 1675.233017 1693.608955 1402.523721 905.654706 609.887275 485.910556 499.135951 613.5389 610.602635 599.108367 580.774051 599.926501 602.791984 596.340765 536.751503
-9999 -9999 -9999 30 -9999 -9999 30 441.40543 833.598717 834.651561 865.732289 1187.903806 744.182649 730.354232 814.114844 1364.588586 1370.744292 1963.151697 1996.741918 3671.155983 4470.842722 5250 5250 5078.1505 3624.272905 2860.434205 2191.257626 1831.501415 1666.7536 1468.902593 1392.919364 1265.485708 1166.33978 1137.764386 1043.764959 1004.206102 861.534098 742.541182 671.23178 614.073976 511.066717 541.071512 362.225211 768.313395 349.807549 346.533702 372.332473 337.489167 200.516773 672.342146 348.474773 380.249863 435.884482 963.247055 1108.953609 1072.113632 939.444194 827.267547 617.064619 586.987111 577.912559 662.170371 637.784342 582.720432 583.227375 598.732933 582.279681 581.397888 538.609859
-9999 -9999 -9999 -9999 30 55.465639 55.465639 438.631075 768.339995 2266.877254 1184.549109 475.433636 1216.07337 806.738365 770.568957 1168.431236 1362.928149 1701.847926 2005.201699 2503.710608 4318.97373 4667.228868 5250 5250 4576.470973 3408.722946 2793.647789 2363.895162 1861.550975 1664.767409 1466.25452 1321.335923 1168.421496 923.728674 1101.725304 1041.023877 973.812866 874.822529 685.991529 653.796935 693.635541 570.351179 515.220428 466.317699 360.523025 371.449029 537.062708 436.289196 415.427372 535.491898 297.451051 398.490422 630.336874 1231.36227 1054.988737 932.744452 601.976654 367.615638 306.709824 377.268368 605.745498 654.176129 682.855151 645.738424 583.78624 576.042916 577.172495 582.699119 575.972081
-9999 -9999 -9999 -9999 -9999 30 55.465639 1583.017702 2005.776076 2441.905775 200.810674 1564.900178 1566.907295 1193.633 773.51142 1131.86939 1407.627793 1497.754518 1836.952238 2071.594236 3694.650363 4087.707501 5250 5250 5250 4182.631432 3198.227339 2426.841661 1929.81766 1676.581992 1633.750504 1529.478035 1300.088775 1203.178549 1109.324738 1033.737136 972.118435 909.614901 1002.107215 837.852169 694.158319 587.618316 539.644614 529.777621 526.819559 532.794373 621.781973 711.145928 400.054535 675.919037 581.305976 381.194358 494.907879 872.13371 869.274356 749.022398 681.460124 548.439496 555.906848 392.901057 600.505777 862.221061 958.732526 698.774022 584.607565 614.915544 383.849733 321.489591 418.891807
-9999 -9999 -9999 -9999 -9999 -9999 313.489644 465.999204 1908.728873 817.23577 1567.351432 1567.351432 1235.354896 1216.992697 777.294753 931.346517 1563.072642 1497.35877 1701.905925 1938.837591 3746.643349 3934.349781 5250 5250 5250 5250 3874.402515 3037.122748 2663.846266 1971.433794 1730.754382 1561.916745 1369.214936 1337.494094 1367.785569 1176.467871 1168.594845 1068.719732 941.87364 800.445597 721.522614 588.5541 543.666416 528.746886 566.811499 741.231136 1026.129396 704.452215 407.747108 686.754487 1091.238462 1172.7797 841.928959 535.305875 606.209979 430.450701 419.194658 442.055049 383.074458 383.448645 614.112487 665.540631 802.968124 734.178618 628.406546 484.413927 403.846998 429.867258 498.856781
-9999 -9999 -9999 -9999 -9999 -9999 467.184878 1566.269764 1567.351432 1213.936048 1566.463159 1566.907295 1370.831203 1251.282383 422.808488 1033.749001 1433.664776 1558.799477 1565.871552 1938.887152 3421.388135 3741.222135 4572.403298 5250 5250 5250 5250 4500.923225 3704.021767 2800.551897 2471.354559 1996.118582 1668.688841 1590.267949 1338.485303 1371.537196 1309.029987 1177.329191 1106.12985 942.441572 870.604212 687.403324 786.899901 739.073267 746.052487 885.951835 1072.118227 929.508728 1121.16717 1406.017076 1277.550994 1534.881892 1022.002488 1371.946019 1797.881492 1334.99084 550.870247 458.992597 562.122335 665.05649 769.930695 826.120923 739.466127 805.657814 737.413503 627.674191 553.900769 535.569114 502.09977
-9999 -9999 -9999 -9999 -9999 -9999 1567.351432 1567.351432 1567.351432 1567.047197 1566.463159 1566.463159 1573.375799 847.76642 811.590175 1063.722802 1021.988036 1562.205611 1563.781496 3011.532992 3087.156676 3369.760629 4216.553003 5250 5250 5250 5250 5250 4554.323496 3998.343484 3198.721059 2761.93724 2397.579435 1836.075142 1568.525976 1763.101565 1565.677046 1401.054627 1427.534692 1139.409374 1175.614326 1039.69361 812.364204 775.939828 1054.049833 1260.908152 1242.374243 1029.288868 967.823962 849.157513 1423.257989 1273.558077 1476.055554 1674.202061 2499.744705 2164.9092 1905.395716 1600.726902 468.993598 619.694585 691.386012 705.483039 706.303952 775.270111 742.824648 706.088986 609.552939 610.654331 537.679129
-9999 -9999 -9999 -9999 -9999 -9999 -9999 1567.351432 1567.666998 1210.096232 1567.050946 1567.351432 1567.351432 550.832508 1006.806755 805.590957 1104.155815 1565.452409 1567.025753 3471.36554 3186.562877 3367.803046 4469.371091 4912.765511 4914.371661 5250 5250 5250 5250 4577.412656 3971.727648 3212.934752 2876.010771 2494.48494 2537.544724 2271.057811 2481.838932 2525.385677 2062.786036 1411.818491 1218.04554 1232.303129 928.916005 1124.432825 1146.57775 1368.03388 894.224916 1254.258255 936.343469 941.524762 1376.072445 2040.320511 2404.86837 2647.016843 2774.370063 2706.372485 2871.772003 2070.691212 1632.829468 1106.153014 1041.606974 643.610751 640.065199 572.000246 855.844517 1007.054394 770.066553 673.84018 550.524888
-9999 -9999 -9999 -9999 -9999 -9999 -9999 1566.573264 1566.019023 1567.351432 1567.351432 1567.351432 1142.201437 1171.247799 494.41283 712.521853 1017.267799 1565.048383 2096.304146 3111.573028 3370.358276 3370.023245 4040.313186 4334.582482 4307.76308 5163.732812 5250 5250 5250 5250 5250 5250 4466.772512 3524.29174 3169.41437 3047.840222 3064.991654 3005.026526 2556.851258 2027.48637 1940.935066 1354.162995 1112.327252 879.31749 878.404014 1095.487573 1248.451893 1258.549836 733.175614 1031.764529 1500.744723 2298.385444 2893.373444 3133.743572 3806.683251 3133.935979 2911.634832 2378.418552 1804.293739 1232.620486 933.836251 525.010267 419.789341 392.785836 355.735793 320.466683 553.453392 635.838076 764.266592
-9999 -9999 -9999 -9999 -9999 -9999 -9999 1566.019023 1566.019023 1566.019023 525.010267 1566.019023 1008.898307 857.417409 941.55474 889.990769 1522.8064 1564.997877 2158.524729 2561.989024 3167.352821 3308.859942 3738.189866 4083.351357 4083.351357 4506.271601 5250 5250 5250 5250 5250 5250 5250 5250 4580.521781 4072.720531 3330.486692 2881.10224 2967.517599 2639.899981 2410.840366 1874.105216 1173.841884 1076.177088 970.453592 872.54443 1200.100929 1304.62404 1430.35113 1365.055559 2394.032728 4304.220648 4101.125634 4239.908407 3873.314812 3211.241054 3636.48633 4242.03504 3571.194374 2935.577093 1648.258296 448.992384 420.511125 400.594252 401.683893 320.39497 662.487769 1075.644748 1204.366429
-9999 -9999 -9999 -9999 -9999 -9999 -9999 -9999 489.732756 470.20102 525.010267 255.432352 299.479456 462.013448 448.572697 871.720056 1370.92297 1732.546302 1770.687891 2405.109128 2268.777925 2970.023753 3735.502324 3340.229856 3502.097177 4083.407745 5250 5250 5250 5250 5250 5250 5250 5250 5077.956008 4738.329807 4170.886673 3391.627811 3254.598366 3010.055361 2812.76408 2441.949993 1930.442674 1377.009906 1492.073881 1781.229258 2042.068607 2886.812908 3908.196932 3968.110401 4005.091103 4365.999706 3998.378598 4043.507228 4244.739251 4103.210817 4469.781279 4168.345636 3199.854706 2342.331437 2255.067236 382.351481 466.255575 350.091478 406.970154 440.735848 981.759048 982.282457 1405.066509
-9999 -9999 -9999 -9999 -9999 -9999 -9999 30 178.898928 111.635866 309.929927 312.224504 325.997793 444.996016 804.694161 1192.241544 1301.056483 1565.687086 1666.807897 1668.491294 1901.722648 2673.05717 3167.247818 3074.866976 3077.716403 3908.445534 4671.739385 5250 5250 5250 5250 5250 5250 5250 5250 5250 5161.53898 4176.067189 3940.794223 3175.369756 3300.368898 3099.854324 2505.657458 2312.949665 3312.682762 4613.846433 4709.821295 4140.008141 4037.750027 3294.936061 3645.446821 3969.520563 3229.146257 4425.389125 4671.805529 4775.337642 4564.491962 4443.617278 3644.582822 3528.78047 3214.146597 2273.205978 2102.227603 320.668383 461.11566 1614.794371 1657.825204 1697.861048 2237.827142
-9999 -9999 -9999 -9999 -9999 -9999 -9999 -9999 178.898928 226.259183 399.575633 399.575633 399.575633 443.613021 946.535932 1337.974036 1565.668866 1568.276835 1568.752876 1495.819964 1636.961401 2001.337197 3074.866976 3409.998184 3074.866976 3420.286603 4750.048686 5218.146911 5250 5250 5250 5250 5250 5250 5250 5250 5250 5250 5250 5250 4870.418642 4947.25831 4777.625666 4463.358924 4240.530399 3285.389653 2232.35244 2515.005368 2104.19665 1733.391062 3536.738991 1921.939062 2635.801224 4428.516175 4834.174517 4608.389182 4472.286773 4945.115588 4572.257404 3399.850935 2430.305277 2562.470849 1114.956408 215.100384 327.18206 489.793994 706.92935 978.85516 1123.46967
-9999 -9999 -9999 -9999 -9999 -9999 30 279.702943 163.670873 1128.589921 934.663189 447.973429 650.763147 870.610365 1433.234056 1269.653537 1562.38651 1567.700217 1633.294882 1430.526028 1769.980936 1838.924501 2739.437876 3913.344923 3074.866976 3130.754936 4959.919105 5250 5250 5250 5250 5250 5250 5250 5250 5250 5250 5250 5250 5250 3458.995181 3812.51327 3620.203713 3990.970738 4133.416907 3003.183819 2201.633748 887.644274 1799.247778 1992.90169 1904.765269 997.880393 2073.05536 4339.30861 4306.45184 4671.617211 4800.545262 4763.496645 4801.183684 3774.187814 3461.529945 2385.522438 789.670325 606.955496 260.329176 304.288655 404.472409 458.179993 598.55585
-9999 -9999 -9999 -9999 -9999 -9999 -9999 776.408188 650.510093 735.330745 767.535839 1083.513729 651.429183 1114.178874 1566.727141 1567.006067 1733.273265 2167.631199 1662.701268 1467.572012 1596.526547 1907.172311 2074.317602 2074.31887 3074.866976 3575.680252 5172.669722 5250 5250 5250 5250 5250 5250 5250 5250 5250 5250 5250 4474.500178 3375.625934 3574.275511 3108.00705 2697.485042 3768.594323 2934.666427 3342.04828 3178.485829 1818.066671 1803.478546 1504.473281 1444.746148 2366.372367 2402.375633 2482.273786 3250.759327 2436.526503 1747.578734 2600.241792 4021.415512 4317.274434 4404.542792 1544.732816 530.366897 706.992443 555.823068 488.450703 250.049608 307.9553 346.927665
-9999 -9999 -9999 -9999 -9999 -9999 -9999 425.521332 430.185622 757.815946 1122.711053 993.061116 1038.471412 1566.616548 1568.840599 1699.584538 1637.122099 2040.459891 1598.051864 1664.50021 1496.727519 1936.894257 1939.330707 2074.317601 2786.616263 3575.680252 4140.039368 4467.058868 5250 5250 5250 5250 5250 5250 5250 5250 5250 5161.260653 4459.76971 3422.760754 3179.496753 2499.427201 2358.427017 2230.133295 2904.376078 3047.880553 2172.954472 1514.519533 1836.042938 2338.13683 1312.659153 1910.703844 1229.39035 1216.937151 1535.802849 1675.147228 1427.405311 2373.512328 1708.530795 1431.432905 941.053295 1795.01211 494.056469 492.426034 536.410029 1273.227738 1547.132808 544.117142 237.361604
-9999 -9999 -9999 -9999 149.030739 149.030739 -9999 30 301.273101 1371.235129 1565.338635 1567.673277 1438.436046 1567.64355 1767.253008 1618.883391 1936.444716 1367.03494 1473.579857 1536.877867 1631.659064 1560.828637 1731.99259 2070.361231 2909.773335 3575.680252 3626.0614 4390.391816 5250 5250 5250 5250 5250 5250 5250 5250 5250 5250 2576.317319 2471.195294 2572.373453 2412.268972 2269.213449 1961.451473 1734.620158 1537.794214 1433.094191 1435.938205 1465.397881 1814.479817 1443.055392 1167.843403 959.251716 1258.074461 1372.230201 819.790259 961.320116 1154.00763 1493.63052 1503.391825 1368.12808 1283.155043 1278.661187 651.430133 1269.320283 683.759522 560.502538 574.51391 977.337781
-9999 -9999 -9999 -9999 149.030739 316.255992 347.615564 422.399979 1565.338635 1364.640458 1565.456579 1403.912771 1564.179377 1566.084756 1435.050394 981.245848 1271.621123 1367.760257 1469.469978 1536.878614 1560.82863 1598.419943 1731.994002 2070.11636 3575.680252 3575.680252 4085.62169 4266.381049 5250 5250 5250 5250 5250 5250 5250 5250 5250 5250 3426.55945 2488.620402 2250.530119 2669.455657 2560.33277 3004.039475 2165.736746 2007.016205 1668.539938 1597.009727 1562.186209 1663.654616 1494.925232 1205.149957 1073.645166 998.466756 819.288643 819.205044 891.39569 1237.632947 1327.698483 1462.164548 1301.491282 1207.649032 825.051511 746.8476 646.393894 695.772333 820.42913 642.386409 620.971729
-9999 -9999 -9999 -9999 -9999 -9999 1565.395089 1564.506934 1560.475926 1528.48136 1438.759577 1238.644311 572.064887 935.961273 1640.748853 1678.271076 1504.652282 1337.40368 1339.081067 1731.991621 1561.055252 1598.42069 1899.662715 2004.96781 3575.680252 3352.97893 3923.509752 4268.757011 5250 5250 5250 5250 5250 5250 5250 5250 5250 5250 3979.340895 3518.661612 2832.616064 2489.889428 2364.723064 2336.100151 2090.554812 1866.569966 1791.962713 1711.565285 1598.437303 1517.926296 1425.461505 1300.714009 1101.506301 1077.69629 2437.050057 1718.186649 1787.749825 1467.061777 1420.414034 1296.795832 1202.003353 1198.924824 1188.050959 826.538636 786.878677 767.20215 696.470424 1429.080083 638.543039
-9999 -9999 -9999 -9999 -9999 -9999 1558.797332 1365.4093 1211.271035 639.588461 556.389173 544.084651 516.032707 836.779367 1582.287782 1110.906999 1337.403489 1240.28459 1598.560794 1561.80297 1598.419715 1560.841156 1834.817831 2568.57695 3575.680252 2570.193577 3559.335531 4536.110338 5250 5250 5250 5250 5250 5250 5250 5250 5250 5250 3758.61917 3952.491401 2656.294526 2592.882201 2560.61174 2392.690212 2193.617676 2167.614172 2030.97682 1934.168197 1725.99657 1805.155429 1855.988367 1675.317377 1404.129833 1697.408917 1594.637932 1439.776879 992.626843 981.641933 981.019191 995.330017 1263.799895 1275.604053 1268.145405 1024.302294 768.142105 763.539493 689.184327 884.397111 483.880033
-9999 -9999 -9999 -9999 -9999 1115.092771 1017.481839 1010.70389 405.907001 525.010267 556.317585 556.321081 524.736482 641.835041 1014.786409 1249.377458 1305.111018 1598.419235 1598.427642 1731.991621 1560.828648 1664.333848 1835.95793 2573.779436 2834.062357 3103.511052 3411.798804 5250 5039.804403 5250 5250 5250 5250 5250 5250 5250 5250 5250 5250 5250 2619.418206 2683.516673 2528.984806 2355.811124 2264.278743 2290.547167 2440.890209 2225.759317 1995.690977 1875.024359 1718.228927 1618.264419 1505.750556 1421.192734 1164.768576 992.071384 956.023376 1010.243293 957.109145 821.786301 1002.561786 1201.298317 1281.219014 1221.232904 985.276632 782.46273 675.575954 632.290215 616.426594
-9999 -9999 -9999 -9999 -9999 -9999 844.45549 353.965494 286.790126 525.010267 525.010267 525.010267 609.436482 643.423455 920.01158 1560.53972 1560.82863 1560.82863 1561.408068 1566.727579 1729.728068 1666.764588 1769.145751 3074.731485 2393.249072 3124.977992 4251.41381 4806.400249 5004.900037 5250 5250 5250 5250 5250 5250 5250 5250 5250 5250 5027.394738 4037.613152 3700.73595 2724.031442 2644.289101 2489.427028 2293.612592 2226.131521 2249.238812 2087.834953 1930.537433 1834.333002 1693.254531 1621.794282 1425.976808 1243.308855 930.80173 863.144697 1261.918093 1225.886156 840.669974 1031.661292 1148.389322 1194.366489 1217.619217 1085.51085 911.001852 943.996545 726.692723 698.497191
-9999 -9999 -9999 -9999 30 -9999 532.060663 579.494871 286.75539 173.550371 525.010267 525.010267 539.230325 525.010267 1560.82863 1560.82863 1560.82863 1560.82863 1598.419719 1730.428462 1701.678964 2270.02875 2403.254669 2612.578755 3111.940185 3138.068116 3982.006858 4071.227821 4752.477256 5250 5250 5250 5250 5250 5250 5250 5250 5250 5250 5250 3552.519746 3808.766519 3154.285673 2861.95074 2600.162667 2545.371061 2454.284812 2547.392195 2307.958444 2092.009601 2025.598202 2175.580945 1896.322294 1597.997631 1503.407149 1207.216392 1133.640715 1143.036041 993.19364 1094.192919 1156.778113 1314.658216 1493.106756 1329.952833 1078.512262 1027.069657 759.017013 730.471111 678.28033
-9999 -9999 -9999 -9999 30 685.508285 542.439404 593.587244 167.60678 167.60678 418.953324 306.070029 1215.139369 1560.82863 1560.82863 1560.82863 1560.82863 1560.82863 1469.969816 1968.582876 2270.005629 2403.134018 3138.524535 2569.248721 3087.827048 3174.24419 3372.806691 4071.227821 4843.792287 5250 5250 5250 5250 5250 5250 5250 5250 5250 5250 5250 5250 5250 4024.135966 3952.177914 2958.630859 3566.547956 2852.515209 2890.320733 2809.034969 2809.006164 2367.49526 2304.312556 1919.538824 1689.695044 2165.28659 1493.686342 1424.065553 1113.393895 1170.266413 1160.366576 1067.249524 1149.768885 1164.139277 1348.48084 1189.801748 1122.362234 713.766395 730.400001 671.233816
-9999 -9999 -9999 -9999 30 453.58228 368.000401 426.917561 167.60678 129.657726 142.31091 142.31091 1215.190541 1560.82863 1560.82863 1560.82863 945.143075 879.292839 1405.948697 1731.561415 2403.134769 3112.402125 3123.548978 3287.551001 3116.050434 3337.172316 3064.661869 4071.227821 4843.789569 5250 5250 5250 5250 5250 5250 5250 5250 5250 2824.086346 5250 5250 5250 5250 3099.078099 2928.795014 2575.318275 2607.508643 2522.923123 3065.72784 2878.391652 2488.401723 1984.687878 2086.48425 2484.364308 1928.512046 1725.043115 1186.850244 1001.471825 910.891892 975.591795 1171.812781 1205.433381 1046.253624 1053.638784 950.616932 900.478847 794.941288 686.969834 562.761708
-9999 -9999 -9999 -9999 -9999 -9999 30 374.079137 129.657726 129.657726 142.31091 142.31091 299.848404 415.911421 458.422431 628.107788 875.50253 848.603808 1598.416291 2232.600747 2941.598627 3119.178524 3573.396617 3590.802309 2785.965581 3054.483231 3060.721043 3902.464625 4878.688459 5250 5250 5250 5250 5250 5250 5250 5250 5250 5250 5250 5250 5250 4768.381175 3947.356117 3659.799734 2323.3965 2414.558882 2095.153997 1904.890721 2436.097888 2384.803642 2292.152158 2185.110848 2339.396439 2184.192177 1995.085322 1395.571661 1301.76499 1016.931959 1073.161506 1196.832299 1100.261064 1032.781131 942.556363 808.498154 632.996479 601.243556 595.585397 561.792552
-9999 -9999 -9999 -9999 -9999 -9999 -9999 374.079137 -9999 -9999 -9999 318.679163 279.786501 290.083501 463.390896 470.006845 470.006845 1560.894015 1731.539262 2941.599298 3200.859501 3262.356456 3367.689161 3070.883644 3224.819553 3054.483231 3160.591051 3733.647796 4843.784343 5250 5250 5250 5250 5250 5250 5250 5250 5250 5250 5250 5250 5250 5250 3770.436784 3421.434665 2559.707074 1855.501344 1745.542092 1486.639815 1536.221136 1803.343867 2169.679251 2058.234285 1843.380571 1873.307296 1393.015249 896.649704 1147.830416 887.749502 813.460435 830.381995 872.803824 1031.914604 868.415527 720.825883 669.356416 647.166572 548.990875 351.675966
-9999 -9999 -9999 -9999 -9999 -9999 -9999 -9999 -9999 -9999 -9999 -9999 -9999 329.309605 470.006845 470.006845 833.635901 1560.894033 2002.948912 2834.616146 2681.891774 3706.737678 3294.027406 2702.38473 2725.356526 3054.483231 3054.483231 3669.630542 5004.90785 5250 5250 5250 5250 5250 5250 5250 5250 5250 5250 5250 5250 5250 5250 5250 3700.193485 3292.452203 1840.235633 1545.072458 1879.583619 1419.268184 1336.343988 1535.929519 1241.297697 1031.446921 728.745046 735.980374 727.573251 449.24482 526.824827 630.455771 724.403453 760.186284 718.428758 645.700568 625.437432 572.93505 524.298669 501.853018 365.332495
-9999 -9999 -9999 -9999 -9999 -9999 -9999 -9999 -9999 -9999 -9999 -9999 -9999 30 470.006845 470.006845 853.845371 1560.894015 2140.853719 2027.553194 2424.901466 3423.276547 3226.078537 2298.678913 2654.483231 3054.483231 3054.483231 3499.615974 4843.783995 5250 5250 5250 5250 5250 5250 5250 5250 5250 5250 5250 5250 5250 5229.295003 5250 5250 2454.483211 1646.10457 1541.619962 1460.428471 1471.822057 1565.235926 1498.095217 1298.253326 1113.531143 1262.70206 1098.0692 498.386453 403.084553 414.314064 420.44124 582.34565 810.989502 748.918476 684.251021 607.714929 536.459377 464.945739 467.417341 409.186295
-9999 -9999 -9999 -9999 -9999 -9999 -9999 -9999 -9999 -9999 -9999 -9999 -9999 -9999 30 1560.894015 2918.010554 1093.137495 1539.577101 1764.175334 2286.227698 1872.382214 1224.176799 2294.668917 2760.591051 2725.356526 3054.483231 3332.447307 4771.495415 5250 5250 5250 5250 5250 5250 5250 5250 5192.257343 5250 5250 5250 5250 5250 5250 5250 2450.787688 1641.266965 1556.953389 1357.27334 1192.520653 1093.101603 1148.446565 1013.48075 890.276283 731.804653 592.442954 425.960728 364.456685 347.389147 386.899491 494.348535 509.642067 493.987812 470.019626 418.572674 402.241366 434.492574 471.799712 399.096616
