STOTEN_Data/raw/Age_yrs_1000ft.asc
ncols         250
nrows         718
xllcorner     -2256000
yllcorner     1557000
cellsize      1000
NODATA_value  -9999
[rows 465 to 495 of 718, columns 138 to 206 of 250]
2374.78119 2474.229507 2466.190903 2476.031789 2172.681711 2211.021894 2054.332125 5250 5250 5250 5250 4458.590007 4431.349031 3454.349157 3187.941284 2908.242593 2965.938694 3113.744564 2059.870027 1953.143424 1830.367806 1786.29091 1625.804269 1554.99418 1686.184234 1792.64589 1847.980198 1851.646824 1520.057627 1143.43368 741.392083 811.274957 1362.494527 1657.028817 599.762378 638.526301 802.272925 5250 206.460729 523.494674 525.010267 525.010267 30 30 30 30 30 30 30 -9999 -9999 -9999 -9999 -9999 -9999 -9999 -9999 -9999 -9999 -9999 -9999 -9999 -9999 -9999 -9999 -9999 -9999 -9999 -9999
2340.083061 2306.672085 2297.21026 2012.359342 1873.688733 2190.128819 1915.861536 2072.63938 5250 5250 5250 4550.308648 4099.104856 3359.703319 3116.770599 2830.756454 2864.377554 3115.387007 2054.309953 1893.147449 1801.847201 1650.206568 1591.758421 1561.454809 1694.901251 1855.733211 1848.116527 1851.036743 1514.931989 1549.535594 822.084994 745.256621 780.729861 850.134281 1153.40333 3748.357535 2449.500342 5250 5250 377.511593 309.138992 356.627497 225.728202 356.214719 30 30 30 30 30 -9999 -9999 -9999 -9999 -9999 -9999 -9999 -9999 -9999 -9999 -9999 -9999 -9999 -9999 -9999 -9999 -9999 -9999 -9999 -9999
2133.300493 2271.171294 2255.3391 3246.510309 2123.731421 1914.96032 3263.929885 2074.900853 5250 5250 4458.591286 4458.591286 3806.528471 3254.346338 3001.013265 2830.7581 2865.012968 2866.45014 1997.474652 1929.313855 1742.139182 1650.193931 1561.302592 1634.653474 1706.944817 1796.311736 1850.240616 1850.260841 1521.638835 856.932745 810.057537 746.186031 747.433305 1225.967399 1311.124151 2272.298179 350.708482 525.010267 858.590007 5250 5250 381.504075 466.229735 422.671927 30 30 30 30 30 -9999 -9999 -9999 -9999 -9999 -9999 -9999 -9999 -9999 -9999 -9999 -9999 -9999 -9999 -9999 -9999 -9999 -9999 -9999 -9999
2063.62872 2552.459347 2752.309528 2155.384393 2563.501868 1875.446109 2257.848214 5250 5250 5250 4458.591286 4462.937219 3458.242839 3328.541667 2920.994831 2830.7581 2758.660523 2284.480571 2110.139184 1945.632384 1803.783205 1688.889964 1533.044042 1596.019956 1435.84689 1480.408855 1426.316316 1666.152319 1195.114307 822.450425 786.315867 745.604919 749.82302 661.398589 442.794235 1835.714021 488.244113 968.380571 373.014785 5250 5250 5250 266.089706 323.249418 30 30 30 30 30 -9999 -9999 -9999 -9999 -9999 -9999 -9999 -9999 -9999 -9999 -9999 -9999 -9999 -9999 -9999 -9999 -9999 -9999 -9999 -9999
1895.556963 2291.710628 3162.650154 2734.38342 2109.026586 2257.062952 4642.02601 5250 5250 5250 4389.353485 4462.772161 3682.902065 3201.712347 2902.854014 2758.660099 2598.030974 2180.995041 2069.049902 1832.992063 1703.542435 1593.969479 1496.851305 1378.355453 1229.650724 1140.540049 1111.250198 1000.051314 893.217971 786.31368 750.173676 750.176236 755.99326 552.16819 440.410678 346.368359 306.290403 398.533625 375.361788 419.36952 362.293142 409.981971 341.870638 229.393179 255.945789 30 30 30 30 30 -9999 -9999 -9999 -9999 -9999 -9999 -9999 -9999 -9999 -9999 -9999 -9999 -9999 -9999 -9999 -9999 -9999 -9999 -9999
2136.433682 2595.148239 2625.334414 2106.955181 2462.357607 2257.340596 5250 5250 5250 5250 4274.462484 4060.658297 3580.681257 3199.789815 2830.7581 2758.660922 2477.651853 2178.563467 2009.997533 1840.498047 1659.040337 1533.306175 1486.90426 1391.469863 1195.832424 1123.254748 1028.84761 867.257024 786.315393 750.178084 789.13074 755.718744 560.42047 454.127081 919.387716 306.743261 311.385692 525.010267 355.019097 355.167848 365.909507 346.200236 166.646834 341.351057 220.061857 500.527118 365.445846 252.837372 -9999 30 30 30 -9999 -9999 -9999 -9999 -9999 -9999 -9999 -9999 -9999 -9999 -9999 -9999 -9999 -9999 -9999 -9999 -9999
2284.011146 2525.46986 3038.002198 2415.580376 2176.015 2755.189692 5250 5250 4458.596995 4486.892949 4343.205341 4084.196644 3229.841092 2931.353031 2779.59159 2560.029139 2407.278962 2296.560199 1948.680326 1787.135701 1663.274184 1580.851161 1466.344926 1349.419615 1325.193956 1157.973791 1033.707274 940.431509 786.705585 750.178084 750.178084 648.736095 452.879577 415.983093 321.243864 305.119046 306.385884 452.817359 411.68234 251.970749 193.519152 280.798656 475.792417 525.010267 378.605021 379.838464 41.024967 25.945974 25.945974 30 -9999 -9999 -9999 -9999 -9999 -9999 -9999 -9999 -9999 -9999 -9999 -9999 -9999 -9999 -9999 -9999 -9999 -9999 -9999
2102.310799 2225.619125 3669.396594 2223.944254 2252.558838 5250 5250 5250 4676.264373 4465.944196 4323.344003 3772.147257 3171.028027 2774.721619 2575.040747 2425.996661 2288.008848 1976.968663 1772.537915 1629.872563 1493.940334 1443.756317 1345.800495 1335.621397 1259.379144 1137.598563 1017.915754 913.509247 842.389324 782.386168 750.178084 655.755487 590.240795 415.578428 319.18461 299.404087 305.117585 282.333348 338.357146 299.93302 251.073459 332.676235 525.010267 525.010267 5250 1570.744748 6.706366 25.945974 25.945974 -9999 -9999 -9999 -9999 -9999 -9999 -9999 -9999 -9999 -9999 -9999 -9999 -9999 -9999 -9999 -9999 -9999 -9999 -9999 -9999
1697.612696 1997.872887 2159.487526 3448.43403 2669.517069 5250 5250 5250 4572.677339 4569.827376 3671.979504 3032.608958 2795.454047 2653.49943 2408.016695 2174.774703 1857.444587 1721.515384 1601.581672 1544.239894 1493.842417 1458.396667 1400.202784 1262.747495 1213.011315 1100.546477 951.434301 871.275186 795.354838 794.158264 784.546046 750.511882 649.10041 552.583258 445.533297 302.764756 300.506636 222.182865 277.525771 189.53077 319.868857 226.559235 525.010267 525.010267 5250 5250 1450.966184 52.501027 52.501027 -9999 -9999 -9999 -9999 -9999 -9999 -9999 -9999 -9999 -9999 -9999 -9999 -9999 -9999 -9999 -9999 -9999 -9999 -9999 -9999
1731.794386 2086.262333 2717.339047 2267.555366 5250 5250 5171.315474 5250 4623.802971 3225.101639 3030.714477 2848.615658 2710.455487 2324.563828 1931.314088 1758.34001 1650.729579 1554.019646 1532.67924 1503.91499 1506.515132 1426.709811 1212.827575 1035.993589 939.251759 788.06477 806.671785 750.178128 659.239863 648.739148 648.141788 555.967904 699.643817 674.13004 634.640414 321.269054 452.780258 324.530278 203.482576 222.911496 198.517256 179.515834 242.895449 397.945944 5250 5250 1267.938139 1193.493659 -9999 -9999 -9999 -9999 -9999 -9999 -9999 -9999 -9999 -9999 -9999 -9999 -9999 -9999 -9999 -9999 -9999 -9999 -9999 -9999 -9999
1758.921418 1401.661714 1327.06802 773.884597 5250 5250 4225.328397 3961.61261 3362.848318 3030.714535 445.757092 1152.200769 1717.940193 1691.719357 1625.983283 1546.769057 1519.68891 1538.628524 1148.374897 648.74169 648.835331 750.185368 750.173599 750.173648 750.173453 655.664642 648.738419 500.456119 398.344329 409.345515 369.037922 376.05238 367.932895 400.729149 419.952426 567.679854 485.971973 472.939715 341.369099 252.657921 200.859942 180.005898 131.339977 93.895519 139.449594 284.691762 1145.243922 1041.349637 -9999 -9999 -9999 -9999 -9999 -9999 -9999 -9999 -9999 -9999 -9999 -9999 -9999 -9999 -9999 -9999 -9999 -9999 -9999 -9999 -9999
1099.902452 1235.089985 694.19322 376.387781 4079.504289 1897.976547 3592.092906 3520.310379 264.86505 264.975598 332.259424 721.696252 1544.695896 505.82994 650.491541 1181.914966 1171.991792 432.907609 264.892522 265.288717 323.390667 352.655435 362.655746 359.028548 312.768434 365.842755 351.969368 359.68724 295.009292 271.430114 256.682103 295.553541 299.848185 318.172936 265.566552 281.856042 318.003482 336.435003 333.098526 225.941393 189.032279 141.012658 89.039762 72.073922 97.618459 260.078994 5250 5250 -9999 -9999 -9999 -9999 -9999 -9999 -9999 -9999 -9999 -9999 -9999 -9999 -9999 -9999 -9999 -9999 30 -9999 -9999 -9999 -9999
668.639398 767.485933 461.248571 607.176762 3720.536766 2758.661051 3371.403807 368.638754 264.976555 321.286085 793.064685 1223.887029 416.520594 499.625503 500.351602 368.86786 262.498791 261.886963 264.808256 265.292296 279.870147 308.362857 265.211081 275.531215 311.969251 282.574193 313.184062 359.451646 264.770289 263.562144 219.147686 215.317021 259.855442 255.695266 271.755209 261.380627 337.566629 316.976453 540.030778 542.472364 319.19913 167.073473 99.209301 72.697024 84.082071 5250 5250 5250 5250 -9999 -9999 -9999 -9999 -9999 -9999 -9999 -9999 -9999 -9999 -9999 -9999 30 30 30 -9999 -9999 -9999 -9999 -9999
661.01155 799.562021 461.034225 758.282463 3988.930795 3920.37171 2961.287058 517.02114 534.497214 1222.349745 1482.313979 947.717488 499.363172 543.757645 322.238946 302.701198 296.434337 310.071321 338.826431 369.767936 319.391641 313.086927 265.096111 335.625246 655.660508 517.435505 368.633977 362.559265 265.344578 309.14327 321.999219 259.42583 250.911405 259.094512 255.449712 281.78802 470.729234 592.654388 599.902289 582.508449 337.292075 326.211263 183.533743 330.120922 225.448323 568.637739 5250 5250 -9999 -9999 30 30 -9999 -9999 -9999 -9999 -9999 -9999 -9999 -9999 30 30 30 30 -9999 -9999 -9999 -9999 -9999
670.461567 682.98031 754.259023 2409.30555 3555.594365 797.079633 771.517695 743.83856 1157.787169 1956.300558 1494.32378 1194.683028 823.719122 422.847529 362.284082 368.062562 507.751947 547.385746 517.368796 376.970483 352.118016 470.075494 750.180617 750.178509 750.179693 618.747102 503.686343 648.736157 497.368725 325.275263 302.999742 281.700496 262.619062 573.444692 768.539463 631.456998 557.405262 604.001417 664.855997 5250 5250 958.521561 5250 5250 5250 5250 5250 770.568104 5250 5250 5250 8.704997 8.704997 30 -9999 -9999 -9999 -9999 -9999 30 30 30 -9999 -9999 -9999 -9999 -9999 -9999 -9999
766.324435 673.589751 742.193003 5250 1502.53252 797.079633 798.838143 1084.340393 1958.658021 1406.801474 1525.141081 1558.659905 575.049556 575.091421 677.293304 794.272313 786.318591 750.183303 648.738339 558.155175 786.310746 786.313335 750.178567 750.179203 750.180476 750.174236 750.173453 648.738494 648.738567 470.417757 501.164162 755.358385 802.522592 650.368115 552.260272 784.920084 698.34876 782.195237 1521.282729 1032.407364 5250 1362.491444 779.037806 5250 5250 539.793258 525.10753 587.134954 644.507189 5250 5250 525.010267 382.911242 5250 30 30 -9999 7.373309 3.874059 3.874059 30 30 -9999 -9999 -9999 -9999 -9999 -9999 -9999
766.324817 749.159466 738.647139 3874.979516 1461.191018 966.196062 1597.67466 2464.895302 1365.373405 1528.417686 1296.610523 1047.41963 1039.867298 1281.977646 1325.302796 1132.991494 1019.675215 786.314271 1006.677047 1297.145828 1054.709565 786.31339 750.178567 786.316987 750.180476 750.177356 750.176573 786.315421 891.951446 838.629919 1042.407257 1078.18391 930.713162 831.527412 755.012699 1266.959665 5250 857.946763 1025.043407 812.784626 908.401746 825.870967 782.444042 658.880477 644.125713 573.221539 496.546843 407.268554 427.194719 424.25185 319.448251 268.930358 242.829948 237.116034 375.14038 381.843241 7.373309 7.373309 3.874059 355.693253 -9999 -9999 -9999 -9999 -9999 -9999 -9999 -9999 -9999
754.000071 729.970734 5250 2758.658453 1567.97783 2394.525131 2717.512464 1825.074269 1625.731578 1317.642807 1318.130761 1316.906713 1325.311623 1558.659421 1325.302792 1325.3048 1042.100088 1507.43829 1519.783534 1268.184448 1030.774396 827.728994 1002.530383 786.31745 908.786478 937.967249 1094.844121 1075.091185 1005.180369 1137.969058 949.330812 1025.373873 997.98226 987.534741 978.394197 5250 1044.236792 924.059488 828.648191 954.940677 939.795324 861.766061 794.678679 666.060407 685.898048 645.917462 599.477334 472.667243 435.934415 362.124859 332.694666 331.002925 263.690373 240.83225 473.885467 448.323066 448.323066 44.832307 355.693253 355.693253 -9999 -9999 -9999 -9999 -9999 -9999 -9999 -9999 -9999
778.498673 1668.737355 1581.020096 1539.86744 2730.911376 2166.033838 1999.642712 1659.619569 1532.580254 1547.380149 1558.658937 1558.658453 1558.659421 1558.658453 1558.659905 1531.70605 1530.704778 1519.68891 1531.602637 1531.625609 1323.145852 1239.126577 1189.684995 1094.02622 1343.497238 1168.682299 1184.87011 1197.607099 1075.990806 1090.491781 1006.047215 1006.123301 5250 5250 5250 1367.435691 1224.246078 1126.150678 1065.821733 1703.239936 2070.048492 2047.076441 2069.384048 836.627086 828.883917 836.141158 505.831885 453.89003 448.323066 448.323066 448.323066 448.323066 448.323066 448.323066 448.323066 489.020789 473.4611 44.832307 1121.468864 397.035151 30 -9999 -9999 -9999 -9999 -9999 -9999 -9999 -9999
1505.901634 1017.552934 1626.394345 1702.399862 1629.234451 1895.100169 1692.740472 1524.17533 1532.550741 1555.867366 1559.940934 1558.658453 1558.658937 1582.843293 1545.17511 1534.776865 1524.748517 1546.097853 1531.953095 1531.674445 1554.781921 1426.797472 1526.257601 1418.01522 1522.028734 1330.654119 1131.635949 1136.97489 1026.454931 1463.74786 1978.382519 1570.568104 1759.609739 1532.783379 1446.94392 1386.121657 2395.868418 3738.900307 4480.363792 3309.346115 2074.274218 808.206268 861.650414 1065.265457 864.861436 817.122614 582.706507 576.568619 644.880561 744.816645 689.406174 673.766573 584.286203 563.799346 538.860475 557.935213 584.006591 665.020986 966.176047 409.001127 385.023956 30 -9999 -9999 -9999 -9999 -9999 -9999 -9999
1432.196893 1198.629343 1558.744532 1558.659675 2558.723134 1588.420631 1536.189664 1566.229379 1630.390144 1636.018443 1594.524798 1558.658453 1691.718003 1580.56126 1545.385686 1522.123891 1529.863806 1506.325507 1507.227539 1542.133984 1432.045323 1491.367753 1501.607815 1350.064823 1270.938634 1169.980135 1379.640646 1463.727356 1822.523797 1624.77755 5250 1670.020694 1587.719418 1637.027411 1615.384181 2155.657596 3803.179198 4072.195253 1302.113807 2108.971052 1118.622678 994.767495 862.80965 894.785687 793.630097 791.013376 678.399702 539.383078 585.498511 692.29391 778.251501 527.047544 511.951775 467.501991 474.102131 429.956461 423.485589 588.768442 564.616632 385.448323 385.448323 -9999 -9999 -9999 -9999 -9999 -9999 -9999 -9999
1282.889122 1330.413371 1558.659268 1554.505836 2902.851928 1630.658104 1645.930595 1889.450358 2093.409862 1693.446267 1692.611917 1928.39232 1758.459898 1663.060239 1622.909724 1594.033214 1581.534973 1648.155983 1537.589921 1779.288988 1684.115856 1473.508811 1340.893303 1345.533356 1467.982588 2158.695768 1666.849863 5250 1821.882902 1654.87019 1667.681606 1908.486343 2614.814326 2640.810593 2639.314136 3451.887515 2722.042017 1534.35528 1495.835446 1390.983767 1271.726592 1265.718948 1119.229597 987.676573 949.760088 752.377926 635.322089 629.082137 669.565134 528.16423 525.010267 499.0235 439.79467 416.342877 299.136933 263.505 241.482029 321.58256 329.322981 10.706366 385.448323 -9999 -9999 -9999 -9999 -9999 -9999 -9999 -9999
1278.532088 1641.889524 1558.661647 1545.60541 2758.659343 3000.047027 2525.304056 2830.756194 2830.756973 2471.059362 2619.526955 2363.278849 2439.874466 2111.860644 1900.420671 2076.385199 2114.833934 2041.318068 1803.553292 1624.092009 1582.547167 1610.466092 5250 1823.34482 1678.986995 1964.486371 1899.371096 1804.935988 2642.739492 2742.35302 1965.14136 2733.514424 1670.695225 1642.275916 1891.75523 1696.566744 1702.348225 1440.985545 1350.579836 1193.419483 1074.666947 1043.053085 1029.624041 822.72768 866.141187 719.889087 746.00356 630.29406 648.238511 502.137267 434.477963 414.054457 389.499815 423.542506 275.965706 289.48852 228.88005 267.099342 10.706366 10.706366 385.448323 385.448323 30 -9999 -9999 -9999 -9999 -9999 -9999
2430.757198 1899.608981 1545.605 1532.551147 1546.733461 2830.756161 2830.756161 2558.61892 3065.12673 2995.096386 2899.294071 2821.43968 2583.897351 2582.842015 2494.403491 2367.477564 2199.118313 1966.075628 1935.809918 5250 5250 2363.178367 2252.556548 2041.374749 1985.509572 2079.717581 2852.981992 3708.409099 2767.266666 1958.876515 1709.095653 1791.719454 1789.220888 1857.299421 1719.168215 1585.69616 1394.856211 1288.426143 1440.122367 1269.629996 1151.616341 996.340709 839.666665 872.744187 768.284474 801.153913 770.778132 646.226927 498.84262 472.422425 452.012097 422.163227 412.718805 397.387144 377.413633 350.039816 344.062962 354.544466 241.523806 225.73398 -9999 -9999 -9999 -9999 -9999 -9999 -9999 -9999 -9999
2429.478262 1581.471368 1548.471345 1645.674122 2902.85596 2830.756146 2759.650237 2902.852851 3352.869715 2971.389943 3165.496031 5250 3112.525667 5250 5250 3068.537559 2986.396257 2784.757599 2581.118372 2460.194841 2370.521994 2928.979033 3060.820402 4483.230664 3680.280327 3806.36848 2736.181834 2039.204133 1823.938883 1798.319607 2021.485205 1825.40126 1810.288024 1671.231268 1670.404646 1582.429665 1432.038206 1230.521804 1140.242808 1079.475413 1006.088662 819.364469 946.486016 859.486966 806.271684 682.572754 742.11276 626.306638 494.16706 498.051495 478.69081 454.328475 420.285524 443.628022 439.42978 320.700734 326.708343 348.20706 348.100121 166.703217 30 -9999 -9999 -9999 -9999 -9999 -9999 -9999 -9999
2184.35063 1946.418806 2350.201817 2975.131353 2927.949409 2833.07532 2919.049158 2830.756922 3171.78199 5250 5250 3736.286278 3658.617307 3218.703058 3053.599903 2877.8622 2812.4071 2682.696741 3197.959599 3133.919658 4483.230664 4483.230664 3011.106337 2910.978825 2292.262604 2098.010702 2290.315722 2013.642941 1985.996382 1798.957231 1731.437906 1794.539333 1642.408571 1468.298387 1483.431286 1413.159125 2056.187015 5250 1467.582866 971.395478 915.280419 888.329689 857.60652 779.476652 660.013047 615.175723 609.676482 553.019667 515.539219 533.304661 512.049727 493.820184 454.765707 467.154918 462.060435 303.874155 297.463312 5250 5250 136.017604 136.433318 30 -9999 -9999 -9999 -9999 -9999 -9999 -9999
2017.701741 2595.705891 2974.950213 3102.806495 2927.951174 3004.935995 3091.767431 3158.132334 5250 5250 3567.514291 3518.059428 3391.048131 3169.037229 3135.303362 2971.857461 3451.743948 4483.230664 4483.230664 4483.230664 4483.230664 2792.858163 2770.965714 2594.361702 2306.417484 2177.256059 1955.819353 1948.780282 1742.019247 1599.986227 1633.812847 1602.14666 1734.578748 1725.212313 1550.674873 1565.141189 1468.848638 1614.637882 1125.415707 938.09349 893.284566 820.464862 789.30419 756.74191 611.353325 578.509787 559.123991 566.877229 1886.859892 472.081633 456.458696 430.874172 401.905404 393.992523 354.032757 307.931709 314.390766 297.950972 5250 118.079656 108.571464 30 -9999 -9999 -9999 -9999 -9999 -9999 -9999
2974.948665 2974.948712 3000.045768 3230.668148 2974.948665 3290.102465 3287.594046 3572.833446 4112.956979 3753.009008 3470.758578 3445.935752 3742.245334 4483.230664 4407.655743 4212.022556 4483.230664 3980.518048 3022.183914 2958.273916 3059.08154 2505.19637 2326.015732 2206.477719 2278.419048 1936.813848 1910.702209 1821.87054 1745.77667 1671.408192 1730.169053 1599.552395 1459.405777 1460.6505 1300.749614 1701.852317 1834.543506 1419.521855 2152.224786 952.300991 851.040302 757.816373 1704.979554 674.017737 1920.42787 586.070117 581.416353 1875.203332 1834.679675 466.829301 424.612548 390.190241 387.886097 333.919402 316.734494 256.334413 212.152979 185.088559 5250 87.149822 86.077077 -9999 -9999 -9999 -9999 -9999 -9999 -9999 -9999
3166.69103 3191.790723 3587.528538 3287.752544 3167.427285 4682.647609 5250 4185.459797 3819.604255 3555.815692 3903.261293 4483.230664 4483.230664 4180.387985 3678.095629 3435.661041 3174.889322 2977.583726 3044.298781 2621.938084 2444.765017 2480.282821 2253.410579 2100.832519 2145.056724 2061.236574 1867.920278 1666.444293 1565.528249 1621.092756 1427.18667 1627.188808 1599.921246 1524.422392 1723.796126 1324.900741 1412.934314 1317.325031 1579.186507 1221.545994 827.203492 738.007685 675.312287 678.183547 595.577248 568.919758 510.44435 491.655653 454.800992 417.385076 370.23899 320.564624 291.388917 305.091576 220.005675 199.781594 193.005364 176.879287 5250 77.309588 65.934561 -9999 30 30 30 30 -9999 -9999 30
4115.848908 4211.818409 3088.064995 3471.182578 5250 4184.660123 3978.506911 4063.470823 3943.784936 4130.306425 4483.230664 4576.450676 3630.969742 4679.071366 3659.95475 3376.137668 3120.632882 2769.056433 2629.27118 2568.3787 2446.655198 2312.713741 2223.17754 2056.583016 1904.371783 1764.386147 1720.517296 1660.693604 1609.992934 1454.569605 1428.257722 1399.98121 1447.839698 1526.599628 1159.48661 1526.255509 1262.046925 1235.209328 957.237728 859.089737 791.633565 684.60833 645.399337 596.715712 545.244303 510.285635 469.865622 427.82681 418.470834 363.645993 330.376682 317.037508 273.34376 213.332589 186.831275 157.630768 147.733624 134.070946 75.392127 95.472101 55.99284 56.623814 30 30 30 30 30 6.226387 0.220855
3150.177344 3350.034223 5250 4815.935255 4235.797607 3951.86638 4180.366602 4488.669219 4312.969827 4483.230664 4071.287007 3621.780283 3637.905655 4201.790431 3340.84774 3158.071722 2700.1515 3086.587374 2766.672194 3454.840673 3257.786486 2133.233352 2089.409582 1976.361996 1848.579675 1751.493084 1711.23607 1595.633096 1413.112971 1415.754745 1354.252185 1203.303291 1136.219779 1064.276141 1062.295721 1011.914926 998.413962 964.597173 950.888694 856.838438 822.478026 724.481451 646.737427 579.433106 526.087924 481.63356 453.770557 417.085857 387.255445 361.815593 316.166111 286.61915 273.046953 212.637468 179.579261 157.09646 143.548358 107.491001 115.985843 52.251882 52.501027 52.501027 30 5.743668 5.723163 10.817192 9.795802 7.874606 1.980447
