STOTEN_Data/raw/Age_yrs_600ft.asc
ncols         250
nrows         718
xllcorner     -2256000
yllcorner     1557000
cellsize      1000
NODATA_value  -9999
[rows 279 to 309 of 718, columns 0 to 68 of 250]
-9999 -9999 -9999 -9999 -9999 -9999 -9999 -9999 -9999 -9999 -9999 -9999 -9999 -9999 -9999 -9999 338.123042 375.376133 414.162386 411.21985 423.361852 445.232193 470.2681 535.223729 625.937539 740.842114 705.061338 628.759458 656.246672 660.086644 627.512007 514.036444 484.317317 420.872057 360.97838 367.181934 393.374427 393.591579 347.427538 383.067869 387.146493 407.901107 528.38104 570.081697 678.153792 770.759022 845.321576 946.212465 1010.338847 1006.200521 979.464859 1404.389414 1203.398016 1541.659446 2197.907495 2470.2869 2624.765373 2690.57148 2924.791613 3013.481563 3626.922993 4397.089233 4713.511168 4613.842302 4766.605338 5142.475744 5245.995893 5250 4842.722652
-9999 -9999 -9999 -9999 -9999 -9999 -9999 -9999 -9999 -9999 -9999 -9999 -9999 -9999 -9999 -9999 351.204333 382.239238 474.37888 473.296033 492.131219 493.58082 520.557966 704.597622 770.628007 770.713144 725.069398 937.981379 396.594035 396.594035 572.112393 712.362543 741.6038 602.641744 620.685864 508.836136 561.375609 705.12165 485.093072 739.15721 577.521373 544.939441 588.273265 660.322585 690.516846 834.201071 1139.466964 1440.047549 1802.874947 1770.894381 1807.984985 1844.068781 1902.005439 2122.985665 1869.272115 2258.432142 2245.345872 2947.401255 2778.931524 2811.933287 3199.805818 3940.893331 4033.816716 4081.355813 4880.325545 5250 5245.995893 5250 5054.366492
-9999 -9999 -9999 -9999 -9999 -9999 -9999 -9999 -9999 -9999 -9999 -9999 -9999 -9999 -9999 -9999 30 426.183311 599.492567 577.169401 591.63594 602.886551 688.543306 767.746874 811.705612 842.300887 1008.319992 -9999 -9999 -9999 -9999 163.588727 878.235947 876.238924 769.280953 682.185112 681.606865 2477.822335 767.40645 765.572849 767.406449 717.364297 602.797034 608.832645 691.815201 873.292887 1332.935658 1840.64418 2548.199484 2237.32692 1907.276968 1826.967316 1673.720053 1605.661378 1678.080796 2067.104703 2070.244297 2297.706282 2541.108659 2632.162092 2975.726291 3307.104796 3568.237047 3166.064735 3535.947501 4011.10353 4711.03873 5250 5250
-9999 -9999 -9999 -9999 -9999 -9999 -9999 -9999 -9999 -9999 -9999 -9999 -9999 -9999 -9999 -9999 316.411555 568.638989 637.024273 670.948491 695.864267 697.286813 742.738442 808.325366 911.647252 876.361178 1097.444495 750.475264 -9999 -9999 -9999 -9999 -9999 968.618729 929.631314 769.233237 838.161902 2556.844194 644.935649 485.241144 495.320432 471.701967 440.57722 397.302466 587.119909 618.95485 694.2658 1105.499752 1567.431622 2575.949848 2642.288939 1911.867867 1833.585873 1826.879789 1775.837724 1865.204708 2066.564354 2377.018696 2851.155596 3099.283905 2864.159695 2836.065764 3113.167543 3334.458111 3371.153957 3917.139911 5250 5250 5250
-9999 -9999 -9999 -9999 -9999 -9999 -9999 -9999 -9999 -9999 -9999 -9999 -9999 -9999 -9999 -9999 316.411555 438.964564 672.730611 740.643913 744.063519 838.382197 874.68692 939.317357 978.519657 1001.788992 1170.501476 2015.393283 793.786584 436.130922 -9999 -9999 -9999 -9999 -9999 924.690642 1074.551458 1072.697796 836.038947 458.280277 359.705665 359.382216 392.91942 452.936253 417.427825 535.234412 670.208769 812.998881 1130.420204 1404.969834 1767.386464 2124.988546 2105.603682 2078.167947 2039.2424 2079.161558 2333.46263 2188.954943 2338.887851 2467.567449 2696.431044 2806.24311 3102.173967 3553.473632 3887.257266 4164.626277 5250 5250 5250
-9999 -9999 -9999 -9999 -9999 -9999 -9999 -9999 -9999 -9999 -9999 -9999 -9999 -9999 -9999 -9999 273.286264 273.286264 744.481436 941.38811 875.857188 873.548872 977.699565 1046.751598 1082.121732 1112.973102 1179.300965 1222.18211 3245.220056 730.368502 599.349335 -9999 -9999 -9999 -9999 1041.307766 935.612725 482.880649 466.952446 334.245124 334.245124 337.852375 327.966091 391.526348 410.699111 418.747703 589.536778 689.801678 931.910684 1170.755932 1371.875187 1726.710591 2408.737307 1978.409484 2768.441483 2773.043765 2972.138515 2876.758029 2816.186391 2815.232363 3071.205974 3916.105705 3847.14959 4069.735137 4077.502845 4466.761573 5250 5014.624286 5250
-9999 -9999 -9999 -9999 -9999 -9999 -9999 -9999 -9999 -9999 -9999 -9999 -9999 -9999 -9999 -9999 273.286264 340.335169 846.147663 1049.250071 1009.084108 973.537048 1046.886198 1080.296767 1151.208402 1150.29403 1211.148144 1433.041768 1774.133969 1222.316387 801.572974 697.533697 1184.770816 1014.726559 1373.061208 1142.124014 692.299558 598.845717 468.534705 367.84135 347.221976 338.233909 338.233909 387.774568 350.635491 343.374603 354.318641 400.637439 556.790264 657.657549 720.793425 975.165241 1570.002632 2468.072005 2728.757306 2963.669534 3193.283232 3574.951429 3443.801182 3458.581156 3711.720199 4068.798563 4024.031283 3978.539017 4848.11766 5133.931848 5168.003214 4781.940312 5250
-9999 -9999 -9999 -9999 -9999 -9999 -9999 -9999 -9999 -9999 -9999 -9999 -9999 -9999 -9999 -9999 396.432708 400.322008 625.038535 1075.485486 1045.251989 1044.239921 1081.136643 1151.319833 1244.832649 1364.198877 1364.129419 1460.750433 1745.618496 1908.165112 1358.697428 2379.567714 1681.714761 1530.255893 1179.379404 1861.97842 695.341929 702.265727 509.225269 426.802963 347.221976 347.221976 287.256713 337.67294 337.67294 330.106235 330.106235 309.349734 317.233714 491.852412 720.811473 1038.007157 1603.917295 2198.686614 2777.842588 2775.506163 2849.961728 3406.422299 3848.468013 3998.81194 3987.939064 4046.237313 4202.486579 4338.856153 4503.94404 4623.444676 4906.436068 4600.198435 4980.484837
-9999 -9999 -9999 -9999 -9999 -9999 -9999 -9999 -9999 -9999 -9999 -9999 -9999 -9999 -9999 -9999 30 778.08599 843.896183 1178.195851 1114.012857 1080.016125 1178.494567 1362.602458 1366.426626 1450.219464 1450.516743 1569.481414 2234.640608 2711.247528 2284.34714 1872.95062 1605.343489 1633.795533 2122.972733 1106.104221 1101.391075 763.256692 509.225269 684.429187 442.921431 400.497331 287.256713 287.256713 244.493809 260.155485 260.155485 263.009481 277.426757 423.644309 484.303004 623.629877 1006.73035 2061.523812 2962.581455 3161.509105 3167.315886 3571.294557 2725.87191 2766.290349 4173.282325 4211.644318 4015.193359 3844.554534 3979.913325 3979.913325 4272.646411 4370.252936 4528.126653
-9999 -9999 -9999 -9999 -9999 -9999 -9999 -9999 -9999 -9999 -9999 -9999 -9999 -9999 -9999 -9999 30 1311.468274 1116.590935 1186.121144 1292.419889 1830.006289 1903.79792 2074.694347 2902.458688 2858.094389 2835.911069 2766.965424 3019.85534 3146.732335 3384.152947 1835.866483 1711.729431 1725.062332 2506.259984 782.940164 963.216002 1198.993548 786.744395 657.360225 442.921431 489.068609 368.08862 367.52627 195.442419 227.237893 260.155485 347.544533 359.955753 367.780021 451.466676 618.616067 838.23595 1306.440688 1805.56601 2807.049934 3076.507061 3605.867795 2514.69797 2516.881067 3343.922327 3457.365681 4142.049746 4239.81558 4057.774753 3698.757485 3980.289371 4176.62384 4399.280489
-9999 -9999 -9999 -9999 -9999 -9999 -9999 -9999 -9999 -9999 -9999 -9999 -9999 -9999 -9999 -9999 30 2041.774625 1449.3681 1541.465185 2842.465075 -9999 -9999 -9999 -9999 -9999 3039.268811 3030.571697 4015.231969 3875.433165 2836.925022 1907.103584 2080.5158 2567.351114 700.31642 767.683961 883.097508 1560.050785 1625.462579 1304.711124 942.023952 741.175912 368.08862 368.08862 313.877647 314.00052 366.761115 353.908551 359.955753 360.603019 481.196529 592.278697 648.910019 976.533466 1444.070979 1797.222031 1939.328803 2498.189511 1975.241268 1955.273709 1998.735784 2872.965138 2878.594762 3328.728961 3497.537904 3370.711319 3339.012832 3980.433753 4081.074502
-9999 -9999 -9999 -9999 -9999 -9999 -9999 -9999 -9999 -9999 -9999 -9999 -9999 -9999 -9999 -9999 30 3763.526842 3435.603589 3436.912093 2741.527087 -9999 -9999 -9999 -9999 -9999 -9999 2612.220856 3741.683559 3164.02113 2998.185311 2636.852055 2829.919122 3327.960696 1135.905535 1433.577215 1368.515582 2766.463524 2999.370814 2400.360701 1169.582912 1262.420681 906.051385 809.880072 314.00052 314.00052 357.05961 306.742611 346.859395 356.59749 437.397974 542.344031 400.193762 658.528658 935.600663 520.197867 1290.595272 1351.216354 1463.703238 1655.428585 1672.578396 1849.805647 2422.991142 1892.86905 2935.842192 3069.319998 3098.513063 3568.41462 4066.722419
-9999 -9999 -9999 -9999 -9999 -9999 -9999 -9999 -9999 -9999 -9999 -9999 -9999 30 -9999 -9999 -9999 3940.091251 3365.862764 3294.794123 -9999 -9999 -9999 -9999 -9999 -9999 -9999 -9999 4144.915506 2860.035848 3039.806478 3136.849304 3337.55436 4044.792951 3400.97066 1802.923743 997.965265 738.01675 747.902684 949.859385 1463.209202 2265.822001 1813.908796 1199.226887 529.859519 399.61483 306.742611 306.742611 350.169901 314.296258 299.81702 334.485156 391.98335 604.088018 521.802001 635.016178 346.467008 772.941701 846.766721 1378.554545 1376.544027 988.11967 908.673663 2237.972811 2107.854165 2990.680226 3073.268858 3427.748568 4063.878631
-9999 -9999 -9999 -9999 -9999 -9999 -9999 -9999 -9999 -9999 -9999 -9999 -9999 30 -9999 5012.594114 2870.943164 3276.731353 3409.175923 -9999 -9999 -9999 -9999 -9999 -9999 -9999 -9999 -9999 4619.329639 2809.471382 2913.898537 3102.025545 4420.054976 5250 3590.784045 1440.289818 754.894246 708.332773 747.902684 842.373522 3030.960898 3961.385427 2906.643352 1602.280685 743.585584 515.94813 433.626986 343.285667 293.582268 293.582268 280.001787 318.079173 293.29037 322.475161 492.649913 263.837705 186.546704 290.210226 339.771991 718.003201 1180.438097 1331.067163 2055.456001 1907.04745 1830.228089 2625.920321 3304.21247 3504.412216 4066.066368
-9999 -9999 -9999 -9999 -9999 -9999 -9999 -9999 -9999 -9999 -9999 -9999 -9999 3203.454416 2634.732777 2183.444301 2088.565861 -9999 -9999 -9999 -9999 -9999 -9999 -9999 -9999 -9999 3167.054727 3228.394049 4185.306565 3065.675061 2908.558046 3096.899679 4286.096053 5250 5250 1701.858352 1070.103052 900.587268 761.185367 1082.984036 5250 5250 3695.762208 2656.79165 1705.88092 790.0624 753.059165 357.19286 397.462467 270.402334 273.589325 308.381645 279.356363 451.748049 249.502339 170.616706 183.722434 257.136356 326.715588 1033.08499 1219.176692 2103.039565 1899.516715 1026.414413 1566.656587 2870.107938 3501.133519 3393.48644 4243.561394
-9999 -9999 -9999 -9999 -9999 -9999 -9999 -9999 -9999 -9999 -9999 -9999 -9999 -9999 1863.568129 -9999 -9999 -9999 -9999 -9999 -9999 -9999 -9999 -9999 -9999 3043.923274 4240.344851 3695.371429 4894.654027 3218.297483 3074.325839 3110.387315 3477.871517 5250 3521.007783 2228.932744 1439.444299 960.781758 502.853453 509.422479 822.10064 822.037472 3228.701924 3961.495182 2781.24202 920.900134 853.028572 467.225102 467.227288 266.962798 290.572523 329.958657 383.33648 511.533941 346.982411 177.573653 497.31954 724.044287 1338.278031 1568.987757 1859.38682 2003.904778 1981.913612 2478.836619 2461.932829 2962.114146 4164.906427 4218.42902 4087.023827
-9999 -9999 -9999 -9999 -9999 -9999 -9999 -9999 -9999 -9999 -9999 -9999 -9999 -9999 -9999 -9999 -9999 -9999 -9999 -9999 -9999 -9999 -9999 -9999 -9999 -9999 2761.752149 3961.859782 5250 3706.84489 3579.097528 3579.016132 5250 5250 4461.650297 2410.94359 875.391928 507.650681 502.240795 509.422479 540.268606 1436.488453 5250 5250 4362.138159 1976.964272 756.716918 558.948736 438.645389 423.31536 367.96881 357.768193 424.422168 462.335257 521.02365 431.268739 556.6303 999.970665 1240.93544 1509.989157 1700.278124 2031.320038 2209.416025 1923.387726 2902.822607 3677.666943 3749.937423 4075.83834 4483.644586
-9999 -9999 -9999 -9999 -9999 -9999 -9999 -9999 -9999 -9999 -9999 -9999 -9999 -9999 -9999 -9999 -9999 -9999 -9999 -9999 -9999 -9999 -9999 -9999 -9999 -9999 -9999 2761.752149 3570.507135 4758.113472 4164.628085 4164.62629 5250 5250 4521.780809 1998.509614 1036.756525 435.273628 380.788399 501.617252 501.617252 1101.337924 454.089383 471.085485 654.454236 654.454236 553.601266 554.942967 438.702048 453.46571 426.624179 584.598001 592.857822 620.058936 652.120525 548.782992 599.130132 850.651567 1333.928374 1203.986288 1275.261749 1505.329617 1648.662506 2036.921941 2075.893907 3026.940892 3943.133184 4070.506462 4371.676213
-9999 -9999 -9999 -9999 -9999 -9999 -9999 -9999 -9999 -9999 -9999 -9999 -9999 -9999 -9999 -9999 -9999 -9999 598.991724 -9999 -9999 -9999 -9999 -9999 -9999 -9999 -9999 -9999 -9999 3955.834325 5250 5250 5250 5250 4777.0384 2409.485945 1004.316678 457.448682 422.847538 321.841756 423.481438 446.210858 419.388646 452.16047 397.851679 401.015902 412.553922 387.656868 404.551792 446.632718 517.713561 556.768424 687.664682 720.040914 663.543399 737.873247 592.205037 452.027176 557.823806 791.143337 1185.867326 1368.346573 1155.732976 1784.447967 2077.293161 2937.943064 4107.404037 4071.896871 4306.07751
-9999 -9999 -9999 -9999 -9999 -9999 -9999 -9999 -9999 -9999 -9999 -9999 -9999 30 30 755.401588 511.935377 511.252567 477.190805 418.041149 367.641882 360.540449 583.534194 744.805825 -9999 -9999 -9999 -9999 -9999 -9999 -9999 -9999 -9999 5250 5250 2629.449312 1343.075734 456.732013 292.213651 270.236381 442.879036 361.10127 120.485915 293.678202 293.678202 401.015902 401.015902 390.766432 506.049695 564.535995 558.055301 580.135609 666.184664 625.494758 509.455094 404.617549 404.728461 454.555933 545.999177 669.248915 1025.476323 1018.432536 1403.184344 1569.112767 1912.943873 3305.881899 5250 4627.020902 4949.600553
-9999 -9999 -9999 -9999 -9999 -9999 -9999 -9999 -9999 -9999 -9999 30 -9999 -9999 -9999 778.987426 490.270916 450.683056 460.326296 393.456138 287.540636 356.921218 423.483003 599.803886 926.683354 -9999 -9999 -9999 -9999 -9999 -9999 5231.064493 5250 5250 5250 4743.017417 1905.632275 640.453471 384.540554 540.689666 540.199509 510.630113 120.485915 120.485915 293.995403 384.330729 405.287883 559.348771 605.386352 637.609292 654.664319 615.752552 545.480565 536.531706 470.388251 406.627449 414.736548 439.625639 427.957391 627.465613 896.786475 888.368774 1495.88381 2594.517886 3410.331439 3180.558497 5250 4193.170033 4673.584234
-9999 -9999 -9999 -9999 -9999 -9999 -9999 -9999 -9999 -9999 -9999 -9999 -9999 -9999 -9999 -9999 540.171995 467.068571 433.435111 276.473484 262.313419 -9999 -9999 -9999 1237.77588 1672.429803 2132.223164 2601.627127 -9999 -9999 4648.20497 4139.962562 4072.760821 4207.279529 5250 4531.558299 3193.915866 1827.511382 837.124621 541.776906 607.956127 589.987907 276.041123 291.987538 293.387778 293.512609 513.692004 816.23932 1074.357651 1272.477469 1538.774039 591.847473 588.733776 436.075043 420.834041 427.980141 427.523667 460.082444 607.424185 757.56074 1064.828379 1320.325858 1572.936698 2525.782798 3206.681813 2125.866846 3667.451831 4085.911465 4777.209157
-9999 -9999 -9999 -9999 -9999 -9999 -9999 -9999 -9999 -9999 -9999 -9999 -9999 -9999 -9999 -9999 30 494.31759 457.525875 260.052629 253.125576 -9999 -9999 -9999 -9999 30 4142.186041 4242.781396 5250 5250 -9999 -9999 3444.641116 3133.420441 -9999 -9999 -9999 2969.299862 1906.191165 1328.787687 1038.595117 581.658588 429.607781 598.055137 550.267265 800.522503 1236.034764 1572.014087 2258.318785 2961.727875 2060.089295 517.697028 439.835928 427.06376 428.056371 517.800593 423.734013 499.862546 450.029821 395.990624 592.307536 2037.976696 5250 4983.759046 4851.73 2954.645903 777.354339 643.383916 2327.590999
-9999 -9999 -9999 -9999 -9999 -9999 -9999 -9999 -9999 -9999 -9999 -9999 -9999 -9999 -9999 -9999 -9999 464.445029 393.624691 329.747391 230.482556 415.56793 -9999 -9999 -9999 -9999 5097.7078 30 1150.168578 1329.114358 2130.801 -9999 -9999 -9999 -9999 -9999 -9999 4614.988135 4087.287924 3075.566181 2608.984812 1897.114359 1039.25283 999.973393 1478.563248 2643.023841 2967.638539 3133.194392 3180.154428 3523.510728 3167.478668 1121.3692 5250 521.670089 647.236019 409.862233 467.283541 424.681614 298.021232 270.944123 1234.605213 682.799261 501.778457 621.251362 1346.497946 1539.631639 1592.290745 1188.2465 3681.244022
-9999 -9999 -9999 -9999 -9999 -9999 -9999 -9999 -9999 -9999 -9999 -9999 -9999 -9999 -9999 -9999 477.858018 349.264878 364.747053 340.066724 237.537517 251.322618 223.386008 -9999 -9999 -9999 -9999 30 563.760135 414.407636 734.116557 719.315663 989.1921 1465.569614 -9999 -9999 -9999 3183.849301 4239.390565 5250 5084.678494 3253.216563 2559.679577 3042.216495 3455.559674 3478.928021 2715.076697 3777.145752 4128.992251 4685.715136 1354.751157 906.083893 5250 363.527198 363.527198 420.026591 438.603005 357.976483 316.876239 597.406831 277.792286 334.720511 482.355181 603.083512 1064.453036 1442.324484 1022.007976 980.675234 832.123492
-9999 -9999 -9999 -9999 -9999 -9999 -9999 -9999 -9999 -9999 -9999 -9999 -9999 -9999 -9999 -9999 30 321.115389 344.951163 304.878668 238.064734 204.056248 203.750169 30 -9999 -9999 -9999 -9999 -9999 349.64636 499.214251 393.903236 524.867376 548.791797 808.183841 -9999 -9999 3129.776863 4902.48088 4076.365611 4703.943172 5250 4629.23611 3132.592979 1237.856418 1003.124105 938.48635 2019.539365 2797.672224 2509.531862 5063.072875 1571.340994 5250 363.527198 468.577745 300.543638 300.543638 283.549371 324.564585 468.317638 213.134292 320.07731 1426.754729 4436.13963 5250 4916.632444 5250 1876.17275 805.517597
-9999 -9999 -9999 -9999 -9999 -9999 -9999 -9999 -9999 -9999 -9999 -9999 -9999 -9999 -9999 -9999 30 376.41721 339.516164 297.304906 329.981024 196.986858 190.136112 186.938668 -9999 -9999 -9999 -9999 -9999 -9999 345.988311 288.477438 347.915532 366.194706 324.859933 428.558113 -9999 1880.135115 2886.362515 2247.586944 2202.694194 4212.549982 3052.036323 1026.236019 1237.856418 1117.264882 926.48074 935.820706 960.914738 1995.728905 1397.139212 5250 361.35372 361.35372 767.06746 300.543638 300.543638 283.549371 619.663265 309.575187 319.327285 319.690262 928.766042 588.593361 511.523227 439.748542 566.762608 511.4143 1142.175035
-9999 -9999 -9999 -9999 -9999 -9999 -9999 -9999 -9999 -9999 -9999 -9999 -9999 -9999 -9999 358.483472 347.700352 299.107719 296.648469 273.012628 290.830723 197.199734 183.512024 180.595552 -9999 -9999 -9999 -9999 -9999 -9999 -9999 235.937779 259.179507 225.739775 272.700913 350.628847 339.007756 808.647981 1210.415279 1155.725366 710.38516 2898.686695 3283.548902 5086.435686 1176.453161 1234.47193 915.866684 952.862922 984.968043 2089.918967 5250 5087.71745 361.35372 361.35372 304.439881 304.439881 677.297402 668.631426 668.574417 309.575187 331.946156 466.886651 503.00004 253.347672 308.080492 392.923559 382.709598 473.621434 491.786521
-9999 -9999 -9999 -9999 -9999 -9999 -9999 -9999 -9999 -9999 -9999 -9999 -9999 -9999 -9999 30 300.899426 303.559303 243.116144 242.736203 267.484437 203.803925 177.709256 177.729351 30 -9999 -9999 -9999 -9999 -9999 -9999 235.937779 207.818231 106.008608 199.456287 277.940156 387.639331 581.065969 655.498533 323.262124 394.415527 1541.705142 2705.171664 2975.019298 1184.516087 4169.798936 5250 5250 5250 5245.995893 1480.297072 1823.977485 1794.986398 2080.286754 304.439881 304.439881 793.627133 1192.998015 1489.91446 536.706046 578.52237 607.224331 509.450148 115.45243 153.971858 249.162674 320.009126 406.960301 441.519017
-9999 -9999 -9999 -9999 -9999 -9999 -9999 -9999 -9999 -9999 -9999 -9999 -9999 273.344981 267.59907 258.327949 228.070899 253.532809 220.081588 -9999 253.092689 249.542124 173.935543 176.645901 30 -9999 -9999 -9999 -9999 -9999 -9999 -9999 30 106.008608 111.117699 140.049738 375.697308 481.460084 349.990087 201.213504 317.24341 954.549233 482.963674 1349.151163 1255.5395 2531.366857 4044.630848 4677.189326 3098.681497 3098.681497 920.224312 1389.126744 1828.96441 4201.75324 785.8519 1033.606758 3006.345468 4181.196179 3880.252975 1874.377377 1458.545525 608.469963 500.599704 115.45243 115.45243 250.477257 374.579055 438.799024 441.472908
-9999 -9999 -9999 -9999 -9999 -9999 -9999 -9999 -9999 -9999 -9999 -9999 -9999 244.208563 234.275146 145.564365 243.373499 210.761113 204.556283 -9999 -9999 -9999 -9999 170.730194 164.101131 -9999 -9999 -9999 -9999 -9999 -9999 -9999 -9999 -9999 -9999 138.871336 147.140597 380.24094 136.47448 136.47448 292.642297 307.610597 338.53979 423.352602 705.311284 1273.221784 1776.04125 4051.260978 3363.750626 5213.050647 5250 5250 3862.358291 5123.947737 4772.701265 4108.923572 5046.927656 2880.890474 5215.123773 4613.492271 4915.583599 5250 3887.640753 289.012082 371.06341 508.072097 454.464978 285.198364 369.016894
