STOTEN_Data/raw/Age_yrs_1200ft.asc
ncols         250
nrows         718
xllcorner     -2256000
yllcorner     1557000
cellsize      1000
NODATA_value  -9999
[rows 620 to 650 of 718, columns 138 to 206 of 250]
5250 5250 5250 5250 5250 5250 5250 5250 5250 5250 2779.454957 2162.257899 5250 4468.437181 5250 4576.804749 4505.298354 4572.411705 4469.656302 4905.26891 5250 5250 5250 5250 5250 5250 5250 5250 5250 5250 5250 5250 5250 5250 5250 4112.388775 5250 5250 5250 5250 5250 5250 5250 5250 5250 5250 5250 5250 5250 5216.70089 5250 5250 3147.516957 4458.591732 4490.175582 4374.57171 2941.511959 2442.847265 1802.076206 1778.322738 1806.269103 1669.090232 1559.84963 1537.875461 1600.583349 1597.483288 1668.634734 1474.250149 1374.846369
5250 5250 5250 5250 5250 5250 5250 5250 5250 2172.066063 2162.257899 5250 3841.789349 4625.884489 4677.736199 4470.381186 4469.852066 4471.394146 5250 5250 5250 5250 5250 5250 5250 5250 5250 5250 5250 5250 5250 5250 5250 4112.388775 2408.874247 5250 5250 5250 5250 2461.009645 2421.89877 5250 5250 5250 5250 3352.718227 2545.371501 5250 4974.948665 5212.457221 5250 2345.691516 3100.068446 2665.890085 3773.762991 523.369192 3432.030027 2874.305461 2737.084735 2500.724828 1645.175532 1570.184045 1533.383368 1566.148991 1640.287345 1675.12982 1671.562177 1504.91745 1600.310061
5250 5250 5250 5250 5250 5250 5250 5250 2162.321668 3179.56396 4472.068382 2747.099044 4752.337487 4470.85436 4469.599813 4471.866831 4471.278043 5250 5250 5250 5250 5250 5250 5250 5250 5250 5250 5250 5250 5250 5250 5250 5250 5250 5250 5250 5250 2483.230664 2431.954592 5250 5250 5250 4700.068446 5163.884526 2998.332567 2528.302836 1931.175129 1879.393775 3052.197346 2684.97293 1819.260375 1805.703856 2076.253097 2530.411369 2800.182523 2652.676631 5250 4032.473484 3467.645473 2669.722241 2233.239883 1602.581062 1645.440137 1642.175422 1673.424961 1672.500396 1670.396803 1777.243133 2065.464627
5250 5250 5250 5250 5250 5250 5250 2162.257899 5250 3643.618343 2648.6831 3978.018633 4105.912976 4469.055194 4468.134914 4910.327163 5250 5250 5250 5250 5250 5250 5250 5250 5250 5250 5250 5250 5250 5250 5250 5250 5250 5250 5250 5250 1916.258804 3586.458367 5250 5250 5250 2914.599699 1785.212705 2148.263626 1755.249863 2039.569631 1819.551436 1770.006962 1944.897212 1764.333472 1614.945203 1639.262222 1654.315216 1716.927221 2818.006571 1992.336809 2570.704997 2893.467408 5250 5250 2768.536354 2171.475145 1760.894524 1676.696787 1675.372705 1673.147641 2126.790561 2129.067314 2012.959287
5250 5250 5250 5250 5250 2257.70761 2162.257899 5250 3007.498735 4207.484247 3674.287663 4005.443322 4467.942203 4473.516459 5250 5250 5250 5250 5250 5250 5250 5250 5250 5250 5250 5250 5189.481779 5250 4676.791778 5250 5250 5250 5250 5250 5250 5250 1935.7933 2060.202231 5250 5250 4862.696783 1788.212911 1756.559288 1703.610941 1630.579248 1686.85615 1666.598543 1696.572181 1693.946382 1553.094713 1547.075795 1531.273402 1544.586934 1682.930309 2578.385942 1747.421338 946.432296 2626.374629 2679.775459 5250 5250 3336.00288 2330.457141 2542.991749 2131.14968 2064.735183 2010.880643 1978.296917 1860.065616
5250 5250 5250 5250 2162.257899 5250 4467.942203 3474.895928 4238.17918 4067.806278 3908.841326 4469.591888 4939.536474 5250 5250 5250 5250 5250 5250 5250 5250 5250 5250 5250 5250 5250 5250 4241.057965 4803.85543 5250 5250 5250 5250 5250 5250 5250 1972.393338 1917.652013 5250 5250 1779.85193 1738.123729 2868.512472 1628.767854 1552.841733 1518.763247 1503.624577 1534.960068 1503.968112 1425.70006 1470.936311 1509.914711 1510.321446 1561.964438 1728.733997 1622.333796 1720.97743 1943.840265 2466.628177 2845.467144 4598.485212 4462.164359 5250 4077.368518 3562.137558 3560.247859 3197.904258 2334.960008 1866.695414
2252.483564 2372.396293 2162.604473 2177.278449 4471.723164 3810.243495 3140.448782 4169.012507 4167.673349 4340.516303 4470.153553 5183.211362 5250 5250 5250 5250 5250 5250 5250 5250 5250 4466.543958 4320.497685 5250 5250 4181.713826 4531.08502 4439.052203 5250 5250 5250 5250 5250 5250 5250 5250 1933.07134 1831.333805 1735.43968 1715.830632 1683.230664 1731.389861 1619.719282 1614.914567 1646.201568 1484.08906 1487.989425 1495.932936 1612.548483 1478.727381 1562.664541 1519.959006 1505.117028 1526.579968 1844.832656 1508.386365 1547.51205 1660.355841 1972.460528 2007.675143 3892.555266 4280.278216 3195.337894 4476.405484 5187.405886 5250 3729.981253 3733.565207 3668.765315
5250 5250 4469.776243 3270.376887 2480.694401 3808.614816 4004.851856 3936.290151 4469.606052 4469.78266 5250 5250 5250 5250 5250 5250 5250 5250 2067.389742 5250 5250 3462.952978 5250 5250 3703.020628 4158.556072 4875.010536 5250 5250 4800.068675 5250 5250 5250 5250 5250 5250 2979.302346 1736.160754 1736.150767 1683.230664 1674.349573 1750.840552 1518.070148 1512.456155 1560.767717 1600.398439 1481.399778 1440.000031 1449.66062 1516.053826 1521.330965 1499.607452 1469.579867 1603.010433 1642.149357 1455.625155 1487.39071 1551.888128 1664.403373 2426.028251 3258.857105 3664.298113 3042.474289 3520.996202 5250 5250 5250 5250 5159.661673
2480.6944 2480.6944 3176.02031 3063.31687 3357.933178 3806.962547 4466.982633 4468.134922 5176.99233 5250 5250 2584.963125 5250 5250 5250 5250 5250 5250 5250 5178.561841 5250 2789.389481 2903.21847 3096.472558 3700.749804 4681.605056 5250 5250 4204.094001 5165.165377 5250 5250 5250 5250 5250 2020.90655 1589.868826 1718.031016 1711.991923 1607.380684 1657.949043 1617.839965 1492.003714 1499.653012 1513.304608 1504.624319 1497.985772 1459.150561 1430.071635 1415.783999 1517.402961 1491.430746 1451.857247 1504.657169 1497.148563 1351.517059 1461.010767 1462.013534 1554.233959 1967.402614 2595.408718 3147.498651 2861.350476 2948.975591 3828.757542 5250 5250 522.9295 5250
3135.608757 3163.650992 3202.091458 3476.896649 4465.703119 4467.965031 4575.455967 5250 5250 5250 2584.395699 5250 5250 5250 5250 5250 5250 5250 5250 5250 5250 2440.88979 2603.684759 3112.107698 4582.910286 4791.263494 5250 4139.40598 5250 5250 5159.131969 5250 5250 5250 5250 1923.197315 1627.314284 1494.706553 1553.133431 1660.863439 5250 1490.111975 1469.587041 1438.792136 1517.532035 1471.029477 1232.606062 966.530392 1269.231205 1501.186502 1419.022408 1400.187709 1451.677112 1469.579867 1466.392882 1466.394035 1394.297297 1393.038143 1461.010776 1830.443144 2877.03686 3030.962443 2765.492992 2578.521668 3150.166692 5250 5250 5250 5250
3056.394606 3567.167064 3405.731262 4002.023882 4467.94355 5250 5250 5250 2986.021649 3625.28443 5250 5250 5250 5250 5250 5250 5250 5250 5162.27956 5250 3738.387345 3207.013631 3581.20258 3543.361151 4040.407868 4568.374792 4371.005074 4036.910155 5250 5250 5250 5250 5250 4473.202521 3161.623051 1844.745392 1737.577002 1556.361711 1561.024235 1668.935761 1547.705397 1359.514386 827.834816 829.351535 829.547248 837.89437 804.706157 782.097169 795.232964 1412.274586 946.463824 1168.268431 1469.579867 1469.579867 1458.443413 1334.082975 1399.68289 1388.967193 1461.009854 1684.782669 2660.476842 2916.558376 2062.395092 2355.16681 2743.693412 4159.136171 5250 5250 523.340178
3498.223806 3810.221357 4144.500185 4467.944171 5250 5250 5250 2576.886324 5250 5250 5250 5250 5250 5250 5250 5250 5250 5158.928041 5250 3819.256852 3700.113536 3954.611261 4073.634425 3772.485095 4036.513517 3698.630783 2977.417744 4074.61564 5181.099311 5250 5250 5250 5250 4584.693858 1792.33754 1857.306394 1736.158396 1432.812708 1557.515637 1658.715126 1365.126935 826.144284 774.964201 767.247297 760.847481 786.940161 748.763477 761.368759 766.93171 1181.017324 769.677747 1176.056625 1469.579867 1462.350339 1391.368937 1333.079263 1273.732054 1425.197965 1461.009614 1619.186708 2417.808746 2788.456685 3027.807554 2375.05361 2462.837872 2936.469684 4473.897901 5250 5250
3776.067627 4467.942203 4785.921018 5250 5250 5250 2482.390684 5250 5250 5250 5250 5250 5250 5250 5250 5250 5166.539702 5250 5250 3843.016613 4246.666945 4969.548962 3672.238541 3938.497438 3400.831539 2602.817011 2411.653005 4116.07194 5250 5250 5250 5250 5250 5250 1849.378853 5250 1737.577002 1407.336356 1661.003132 4625.32512 821.409301 763.988078 732.660242 730.592333 730.275951 726.70425 718.190389 772.438969 736.728889 768.020981 753.250765 906.169055 1315.154252 1383.557751 1247.625197 1264.462573 1049.417957 1265.329553 1455.625164 1611.575161 2209.199356 2487.650467 3136.638315 2459.807441 2257.039922 2550.163533 3775.646296 4282.851754 5250
5250 5250 5250 5250 5250 5250 5250 5250 5250 5250 5250 5250 5250 5250 2590.801357 5174.328445 5250 5250 3544.902738 3577.168955 4930.847643 4989.081267 4039.859279 3945.707611 2681.257426 2640.801467 2940.295605 3775.408766 4584.568767 5250 5250 4873.363621 4474.670079 5250 5165.330896 5250 1599.518085 1275.047477 1660.838787 2106.738241 789.289529 717.135902 710.407686 702.690431 706.908832 725.843808 720.409174 728.41225 730.040296 741.957563 741.957563 741.957563 1092.971639 1152.691999 1209.1273 1120.713304 1051.310651 1271.100904 1332.475346 1725.688918 2055.336397 2315.127778 2937.329865 2618.763508 2250.253191 2135.102152 3064.053973 3165.235881 4513.811484
5250 5250 5250 5250 5250 5250 5250 5250 5250 5250 5250 5250 5250 1985.830829 3369.862007 3371.244026 2250.795325 3223.919453 3391.10395 4072.456083 5163.422969 4602.106861 4139.43109 3495.930698 2528.972105 2766.066329 2870.460077 3873.71825 4111.098211 5250 4775.219457 3682.32899 5250 5250 2703.523041 1732.788196 1378.569168 1379.312858 1612.267989 1618.902771 747.422953 708.653598 715.138532 696.716771 711.720168 723.506727 741.957563 741.957563 741.957563 741.957563 741.957563 741.957563 1426.282974 781.276923 935.343663 722.632837 916.394518 1163.861568 1430.421594 1896.840599 1847.449778 2250.258518 2578.29092 2498.293883 2270.475363 2028.978741 2434.17752 3016.28507 3106.632141
489.144422 489.144422 5250 5250 5250 5250 5250 5250 5250 5250 5250 5250 2068.534849 3563.531174 3007.780714 2161.6051 5250 2675.27714 3232.576689 4617.29175 4690.399881 4344.114029 3869.04439 4572.823017 3700.167876 3041.073317 3568.673251 3668.66178 4319.5193 5250 4678.966656 4487.954827 5250 1001.323295 960.050522 1374.376518 1330.23236 1077.709332 1566.082121 1566.59822 769.297223 730.263896 694.410221 711.985781 708.412618 729.36345 741.957563 741.957563 741.957563 741.957563 732.5126 1129.950471 808.532968 740.043838 769.949814 952.927025 916.51914 1137.910562 1399.826217 2171.678243 1725.32551 2066.264281 2312.764423 2759.508398 2365.649929 2002.598145 2025.805811 2324.244861 2649.029239
48.584075 489.144422 5250 5250 5250 5250 5250 5250 5250 5250 5250 5250 3579.094947 2716.257187 2161.405944 2528.62873 2179.363741 2563.605593 3765.593664 4222.992457 4036.556115 4001.000835 4111.137379 4789.514297 3733.463887 3699.020529 3563.32985 3835.093828 4231.018497 5250 5159.12356 5250 2116.418873 980.479124 1012.457221 1345.273337 1068.459215 1208.213552 1532.146931 1190.146754 734.415532 707.943746 705.727443 704.448029 724.480072 723.46596 735.986903 738.758794 741.957563 751.631794 1008.557482 1365.167347 714.147572 697.383244 721.144121 1173.201168 1128.616081 1129.523153 1402.486937 1822.130961 1650.372938 1855.09695 2066.264281 2293.211117 2545.928728 2080.810172 1786.605141 1994.256153 2069.616971
2589.110948 5250 5250 5250 5250 5250 5250 5250 5250 5250 5250 3765.280679 2478.91413 2535.552078 2227.540239 1982.910689 2135.603562 2757.821911 4213.341091 3636.844565 3779.303988 3675.775246 4325.615145 4463.304956 4076.102033 3495.099113 3673.041774 3976.616149 4377.47814 5250 4679.828239 5250 1208.213552 1090.257814 1098.040441 1077.709332 1078.311155 1208.213552 1518.463893 1153.811881 657.357653 693.313427 636.81549 707.788082 727.994524 730.401223 737.759525 741.957563 741.957563 731.590592 983.924419 1017.446814 670.792743 672.28011 692.69786 946.51033 1000.558028 1146.743053 1363.815911 1294.097106 1616.720811 1553.092647 1835.376327 1936.667626 2400.901989 2270.475363 1817.373421 1565.543595 1641.176325
5250 5250 5250 5250 5250 5250 5250 5250 5250 5250 2175.24197 2612.322388 2076.131481 2079.520305 5250 1938.6844 2503.985636 4148.848139 3502.159992 3500.499035 3531.705885 3701.54073 4527.365347 4175.038669 4375.619078 3541.947903 4108.573223 3875.36298 4571.273402 5250 4683.287632 5250 1208.213552 1343.425441 1382.282183 1079.03498 1208.213552 1313.44837 1291.851786 778.925605 723.558121 669.641798 661.245722 661.245722 661.245722 720.2831 731.447783 726.128196 800.20884 1063.314097 798.370206 760.79331 664.55463 659.013868 657.262286 770.432147 851.030835 853.936962 1359.621075 1114.621566 1566.872952 1459.671629 1670.805779 1691.643174 2021.999596 2096.988907 1788.115673 1523.320226 1335.09464
5250 5250 5250 5250 5250 5250 5250 5250 5250 5250 2911.76522 2167.003368 2042.173154 3560.774403 1876.587372 2177.096359 2830.635767 3210.65022 2875.218276 3396.130518 3270.826934 4133.179169 4275.577553 4212.257298 3865.463765 3915.944998 3844.255537 3873.339374 4736.860746 4508.449622 4611.696754 5250 1767.597889 1632.292579 1318.047 1208.213552 1208.213552 1527.233979 980.696684 658.507871 525.010267 525.010267 525.010267 664.074835 648.651608 649.684203 669.641798 717.15608 754.414784 1030.208355 849.966408 750.782578 666.195749 644.76386 637.088081 723.891958 802.920743 812.097729 1271.20693 1074.64392 1460.76356 1286.411358 1348.623277 1544.730829 1613.921649 1725.864683 1672.9997 1461.952054 1249.078062
5250 47.624914 5250 5250 5250 5250 5250 5250 5250 2678.388444 2131.765543 2132.647561 2976.386726 1840.111659 1880.00056 2369.588868 3407.967883 2732.948242 2307.974884 2485.786878 2946.315684 4336.765697 3571.385587 4175.010242 5250 3911.740638 3705.201018 4639.802816 4583.044903 3873.53498 4597.759502 5250 5250 1612.046259 1208.213552 1208.213552 1208.213552 1273.693817 733.433721 525.010267 525.010267 525.010267 525.010267 525.010267 525.010267 701.467792 695.690015 600.116577 663.970132 822.417159 801.426647 752.832722 695.785857 616.837782 605.289574 694.521502 750.17947 777.793325 862.287407 1010.824181 1340.747663 1292.292044 1268.881857 1463.695771 1360.612673 1413.590579 1432.319197 1327.456549 1142.234555
47.624914 47.624914 5250 5250 5250 476.249144 5250 5250 2479.880271 2076.162171 2471.530562 4086.841328 1864.231589 1835.266435 2143.67469 2704.418938 2406.315448 2276.859821 1950.645243 2304.425534 3568.497712 3538.418697 3528.207237 3702.991061 3973.121005 3883.773414 3705.430544 4576.480792 3672.237796 3141.400348 4066.884389 5250 5250 1562.861743 1208.213552 1208.213552 1318.047 789.422093 647.878312 525.010267 525.010267 525.010267 525.010267 525.010267 525.010267 525.010267 525.010267 525.010267 591.959398 820.659675 805.447895 711.335318 711.906308 588.380838 588.376041 624.387314 700.924129 747.656514 792.625075 1223.620411 1216.164215 1113.88376 1182.779474 1215.510795 1214.157637 1211.899512 1143.800104 1134.126028 978.04303
-9999 -9999 5250 5250 485.420945 5250 5250 2875.576539 2542.04661 2638.146855 5250 1875.713863 1836.609893 2077.567951 2740.506016 2337.760229 2004.869797 1943.012461 1846.361779 2204.709568 3168.450578 3080.320584 3635.174751 3364.082884 3564.367654 4373.285768 4282.296247 4463.298537 2766.177918 3193.130801 3576.234631 5250 1455.624002 1187.934764 1208.213552 1208.213552 1578.071161 776.226329 525.010267 525.010267 417.92836 416.793237 430.143737 525.010267 525.010267 525.010267 525.010267 525.010267 525.010267 824.936251 791.777314 706.899413 634.271717 574.152366 574.152366 605.736982 640.426741 713.324408 750.704893 1102.442008 828.535994 887.288769 835.180366 1008.350445 1123.204606 1009.445987 932.094301 912.155764 810.176777
-9999 -9999 -9999 48.154232 476.249144 5250 2401.293968 2268.283958 2305.984116 5250 2062.362495 1997.983774 2061.912574 2659.753621 2501.459052 2069.518178 1877.496933 1751.281534 1872.658929 2410.971759 2810.441968 3226.081879 3230.946105 3401.770201 3725.040292 4023.793028 4283.343836 4623.072053 3462.799543 3503.613922 5250 3915.541042 2864.276097 1382.198802 1208.213552 1208.213552 1414.099932 525.010267 525.010267 411.1248 300.461367 312.078485 411.1248 525.010267 525.010267 525.010267 525.010267 525.010267 525.010267 601.797269 833.278989 705.586901 572.327206 574.152366 574.152366 573.645511 606.44342 678.928359 752.675208 853.93703 822.08533 770.841889 741.683778 905.499858 1029.431896 851.877206 764.111314 695.093759 624.623897
-9999 -9999 -9999 48.154232 -9999 30 2068.973016 2002.975308 5159.423222 5250 2107.715761 2147.928069 2634.320074 2814.585539 2068.936604 2009.732672 1910.374539 1834.778332 1936.459186 2011.282559 2579.434793 3034.794449 2946.533438 3394.955233 3505.074317 4080.527089 4180.594131 4814.864084 3567.783515 4473.442887 4477.838711 762.491444 1843.566476 1208.213552 1208.213552 1208.213552 1453.72595 525.010267 525.010267 180.835044 167.784622 169.330217 300.46991 408.341319 411.1248 415.833904 525.010267 525.010267 449.381999 525.010267 826.774064 612.884681 430.88983 531.387911 554.976047 573.948481 573.029582 573.601148 664.860947 784.914172 747.045143 710.423877 694.977478 800 828.133374 746.047887 629.056152 540.731924 525.010267
-9999 -9999 -9999 -9999 -9999 -9999 1959.337686 2062.775907 5250 5250 1933.805603 2278.492106 2978.328924 2236.743934 1975.537827 1878.848606 1808.26523 1935.352368 1943.051726 2072.944725 2581.821226 2380.205662 3071.696058 3427.815833 3501.5854 3576.857392 4080.368642 4804.127009 3843.004907 4215.451117 5250 1726.581393 1318.047 1367.950589 1208.213552 1208.213552 741.638822 525.010267 525.010267 155.291089 150.581793 152.916966 172.546073 172.521104 202.990624 426.402008 525.010267 306.374629 230.997921 525.010267 829.295003 309.05302 300.132267 308.177829 428.898328 554.723526 554.349264 570.840164 574.173699 753.691628 755.813985 698.743399 600.43531 712.525667 698.972057 643.632374 525.010267 525.010267 525.010267
1597.51805 2312.966204 -9999 -9999 -9999 -9999 30 5250 5250 1769.504308 1861.605841 2598.900431 2003.58711 1937.485612 1835.351131 1744.315631 1800.342186 1936.597513 1998.990025 2078.569784 2209.379972 2380.443545 3021.017321 3145.508488 3433.680018 3400.28803 3950.735486 4637.376881 4278.885619 4286.401848 5250 1733.172664 1659.449163 1208.213552 1208.213552 1328.712338 730.18468 597.326032 295.569245 124.905229 249.673265 159.738144 151.959845 151.959845 166.520716 187.551861 524.595026 524.595026 280.2638 497.2302 500.016457 280.227519 272.327984 280.300928 312.612358 426.119097 439.398902 429.167237 551.902251 747.435795 866.25818 632.808394 529.379746 552.476252 525.010267 544.798793 525.010267 450.493567 311.726208
1597.180017 1700.417794 1957.647103 -9999 -9999 -9999 30 5250 5250 1769.439752 1797.771945 2003.71651 1998.747463 1875.217402 1741.352289 1803.202943 1863.996983 1895.464185 2005.474333 2101.822008 2236.519485 2479.58861 2681.880227 2839.671598 3208.622498 3307.042945 3775.608759 5250 4464.496535 4466.390749 5250 1722.831013 1516.746064 1208.213552 1239.241962 1462.671033 734.342067 736.876158 173.137488 75.952059 74.11277 134.840063 124.962502 126.372538 159.527636 525.010267 408.341319 518.913987 411.758199 522.121546 311.430411 246.155467 215.427789 248.915556 288.067534 326.643852 333.050445 349.973778 379.456993 659.53376 831.440924 415.868735 459.164956 398.620749 494.583579 525.010267 525.010267 323.263082 241.346982
-9999 2197.487258 1778.591974 -9999 -9999 -9999 -9999 5250 47.651837 1736.232627 1771.522891 1879.700446 1994.470337 1939.707085 1762.356812 1737.625324 1776.813167 1904.862821 2074.952827 2180.319716 2412.517707 2677.514642 2719.862481 2780.906806 3307.161061 3144.567359 3680.642684 4373.959446 4465.565348 5250 5250 1709.914877 1508.602496 1208.213552 747.788705 911.236923 737.759525 762.534298 281.327215 52.501027 52.501027 66.732372 75.373809 79.730034 295.569245 257.59055 107.798312 293.693384 525.010267 454.720498 297.464756 182.797171 177.781937 185.448323 273.405357 305.255193 306.102774 306.642797 326.64397 528.552043 672.084947 383.300385 396.379976 320.809432 323.455349 347.219943 303.618526 274.606434 187.780059
-9999 -9999 2303.414861 2064.027522 30 -9999 -9999 -9999 47.651837 1794.417406 1791.967757 1879.683532 2001.969148 1998.688208 1768.342644 1806.34569 1808.816798 1945.195091 2069.452289 2208.286662 2350.783543 2716.272558 2480.772039 2680.342095 3080.661409 2946.160734 3839.697223 3275.933854 4697.766628 5250 5250 1675.561619 1203.284522 555.506172 730.580109 1208.213552 1101.528633 676.264114 375.074562 18.819074 17.44376 58.053388 52.501027 58.053388 405.010267 452.219941 75.706137 109.43929 485.798105 336.646133 187.943493 165.839333 154.987851 170.143737 225.012073 252.994038 229.422994 239.425051 306.639288 410.590913 401.104266 419.705192 304.751361 289.445585 239.717089 249.427333 251.946156 166.227685 146.639288
-9999 -9999 -9999 1966.674503 2101.033007 2109.079188 -9999 -9999 -9999 1939.615507 1798.002125 1879.693864 1936.146332 1979.648333 1806.911418 1901.474206 1844.362591 2069.713826 1981.965103 2274.950128 2163.894624 2507.344344 2481.298233 2885.031583 3069.791722 2588.36249 3674.227157 3071.096951 4475.33312 5250 5250 1218.752433 877.414743 382.233418 612.594114 811.133927 1108.37326 525.010267 525.010267 28.605738 17.44376 29.968437 16.776997 52.501027 257.786904 52.501027 52.501027 74.195756 395.590702 293.227324 183.286641 130.714123 147.22859 159.545506 176.98517 180.250978 186.646506 186.639288 199.963495 336.646136 326.643851 572.159628 227.62498 203.049434 161.113447 159.92572 159.434307 146.63929 126.636064
