STOTEN_Data/raw/Age_yrs_100ft.asc
ncols         250
nrows         718
xllcorner     -2256000
yllcorner     1557000
cellsize      1000
NODATA_value  -9999
[rows 248 to 278 of 718, columns 70 to 139 of 250]
156.003827 251.202777 40.420105 11.733013 13.670542 29.42669 84.471935 460.12996 1091.231049 136.489997 76.385388 99.117072 250.426217 294.646091 44.048067 40.307107 27.879322 29.936638 25.363216 25.271382 25.285997 27.14532 25.996313 28.726774 27.057529 27.057529 26.643118 26.643118 25.889704 25.077901 25.077901 25.110597 25.110597 24.796853 24.341889 24.329701 21.662729 21.052942 21.719857 9.289208 9.587363 -9999 -9999 -9999 -9999 -9999 -9999 -9999 -9999 -9999 -9999 -9999 -9999 -9999 -9999 -9999 -9999 -9999 -9999 -9999 -9999 -9999 -9999 -9999 -9999 -9999 -9999 -9999 -9999 -9999
260.96046 266.54884 273.763078 18.339614 30.744282 173.806941 446.646974 1545.54613 1713.623763 421.473928 50.408539 147.653424 211.148175 314.404578 34.103828 25.362201 29.014121 28.735611 25.363216 25.268903 25.412132 25.722756 25.722756 28.726774 28.631841 27.055035 26.666276 26.666276 25.414781 25.414781 25.077901 24.343031 24.343031 24.450167 24.450167 24.329701 21.662729 20.486515 25.925063 10.359571 10.359571 -9999 -9999 -9999 -9999 -9999 -9999 30 -9999 -9999 -9999 -9999 -9999 -9999 -9999 -9999 -9999 -9999 -9999 -9999 -9999 -9999 -9999 -9999 -9999 -9999 -9999 -9999 -9999 -9999
243.231104 525.010267 18.421057 33.769694 29.967641 44.297818 1065.000555 2845.593627 2990.706836 3569.940879 44.76842 334.251587 5250 43.127755 34.759138 25.360435 24.946385 24.695799 23.037723 23.389896 25.411497 26.06085 27.355317 26.350367 26.346868 27.77655 26.766592 26.668403 24.439263 24.439263 24.433219 24.433219 24.343031 24.457387 24.070927 24.431323 23.402503 20.131807 23.579552 9.380725 7.951519 7.951519 30 -9999 -9999 -9999 -9999 -9999 -9999 -9999 -9999 -9999 -9999 -9999 -9999 -9999 -9999 -9999 -9999 -9999 -9999 -9999 -9999 -9999 -9999 -9999 -9999 -9999 -9999 -9999
118.271906 50.389231 15.279947 14.860169 22.971168 39.863683 262.198046 41.815563 64.222616 78.883232 3371.101537 2049.010151 1077.37844 750.85991 353.68723 23.121617 23.772366 24.65331 23.759047 23.951277 26.703915 26.736955 27.362263 26.348064 27.393568 26.77748 26.77748 26.339856 24.439263 19.258308 17.072931 17.072931 24.372917 24.356986 24.070927 24.408231 23.847695 19.672556 8.080981 7.744577 7.951519 7.951519 30 30 30 30 30 -9999 -9999 -9999 -9999 -9999 -9999 -9999 -9999 -9999 -9999 -9999 -9999 -9999 -9999 -9999 -9999 -9999 -9999 -9999 -9999 -9999 -9999 -9999
25.998579 25.366247 15.279947 15.236871 30.180213 44.214649 136.539815 33.690364 33.690364 32.038426 38.670061 38.670061 166.676665 40.500191 39.717696 21.439685 21.439685 22.444669 23.343805 24.420986 26.99353 27.022807 26.70449 26.718185 27.393568 26.77748 26.364577 25.73035 23.064506 4.428446 12.557976 17.072931 8.720559 3.702835 6.742089 23.847695 23.847695 19.672556 5.695524 4.369358 27.2335 27.2335 30 30 30 30 -9999 -9999 -9999 -9999 -9999 -9999 -9999 -9999 -9999 -9999 -9999 -9999 -9999 -9999 -9999 -9999 -9999 -9999 -9999 -9999 -9999 -9999 -9999 -9999
31.743456 48.454228 19.219403 28.387782 32.492754 46.594506 110.588656 36.976471 36.965616 31.538502 31.538502 48.060185 33.095733 30.661951 37.690655 31.108171 30.727092 24.78795 24.811253 27.091111 27.016129 26.623505 26.703926 27.359682 26.695494 26.693295 25.994318 25.73035 25.73035 4.689411 7.787114 7.787074 3.702835 3.702835 6.742089 3.740836 3.70881 3.685668 3.702755 4.369358 18.111635 26.3402 30 30 -9999 -9999 -9999 -9999 -9999 -9999 -9999 -9999 -9999 -9999 -9999 -9999 -9999 -9999 -9999 -9999 -9999 -9999 -9999 -9999 -9999 -9999 -9999 -9999 -9999 -9999
34.950697 34.167132 34.129771 30.743974 32.466242 51.091496 156.264405 104.84372 43.357269 32.372825 32.99903 96.729535 40.508502 31.323664 32.384087 30.731647 29.061277 23.32901 17.697786 27.74775 27.728418 25.632585 25.412705 27.359682 26.695494 16.725194 21.046237 20.059245 9.736749 4.689411 4.689411 7.787095 12.370248 7.679165 4.38845 3.784416 3.710474 29.32955 26.343096 33.277762 24.750375 26.3402 17.065296 -9999 -9999 -9999 -9999 -9999 -9999 -9999 -9999 -9999 -9999 -9999 -9999 -9999 -9999 -9999 -9999 -9999 -9999 -9999 -9999 -9999 -9999 -9999 -9999 -9999 -9999 -9999
36.051649 30.748691 30.721996 39.84673 40.807288 111.693808 166.857554 146.881295 84.939827 36.447198 40.480915 30.383708 30.298549 30.718648 31.733904 26.028651 13.382461 13.382176 15.781167 25.241712 26.326295 24.685249 20.67713 26.730642 20.076536 15.072329 21.046237 21.046237 10.698408 10.712773 16.081371 18.385863 13.963455 8.677572 6.692335 8.691651 31.309213 31.043453 26.223262 27.929986 30.975054 4.611453 -9999 -9999 -9999 -9999 -9999 -9999 -9999 -9999 -9999 -9999 -9999 -9999 -9999 -9999 -9999 -9999 -9999 -9999 -9999 -9999 -9999 -9999 -9999 -9999 -9999 -9999 -9999 -9999
31.765408 30.459959 30.716792 28.150251 25.424242 28.473747 29.842192 46.734278 38.59387 40.335787 60.641286 31.033668 30.329302 28.781201 28.066959 25.768836 13.720834 12.353819 11.416877 11.075582 21.974898 16.45267 13.682549 26.730642 11.740934 10.533696 19.607681 17.717215 19.610426 21.037375 20.745705 19.615249 17.92444 20.714024 29.086546 27.742632 27.781097 27.304687 20.354846 24.070844 39.783194 13.639973 30 -9999 -9999 -9999 -9999 -9999 -9999 -9999 -9999 -9999 -9999 -9999 -9999 -9999 -9999 -9999 -9999 -9999 -9999 -9999 -9999 -9999 -9999 -9999 -9999 -9999 -9999 -9999
17.380735 17.380735 33.141894 25.407965 24.245251 38.419032 40.001696 40.276605 40.314622 39.027156 35.738305 34.282263 30.264313 28.781201 28.445464 24.438037 12.709134 8.066 11.046092 11.046092 9.781164 15.730032 10.705128 8.021912 15.734307 11.724839 18.32354 23.369646 24.296759 24.350557 25.588533 26.240439 27.440696 29.977801 29.915746 29.015566 28.995327 27.02994 30.035521 38.152401 32.81517 32.81517 30 -9999 -9999 -9999 -9999 -9999 -9999 -9999 -9999 -9999 -9999 -9999 -9999 -9999 -9999 -9999 -9999 -9999 -9999 -9999 -9999 -9999 -9999 -9999 -9999 -9999 -9999 -9999
17.434392 19.723756 43.428285 47.391138 24.386235 39.250599 36.515403 34.297854 35.707731 36.133381 35.14386 35.111459 29.380875 29.001388 28.424073 26.00105 16.393427 17.317738 15.675074 13.392695 8.056073 10.047859 12.118436 13.079488 17.805464 23.973157 24.161453 24.749053 24.605199 25.019993 27.028009 30.112739 31.950312 30.408547 29.222601 27.796066 27.801486 24.021464 26.155524 33.048073 7.586695 5.024869 30 -9999 -9999 -9999 -9999 -9999 -9999 -9999 -9999 -9999 -9999 -9999 -9999 -9999 -9999 -9999 -9999 -9999 -9999 -9999 -9999 -9999 -9999 -9999 -9999 -9999 -9999 -9999
31.083001 32.041144 47.428098 129.241977 35.09442 41.512453 35.405424 36.696857 62.235162 32.128622 30.392936 29.393542 29.400026 29.05482 28.429258 28.446885 28.068368 25.695278 17.707587 13.463031 20.547139 24.593107 25.698757 25.348607 24.733869 24.040994 25.385861 26.661995 25.444495 28.060461 27.775711 29.047972 30.234743 30.234743 28.715101 28.419923 28.036343 26.438834 27.501985 34.140734 21.061645 5.024869 30 -9999 -9999 -9999 -9999 -9999 -9999 -9999 -9999 -9999 -9999 -9999 -9999 -9999 -9999 -9999 -9999 -9999 -9999 -9999 -9999 -9999 -9999 -9999 -9999 -9999 -9999 -9999
42.340049 38.748493 57.798313 28.14913 43.327815 130.589965 153.351067 174.277009 164.090467 30.828737 30.781021 29.976783 27.747491 26.089982 28.412174 28.405136 28.384056 27.650702 26.616468 26.420188 25.13158 24.307839 25.972273 26.654709 28.705393 26.800778 25.73431 26.634769 26.662628 36.069873 36.067016 29.071002 26.16008 35.318558 30.00195 30.00195 28.967975 32.126086 26.43429 34.138295 30 30 30 -9999 -9999 -9999 -9999 -9999 -9999 -9999 -9999 -9999 -9999 -9999 -9999 -9999 -9999 -9999 -9999 -9999 -9999 -9999 -9999 -9999 -9999 -9999 -9999 -9999 -9999 -9999
41.10867 35.986586 32.357321 42.234569 120.616533 307.234037 216.220127 1419.963554 58.295508 33.060623 30.61058 29.980509 29.011327 25.745466 28.030714 28.441356 28.464034 28.35635 26.653033 27.729164 27.771278 27.099425 26.465127 27.109226 28.486237 27.442927 29.294984 30.432468 33.607329 36.014288 35.419908 36.275361 35.994204 35.082948 29.935446 33.711875 31.064737 31.064737 26.327241 25.839806 30 30 -9999 -9999 -9999 -9999 -9999 -9999 -9999 -9999 -9999 -9999 -9999 -9999 -9999 -9999 -9999 -9999 -9999 -9999 -9999 -9999 -9999 -9999 -9999 -9999 -9999 -9999 -9999 -9999
37.342573 27.753786 26.00747 47.424449 84.679438 397.886247 309.117688 525.614988 42.448092 37.35035 33.684268 28.914952 27.629016 25.726348 26.690596 28.031955 25.821157 26.35002 27.068617 27.123705 27.695835 29.271706 32.439284 34.369478 31.657179 30.016399 31.949069 36.143643 29.672403 29.672403 35.419908 35.741209 35.988201 35.441885 35.441885 33.369069 32.322991 30.696165 35.065379 22.526124 5.024869 5.024869 -9999 -9999 -9999 -9999 -9999 -9999 -9999 -9999 -9999 -9999 -9999 -9999 -9999 -9999 -9999 -9999 -9999 -9999 -9999 -9999 -9999 -9999 -9999 -9999 -9999 -9999 -9999 -9999
34.731198 36.056733 26.761112 37.08903 37.731866 186.864979 132.784848 216.539049 33.710522 33.428207 34.710252 33.246891 27.399245 24.557577 24.572068 26.757045 26.366359 25.799766 27.339488 28.663628 31.023147 35.408843 38.39571 35.731549 35.337486 34.67389 36.050124 36.143643 30.39476 34.341275 35.033556 35.061138 35.45821 35.44673 35.442288 31.994707 31.730772 27.443208 34.375091 29.632125 5.024869 30 -9999 -9999 -9999 -9999 -9999 -9999 -9999 -9999 -9999 -9999 -9999 -9999 -9999 -9999 -9999 -9999 -9999 -9999 -9999 -9999 -9999 -9999 -9999 -9999 -9999 -9999 -9999 -9999
39.165473 40.015808 28.362295 36.711161 131.178762 35.897904 37.411415 1166.324435 41.392891 31.965085 28.388256 28.387941 27.397748 26.410266 26.674612 21.77457 22.925973 27.479196 30.030239 31.114618 34.647423 35.142203 39.036128 39.939259 40.800653 41.33316 36.072253 35.351526 35.351526 34.341275 34.992497 35.022257 35.406605 35.38941 35.023512 32.115342 31.994707 25.814691 29.783498 34.420334 34.420334 30 -9999 -9999 -9999 -9999 -9999 -9999 -9999 -9999 -9999 -9999 -9999 -9999 -9999 -9999 -9999 -9999 -9999 -9999 -9999 -9999 -9999 -9999 -9999 -9999 -9999 -9999 -9999 -9999
30.682126 34.418393 35.082871 36.940478 179.786516 104.386451 156.327295 39.408214 36.681338 31.648876 30.686684 31.711152 30.641155 29.603348 27.415681 24.574565 22.274199 27.380934 31.774524 36.106377 36.693944 36.700754 32.416684 27.769549 29.255939 29.255939 36.072253 35.351526 34.744699 34.35877 34.350833 35.020872 35.406605 35.406605 33.075998 32.715089 31.417321 26.095146 67.849986 94.119157 85.855431 -9999 -9999 -9999 -9999 -9999 -9999 -9999 -9999 -9999 -9999 -9999 -9999 -9999 -9999 -9999 -9999 -9999 -9999 -9999 -9999 -9999 -9999 -9999 -9999 -9999 -9999 -9999 -9999 -9999
27.349079 29.033492 34.416575 36.774313 42.370298 39.663878 645.539375 55.358957 39.363146 58.885693 52.944825 31.370578 31.601491 29.957113 26.409898 26.26872 23.96389 25.430142 31.311683 36.398893 35.738171 35.659725 35.659138 27.769549 29.255939 35.730943 36.060222 36.060222 34.744699 34.35877 35.727152 35.291166 35.102848 35.366034 33.075998 33.075998 29.239779 34.301739 72.804491 85.867777 82.497689 -9999 -9999 -9999 -9999 -9999 -9999 -9999 -9999 -9999 -9999 -9999 -9999 -9999 -9999 -9999 -9999 -9999 -9999 -9999 -9999 -9999 -9999 -9999 -9999 -9999 -9999 -9999 -9999 -9999
40.268384 36.338973 36.30607 35.60912 47.999973 216.537543 39.397542 61.440441 40.693643 40.43786 64.507153 56.732322 37.028544 28.426473 27.064022 26.727302 26.740183 27.726501 31.020706 35.021383 35.404738 34.177885 32.744681 37.363003 37.363003 35.730943 36.060222 36.027457 35.350616 35.345737 35.727152 35.291166 35.290087 35.092419 35.025043 34.414429 29.239779 30.699667 107.588085 120.498507 78.376975 25.918321 25.918321 30 30 -9999 -9999 -9999 -9999 -9999 -9999 -9999 -9999 -9999 -9999 -9999 -9999 -9999 -9999 -9999 -9999 -9999 -9999 -9999 -9999 -9999 -9999 -9999 -9999 -9999
39.062787 36.017182 34.434197 2086.512618 3369.44708 346.975434 74.685503 140.041498 153.834125 142.949273 117.375534 71.75185 38.49794 28.923657 28.402601 27.714659 27.067763 27.352476 29.127006 30.797088 31.043799 33.801949 34.051316 33.081128 33.081128 37.816341 37.816341 36.027457 35.350616 27.487158 35.348373 34.990833 34.457568 35.092419 35.078488 34.782597 32.510691 35.242631 226.28912 162.191693 81.741887 39.206023 26.502396 30 -9999 -9999 -9999 -9999 -9999 -9999 -9999 -9999 -9999 -9999 -9999 -9999 -9999 -9999 -9999 -9999 -9999 -9999 -9999 -9999 -9999 -9999 -9999 -9999 -9999 -9999
31.888697 31.892073 34.035468 200.125578 39.450453 39.558223 39.514349 222.351442 176.458505 63.665766 38.056028 39.416998 35.446279 28.959336 29.668081 26.980422 27.687871 28.774014 29.957426 30.027952 34.95199 34.95199 32.122755 31.783832 33.081128 37.816341 37.354108 26.388985 26.388985 27.487158 35.348373 35.348373 36.455054 36.094742 34.361071 35.744991 35.324236 30.277905 30.45026 30.134697 52.978352 37.941285 26.502396 5.024869 -9999 -9999 -9999 -9999 -9999 -9999 -9999 -9999 -9999 -9999 -9999 -9999 -9999 -9999 -9999 -9999 -9999 -9999 -9999 -9999 -9999 -9999 -9999 -9999 -9999 -9999
38.908065 39.121863 38.843103 65.246002 39.486943 54.82726 97.899822 96.821584 38.435788 29.659325 38.056028 32.689037 29.753309 33.763153 36.787127 29.449982 26.434294 27.354264 31.328521 29.958072 30.490555 34.95199 32.649634 31.71204 38.066628 37.365091 37.354108 26.388985 36.752524 35.337676 34.423421 34.407171 36.455054 36.455224 33.404847 30.861243 31.609082 54.274677 42.762198 27.427907 63.03705 30.610084 5.024869 5.024869 -9999 -9999 -9999 -9999 -9999 -9999 -9999 -9999 -9999 -9999 -9999 -9999 -9999 -9999 -9999 -9999 -9999 -9999 -9999 -9999 -9999 -9999 -9999 -9999 -9999 -9999
31.211782 38.514508 26.409929 26.09653 36.022439 35.218568 41.060846 41.338415 34.11841 30.445974 28.395439 29.364079 29.753309 31.008514 34.056471 33.760102 37.143618 32.104858 32.104858 36.507531 36.507531 32.173064 31.71204 31.712537 38.066628 34.101724 35.052573 36.680299 36.752524 35.337676 35.337676 31.633289 25.483465 25.146053 28.464108 30.022521 35.776484 53.89083 53.678918 30.77394 64.906329 39.339987 9.585216 -9999 -9999 -9999 -9999 -9999 -9999 -9999 -9999 -9999 -9999 -9999 -9999 -9999 -9999 -9999 -9999 -9999 -9999 -9999 -9999 -9999 -9999 -9999 -9999 -9999 -9999 -9999
28.69608 36.186286 37.344511 26.09653 36.033287 35.741785 44.661578 42.145418 35.060685 30.445974 32.660399 30.355011 28.342432 29.257684 34.066866 34.391632 34.052367 33.039824 33.338652 36.507531 36.507531 33.05603 34.676692 35.045944 34.101724 34.101724 35.052573 31.352003 30.805985 37.093297 37.093297 31.633289 32.680266 29.687086 35.321997 35.322978 35.776484 45.740186 53.869096 46.484524 45.284675 146.159243 377.481177 30 30 -9999 -9999 -9999 -9999 -9999 -9999 -9999 -9999 -9999 -9999 -9999 -9999 -9999 -9999 -9999 -9999 -9999 -9999 -9999 -9999 -9999 -9999 -9999 -9999 -9999
30.07431 27.46779 27.631006 39.778803 54.429159 36.032702 44.456477 46.128902 35.509605 34.014588 33.414722 30.355011 28.44144 29.284887 32.737604 36.692768 30.125742 30.125742 39.493766 39.514299 38.438676 34.644304 34.39345 34.42308 32.393025 28.637727 25.661238 30.495212 29.728942 32.039952 33.064043 35.045757 35.000495 32.027454 32.971129 35.668805 40.061081 40.061081 36.619899 38.02355 45.284675 198.59557 127.740416 66.824905 48.912161 36.419347 36.419347 39.046057 -9999 -9999 -9999 -9999 -9999 -9999 -9999 -9999 -9999 -9999 -9999 -9999 -9999 -9999 -9999 -9999 -9999 -9999 -9999 -9999 -9999 -9999
32.180765 33.375415 27.631006 34.066241 36.644248 37.093131 41.439311 46.125431 37.663559 39.01418 29.677543 28.715179 28.44144 29.284887 31.10743 26.335758 26.331419 22.252449 39.493766 39.493766 38.004955 36.059239 35.398447 34.699013 33.679209 29.657176 25.039195 29.716382 34.339119 34.110435 34.115016 37.40741 35.749174 35.343114 35.343114 35.668805 39.742308 38.057385 34.039565 34.039565 30.679931 126.855722 127.920265 75.30046 51.924936 42.64206 42.480403 39.046057 -9999 -9999 -9999 -9999 -9999 -9999 -9999 -9999 -9999 -9999 -9999 -9999 -9999 -9999 -9999 -9999 -9999 -9999 -9999 -9999 -9999 -9999
30.001767 30.269936 32.496129 39.06975 36.380716 52.711087 45.705083 46.761939 42.514255 40.589171 29.677543 29.705167 26.298942 26.805375 29.620301 26.335758 28.667098 25.356446 31.091281 35.337073 37.360124 36.174845 35.707645 35.630892 31.027874 23.08017 23.412773 28.684729 32.683374 34.107293 33.779496 33.779496 35.749174 35.688674 35.369795 35.733683 35.73371 36.288314 35.698865 34.039565 33.454251 33.454251 26.633876 31.730523 40.418963 42.64206 32.060754 22.274726 22.274726 -9999 -9999 -9999 -9999 -9999 -9999 -9999 -9999 -9999 -9999 -9999 -9999 -9999 -9999 -9999 -9999 -9999 -9999 -9999 -9999 -9999
30.001767 31.051524 36.449134 36.714625 36.445574 66.882238 73.961397 74.473808 57.858808 40.96325 29.725566 29.705167 26.298942 31.740849 31.442367 31.63482 30.284514 25.302823 26.446321 31.936996 26.973497 29.551214 31.783086 34.462044 32.595706 35.590721 34.74692 33.430803 33.430803 34.107293 35.006785 36.16065 33.737658 33.737658 35.369795 35.686557 35.755717 30.297468 30.297468 29.329826 34.128601 33.454251 26.752656 28.39469 36.729581 49.723437 40.429179 22.274726 27.685542 -9999 -9999 -9999 -9999 -9999 -9999 -9999 -9999 -9999 -9999 -9999 -9999 -9999 -9999 -9999 -9999 -9999 -9999 -9999 -9999 -9999
36.067976 43.016415 36.449134 36.039903 23.807499 23.807499 29.917519 68.444663 64.608623 40.96325 26.080057 31.338791 31.966947 31.966947 31.442367 27.024173 30.740212 38.386836 32.262639 32.703868 28.009512 22.472792 35.313934 35.766809 35.693553 35.685522 34.74692 35.325169 33.663842 30.794886 30.794886 36.16065 34.772612 35.305916 34.758574 34.755784 35.352714 30.299546 30.297468 30.763869 34.071505 35.299069 30.766926 27.022765 36.383787 34.37247 34.018515 29.771095 27.685542 -9999 -9999 -9999 -9999 -9999 -9999 -9999 -9999 -9999 -9999 -9999 -9999 -9999 -9999 -9999 -9999 -9999 -9999 -9999 -9999 -9999
35.637835 28.39725 27.293127 29.076199 23.807499 23.807499 28.134094 28.132942 28.085114 26.083512 26.083512 31.338791 32.030998 26.321227 25.727109 25.727109 30.740212 31.00047 25.606325 28.107435 24.410414 22.075722 30.343787 36.677533 34.782559 34.781657 32.771805 32.771113 33.663842 34.416877 31.249492 36.112834 36.112834 35.305916 34.76485 35.374212 35.283906 35.279508 35.299561 34.699065 34.072571 34.361441 33.400296 28.954424 37.083949 36.126782 34.018515 25.747445 28.977632 -9999 -9999 -9999 -9999 -9999 -9999 -9999 -9999 -9999 -9999 -9999 -9999 -9999 -9999 -9999 -9999 -9999 -9999 -9999 -9999 -9999
