STOTEN_Data/raw/Age_yrs_300ft.asc
ncols         250
nrows         718
xllcorner     -2256000
yllcorner     1557000
cellsize      1000
NODATA_value  -9999
[rows 341 to 371 of 718, columns 69 to 137 of 250]
287.083021 336.17341 369.348947 221.334186 210.29778 406.455769 563.330936 317.413182 402.475852 393.274351 236.077724 234.81232 640.937305 156.594633 149.887306 156.803388 167.703043 146.908433 143.412376 143.985801 132.94052 130.208271 136.123366 117.590218 120.035311 134.571459 130.504963 149.859741 242.916865 245.999247 530.874147 533.00132 538.467326 679.339605 784.501651 1425.076813 1284.931433 1127.960241 1098.120842 636.932297 564.752138 531.119842 433.955631 446.629987 398.199327 370.755108 282.655495 279.118091 263.362683 144.621349 122.671949 150.091384 15.586585 15.586585 -9999 -9999 -9999 -9999 -9999 -9999 -9999 -9999 -9999 -9999 -9999 -9999 -9999 -9999 -9999
289.038969 320.407224 628.643287 286.111024 275.400763 646.311558 771.409031 453.430027 398.939187 325.731462 233.450321 236.403426 666.512096 263.03717 154.111959 147.078045 169.559922 146.601665 149.818954 150.412057 136.20275 136.782314 143.376793 140.614966 134.386661 134.613462 143.048582 149.748559 146.61219 146.943256 258.434877 259.632952 479.76433 473.094794 587.19545 1015.335666 1027.391829 1114.435397 1223.222978 1412.29061 735.080315 628.179023 531.317561 474.782002 402.386407 370.88704 327.873236 291.996896 281.198823 187.931749 122.713813 136.635617 13.585216 13.585216 30 -9999 -9999 -9999 -9999 -9999 -9999 -9999 -9999 -9999 -9999 -9999 -9999 -9999 -9999
298.823159 408.176699 710.216823 468.962268 636.215385 644.668092 699.358661 508.883057 426.643282 307.787179 300.069235 341.715409 561.408666 464.563831 156.935738 146.63964 150.565431 156.897085 157.693883 160.772469 163.266111 149.903047 147.845575 150.298158 139.845697 140.980426 146.347281 166.221856 176.395566 259.196854 482.092833 552.109949 546.623389 415.214147 476.957131 616.295665 618.99282 710.418984 775.518578 923.327195 954.259472 938.449021 791.956838 584.509524 503.954911 434.353778 395.241253 327.41494 358.22265 240.932474 130.507531 114.084358 13.585216 13.585216 30 4.5859 -9999 -9999 -9999 -9999 -9999 -9999 -9999 -9999 -9999 -9999 -9999 -9999 -9999
283.555267 441.0255 270.557727 1622.472016 1390.564872 1022.015814 730.148649 569.303052 465.168039 316.103111 304.356205 390.331723 260.329532 270.134535 166.437786 160.388164 143.109527 177.103983 183.392555 174.40063 183.472023 168.17663 170.200539 167.458669 143.35916 143.182087 144.169113 183.224629 414.515579 611.527288 547.454762 488.384722 519.314545 425.674852 380.614955 483.670686 611.019738 582.024211 608.119691 673.301951 675.482521 671.082186 636.002029 682.536155 564.007514 500.147447 425.721134 329.361546 277.369807 198.195198 145.004828 129.691542 104.324417 43.726899 4.5859 -9999 -9999 -9999 -9999 -9999 -9999 -9999 -9999 -9999 -9999 -9999 -9999 -9999 -9999
259.33937 399.326782 267.077777 469.047193 1944.733962 1861.539001 905.071934 600.023111 507.453714 297.094989 293.954932 300.87018 170.157647 137.651798 160.793172 162.683664 147.814741 177.672085 207.32744 193.571341 191.503205 190.660083 190.787989 179.454403 147.206049 143.663347 156.804545 179.665599 423.823222 622.824236 555.092745 515.104399 420.33376 389.50612 385.222667 381.465724 586.382268 517.953411 582.364573 541.459575 540.882739 615.813172 583.165702 574.903218 599.283111 562.332784 625.469588 398.388328 257.691282 147.948596 117.570553 117.992912 116.531575 64.991102 19.768652 21.249829 -9999 -9999 -9999 -9999 -9999 -9999 -9999 -9999 -9999 -9999 -9999 -9999 -9999
233.692035 437.487639 488.70843 2020.320302 1362.684076 1126.938829 1577.703796 706.955509 494.059064 330.373765 289.847502 463.11595 203.174977 127.614767 140.439764 160.686447 156.843201 173.798601 211.437855 207.224255 199.479436 216.883112 216.760255 184.223481 176.754927 153.476666 184.575961 192.683599 463.992395 394.533441 620.829959 553.750717 417.194712 388.908284 357.765961 353.171534 389.371237 388.071503 382.156816 349.898398 335.625236 337.02091 344.976499 513.420132 608.999266 575.004294 470.936395 399.258042 323.782594 234.751911 177.598225 101.031052 101.117305 94.176591 21.249829 21.249829 -9999 -9999 -9999 -9999 -9999 -9999 -9999 -9999 -9999 -9999 -9999 -9999 -9999
247.461032 259.659695 440.534986 374.0644 1028.679776 3392.288368 1672.195229 740.68248 501.991751 447.842433 290.271687 463.064248 399.065908 132.934007 140.539006 160.66874 170.501187 186.532186 210.576622 217.362915 206.810301 213.238992 223.667992 199.161062 194.376247 164.622836 181.271944 381.454022 403.20172 404.418272 390.73164 393.434192 356.329136 263.235902 312.911276 249.990321 226.637498 321.247018 285.998797 269.320496 263.633803 210.133083 203.936472 442.579733 414.918474 283.821038 251.2417 240.806864 230.591857 217.431337 180.611786 133.409755 99.472533 124.000183 105.644079 150.86653 150.86653 -9999 -9999 -9999 -9999 -9999 -9999 -9999 -9999 -9999 -9999 -9999 -9999
226.745927 226.68063 510.676166 1626.30269 1272.742453 1691.839967 1173.646942 783.699925 579.802234 468.624067 310.414766 407.633305 439.281322 416.091335 313.789314 164.144218 171.214271 187.175377 190.401926 232.678403 226.493606 231.014317 233.494772 213.648298 276.308794 276.563354 276.55071 294.498099 295.487162 365.825959 392.392552 390.329031 387.706847 240.868134 190.445808 264.787861 218.302183 200.611042 214.186192 224.101693 224.160117 231.02908 188.330458 194.876111 201.07903 214.66587 224.50074 237.159748 214.143882 191.642263 207.454909 210.891918 99.967339 129.306362 159.881638 6.625599 5.70705 30 -9999 -9999 -9999 -9999 -9999 -9999 -9999 -9999 -9999 -9999 -9999
223.317079 240.996787 299.744951 235.994409 1532.645624 1392.355848 1113.67839 816.745235 645.017127 460.360874 326.165663 644.749455 429.429408 391.927072 340.631223 203.350499 180.015498 207.421481 186.845094 207.016788 261.101172 264.386771 279.569317 292.183347 907.698855 389.395206 286.196914 303.377363 285.855503 279.365479 419.476639 266.975473 247.102599 190.271869 177.375003 210.862676 244.564011 208.42029 192.911195 176.384402 191.744327 249.864638 179.856444 177.390875 186.490117 194.146498 216.716681 210.084804 210.084804 191.562404 193.970933 194.542956 137.01397 133.698734 136.800394 22.188227 5.70705 117.993846 117.474261 -9999 -9999 -9999 -9999 -9999 -9999 -9999 -9999 -9999 -9999
203.310158 222.443687 215.765694 206.95071 167.194988 2037.075983 2199.782476 1074.875667 739.949305 534.342503 458.827735 507.29251 425.431123 468.918821 344.081273 201.291454 171.106703 693.904837 576.38696 277.480018 270.972427 303.79981 298.235116 313.503421 1118.218383 789.938417 398.848101 309.024606 286.492155 276.737966 269.931206 266.320224 187.720272 190.603116 200.340839 220.496275 285.894531 240.8096 210.892781 189.843373 187.018475 193.3993 180.926605 180.71585 183.625155 183.633291 216.621275 215.872944 140.771811 164.214564 164.214564 194.623564 183.870494 136.710337 122.282085 116.854091 141.432259 136.754062 -9999 -9999 -9999 -9999 -9999 -9999 -9999 -9999 -9999 -9999 -9999
192.716019 223.578415 187.01525 170.584684 146.847686 215.849664 2789.293053 1615.289313 1207.899242 799.237698 567.167413 489.592691 531.868142 780.28845 622.570655 565.747703 202.989956 469.189333 1133.80612 939.324433 471.026129 398.441096 464.088599 470.916321 1995.221799 2502.736386 1843.789926 591.028601 303.058822 285.071183 207.11872 234.424633 199.89045 193.078776 220.55696 253.668375 312.105694 299.545565 283.161656 236.440589 210.51068 189.308859 184.387598 180.612416 209.394779 197.141337 210.45362 210.45362 140.771811 140.488821 163.822541 191.263201 190.522535 140.105996 137.313047 116.985092 122.324972 112.082968 126.808883 -9999 -9999 -9999 -9999 -9999 -9999 -9999 -9999 -9999 -9999
222.957675 190.699702 150.260077 1506.589781 137.262398 186.997131 3581.754288 2528.399528 1686.42696 1209.836673 877.963644 802.923338 729.707063 899.901006 854.700372 876.771946 470.263512 573.164918 557.398429 500.223445 1010.760398 760.69285 531.210688 485.224978 519.902657 1675.698717 2551.418137 2595.270653 872.921245 407.939051 282.588315 269.757494 268.833125 272.935242 266.634983 290.500545 332.831471 411.77303 319.666149 274.215491 266.19796 226.475118 216.638358 181.129493 190.683595 196.0681 203.625578 204.133839 198.86692 198.86692 163.822541 166.727994 157.05998 136.25024 146.494273 132.097038 117.099804 117.366888 94.682652 94.818494 -9999 -9999 -9999 -9999 -9999 -9999 -9999 -9999 -9999
268.72526 269.425063 212.715985 1752.511483 2771.8176 5250 4490.404547 3388.136524 1963.679908 1532.620242 1092.643713 973.793724 874.354393 813.236674 752.408984 688.272596 644.986076 610.019157 893.486404 299.772382 271.12347 695.730943 868.220293 611.062845 493.270945 547.585241 1183.678119 2858.560037 2500.64923 1157.33295 985.850662 724.210154 356.706733 362.805697 356.735822 340.05771 238.391257 329.733302 386.809612 310.724423 260.878007 304.156503 266.046037 224.772534 207.790235 205.88363 205.88363 204.133839 196.822307 219.886364 193.888221 193.433607 136.703924 120.369335 146.837018 187.015506 237.501464 241.692661 160.817541 94.560051 30 -9999 30 -9999 -9999 -9999 -9999 -9999 -9999
437.502335 259.09466 243.775185 269.635828 1888.753838 3041.247994 5250 4497.16375 3507.477562 2226.365436 1401.876509 1207.587547 1027.671395 919.704587 813.814964 713.013623 647.111877 566.905328 436.369598 370.612194 167.262499 191.412134 336.354769 577.759822 549.236569 409.210165 419.35954 382.910051 2598.95607 2597.632054 1994.869457 1401.220192 832.580496 591.104476 513.41896 694.936516 388.048215 458.539008 330.202192 287.314329 237.314063 223.324705 276.696461 248.949836 214.048302 203.555269 207.527447 230.630115 229.962138 219.886364 219.855238 197.081596 153.601935 156.455706 140.619787 170.141336 221.956297 167.462192 151.66632 137.459282 77.18755 -9999 30 -9999 -9999 -9999 -9999 -9999 -9999
234.168539 269.565591 272.099066 334.342861 1024.107345 2405.855372 5250 5250 4418.350917 3642.292508 2379.497843 2047.082597 1638.179138 1207.146104 813.163722 705.267083 645.333454 587.454374 523.364739 342.456484 203.590715 146.798033 178.736378 313.974002 471.596529 408.111651 384.724606 345.305454 399.319559 904.718925 1730.726631 1400.393902 1067.409346 1032.875076 773.467635 841.462203 759.321576 609.303329 346.98695 237.959946 209.317512 189.410211 190.206806 196.988653 206.535376 204.389666 204.741088 223.740225 200.029488 204.105743 220.108626 223.430669 154.157243 132.97743 131.222182 130.63887 173.098967 167.519086 146.386382 72.114305 16.747433 5.70705 5.70705 30 -9999 -9999 -9999 -9999 -9999
312.662331 280.50819 207.275893 300.411497 509.643297 1837.864854 3745.574571 5250 5250 4566.407872 4344.908511 3478.618895 2030.52116 1733.012549 1407.005727 1139.966264 1035.509253 854.950438 592.556477 494.95151 222.974619 452.844385 230.019163 180.538859 382.939253 375.444308 313.513054 284.658056 313.979814 350.482775 310.146251 1082.700774 1210.554264 766.1871 359.455934 581.535818 624.360407 386.488624 263.049194 222.88331 199.130887 160.764919 167.157426 183.550572 220.37948 213.406719 201.816544 185.810962 154.775848 120.412763 97.602024 187.088129 150.917981 126.531608 131.335429 126.839138 92.290861 108.172693 146.099025 81.198356 57.496806 5.70705 -9999 -9999 30 -9999 -9999 -9999 -9999
332.417546 271.119102 210.052479 285.964793 360.278015 1299.479063 2700.674127 5250 4491.322592 3097.952474 1966.622158 1655.738581 1671.660568 1035.86217 800.68623 897.996963 719.211772 558.22466 537.411707 684.331525 605.655238 609.377096 289.160237 134.052519 283.889547 330.077881 354.97339 333.662436 323.710626 317.194925 298.949865 283.03959 346.111814 536.505623 273.198063 304.127137 417.400514 310.716393 281.962732 259.317598 230.181292 191.578986 161.001686 160.481178 184.510406 173.738249 166.944977 160.322675 135.763552 99.736645 86.369132 172.995042 132.570103 193.340844 176.910212 160.011161 82.077258 111.855871 225.918389 139.785097 171.188774 151.380424 30 30 -9999 -9999 -9999 -9999 -9999
373.243867 202.963338 186.997382 210.904984 409.466869 1027.684754 1463.964179 3914.937153 5250 3040.871602 1721.514061 1366.271067 1100.71297 956.754071 664.310639 611.686798 606.040115 755.668106 905.768466 1043.403163 865.006612 455.98767 289.871946 140.471786 177.440225 249.426506 322.486564 313.338014 316.920338 306.555004 331.325327 342.675673 327.242369 333.182118 343.004549 342.335097 405.619742 459.914695 352.679127 273.36274 247.01098 208.044188 170.929357 176.92986 222.867892 210.670934 170.358009 161.795639 166.422833 164.451641 197.065092 142.872136 122.680927 193.340844 190.662968 163.529454 155.159742 153.632001 94.343362 114.627761 115.88318 15.586585 4.5859 -9999 -9999 -9999 -9999 -9999 -9999
372.608657 166.317826 230.125015 230.657974 424.28879 704.639032 1244.450596 2737.446311 5250 3548.365107 1729.040736 1366.948373 1140.831448 827.410222 727.30645 538.693855 503.707742 505.639654 498.653645 725.612641 1031.992712 774.115403 494.885516 349.287768 292.59355 223.065295 324.889046 328.256059 313.077211 298.139173 358.69785 372.654438 402.157801 402.642396 400.75683 403.885115 515.653974 491.287718 372.695839 303.140661 269.210617 226.629154 182.855204 160.824128 193.816796 206.82337 200.267009 213.420115 191.739041 164.451641 188.456591 187.364661 160.119003 167.226842 193.827875 163.529454 157.849881 158.159581 153.289832 104.187071 115.855965 29.791923 4.5859 -9999 -9999 -9999 -9999 -9999 -9999
570.763864 313.957349 246.550979 276.882772 428.342662 541.781414 1168.81707 1539.312774 5250 4181.643557 1799.854853 1405.99527 1133.87658 904.200091 731.090208 569.402584 538.406127 509.23473 495.67012 713.87965 764.276807 716.403571 545.132545 396.632359 336.625101 355.642542 253.884351 316.116363 347.319389 402.74154 405.699772 406.227647 385.691657 379.601827 370.049032 370.311557 231.924483 337.751502 334.087155 303.483806 272.08482 242.973307 216.971797 223.030881 219.731206 206.398252 200.525906 186.51042 161.065603 183.810349 194.140839 196.653109 160.119003 160.119003 176.991613 155.881407 138.0966 123.651055 146.470296 104.534207 110.983129 101.669298 30 30 -9999 -9999 -9999 -9999 -9999
538.029225 449.340178 319.205498 448.572249 449.971638 494.657487 995.702505 1404.803597 3331.3541 5250 2504.894304 1801.583571 1093.144042 837.377222 684.905758 575.845928 557.78842 563.559727 577.632574 650.224778 650.07431 580.370358 485.100939 460.001711 329.760213 345.562775 219.82179 315.399806 350.457472 375.545059 371.215378 376.392865 292.983965 317.223679 323.061886 313.36555 206.166188 276.174108 254.162914 243.723739 241.736381 226.941674 216.921684 203.248071 147.115084 147.277872 160.874158 160.915369 161.065603 183.810349 188.161891 184.507572 191.176163 203.719651 176.617988 174.244191 144.086481 130.6141 114.357072 97.987682 130.379708 147.185301 165.996104 -9999 -9999 -9999 -9999 -9999 -9999
567.852573 385.928141 249.057036 267.11505 400.548043 505.5779 715.357924 1267.169442 3067.463784 5250 2090.192236 1097.401625 891.257572 762.686764 642.337911 551.496142 449.911821 660.649727 690.465663 1008.211059 755.110518 580.980021 534.720781 462.091388 1348.465876 664.613958 171.212261 226.875398 296.781157 290.750742 277.477862 269.918507 255.840993 256.786958 267.332427 246.468874 247.288741 253.215327 244.396287 233.578258 216.810873 206.368956 199.902408 186.562401 142.368586 143.129672 149.424144 119.366073 127.084021 187.27256 188.161891 184.507572 184.507572 184.87485 206.943097 217.95642 158.088611 150.341232 114.363706 120.769891 140.707948 226.330466 243.48716 -9999 -9999 -9999 -9999 -9999 -9999
517.603825 515.182909 274.529839 485.146168 422.962382 487.062816 661.196559 1202.330517 2736.217996 5250 4488.305324 1180.730218 936.384068 790.735009 683.865547 556.157044 448.636797 422.65726 1180.338064 1416.997697 1383.989547 1536.804257 1298.879965 1094.925709 1258.395309 655.117097 439.880261 483.005262 250.536043 274.851943 257.328297 253.611892 243.516272 134.287809 240.298946 240.042082 236.564073 222.612563 222.619747 217.080605 211.102933 206.501276 173.357613 145.923274 157.298304 160.825027 119.163201 119.163201 127.084021 130.46791 223.946939 236.892181 236.927581 168.463163 178.377815 226.848259 195.064693 194.801468 157.573294 130.586111 130.642368 326.721351 92.272416 5.70705 -9999 30 -9999 -9999 -9999
739.835225 562.300045 480.560591 444.03309 428.597108 426.712726 436.017732 1167.978823 2737.595311 4207.258275 5250 1564.729124 1090.993488 827.856379 788.087576 607.424806 507.824934 536.023045 547.181553 654.516368 1160.154639 1334.284922 555.957708 604.617716 783.391094 963.402995 829.26596 550.145669 369.778039 366.117814 317.299531 319.780332 243.495417 118.509379 188.768235 187.993907 203.86692 215.692833 222.789435 217.404515 184.156218 195.925113 171.145684 145.923274 150.565459 160.825027 156.912977 132.762534 130.46791 130.46791 223.987976 223.987976 236.65373 213.791047 229.877252 219.50226 210.224724 194.801468 224.20388 271.400613 147.441164 140.402662 127.056833 7.790554 72.169747 30 30 30 -9999
790.025902 711.800308 549.172126 508.496654 441.68558 441.156823 531.348124 1239.44494 1603.607278 3062.912276 5250 5250 1562.065753 1062.353825 896.40596 683.963265 579.569362 488.231853 458.212346 428.78946 459.236955 555.02728 514.75502 644.260173 761.136366 1358.294367 1953.981247 1266.234654 715.539204 364.173124 446.204701 210.047177 200.269727 210.62304 189.783418 187.221296 193.536181 193.328201 198.175084 190.095186 179.246211 184.239892 156.999787 177.889414 177.331067 194.439647 194.336141 132.762534 153.096995 233.106165 187.101119 173.893474 216.204678 220.078531 224.071467 184.70696 184.547413 228.187557 231.162124 367.053117 241.473376 348.075095 111.754654 126.372135 201.261531 30 5.664613 30 -9999
853.138617 614.958957 541.029487 715.962477 504.217213 447.937895 515.769555 836.875907 1337.637591 3054.796806 4082.833869 5250 5250 2735.201499 1266.832218 1027.747184 926.864829 613.221709 536.768019 441.769423 1352.871519 2932.245545 2712.022405 2604.332388 2244.44828 1981.158674 1901.479658 1549.14219 1373.105859 691.886016 458.582894 355.804886 216.633017 255.582558 214.92663 187.597638 182.562282 187.94001 197.070256 197.221346 199.73521 180.973611 156.999787 160.811705 177.331067 230.065899 226.946808 230.00001 233.152503 243.233043 209.762649 223.448129 180.569628 177.322908 252.948005 186.964751 186.550636 533.09681 703.581551 465.779825 493.8881 523.645207 116.696423 132.090458 65.644079 11.748118 5.664613 30 32.726215
380.03265 416.455911 410.884481 785.586718 563.277554 503.039874 299.506988 433.005297 1005.500907 2728.429386 4070.77511 5250 5250 5250 2180.643326 1666.756784 1308.569798 984.266662 1321.833906 928.56133 3356.589678 418.19421 2541.278945 2909.65004 2778.217415 2640.397905 2088.580822 1165.492647 963.693001 351.785635 548.732965 375.870167 371.033014 281.225251 223.857623 207.554577 218.843144 213.433831 210.646901 213.226285 204.338993 219.289876 151.29346 143.407912 191.2189 194.720682 230.793634 253.150993 352.263162 310.952902 316.465664 324.404707 250.890033 188.184879 235.803783 211.104464 611.221232 1046.121473 734.56347 560.900058 391.389789 417.74118 401.221316 132.258505 106.454483 89.08827 50.188227 34.70705 32.726215
249.535325 298.039975 548.769152 648.253757 588.335165 320.809723 425.484914 450.133844 962.461951 1792.742907 4472.926982 5250 5250 5250 5250 5250 5250 1552.365788 1347.127952 478.73197 5075.337007 4664.612055 4218.73158 3100.180813 2311.407165 1973.819759 1282.440018 965.90511 821.774208 385.503679 586.325275 451.198625 350.020944 314.254321 293.47233 227.004323 213.781626 216.800132 276.60007 310.874105 296.461791 219.373571 191.007114 143.407912 156.216265 216.247853 453.948745 446.748256 404.118822 309.897376 342.564817 279.261619 216.862226 199.711913 221.60941 247.724642 1262.959297 879.551088 668.754141 605.576667 499.646029 551.411652 1015.714498 761.660749 633.532355 156.563702 232.804261 168.85744 173.136966
254.438262 283.706142 630.954433 453.71943 484.206012 520.043873 516.206606 490.736463 1062.499935 1762.878054 3738.607789 5250 5250 5250 5250 5250 5250 5250 5250 5250 5250 5250 5250 4561.637793 3075.693763 2137.176355 1608.13785 1371.863666 1099.117856 972.344609 587.136883 456.628275 359.667317 301.582285 307.009473 298.243605 289.626906 386.261563 414.602334 442.219012 394.787184 296.058889 227.273492 160.071745 150.509386 188.166145 369.088131 316.676817 315.478147 308.222117 292.790307 256.437791 204.52244 368.772433 450.51637 1047.396651 1238.280674 1023.925558 811.571653 783.94928 1023.516201 961.000957 789.031186 762.76296 460.350869 137.503047 228.408516 192.492789 241.578155
340.424601 225.587058 422.010155 475.400117 517.18344 603.825097 553.318046 706.624532 1048.995393 2529.85438 3164.991198 5250 5250 5250 5250 5250 2159.515812 3025.535285 2095.281238 1472.571636 1417.620789 1259.921502 1111.708639 709.937459 537.541713 2654.425634 1763.863003 1269.849411 885.960428 952.811008 835.621462 1867.100728 1176.127036 567.869851 362.783932 323.565127 313.123757 1864.918091 856.903938 404.830664 333.860723 320.364854 482.622312 487.475744 419.618163 361.204908 332.380912 311.923119 320.423839 273.397571 416.206147 296.306099 236.357592 578.879192 706.506025 1476.63877 1104.323317 1074.865325 1575.146069 1112.274415 1068.482572 1026.697257 794.418262 760.973257 429.742841 116.084425 105.356386 176.076476 271.109127
225.587058 222.179221 330.581755 324.363197 613.753753 658.934911 752.910658 708.143768 1024.140427 1172.822279 3057.233347 5250 5250 5250 4324.003977 2908.328456 1923.464989 1730.022124 1556.808723 1330.509925 1297.262085 932.142155 733.601399 674.160352 342.559728 330.838503 136.685123 119.099314 266.127288 196.154181 308.194031 255.789699 249.743654 1510.086144 314.201577 2646.110736 4367.467221 3480.476816 1636.552497 2977.439352 740.679173 720.931834 608.557169 490.338964 424.032653 547.338855 565.764122 608.716856 358.432756 508.289356 518.647239 420.70651 237.564633 270.517848 1017.020731 1248.227822 1210.365452 1266.530007 1131.178583 1135.737917 1099.158675 1028.807792 791.533382 825.14522 395.515888 82.145146 82.378091 160.672902 136.669092
