STOTEN_Data/raw/Age_yrs_350ft.asc
ncols         250
nrows         718
xllcorner     -2256000
yllcorner     1557000
cellsize      1000
NODATA_value  -9999
[rows 217 to 247 of 718, columns 69 to 137 of 250]
1506.093047 1348.76236 751.228936 389.895907 303.185145 269.497218 202.784836 159.364891 143.146768 105.682151 56.06429 29.65508 31.685693 276.616038 1020.619362 1596.1912 1398.905411 2139.867453 836.78374 620.884361 567.113302 256.579789 403.281277 420.721574 392.64569 391.316954 389.797499 375.602483 375.292215 239.560219 207.272453 173.596672 166.096372 126.915574 123.140433 182.902473 141.909727 135.859211 155.904177 75.017112 87.395114 87.994087 -9999 -9999 -9999 -9999 -9999 -9999 -9999 -9999 -9999 -9999 -9999 -9999 -9999 -9999 -9999 -9999 -9999 -9999 -9999 -9999 -9999 -9999 -9999 -9999 -9999 -9999 -9999
5250 1465.764818 1127.468892 431.562687 382.88155 300.058493 219.170634 202.580818 159.897287 149.348964 76.058293 39.302055 38.730993 304.704874 345.206756 1562.284391 1303.635909 1686.768019 1061.818381 671.879338 599.310446 476.265285 439.809811 459.605978 452.099851 451.288972 452.324773 375.759736 361.681871 226.007095 199.92295 193.285995 128.13769 105.37842 103.443969 114.621425 55.471831 77.905544 86.912895 85.703925 96.452725 -9999 -9999 -9999 -9999 -9999 -9999 -9999 -9999 -9999 -9999 -9999 -9999 -9999 -9999 -9999 -9999 -9999 -9999 -9999 -9999 -9999 -9999 -9999 -9999 -9999 -9999 -9999 -9999
2500.026079 5250 1257.784439 504.023037 442.654697 377.304985 299.865 255.862163 243.538337 166.083138 203.203172 177.712403 133.116191 174.627275 876.93842 1670.160677 1056.270042 1287.117149 1380.58068 1073.886936 693.878169 629.316534 497.303632 652.387255 527.01622 520.452414 375.849845 375.733099 356.722745 290.083727 177.215379 153.194737 111.457792 78.453896 102.850845 86.775793 56.975889 77.905544 87.246764 74.883494 30 -9999 -9999 -9999 -9999 -9999 -9999 -9999 -9999 -9999 -9999 -9999 -9999 -9999 -9999 -9999 -9999 -9999 -9999 -9999 -9999 -9999 -9999 -9999 -9999 -9999 -9999 -9999 -9999
1997.165293 5250 1286.154644 805.309393 517.257815 460.455463 377.205685 322.740252 296.492324 434.017385 382.517251 265.790629 201.681236 352.06974 1832.156553 1678.355624 1485.266101 1426.08032 1332.028424 1259.299274 791.17496 719.993658 595.40189 521.046052 620.493154 755.516156 390.437269 390.077749 333.780545 305.986125 180.890717 129.700154 109.744263 78.655904 122.092409 133.533891 100.099077 116.935165 98.34187 74.726301 74.687376 30 -9999 -9999 -9999 -9999 -9999 -9999 -9999 -9999 -9999 -9999 -9999 -9999 -9999 -9999 -9999 -9999 -9999 -9999 -9999 -9999 -9999 -9999 -9999 -9999 -9999 -9999 -9999
1561.911957 2627.940668 1410.458563 1288.748407 775.973227 579.967754 549.836271 475.760009 697.981222 674.890841 656.278079 410.88754 317.188444 1322.711401 1931.732199 1307.916155 1140.904048 1555.307221 1298.012085 1361.472583 894.067996 823.740375 249.725114 243.104796 459.749014 458.444123 447.647002 424.437458 297.83947 243.557528 214.204428 156.145492 137.131221 140.762822 416.68653 198.038017 135.834958 116.085459 117.70227 51.753194 51.620365 30 -9999 -9999 -9999 -9999 -9999 -9999 -9999 -9999 -9999 -9999 -9999 -9999 -9999 -9999 -9999 -9999 -9999 -9999 -9999 -9999 -9999 -9999 -9999 -9999 -9999 -9999 -9999
1397.513367 1766.181594 3819.638619 1416.80749 1200.634309 1195.210894 1082.479089 1102.410334 874.055303 899.820697 1458.767162 1773.19137 1018.133358 1528.980214 1526.195254 1477.226045 1173.514504 1341.43165 1378.652963 1424.552679 945.248668 395.405088 376.046291 260.385191 520.468903 464.921703 398.203017 364.919489 286.312123 286.62845 249.76266 269.33311 283.882982 645.841767 201.076912 180.61332 116.025676 136.042578 136.354735 38.587269 15.705681 30 -9999 -9999 -9999 -9999 -9999 -9999 -9999 -9999 -9999 -9999 -9999 -9999 -9999 -9999 -9999 -9999 -9999 -9999 -9999 -9999 -9999 -9999 -9999 -9999 -9999 -9999 -9999
637.375545 1128.136998 254.162281 353.250929 434.539489 1356.474293 1292.149822 1069.147337 1103.641132 1067.454665 2149.251141 2694.625005 1632.451922 1545.459902 2070.499658 1323.207345 1289.720707 1358.130485 1354.791317 1568.837666 1324.197005 393.64122 376.141436 430.756681 497.766498 436.422539 391.095497 389.387207 375.782033 846.135396 659.762212 619.726169 588.786576 506.329238 249.959945 131.070512 143.466467 117.616001 87.8987 34.663929 5.70705 5.70705 -9999 -9999 -9999 -9999 -9999 -9999 -9999 -9999 -9999 -9999 -9999 -9999 -9999 -9999 -9999 -9999 -9999 -9999 -9999 -9999 -9999 -9999 -9999 -9999 -9999 -9999 -9999
563.044921 1269.456591 37.102468 35.951949 81.686582 208.570893 1128.985627 1457.667715 1393.7063 1449.816703 3041.796168 2811.961141 1677.125508 1618.634055 1602.417145 1577.959977 1348.132575 1442.31156 1541.770749 1676.627748 1724.080954 796.096926 652.619865 559.559247 456.802823 434.473754 407.560544 853.585841 589.431476 522.886807 463.013426 524.933274 484.392497 444.978947 260.625955 130.766077 126.95973 52.501027 4.62423 4.62423 5.70705 5.70705 -9999 -9999 -9999 -9999 -9999 -9999 -9999 -9999 -9999 -9999 -9999 -9999 -9999 -9999 -9999 -9999 -9999 -9999 -9999 -9999 -9999 -9999 -9999 -9999 -9999 -9999 -9999
343.301514 575.312399 16.874707 16.874707 73.217002 156.112057 277.569793 1376.567043 1494.605111 1539.222867 2082.88889 2760.049373 1737.370084 1651.88387 1734.809489 1704.78807 1425.099831 1506.017228 1674.271285 96.568499 890.471968 659.858294 573.154491 500.009631 448.249142 450.911356 688.659025 375.394065 249.123244 245.617502 325.204561 296.430841 390.984452 318.031142 217.504274 100.376574 120.6215 52.501027 48.914442 4.62423 30 -9999 -9999 -9999 -9999 -9999 -9999 -9999 -9999 -9999 -9999 -9999 -9999 -9999 -9999 -9999 -9999 -9999 -9999 -9999 -9999 -9999 -9999 -9999 -9999 -9999 -9999 -9999 -9999
315.373556 547.783248 31.804969 33.999569 62.493176 112.495662 237.283181 1247.27879 1785.967228 1665.405867 316.87975 2681.330369 1782.237343 1685.418245 1683.490725 1794.525622 1501.046177 1565.093453 104.426936 1863.633947 902.515814 646.768754 541.406058 499.623913 459.519337 889.873607 564.237575 1274.261409 363.794871 245.617842 394.879978 763.428685 327.827304 264.42469 227.439073 116.888455 92.990399 117.44174 117.636042 -9999 -9999 -9999 -9999 -9999 -9999 -9999 -9999 -9999 -9999 -9999 -9999 -9999 -9999 -9999 -9999 -9999 -9999 -9999 -9999 -9999 -9999 -9999 -9999 -9999 -9999 -9999 -9999 -9999 -9999
209.086609 536.507591 217.007096 33.999569 41.098436 112.577764 220.718779 341.824305 2974.954438 4232.540751 51.587913 3928.260546 1886.020027 1743.964728 1695.891572 1915.13447 1624.388985 2212.867389 1688.923852 1672.593651 1099.015495 915.722041 554.444237 500.555046 620.271603 651.512563 702.744436 893.014314 223.602356 367.249301 367.249301 360.273473 294.163868 244.647882 166.828649 120.52168 73.927875 48.278348 48.66256 48.66256 48.66256 -9999 -9999 -9999 -9999 -9999 -9999 -9999 -9999 -9999 -9999 -9999 -9999 -9999 -9999 -9999 -9999 -9999 -9999 -9999 -9999 -9999 -9999 -9999 -9999 -9999 -9999 -9999 -9999
203.216093 343.625151 637.343132 65.230136 65.233291 113.690825 206.9897 413.076721 1200.987852 3340.969344 47.812887 2861.552897 2053.420455 1844.603132 1770.457988 1957.152271 1718.564523 1350.651407 1901.294462 1372.987774 1084.200153 888.36436 563.520946 548.344058 882.16388 623.149512 1724.284509 1168.805899 227.117957 224.257344 300.525365 274.776335 274.505734 268.15344 147.981324 107.370584 107.668065 48.66256 48.66256 48.66256 48.66256 4.5859 4.5859 -9999 -9999 -9999 -9999 -9999 -9999 -9999 -9999 -9999 -9999 -9999 -9999 -9999 -9999 -9999 -9999 -9999 -9999 -9999 -9999 -9999 -9999 -9999 -9999 -9999 -9999
133.972451 219.715486 540.056536 452.324513 75.219716 121.494023 200.886093 1423.855169 270.16421 95.728015 131.58332 164.994634 2692.051912 1998.718935 1902.643949 1946.348914 2627.499327 1963.128427 1248.722523 1144.183847 962.274178 880.075907 586.575959 1247.900192 720.006845 653.887761 2041.490991 770.507057 364.274823 327.676638 274.081933 238.081627 197.36531 197.771822 156.970969 104.013266 125.431174 107.930492 107.510092 50.791239 30.502396 6.587269 -9999 -9999 -9999 -9999 -9999 -9999 -9999 -9999 -9999 -9999 -9999 -9999 -9999 -9999 -9999 -9999 -9999 -9999 -9999 -9999 -9999 -9999 -9999 -9999 -9999 -9999 -9999
139.740001 256.37706 430.167126 562.240413 80.028039 164.631794 380.507015 336.941585 95.728015 95.728015 132.759456 129.123521 1696.564218 2183.452725 1981.901437 1885.872619 2165.524431 1536.452342 1201.471897 1102.912972 714.324817 652.831191 816.169164 1110.81782 719.449108 1091.499833 1064.978706 752.748074 300.307611 244.076589 147.33799 156.932604 187.41962 183.730689 156.669169 103.317109 107.623938 96.656765 107.949438 104.202601 43.748118 26.502396 30 -9999 -9999 -9999 -9999 -9999 -9999 -9999 -9999 -9999 -9999 -9999 -9999 -9999 -9999 -9999 -9999 -9999 -9999 -9999 -9999 -9999 -9999 -9999 -9999 -9999 -9999
89.938788 180.45171 410.032612 604.683156 388.997398 482.586616 471.544338 312.077419 76.345003 60.716404 101.079018 99.8513 251.747368 1346.465575 2085.126468 2449.931123 1709.97504 1201.200652 1167.534709 1140.121134 716.290025 656.348857 696.830472 1377.087026 894.33487 683.634316 814.631532 529.749535 329.361969 241.022412 154.340191 161.277412 136.486072 142.946389 169.42386 103.332619 87.470645 76.945908 42.800087 52.501027 118.48983 -9999 30 -9999 -9999 -9999 -9999 -9999 -9999 -9999 -9999 -9999 -9999 -9999 -9999 -9999 -9999 -9999 -9999 -9999 -9999 -9999 -9999 -9999 -9999 -9999 -9999 -9999 -9999
71.044373 141.182013 435.425815 531.792335 726.964004 897.148275 395.366651 187.143512 104.563031 60.716404 43.678682 176.940419 246.861727 3097.804057 2159.782741 1896.106869 1362.196779 1198.34456 1109.001459 1130.96643 787.274695 813.192519 718.664167 1205.047425 1017.659508 687.179458 722.458359 294.640278 291.110025 213.72743 176.639883 161.277412 136.486072 124.044085 156.739415 100.818394 79.76395 72.525667 18.706366 4.62423 -9999 -9999 30 -9999 -9999 -9999 -9999 -9999 -9999 -9999 -9999 -9999 -9999 -9999 -9999 -9999 -9999 -9999 -9999 -9999 -9999 -9999 -9999 -9999 -9999 -9999 -9999 -9999 -9999
63.19192 103.15339 190.129933 543.78554 1234.939861 1978.213886 427.069187 201.435977 135.903213 39.923404 39.097422 131.621665 248.108695 2633.427325 2246.505102 1710.899791 1396.216434 1305.841258 1176.454682 1480.98544 1365.281894 787.026335 1538.063027 1415.133846 827.133156 720.640029 566.711001 348.119592 288.374207 193.350901 177.523523 168.716003 168.716003 124.185978 156.685256 123.452113 95.852156 57.0705 21.663962 4.62423 4.62423 30 -9999 -9999 -9999 -9999 -9999 -9999 -9999 -9999 -9999 -9999 -9999 -9999 -9999 -9999 -9999 -9999 -9999 -9999 -9999 -9999 -9999 -9999 -9999 -9999 -9999 -9999 -9999
78.608537 110.674535 203.478725 477.558799 1332.699335 2515.166246 388.158972 300.902752 105.794861 83.055916 125.390506 224.620877 293.980371 395.069084 3454.098629 1525.609436 1402.180177 1324.954712 1260.047884 1427.54909 1395.912115 1713.000281 1482.741765 1572.782332 760.443166 887.014153 527.379415 328.075443 224.195654 194.492876 177.541578 164.979448 157.375894 156.850275 126.258394 104.189791 116.768226 50.915811 50.915811 50.915811 30 -9999 -9999 -9999 -9999 -9999 -9999 -9999 -9999 -9999 -9999 -9999 -9999 -9999 -9999 -9999 -9999 -9999 -9999 -9999 -9999 -9999 -9999 -9999 -9999 -9999 -9999 -9999 -9999
101.646385 143.678736 244.08794 464.675755 1462.822396 1114.415069 367.218212 274.352619 89.102071 43.917926 213.034675 220.316786 1567.754688 390.036835 2333.030716 2079.89794 1388.812077 1509.351543 1545.542614 1335.226482 1605.964135 1737.165762 1720.873687 1309.533983 1419.564568 948.257926 500.364093 358.519821 195.028115 177.382203 132.954945 146.944357 157.375894 156.713009 144.530533 103.763082 107.13377 50.915811 50.915811 50.915811 30 -9999 -9999 -9999 -9999 -9999 -9999 -9999 -9999 -9999 -9999 -9999 -9999 -9999 -9999 -9999 -9999 -9999 -9999 -9999 -9999 -9999 -9999 -9999 -9999 -9999 -9999 -9999 -9999
122.465929 190.221859 338.436001 637.833042 1478.293823 764.997619 443.802327 224.351741 144.359187 98.857221 188.29462 257.125234 463.616814 396.924345 4595.945724 1437.366944 1560.855543 1666.831736 1650.962387 1585.307248 1530.207773 1026.850115 886.951231 1459.273724 945.34106 377.666471 350.393063 314.919568 194.697767 187.92891 133.557117 164.366314 163.757019 156.654004 151.255844 103.800422 97.741356 39.687822 7.748118 4.5859 30 -9999 -9999 -9999 -9999 -9999 -9999 -9999 -9999 -9999 -9999 -9999 -9999 -9999 -9999 -9999 -9999 -9999 -9999 -9999 -9999 -9999 -9999 -9999 -9999 -9999 -9999 -9999 -9999
198.820844 253.966801 466.835278 873.930686 2003.074933 34.414792 28.083751 40.609628 42.518115 226.324406 231.992206 364.168145 3114.839281 515.865883 3541.577262 1484.848097 2100.923892 1794.648299 1633.159715 2554.083772 1084.558895 950.920827 826.898866 910.151533 527.709468 367.031866 323.46044 180.485185 173.973538 174.293255 167.141279 167.114284 157.725069 124.960369 127.740102 96.788411 94.965387 77.481177 15.586585 30 -9999 -9999 -9999 -9999 -9999 -9999 -9999 -9999 -9999 -9999 -9999 -9999 -9999 -9999 -9999 -9999 -9999 -9999 -9999 -9999 -9999 -9999 -9999 -9999 -9999 -9999 -9999 -9999 -9999
305.361962 348.924155 685.382123 1440.363147 2002.26708 411.964408 28.145266 35.206902 92.4885 141.825558 232.428681 410.076666 2817.817293 4277.514113 4268.375229 2243.528107 1810.97223 1926.07875 2534.502427 1822.879264 1682.828261 1299.300596 942.43032 744.121936 357.480832 324.18897 277.386142 167.588928 177.777771 156.481305 135.637601 127.528531 124.968177 124.968177 127.740102 121.045081 93.176665 96.066162 96.066162 30 -9999 -9999 -9999 -9999 -9999 -9999 -9999 -9999 -9999 -9999 -9999 -9999 -9999 -9999 -9999 -9999 -9999 -9999 -9999 -9999 -9999 -9999 -9999 -9999 -9999 -9999 -9999 -9999 -9999
312.845699 528.582767 36.301492 27.215365 44.3621 892.284855 382.755815 251.692108 137.965605 155.996359 205.308463 376.346544 1979.583975 4194.67848 4609.069033 2998.586946 2640.688987 2984.829513 2152.858951 1818.170776 1385.537323 963.129304 466.582194 247.219045 333.50622 303.032733 241.179245 197.354507 196.990692 136.27111 136.27111 127.528531 139.357785 127.89007 314.30293 176.68096 93.176665 100.638597 107.866184 30 30 -9999 -9999 -9999 -9999 -9999 -9999 -9999 -9999 -9999 -9999 -9999 -9999 -9999 -9999 -9999 -9999 -9999 -9999 -9999 -9999 -9999 -9999 -9999 -9999 -9999 -9999 -9999 -9999
332.737952 370.387378 18.011413 20.027717 41.797084 134.8907 1058.218104 518.574771 211.014534 202.772499 219.100216 335.288632 1669.449429 2494.229663 385.513191 2507.148479 2110.998133 2348.232559 1786.248274 897.158603 727.746413 880.33025 528.731601 236.386461 243.100178 346.935907 237.899674 221.47818 164.068373 156.840662 174.813727 142.902924 142.902924 127.89007 131.56442 144.131677 76.693396 83.994429 50.915811 152.525667 30 -9999 -9999 -9999 -9999 -9999 -9999 -9999 -9999 -9999 -9999 -9999 -9999 -9999 -9999 -9999 -9999 -9999 -9999 -9999 -9999 -9999 -9999 -9999 -9999 -9999 -9999 -9999 -9999
348.898296 348.123056 21.789106 25.127428 36.828943 76.985055 145.062634 237.174128 512.446086 281.688688 239.57079 270.867816 841.41741 2741.411354 2739.173502 2717.925977 2505.414226 2032.494987 1612.441848 803.425917 664.538797 491.216168 414.230184 355.647175 388.177276 233.807012 178.002675 136.443715 143.227805 143.233716 174.813727 170.636906 137.34357 139.922042 139.922042 147.17704 102.902925 50.915811 134.592745 96.646133 30 -9999 -9999 -9999 -9999 -9999 -9999 -9999 -9999 -9999 -9999 -9999 -9999 -9999 -9999 -9999 -9999 -9999 -9999 -9999 -9999 -9999 -9999 -9999 -9999 -9999 -9999 -9999 -9999
383.422703 541.244561 22.420851 22.4194 36.077031 70.019701 138.222277 183.371536 372.987439 393.922636 296.283173 373.275933 1318.077576 2334.139208 2549.46519 2671.405762 2097.51243 1731.026213 1189.994115 1074.339976 630.72663 569.945269 414.328323 471.441294 615.606036 236.48197 200.904185 149.778716 143.47886 137.223871 394.20254 217.374044 137.34357 131.531995 156.782186 97.216788 97.573576 77.778359 49.83436 20.5859 4.5859 4.5859 -9999 -9999 -9999 -9999 -9999 -9999 -9999 -9999 -9999 -9999 -9999 -9999 -9999 -9999 -9999 -9999 -9999 -9999 -9999 -9999 -9999 -9999 -9999 -9999 -9999 -9999 -9999
424.10553 538.274782 23.68012 26.037485 32.427299 53.375526 107.19104 173.866858 329.52488 572.798277 451.362797 474.953749 1074.462465 2690.645568 2447.652431 2609.028117 1973.138181 1561.316648 1213.894674 549.187386 279.973227 263.014639 256.166375 646.102013 251.039518 180.777777 177.453504 159.833112 150.751689 137.223871 130.015799 127.670327 120.408775 140.638174 163.967439 109.845181 81.003673 96.265607 85.010267 29.749487 6.587269 -9999 -9999 -9999 -9999 -9999 -9999 -9999 -9999 -9999 -9999 -9999 -9999 -9999 -9999 -9999 -9999 -9999 -9999 -9999 -9999 -9999 -9999 -9999 -9999 -9999 -9999 -9999 -9999
347.345995 505.784444 41.175713 26.087086 30.110889 69.089177 113.088219 216.459586 384.506872 529.096881 533.12279 514.20179 1648.476732 2443.403845 3526.458025 2553.365236 1901.80273 1449.882174 736.789931 519.578455 266.024631 269.454921 253.362217 221.11264 206.16113 180.56093 179.167783 130.999273 131.314278 136.436378 136.369321 127.670327 236.091143 236.347619 236.748011 130.717078 80.681305 103.55188 78.592072 117.433703 117.94343 -9999 -9999 -9999 -9999 -9999 -9999 -9999 -9999 -9999 -9999 -9999 -9999 -9999 -9999 -9999 -9999 -9999 -9999 -9999 -9999 -9999 -9999 -9999 -9999 -9999 -9999 -9999 -9999
363.212412 476.556541 380.343393 29.68722 29.699212 53.067084 109.158829 243.71326 399.793073 495.797359 750.263079 616.83607 1077.071125 2444.677159 4315.75007 2380.585081 1803.445809 761.804024 709.7085 727.175966 460.554073 273.011903 254.245382 237.506042 200.901332 183.074312 179.981275 157.013435 133.919663 121.19221 121.19221 127.693253 124.815545 236.347619 240.00293 253.30749 93.468592 86.918817 77.247212 117.94343 44.66256 30 -9999 -9999 -9999 -9999 -9999 -9999 -9999 -9999 -9999 -9999 -9999 -9999 -9999 -9999 -9999 -9999 -9999 -9999 -9999 -9999 -9999 -9999 -9999 -9999 -9999 -9999 -9999
384.470065 490.044334 222.785107 29.681058 29.680323 52.613702 108.16518 210.223881 402.846256 1292.7123 1433.838296 1077.94252 1914.018708 4041.60519 4596.448742 3799.027217 230.363669 259.256004 924.14947 864.176235 391.927121 306.199611 263.221091 241.338292 199.264205 193.09639 143.183357 140.230753 137.291042 136.732879 121.19221 170.185644 236.502315 259.860543 258.145373 253.30749 93.017378 86.747804 46.56018 20.66256 44.66256 30 -9999 -9999 -9999 -9999 -9999 -9999 -9999 -9999 -9999 -9999 -9999 -9999 -9999 -9999 -9999 -9999 -9999 -9999 -9999 -9999 -9999 -9999 -9999 -9999 -9999 -9999 -9999
416.832335 490.595234 525.010267 31.766578 29.685605 41.151609 120.918606 249.673811 440.290744 2740.188314 3068.609745 1950.904645 1844.733166 3911.17599 4741.188211 3943.626656 1361.767443 871.239072 1067.800624 580.70674 445.247669 234.606512 276.88731 227.562274 241.064881 201.236015 153.717117 122.546544 154.703613 154.486638 150.852385 236.172838 236.533265 243.316012 244.149385 249.341943 126.290636 86.8284 44.653339 17.70705 6.587269 6.587269 30 -9999 -9999 -9999 -9999 -9999 -9999 -9999 -9999 -9999 -9999 -9999 -9999 -9999 -9999 -9999 -9999 -9999 -9999 -9999 -9999 -9999 -9999 -9999 -9999 -9999 -9999
