STOTEN_Data/raw/Age_yrs_150ft.asc
ncols         250
nrows         718
xllcorner     -2256000
yllcorner     1557000
cellsize      1000
NODATA_value  -9999
[rows 434 to 464 of 718, columns 70 to 139 of 250]
-9999 -9999 -9999 -9999 -9999 -9999 -9999 -9999 -9999 -9999 -9999 -9999 -9999 30 334.590461 189.71217 170.286513 159.643014 149.592844 137.115113 130.785468 93.868184 153.318604 133.790772 144.025143 142.221361 330.7992 3838.420778 5250 5250 347.252351 216.982476 185.431568 162.814344 163.563338 145.808005 192.907194 198.068004 143.800674 127.339494 136.91988 159.199884 154.792114 241.116306 538.234667 346.041154 389.104641 320.298524 314.382528 213.067936 149.171975 166.192473 139.587202 113.867197 106.555968 90.391336 76.238954 66.608688 66.604102 73.207024 72.904197 83.373243 77.58699 81.092139 72.695415 62.509039 58.825918 66.830711 69.764621 79.513219
-9999 -9999 -9999 -9999 -9999 -9999 -9999 -9999 -9999 -9999 -9999 -9999 -9999 -9999 200.081329 230.171423 170.017763 160.238372 149.771937 130.434347 116.785365 126.38495 146.739803 133.614766 142.997449 160.136908 428.184733 1061.681367 5250 5250 367.074298 203.111126 179.792922 160.065756 132.764735 130.475673 143.319163 243.207372 174.02963 124.566652 117.290732 133.945028 143.012378 164.256124 375.115477 558.879863 446.773295 356.091338 319.362062 300.52225 223.58126 177.186178 136.673525 106.720666 89.500923 82.82239 72.855556 64.868053 66.812093 72.761447 63.861346 73.307151 72.756803 81.109596 72.695415 66.800481 66.157621 69.49848 72.713871 72.373468
-9999 -9999 -9999 -9999 -9999 -9999 -9999 -9999 -9999 -9999 -9999 -9999 -9999 -9999 156.738958 166.551264 147.070342 163.668463 153.159695 153.423892 113.575105 117.109323 138.760006 139.892747 133.47753 302.759811 508.681657 853.315361 5250 5250 548.104888 182.959476 180.335728 165.595812 125.896729 110.434381 127.432106 244.200019 232.814474 163.289645 190.527378 153.622561 132.975573 134.147091 147.47585 354.036172 525.010267 387.392875 234.746695 366.656223 260.003363 197.465122 159.506547 133.810344 90.71232 173.864864 185.518262 149.443795 110.698161 69.745751 66.9078 73.338765 96.254612 86.782396 60.493113 64.649649 69.526611 69.049131 72.251204 66.859603
-9999 -9999 -9999 -9999 -9999 -9999 -9999 -9999 -9999 -9999 -9999 30 133.103264 140.551234 148.630438 311.705381 158.005833 169.800677 160.075275 150.252478 99.936138 108.570566 136.315699 216.613572 277.617246 426.892557 496.414309 850.206047 5250 5250 541.110729 346.770483 164.458746 134.351687 165.485616 142.841773 110.503718 146.65893 213.346714 176.463853 153.452097 179.672536 156.056766 187.37685 485.168592 538.510194 366.70028 166.829579 53.792025 236.560412 288.062441 241.551314 214.139159 173.469204 146.009503 140.842803 132.516619 218.582636 263.970945 260.594902 187.225509 174.015041 100.661302 93.558515 69.674822 81.292049 81.229148 80.62358 70.192632 70.315347
-9999 -9999 -9999 -9999 -9999 -9999 -9999 -9999 -9999 -9999 -9999 -9999 -9999 139.555421 183.312275 418.132672 412.978394 230.025458 173.320318 156.65282 173.289179 87.952679 156.271717 206.996588 232.263882 170.85263 516.49891 851.843014 5250 4934.381939 742.00281 396.224479 270.736597 117.506258 110.646568 121.210821 120.223767 130.245396 176.328493 162.320349 142.981685 120.880408 134.263274 151.09952 397.830484 401.239234 310.17909 286.794667 54.477844 192.055789 198.072202 140.26844 155.729349 139.828078 121.017101 86.521593 92.869955 92.184749 132.056135 139.044244 123.873645 86.851052 128.758571 154.024818 100.855747 94.266655 87.332345 77.72763 73.32265 73.258091
-9999 -9999 -9999 -9999 -9999 -9999 -9999 -9999 -9999 -9999 30 198.031889 -9999 290.08505 307.700644 695.470863 465.819461 200.995064 196.113155 213.490294 196.35322 87.952679 156.967567 232.239106 143.177614 133.379299 750.462879 959.335354 5250 1350.675068 1209.713671 313.882834 186.54862 136.902587 100.579166 101.120268 100.991702 126.15919 123.331084 126.910154 149.93315 126.842079 126.620072 190.678936 369.970865 255.473178 294.084743 263.650938 219.829482 180.109785 137.144082 106.560881 155.521265 104.97082 97.538533 96.933741 89.580202 96.457012 96.441944 117.814743 117.350599 100.746471 92.97624 139.383213 106.637657 89.706944 89.483478 62.10092 62.710207 71.04081
-9999 -9999 -9999 -9999 -9999 -9999 -9999 -9999 -9999 -9999 183.920753 198.031889 230.65408 30 207.781305 207.781305 207.781304 207.584684 196.150725 134.072156 148.703486 156.160544 143.163598 199.185121 259.920515 447.539847 497.559374 960.769882 1667.575897 1346.621349 1247.187194 852.133141 170.110658 133.648865 127.252162 120.566828 126.561775 131.342907 133.78206 129.990591 118.715127 123.448789 113.625983 133.825833 429.028168 376.735702 270.133568 227.198154 169.764653 120.807292 90.182621 69.440405 159.976533 149.477148 117.300716 91.124129 93.66593 88.835854 83.096878 90.085705 80.513628 89.406127 100.765228 91.511342 102.942419 93.937428 100.847864 73.367204 73.383004 72.574544
-9999 -9999 -9999 -9999 -9999 -9999 -9999 -9999 -9999 187.243885 187.222267 -9999 -9999 -9999 207.781305 207.781305 571.633174 537.806428 180.05524 133.862954 137.032175 160.205279 139.875845 187.282365 293.497286 315.501274 477.755119 961.14028 1544.986338 1290.253981 951.268647 931.178937 654.100831 332.469712 156.83414 139.510626 153.092498 152.879202 159.299624 163.439466 144.389559 117.33934 116.802409 137.897569 326.81408 286.190641 280.033246 256.051663 222.963811 121.113652 107.334345 76.188555 130.291599 153.213242 117.422634 103.237033 93.582324 97.881745 87.239928 83.560132 77.557495 85.929356 90.548248 93.374208 114.173559 117.645681 136.094353 93.494618 65.603579 82.811864
-9999 -9999 -9999 -9999 -9999 30 -9999 -9999 187.638688 187.285829 187.231502 -9999 30 199.62545 199.62545 684.335034 1195.253321 939.268877 169.588993 216.980572 223.57528 169.905298 129.29819 158.814405 229.881658 303.134023 742.240255 932.005107 1175.742658 1351.559851 868.632127 826.782842 737.996307 360.135033 182.301168 163.362715 169.572228 152.27482 140.297455 134.723818 154.229639 129.709144 123.457821 137.529667 388.045161 186.45375 153.734373 140.337773 209.970688 233.172322 164.498583 55.198078 215.063273 191.74334 152.985839 107.677572 86.635525 100.925362 97.320353 86.472562 80.684796 80.348894 83.110684 94.321205 107.168804 92.882781 90.091033 93.652399 65.603579 67.598017
-9999 -9999 -9999 -9999 -9999 30 30 30 187.638688 -9999 217.003194 30 30 199.62545 199.579027 187.086522 153.657909 441.153064 167.146796 264.434356 179.965039 216.548874 100.174612 139.01262 206.255662 391.892432 569.303156 874.927033 1174.561926 961.56883 799.428613 924.088989 372.700992 551.138547 310.477211 224.040262 171.017342 163.64745 152.768389 133.40871 130.163531 133.630264 146.626123 170.980741 329.697738 326.099874 220.887944 272.544864 239.54076 230.042971 106.659874 53.253023 106.615593 90.523997 139.870019 107.601506 93.298584 103.527494 96.629557 89.564053 86.043301 79.689188 93.94694 85.79645 86.129832 89.533915 77.129033 89.38104 67.781337 67.781337
-9999 -9999 -9999 -9999 -9999 -9999 -9999 -9999 -9999 30 216.327443 216.257683 30 177.917941 -9999 190.672121 213.577604 121.025781 136.489045 210.558516 176.578542 223.780334 90.720063 92.014483 194.0154 332.252194 538.87318 770.041675 1075.924757 868.012522 792.542695 697.995724 353.69316 147.173753 217.041305 352.684002 273.853718 193.485928 155.847752 143.346432 117.283344 110.990489 133.966531 173.826819 334.996624 357.893002 162.841435 154.208311 234.714967 270.687141 92.906098 139.946682 42.549893 51.202105 113.735987 126.903532 94.439094 93.709569 86.697521 88.911958 86.683661 93.962286 93.625201 83.157609 91.697609 105.820642 97.562513 94.655691 73.737884 70.19617
-9999 -9999 -9999 -9999 -9999 -9999 30 -9999 -9999 -9999 216.257683 216.257683 -9999 -9999 176.879738 183.678297 224.473065 121.025781 121.025781 179.274565 172.804744 306.376435 99.559518 99.559518 220.52243 301.002927 459.849793 470.736147 587.988964 552.794014 911.013997 420.692657 400.865258 170.148738 123.721495 347.105261 230.377334 190.626095 159.31751 143.070331 110.306725 107.906092 123.29189 129.974293 236.718205 363.407296 307.513712 224.15697 225.923937 196.699007 156.707063 140.259012 42.45859 50.618102 124.119796 142.355245 110.44502 97.042014 89.210753 89.464283 75.794127 82.695366 90.37154 90.150032 101.027433 97.993107 94.524166 89.343807 85.842085 85.630049
-9999 -9999 -9999 -9999 -9999 -9999 -9999 -9999 -9999 -9999 -9999 30 -9999 -9999 -9999 -9999 -9999 -9999 28.154232 250.02004 233.263696 253.167618 213.192534 237.987153 245.359459 280.848217 210.030799 454.125845 397.230154 465.553631 492.016543 406.539717 243.604351 167.674547 146.502536 186.954564 149.581356 120.513078 124.121181 106.453803 97.140052 103.991911 107.385883 110.400578 154.391424 410.698356 306.895658 319.864216 298.598871 260.702569 156.091105 136.375776 118.209545 207.161651 133.225877 69.662344 81.29596 73.043854 86.67335 76.345573 76.349773 77.038013 82.52083 92.826259 88.79339 89.480998 93.039755 76.579321 80.596142 93.259255
-9999 -9999 -9999 -9999 -9999 -9999 -9999 -9999 -9999 -9999 -9999 -9999 -9999 -9999 -9999 -9999 -9999 -9999 -9999 62.502153 62.502153 339.69341 246.712767 233.157912 123.188389 85.446098 175.992514 352.597923 325.124231 354.798809 371.253476 300.516515 187.268975 167.433027 173.681318 133.861357 106.138606 94.603169 117.298536 106.597182 109.540953 120.419966 136.75076 136.696822 127.514803 221.999233 133.333333 52.501027 52.501027 237.067115 298.590807 276.64738 159.382098 121.426675 93.587143 59.313361 48.714264 71.786752 114.40812 103.238521 89.897393 91.731077 96.014107 89.323318 88.74031 82.411591 105.793709 78.792895 72.532284 57.502005
-9999 -9999 -9999 -9999 -9999 -9999 -9999 -9999 -9999 -9999 -9999 -9999 -9999 -9999 -9999 -9999 -9999 -9999 -9999 30 230.174367 173.095029 176.701597 219.857249 236.416279 85.446098 221.178283 186.948992 227.052172 277.250656 283.587909 264.186861 173.083806 122.8351 166.718135 146.60521 117.271771 107.390835 93.983421 94.862527 110.000994 114.397056 106.235481 103.284032 100.117101 217.453725 98.143396 53.944464 52.501027 189.128838 225.106935 276.188307 156.941014 136.475862 108.707709 88.881225 38.168378 53.3129 148.288445 108.420801 90.977456 107.788263 89.945135 86.715295 69.050285 63.551588 95.158835 98.292153 35.473821 37.09388
-9999 -9999 -9999 -9999 -9999 -9999 -9999 -9999 -9999 -9999 -9999 -9999 -9999 -9999 -9999 -9999 -9999 -9999 -9999 -9999 296.78029 263.879605 123.764026 123.602902 163.224006 224.572103 260.751348 186.948992 174.010828 120.39211 217.325147 242.402055 206.864009 122.8351 120.783852 136.65405 133.954736 107.675569 94.442563 97.936547 106.590455 106.145766 100.87626 103.695215 178.764821 143.046113 98.130366 155.83606 53.736687 107.671386 247.986674 183.016657 180.612417 155.338082 136.778987 107.697627 38.168378 87.75779 137.009901 150.045447 120.442474 120.83018 96.741897 91.029157 86.076526 80.899562 99.918366 113.188814 48.006425 41.13766
-9999 -9999 -9999 -9999 -9999 -9999 -9999 -9999 -9999 -9999 -9999 -9999 -9999 -9999 -9999 -9999 -9999 -9999 -9999 -9999 216.73727 216.771498 122.540909 123.390191 146.795899 155.779276 187.28553 116.833576 116.833576 120.39211 187.203986 120.512909 86.592896 104.263585 110.87775 133.715868 107.708418 115.022452 110.301627 100.400668 106.763728 112.926129 136.855602 121.133031 140.459247 140.878264 97.695685 84.138693 52.501027 52.501027 340.638698 197.027237 144.485425 206.889124 157.530303 136.788964 108.398445 100.942837 46.76953 111.309004 124.128075 96.986957 74.829356 90.514617 90.258981 93.559149 109.209958 64.621557 61.691302 61.73103
-9999 -9999 -9999 -9999 -9999 -9999 -9999 -9999 -9999 -9999 -9999 -9999 -9999 -9999 -9999 -9999 -9999 -9999 -9999 -9999 155.930843 155.897745 133.673525 126.263565 128.109413 133.338394 173.210684 163.149671 176.648408 94.195305 96.436373 120.512909 86.592896 123.65412 107.483255 107.515545 107.750948 107.547886 110.740192 123.002639 122.981655 113.895763 123.674828 100.123583 128.009253 219.350413 97.750467 97.668634 53.895358 52.501027 72.640332 123.901923 190.564676 224.084237 188.032035 94.031485 38.368646 18.21758 18.21758 131.819331 115.154301 107.743697 99.925574 153.055904 149.366745 100.534052 113.947349 74.547842 77.510119 81.83817
-9999 -9999 -9999 -9999 -9999 -9999 -9999 -9999 -9999 -9999 -9999 -9999 -9999 -9999 -9999 -9999 -9999 -9999 -9999 -9999 -9999 170.615874 84.300454 130.919661 110.010099 134.600713 153.158396 159.61859 170.500383 94.195305 162.912829 117.465394 136.859576 135.946462 107.483255 90.240313 86.388171 119.785068 106.874861 113.680836 107.027878 97.031031 97.951388 99.817864 110.201485 179.873985 108.069332 98.038825 66.943015 53.88623 71.423448 277.78561 222.086587 183.251832 127.749574 89.829687 49.235871 19.760648 18.21758 25.461111 25.461111 347.06114 97.116735 144.675817 193.741763 100.505117 107.117504 160.572183 107.162086 81.636097
-9999 -9999 -9999 -9999 -9999 -9999 -9999 -9999 -9999 -9999 -9999 -9999 -9999 -9999 -9999 -9999 -9999 -9999 -9999 -9999 -9999 16.558522 16.558522 418.078941 374.516553 123.008005 91.91305 96.835303 116.20246 156.447081 162.912829 117.465394 150.268064 142.421233 130.378599 107.498111 86.388171 119.625395 119.45111 104.72129 96.487143 90.43054 103.513774 127.362859 142.643994 160.117595 112.08038 82.518823 62.048561 44.139535 45.00594 296.646133 247.634924 211.564353 165.859001 165.859001 74.195756 40.085786 28.752909 24.556616 25.461111 231.248004 217.212937 203.560182 150.814242 103.222946 107.174039 147.324993 169.338311 111.770516
-9999 -9999 -9999 -9999 -9999 -9999 -9999 -9999 -9999 -9999 -9999 -9999 -9999 -9999 -9999 -9999 -9999 -9999 -9999 -9999 -9999 533.873278 1051.188035 901.337478 782.897617 301.756589 87.46102 96.920251 107.576282 106.454425 136.368639 190.372492 190.372492 142.421233 130.089812 93.576321 177.238585 139.830124 119.486515 107.530429 86.634172 89.25205 103.067526 123.227383 120.112434 100.370119 96.899483 79.138631 72.1013 47.561697 40.637839 308.345882 254.629167 160.529138 133.71694 165.859001 74.195756 45.086014 99.327401 35.1248 28.443988 38.193931 103.508727 177.286239 153.885518 153.542692 133.9411 137.580061 169.462707 123.285732
-9999 -9999 -9999 -9999 -9999 -9999 -9999 -9999 -9999 -9999 -9999 -9999 -9999 -9999 -9999 -9999 -9999 -9999 -9999 -9999 -9999 1365.707539 1438.81354 414.061422 833.885974 302.147217 126.684297 107.240245 117.636057 108.206603 110.695151 129.470784 223.988211 176.483646 129.883494 90.240146 180.670755 120.525565 86.250856 96.840787 87.501292 86.584715 87.04384 93.670115 91.085776 94.109165 169.967818 283.856546 356.072645 240.211699 221.493158 313.413024 269.35903 166.716343 140.152607 118.292903 154.206118 175.687885 91.238877 40.833219 22.408892 22.408892 93.723909 173.410753 166.711236 153.68627 142.916814 146.439423 153.381651 120.28555
-9999 -9999 -9999 -9999 -9999 -9999 -9999 -9999 -9999 -9999 -9999 -9999 -9999 -9999 -9999 -9999 -9999 -9999 -9999 30 199.301395 391.412275 395.017112 406.2423 425.593949 315.017112 206.152276 97.822446 110.231681 110.085237 110.560589 107.199295 210.752394 187.228742 153.308059 137.136816 130.694188 100.901188 85.630008 107.227702 79.75736 79.533558 86.542527 94.024168 107.229517 107.873907 112.975384 98.626512 75.172545 56.816037 40.126854 52.501027 325.434634 242.218206 203.315153 170.815439 209.144422 209.144422 209.144422 48.418891 22.408892 22.408892 118.537176 96.971685 89.706348 153.36225 143.598993 117.186581 133.618004 143.238963
-9999 -9999 -9999 -9999 -9999 -9999 -9999 -9999 -9999 -9999 -9999 -9999 -9999 -9999 -9999 -9999 -9999 -9999 30 173.377369 255.064847 295.839977 395.017112 406.2423 446.093763 422.700598 272.096737 84.090286 89.901834 86.927443 106.581291 111.634862 133.41529 114.661137 227.504973 183.750168 136.921749 136.351841 114.110572 93.72073 79.865691 78.67934 78.702988 89.941438 96.916542 107.75563 109.030028 94.386145 107.7847 248.387609 35.168606 36.505446 319.575633 242.9295 219.799225 216.646133 216.646133 216.646133 186.369128 47.33379 24.388775 22.318047 49.79211 117.16361 90.819541 79.739895 77.263694 96.613562 106.05528 97.924623
-9999 -9999 -9999 -9999 -9999 -9999 -9999 -9999 -9999 -9999 -9999 -9999 -9999 -9999 -9999 -9999 -9999 -9999 -9999 173.377369 173.377369 315.017112 311.827515 372.092174 232.468834 330.241544 415.012548 85.750899 97.583449 97.084959 111.065085 129.851002 113.712336 119.722495 207.369935 170.203179 162.902739 152.669975 130.493743 120.818812 86.026241 78.504895 72.88374 89.028688 94.407345 104.452733 77.56133 52.501027 45.528633 28.211271 42.377823 325.972954 281.877367 236.946754 205.467228 187.576146 159.676539 106.285124 85.188795 55.904175 31.603148 17.937583 17.937583 252.666 100.084996 87.332733 77.263694 101.009044 103.019868 93.784676
-9999 -9999 -9999 -9999 -9999 -9999 -9999 -9999 -9999 -9999 -9999 -9999 -9999 -9999 -9999 -9999 -9999 -9999 -9999 -9999 -9999 158.704321 158.704321 158.704321 158.704321 158.704321 158.704321 174.830859 107.55711 117.073322 110.182421 131.134184 137.307865 136.149515 176.195597 159.568793 126.786675 183.249431 173.786803 136.14662 93.593269 123.469986 110.62134 103.071434 100.162662 97.775637 53.907792 52.501027 39.52909 26.544832 42.377823 326.879262 279.192485 247.495294 206.930347 167.576629 123.781765 97.310023 77.438636 52.275195 31.624458 17.937583 17.937583 317.96937 281.787156 197.768872 169.961531 123.546783 106.071303 96.92155
-9999 -9999 -9999 -9999 -9999 -9999 -9999 -9999 -9999 -9999 -9999 -9999 -9999 -9999 -9999 -9999 30 30 -9999 -9999 -9999 158.704321 158.704321 158.704321 198.758721 156.921263 121.161443 121.361845 137.424541 143.395373 122.836604 131.153107 146.796228 148.508087 159.675059 146.512431 100.329507 166.54301 126.754163 146.116024 152.936345 133.59337 112.965343 96.889592 83.544582 87.630393 53.886817 52.501027 32.297083 24.433037 28.705375 287.67833 247.476981 206.930651 167.597327 126.897836 93.245586 77.345705 50.09867 34.406227 16.009022 20.236824 29.153091 301.299363 297.504481 176.246921 100.928241 103.623177 100.68404 100.319918
-9999 -9999 -9999 -9999 -9999 -9999 -9999 -9999 -9999 30 30 -9999 -9999 -9999 30 -9999 169.748973 -9999 -9999 -9999 -9999 30 180.459606 187.009522 187.525233 187.777515 197.063322 153.562272 107.748693 142.984988 133.322109 129.491341 152.284631 149.373172 156.412625 127.369589 107.757257 101.341174 86.705182 149.797438 147.424772 106.433503 115.443478 98.286899 86.748304 76.957154 52.501027 49.568327 38.502396 24.433037 57.582185 234.7029 240.504016 206.930396 167.582381 126.906335 93.402486 77.345705 47.11245 29.044665 16.009022 15.67726 29.153091 253.493965 254.448118 206.911799 133.570546 106.029922 153.551368 117.521792
-9999 -9999 -9999 -9999 -9999 -9999 -9999 -9999 -9999 131.223541 30 30 293.078514 356.806322 -9999 560.616146 -9999 191.269733 330.951596 273.864617 300.744661 381.542597 180.436094 185.96832 190.873238 190.42833 190.814302 227.465573 121.045228 133.309753 127.523641 120.607713 149.080949 142.85147 143.030192 126.215392 107.946243 115.268331 107.22272 119.788944 109.735796 87.477616 108.624196 121.056164 101.754134 76.962437 55.266682 36.388225 20.724536 17.063848 116.495138 87.557985 243.599336 207.149626 187.086619 137.01722 107.667869 77.684904 49.147624 38.544832 22.540843 22.540843 107.779171 281.213359 233.673585 174.590945 170.504833 174.383051 157.474828 146.486544
-9999 -9999 -9999 -9999 -9999 -9999 -9999 -9999 -9999 146.499997 146.873759 219.760259 267.000659 347.544445 367.201029 336.773971 346.794478 377.370545 369.797682 277.386624 213.394373 397.816367 196.944546 207.150964 197.083126 194.45471 187.188265 187.563658 97.320911 130.419425 139.044056 123.434455 130.545416 133.68494 110.850909 116.957769 117.926114 137.363786 113.231865 127.416325 93.720754 87.634979 91.629242 126.593664 103.997814 76.701665 56.826432 38.7659 24.421775 15.980122 65.399371 104.609055 186.638354 198.191723 187.107768 117.926948 97.631288 77.684906 51.708178 38.544832 22.540931 8.751084 28.725608 337.063616 200.024431 171.280235 170.587486 170.289951 169.566166 170.054155
-9999 -9999 -9999 -9999 -9999 -9999 -9999 -9999 -9999 146.853971 146.853971 320.321978 361.025876 330.205811 317.02919 336.714861 350.411309 347.166096 623.133615 671.689548 224.410119 397.369747 186.959991 186.857232 186.932922 193.994067 207.516329 199.577285 110.077419 114.204902 135.478039 117.169239 132.904775 133.401408 117.295314 103.943486 130.951335 102.948843 116.596701 122.963154 100.396313 86.751256 120.131108 135.338474 110.482689 86.658487 72.525667 37.086927 20.98881 10.767472 24.100805 36.906605 61.808049 164.347672 187.107768 126.94115 97.888818 77.789055 56.93776 34.816604 19.862459 8.751084 8.751084 171.01553 106.057843 121.374064 163.854853 157.798073 169.683681 170.250562
