STOTEN_Data/raw/Age_yrs_700ft.asc
ncols         250
nrows         718
xllcorner     -2256000
yllcorner     1557000
cellsize      1000
NODATA_value  -9999
[rows 310 to 340 of 718, columns 69 to 137 of 250]
415.849401 373.321516 430.667711 709.685828 1275.068306 2217.846141 3358.620629 3810.047008 2981.217805 5250 5250 5250 4623.942506 4803.460709 3765.286447 2849.670467 2371.255599 1536.600085 1266.429798 1140.140878 980.160949 910.516936 802.265713 742.314172 598.664125 473.923398 450.907274 429.889347 394.782814 394.411418 367.377921 317.780865 294.241812 287.343068 287.209999 287.12285 282.200111 277.382585 281.366925 310.334964 327.896696 330.887777 327.944495 339.821694 330.79195 322.873496 322.869073 299.783187 284.02738 520.185855 318.705891 30 30 30 30 30 30 30 30 -9999 -9999 -9999 -9999 -9999 -9999 -9999 -9999 -9999 -9999
187.405963 258.092995 428.842399 536.227399 845.431577 1513.023089 2647.186358 3604.872396 5250 5250 5250 5250 4878.019681 4669.768323 3240.427203 1751.706364 1542.078696 1370.243517 1212.105813 1042.889104 946.094579 911.65535 840.407438 803.878105 590.76102 463.60204 426.925232 392.496162 353.304973 326.823712 306.541793 284.288095 273.903573 270.507676 284.007823 289.18681 283.687439 267.219238 269.95166 303.840224 326.871418 331.112259 327.398514 340.018753 330.878515 323.292674 337.34449 316.541136 279.593182 270.417213 187.27543 35.874059 35.874059 30 30 30 30 30 -9999 -9999 -9999 -9999 -9999 -9999 -9999 -9999 -9999 -9999 -9999
180.291258 241.164117 307.341202 406.368657 707.598669 1010.333159 1811.312388 3418.589639 4610.047303 5250 5250 5250 5250 3735.3879 2012.190061 1711.025192 1611.732295 1368.30508 1267.742705 1111.053089 917.07136 840.490638 805.45814 769.833655 562.985545 454.205 402.935141 347.513214 334.80172 302.986566 269.489944 277.059502 274.554946 271.010492 277.919371 286.488146 284.337399 271.331383 266.672333 272.993776 326.552471 321.293856 323.679009 330.50852 336.109013 323.169182 297.089598 300.752939 242.854249 240.01891 185.475558 35.874059 30 30 30 30 30 30 30 30 -9999 -9999 -9999 -9999 -9999 -9999 -9999 -9999 -9999
133.833818 198.260951 286.614043 372.466894 486.000675 811.416184 1438.108352 2615.267527 5250 5250 5250 5250 4972.750186 2629.509357 2136.644066 1614.951709 1501.168357 1364.843149 1140.970153 979.865642 873.572511 838.322412 803.701782 804.241181 718.468851 487.762505 434.644922 396.683908 340.470355 284.21353 229.159279 259.147498 263.788223 264.086683 267.346764 281.137722 290.326415 274.221515 257.735091 266.142645 320.415274 320.763789 327.232596 350.428486 360.518096 322.449142 300.396394 304.655903 286.700107 177.165264 288.880095 306.24841 30 30 30 -9999 -9999 -9999 -9999 -9999 -9999 -9999 -9999 -9999 -9999 -9999 -9999 -9999 -9999
133.478134 183.533017 243.673313 341.764629 463.188793 791.578297 1068.198502 1612.828742 3192.351069 5250 5250 5250 3867.983114 2661.162049 1869.280914 1542.717568 1442.138693 1365.08559 1265.661234 1109.39597 977.364973 907.646842 836.406978 715.568738 569.787702 447.979358 403.339729 359.521739 324.166506 279.625213 226.263151 219.910323 227.855205 259.701179 254.955927 313.409898 307.204556 278.228967 263.851572 270.500206 300.237962 326.941506 331.045681 336.736626 364.688681 358.04213 354.620834 267.309816 269.930186 168.655883 225.145352 157.11301 157.089148 30 -9999 -9999 -9999 -9999 -9999 -9999 -9999 -9999 -9999 -9999 -9999 -9999 -9999 -9999 -9999
153.997735 199.598198 256.813926 330.373312 434.439462 701.60654 962.615951 1298.247895 2075.476418 5250 5250 5250 2943.011233 2351.204272 1742.397399 1670.952951 1542.077601 1463.155056 1267.89163 1115.749584 982.923359 902.034882 836.655122 619.730545 467.526952 428.520849 392.073976 351.632583 323.939068 276.934536 223.559086 205.534479 221.131366 255.654153 253.434746 303.657188 290.267937 278.096993 269.346215 269.656698 283.696458 322.580184 311.271097 317.306328 350.523751 357.183629 360.70922 293.995694 263.910053 167.95892 167.045323 157.089148 51.915127 30 -9999 -9999 -9999 -9999 -9999 -9999 -9999 -9999 -9999 -9999 -9999 -9999 -9999 -9999 -9999
281.370325 246.536886 297.020106 359.360803 437.780878 693.07982 858.810336 1104.283166 1530.637294 2612.931121 5250 5250 2983.01506 2369.679494 1932.970886 1638.123331 1509.296306 1433.510511 1272.471043 1113.378728 979.528169 843.284207 720.276859 601.286503 450.041139 423.662727 386.501817 357.026152 330.373939 283.356897 230.406912 205.791629 233.742585 280.295941 294.531165 297.92101 294.000398 283.22447 276.880196 273.649259 276.230761 297.41054 301.329936 317.030937 423.550693 428.617785 439.700404 341.496178 266.689367 368.347052 257.956028 51.915127 51.915127 30 -9999 -9999 -9999 -9999 -9999 -9999 -9999 -9999 -9999 -9999 -9999 -9999 -9999 -9999 -9999
337.72687 400.440677 456.947296 576.974203 660.502785 790.003062 901.453212 1094.091918 1339.14782 1902.611281 4869.230893 5250 3204.49161 2308.004848 1895.327862 1621.33401 1542.271717 1432.559258 1365.074582 1237.763154 1073.779199 942.737633 843.765764 596.595557 476.564253 437.938498 422.564926 373.18298 361.029106 353.624647 314.518601 266.963631 230.572108 254.345962 294.209613 288.420182 288.09195 274.323991 277.036194 278.359712 272.630029 306.980771 313.717057 324.78647 366.976294 430.251161 412.522297 331.321181 253.030568 337.224155 265.884719 51.915127 -9999 -9999 -9999 -9999 -9999 -9999 -9999 -9999 -9999 -9999 -9999 -9999 -9999 -9999 -9999 -9999 -9999
343.720861 407.38556 532.822864 720.884352 970.100534 1085.188305 1268.162126 1404.198038 1716.862378 1949.179029 2408.56559 5250 3672.886365 2240.717769 1895.790754 1614.375464 1535.58228 1432.045385 1364.922537 1238.004831 1171.448871 1039.31255 913.931016 501.515809 718.34316 696.002183 655.032395 557.981172 464.420828 437.069552 337.415105 290.689383 265.841263 223.915857 257.266504 271.157078 293.649671 281.100623 276.876018 290.976561 300.487893 309.974954 304.252098 327.500598 290.834112 259.025452 323.775023 370.528604 257.228772 52.501027 219.705984 219.705984 -9999 -9999 -9999 -9999 -9999 -9999 -9999 -9999 -9999 -9999 -9999 -9999 -9999 -9999 -9999 -9999 -9999
438.653136 586.865756 714.156589 876.08869 1074.18292 1270.987624 1468.707239 1840.924484 1081.761036 1387.77387 4076.3395 5250 3570.663347 2438.579303 1872.213625 1612.507878 1477.290329 1406.613285 1361.673825 1266.293308 1111.345422 983.429098 912.570513 750.089547 606.919149 463.636973 516.155223 416.835519 394.081888 386.278974 363.995489 330.608988 264.620405 238.030792 283.73293 307.771321 300.931757 287.942104 284.551799 290.7192 330.457863 340.955283 331.06221 336.143544 309.611743 273.319901 260.199474 277.505513 316.489608 52.501027 275.172008 -9999 -9999 -9999 -9999 -9999 -9999 -9999 -9999 -9999 -9999 -9999 -9999 -9999 -9999 -9999 -9999 -9999 -9999
752.076916 963.137448 1134.863493 1375.391753 1523.543699 1646.189855 1907.601986 4102.609746 5250 5250 5250 5250 3040.652406 2414.192046 1884.104381 1668.108438 1539.753415 1465.571283 1364.019759 1265.622527 1110.284641 1011.096038 909.212436 750.808348 715.318402 702.173564 667.656757 578.622275 542.643435 464.579151 450.841406 417.398552 403.935553 374.235979 337.166319 317.823386 323.046222 301.267605 327.098162 353.616211 354.409404 343.460962 220.784651 200.544764 193.501623 217.304132 180.495669 173.672869 240.318442 225.25422 275.679232 30 -9999 -9999 -9999 -9999 -9999 -9999 -9999 -9999 -9999 -9999 -9999 -9999 -9999 -9999 -9999 -9999 -9999
895.022702 1041.621914 1239.306848 2086.568182 5220.944559 5020.266223 5250 5250 5250 5250 3054.186778 5250 4105.629896 2827.029634 2206.829803 1867.105725 1613.601128 1513.228262 1406.247873 1336.758398 1263.948344 1112.268765 919.49482 878.427874 841.842784 778.445777 685.570791 576.828944 565.344942 467.648967 427.100079 391.046192 387.872844 384.406041 404.070032 426.781395 420.936849 377.972719 396.525058 546.120932 351.354169 310.090784 237.378539 187.72201 265.767765 217.431933 177.808363 169.9126 216.75612 771.992195 247.872222 -9999 -9999 -9999 -9999 -9999 -9999 -9999 -9999 -9999 -9999 -9999 -9999 -9999 -9999 -9999 -9999 -9999 -9999
5250 4101.381678 4900.553155 5061.385798 4877.255251 5250 5250 5250 2335.970187 1139.651482 1069.977967 4160.282139 4537.303225 3011.742994 2409.317742 2035.744523 1866.408381 1702.110328 1568.231916 1473.703527 1362.961057 1237.075218 1109.210529 982.608678 881.127553 840.050813 760.472761 676.558638 585.615972 552.739191 481.802828 441.721768 434.639979 450.612036 478.655443 407.436643 407.764981 413.009811 387.703174 353.558523 304.467715 290.480603 273.206671 279.2612 267.661576 230.964447 309.838054 231.184102 276.663097 458.826086 336.148543 30 30 30 -9999 -9999 -9999 -9999 -9999 -9999 -9999 -9999 -9999 -9999 -9999 -9999 -9999 -9999 -9999
4264.368534 4866.239086 4728.34969 4988.839285 4364.584417 5216.437467 5250 1264.44113 726.471816 583.399999 727.076436 1499.91037 5250 2836.89648 2448.84956 2055.795841 1870.005403 1702.935999 1606.314661 1531.481238 1435.74501 1274.232486 1135.715367 980.121554 868.624427 838.810221 718.687753 636.692815 567.298549 486.161831 465.891968 416.500864 401.008353 391.148876 407.458513 348.069617 343.598444 357.167758 330.287344 316.965474 305.34717 297.2449 273.809918 270.811252 283.938573 300.632319 313.680706 265.9834 363.297272 414.778093 306.97106 186.714607 -9999 -9999 -9999 -9999 -9999 -9999 -9999 -9999 -9999 -9999 -9999 -9999 -9999 -9999 -9999 -9999 -9999
4543.029929 5250 3996.312033 4340.643163 5220.188238 5250 1097.584366 615.046651 455.033467 449.221334 538.827296 1198.989314 5250 3235.006182 2485.9571 1909.444345 1726.610907 1774.520137 1566.452077 1459.694125 1350.288118 1223.069891 1067.303234 867.962047 772.315278 707.74068 645.829035 585.082869 494.493339 473.197865 433.795647 422.851261 416.594661 344.588073 410.636963 421.534635 393.134959 356.393885 314.994114 295.030398 284.778161 277.423715 269.014488 270.628066 279.930549 300.711563 323.445192 327.661545 333.884549 374.302539 166.794685 176.325129 -9999 -9999 -9999 -9999 -9999 -9999 -9999 -9999 -9999 -9999 -9999 -9999 -9999 -9999 -9999 -9999 -9999
3698.474673 3640.22041 4823.184862 5005.664673 5250 1651.413703 584.878945 326.302548 302.276618 319.293115 538.827287 1035.07029 5250 4105.341584 2830.699666 2467.974045 1842.755561 1603.531318 1533.656083 1426.110027 1238.093579 1112.075708 1037.020092 872.07349 801.706144 736.802466 675.605546 658.432239 614.228078 496.848166 407.501437 390.816382 447.002615 523.821666 436.820346 357.553966 327.936616 319.330603 310.427763 300.073099 288.028341 299.874907 290.701096 273.079578 263.397198 296.951516 317.907254 340.643086 284.189805 272.467466 246.069472 176.325129 -9999 -9999 -9999 -9999 -9999 -9999 -9999 -9999 -9999 -9999 -9999 -9999 -9999 -9999 -9999 -9999 -9999
3255.98169 4458.219247 4720.89916 5250 1953.889453 636.43202 480.363663 162.271767 142.921944 206.475297 538.827287 964.154283 5250 5250 3211.53161 2567.739238 2137.333951 1868.366561 1610.326285 1397.35365 1233.449642 1106.829414 975.707164 900.019592 832.206464 799.170374 697.925492 569.683804 537.22275 582.996989 585.194322 617.037866 497.994081 481.341305 421.060879 364.7101 330.568088 332.986859 354.026267 320.750342 308.452187 300.69893 296.677937 274.098791 280.788228 304.592023 313.375907 340.847518 309.986263 223.669519 188.978546 30 30 -9999 -9999 -9999 -9999 -9999 -9999 -9999 -9999 -9999 -9999 -9999 -9999 -9999 -9999 -9999 -9999
524.188912 1871.779758 5250 2605.018592 1261.236596 520.044425 247.569975 116.430085 116.594633 196.078028 538.843334 1184.759297 3267.360573 5250 4140.041068 2982.376641 2239.420224 1772.964634 1610.23021 1471.239998 1334.908691 1236.105656 1141.273449 984.588336 912.345753 845.802599 870.258957 799.284617 738.793792 704.229615 651.411485 596.027237 590.560076 488.07356 511.804179 436.870736 400.483216 380.96197 363.186177 324.502997 313.08881 297.76034 293.845491 280.962128 280.440837 294.678511 309.342333 277.295943 259.319595 193.442792 150.091068 30 4.62423 -9999 -9999 -9999 -9999 -9999 -9999 -9999 -9999 -9999 -9999 -9999 -9999 -9999 -9999 -9999 -9999
515.221624 2974.98805 2012.696292 1423.605911 644.857907 365.474561 205.467939 90.152385 119.488924 231.984598 569.79522 1463.072656 2945.059473 3544.797101 5250 3994.375042 3109.222354 2203.597288 1732.115286 1474.573567 1403.934379 1271.049343 1164.457798 1010.216757 970.932894 910.129862 840.73698 841.392174 807.713772 777.311088 774.034537 690.519371 768.753093 729.554576 543.354303 447.659279 403.778612 370.423233 344.759614 330.271568 315.002529 298.256819 294.434625 289.823278 284.669095 277.927151 297.377673 280.090522 221.245614 159.077968 39.748118 4.62423 4.62423 -9999 -9999 -9999 -9999 -9999 -9999 -9999 -9999 -9999 -9999 -9999 -9999 -9999 -9999 -9999 -9999
2453.511052 1762.581836 1697.845062 951.010491 461.957684 209.487983 179.340486 100.513246 126.369165 386.152493 583.6317 2910.7618 3822.683652 2641.473966 3745.202972 5250 5250 3127.129606 2572.114981 1708.141863 1538.468279 1406.009064 1267.067626 1172.252505 1068.170023 971.322425 973.151629 942.942075 906.304853 848.093306 837.646608 812.511946 669.48605 663.186591 512.421073 457.240805 414.284905 383.305566 350.995292 340.545851 343.88355 334.178572 313.642604 297.168165 284.940136 284.213025 251.044075 190.836008 169.988151 166.585432 47.832991 4.62423 30 -9999 -9999 -9999 -9999 -9999 -9999 -9999 -9999 -9999 -9999 -9999 -9999 -9999 -9999 -9999 -9999
1678.576026 1395.358266 1043.066788 837.71515 286.119617 153.08513 122.859547 123.045762 152.857109 422.202286 666.626617 3240.902568 3138.67406 1808.399834 2939.994932 3739.208113 5250 5250 2963.806937 2737.728461 2011.344879 1570.849868 1401.096775 1313.675774 1233.388469 1168.258793 1038.73993 915.606396 914.744136 804.483826 805.185023 911.818503 835.274186 662.747927 550.878459 467.937364 471.041294 441.478171 393.257387 379.978306 357.313081 340.946619 325.911715 320.762301 304.018248 283.851693 257.377212 210.629971 159.870084 110.262377 4.62423 4.62423 30 -9999 -9999 -9999 -9999 -9999 -9999 -9999 -9999 -9999 -9999 -9999 -9999 -9999 -9999 -9999 -9999
1030.35607 1275.893646 958.495446 649.020437 190.281796 169.204281 122.540358 126.403356 245.906427 505.702596 928.862326 1686.943176 1727.935356 1533.418805 2676.448094 3001.844089 4356.688958 5250 5250 2904.266993 2640.133849 2174.295136 1869.419006 1539.032123 1497.006785 1405.424021 1336.903105 1296.886434 1231.75794 1168.854424 1169.693486 1015.714832 911.023369 830.227477 767.281845 547.517673 471.533611 443.853805 420.142644 397.729938 361.609729 360.628667 347.978069 325.581581 305.161295 280.958583 273.549206 250.071426 177.159876 130.134611 67.963495 77.481177 30 -9999 -9999 -9999 -9999 -9999 -9999 -9999 -9999 -9999 -9999 -9999 -9999 -9999 -9999 -9999 -9999
1117.424698 1102.907823 797.455011 551.319934 120.993769 106.695932 107.059197 133.19755 233.161026 543.417592 1339.224761 1718.993233 1057.06881 1265.278737 1706.53669 1806.006619 3041.115689 5250 5250 5250 2792.53627 2270.570714 2135.181852 1872.248348 1695.18082 1535.664074 1399.602046 1330.737753 1292.588279 1292.513633 1209.459764 1142.313139 1015.433786 912.871502 834.275873 801.381339 648.215993 547.737683 467.194681 441.851352 397.238708 396.244008 356.622115 318.047539 303.524274 284.814013 274.276376 167.255425 133.729316 106.943523 140.095468 206.033033 -9999 -9999 -9999 -9999 -9999 -9999 -9999 -9999 -9999 -9999 -9999 -9999 -9999 -9999 -9999 -9999 -9999
961.005033 900.373149 524.286751 450.300486 92.649961 89.454884 92.511047 139.45715 226.937866 527.345729 1936.290476 1170.284397 891.521394 1040.235284 1336.921996 1503.547634 1710.650216 2181.141916 4681.140136 5250 5250 3062.39454 2326.574012 1930.133288 1775.15399 1671.18911 1595.356923 1500.026555 1402.365395 1339.670509 1270.86901 1208.101468 1117.258534 1005.436509 876.190458 810.105074 773.269203 680.555957 574.392546 481.468222 453.433683 400.687543 359.799927 337.542812 337.378246 313.720258 274.188818 180.94582 140.149959 163.777262 163.711923 -9999 -9999 -9999 -9999 -9999 -9999 -9999 -9999 -9999 -9999 -9999 -9999 -9999 -9999 -9999 -9999 -9999 -9999
796.994305 745.212853 385.079028 328.789563 136.653656 63.920403 70.445095 115.865735 273.171661 664.227679 1023.208706 1601.214455 813.496387 882.147839 1212.079697 1370.035256 1401.22115 1609.928148 1804.365987 4609.726219 5250 5087.529388 5176.81852 2467.203995 1897.004157 1561.105674 1592.404184 1521.687154 1398.106267 1338.232296 1268.937633 1174.667805 1083.359285 1013.641108 940.865632 867.941499 829.376341 765.840902 678.753835 541.74266 461.289484 443.844266 420.179895 380.028235 347.876838 318.40994 298.219309 280.649457 184.276991 167.176473 189.862486 465.541929 -9999 -9999 -9999 -9999 -9999 -9999 -9999 -9999 -9999 -9999 -9999 -9999 -9999 -9999 -9999 -9999 -9999
771.925252 748.925418 352.730534 314.487831 209.896469 50.87649 45.465906 96.454697 237.143851 987.583571 976.526465 2736.814161 771.702053 805.986829 1061.853103 1201.340899 1108.660148 1203.998565 1276.622902 2669.462373 4444.308767 4736.793561 4910.572474 5250 3102.208307 2128.394781 1768.865942 1594.064959 1420.396232 1391.923347 1171.400214 1109.016149 1004.754351 971.997236 976.475338 901.750005 806.11977 774.730921 766.665604 758.945598 546.787952 458.077153 454.256659 443.391624 424.319364 380.026974 324.481316 290.631858 197.654166 193.517411 465.764427 417.919233 -9999 -9999 -9999 -9999 -9999 -9999 -9999 -9999 -9999 -9999 -9999 -9999 -9999 -9999 -9999 -9999 -9999
991.895846 786.371137 385.776811 437.248804 295.337859 44.937464 45.637028 189.953851 219.344266 1472.0026 829.75146 2938.815661 771.476521 734.853583 946.556865 1035.593637 937.355006 949.047481 1168.321028 1071.083484 2035.182996 3852.208531 4269.820049 4474.907702 4301.479316 5250 3083.550116 2072.662678 1738.614232 1574.529527 1447.416026 1367.787044 1393.828408 1181.104148 1157.916865 1104.900432 980.677375 969.527591 962.106336 868.762821 803.510375 740.289283 676.771496 504.229198 444.885325 417.983601 360.554764 280.260628 186.664818 180.766416 6.10275 6.10275 5.70705 5.70705 30 -9999 -9999 -9999 -9999 -9999 -9999 -9999 -9999 -9999 -9999 -9999 -9999 -9999 -9999
1044.510199 1192.992088 592.266828 519.981016 297.260068 312.807735 257.159146 244.718121 476.696637 1469.046777 731.653318 2433.73685 667.099162 655.147279 809.101807 897.558956 830.255029 859.241219 830.968833 999.641931 1780.782377 1943.940498 3037.445449 3651.074048 4194.89757 3804.828357 4098.057131 5250 3913.52136 2989.312415 1932.18147 1603.458875 1438.653255 1404.662159 1353.081122 1362.961585 1262.369829 1114.106473 980.603718 967.438242 867.858894 805.052054 770.046519 762.754022 481.754069 434.457733 343.590897 304.406385 186.856148 149.203742 95.270427 6.10275 30 30 30 -9999 -9999 -9999 -9999 -9999 -9999 -9999 -9999 -9999 -9999 -9999 -9999 -9999 -9999
910.957102 1166.945963 758.503402 653.759935 312.662215 316.077776 446.571584 673.216478 1411.485049 2463.424055 843.287111 1936.220342 688.2322 657.436432 744.886544 895.538105 690.942261 636.925736 761.927067 898.745458 871.889439 1112.110831 1806.845699 2840.943779 3231.646395 3594.94909 3797.654602 3103.892599 3499.36701 4268.160441 5078.187771 3876.184416 2941.479242 2794.387311 1721.160656 1532.987411 1348.839104 1304.3552 1009.673739 941.098232 833.038511 775.565215 761.280704 666.753905 554.300803 474.238695 407.593728 308.325672 220.844014 176.402013 83.360005 5.664613 5.664613 30 -9999 -9999 -9999 -9999 -9999 -9999 -9999 -9999 -9999 -9999 -9999 -9999 -9999 -9999 -9999
702.384799 1473.877206 1380.702258 855.157324 500.662781 699.576151 1010.589335 995.130554 1768.059177 2967.791516 1374.763725 2200.402792 801.938651 639.128892 696.075323 860.571781 578.9896 632.10553 685.915864 757.236441 762.894796 935.617885 956.773955 1607.543046 3102.21653 2673.953195 3170.683852 3489.349779 3165.692239 2797.245066 2908.666869 3273.511312 5137.072307 3430.527036 2894.547731 2454.225037 1994.260543 1699.881581 1425.051335 1347.010187 1066.348625 769.830292 762.152077 706.164142 613.630277 552.092629 440.652091 356.376788 299.298084 131.467944 86.691057 8.704997 50.587269 -9999 -9999 -9999 -9999 -9999 -9999 -9999 -9999 -9999 -9999 -9999 -9999 -9999 -9999 -9999 -9999
1761.177286 1761.378394 1105.58145 500.835044 1972.483945 1416.705032 1659.031893 1330.721439 1789.769168 3138.009365 1479.927402 882.246537 1326.846528 575.785744 636.768524 704.107248 667.457448 662.667463 615.383489 610.62407 696.599086 844.760596 828.021003 1029.730372 1609.774333 2642.763409 2609.805129 2779.649847 3048.185796 3008.067136 2593.867285 2403.32159 2894.909209 3805.56288 4139.813317 3089.942157 3327.287695 2869.105737 2641.830226 2503.657693 1358.52867 1169.859758 963.304697 858.552578 751.05203 523.439099 491.373521 399.138899 311.1698 229.639985 244.321558 400.670647 295.996158 30 -9999 -9999 -9999 -9999 -9999 -9999 -9999 -9999 -9999 -9999 -9999 -9999 -9999 -9999 -9999
