STOTEN_Data/raw/Age_yrs_50ft.asc
ncols         250
nrows         718
xllcorner     -2256000
yllcorner     1557000
cellsize      1000
NODATA_value  -9999
[rows 310 to 340 of 718, columns 71 to 141 of 250]
11.064481 11.436697 11.436697 10.737415 10.765377 10.45452 10.155199 10.155199 10.135694 10.094263 10.11231 8.263401 8.25379 8.247086 10.090798 10.098586 11.017623 10.401014 10.433621 10.684136 10.679894 10.455813 10.698306 10.694445 9.319301 9.319301 10.380685 11.090676 10.126844 15.704161 15.704161 11.275132 11.589718 11.646995 15.060733 15.060733 14.683856 14.625135 10.366564 13.046508 13.394223 13.073108 13.073108 13.370211 13.111156 13.380429 12.440827 12.44043 13.437551 30 30 30 30 30 30 30 30 -9999 -9999 -9999 -9999 -9999 -9999 -9999 -9999 -9999 -9999 -9999 -9999 -9999 -9999
11.064481 9.445848 8.976632 8.779265 9.217847 10.45452 10.155199 11.069961 8.321133 9.935861 10.129789 8.263401 8.263401 10.117413 10.116073 10.11027 11.017623 10.754061 10.120896 10.442787 10.666419 10.689112 10.688696 10.694445 10.452138 10.415685 8.738289 8.738289 10.126844 12.375307 15.320809 15.662959 15.662959 13.305387 13.273789 15.060733 14.312765 14.312765 14.314666 14.314666 13.394223 13.073108 13.09183 13.118074 13.118074 13.380429 12.440827 12.440827 12.413858 12.41365 12.410583 30 30 30 30 30 -9999 -9999 -9999 -9999 -9999 -9999 -9999 -9999 -9999 -9999 -9999 -9999 -9999 -9999 -9999
11.317888 11.031213 8.976632 9.414555 10.761466 8.684977 11.073569 11.073569 8.321133 8.382692 10.152691 10.109185 10.109185 10.117413 10.117423 10.120841 9.285539 9.285539 10.120896 10.359581 10.666419 10.675287 10.679399 10.693182 10.693182 10.415685 9.312136 10.421501 10.038106 10.038106 15.320809 15.390028 15.403442 15.368805 15.368805 15.106071 14.645276 14.312765 13.748135 13.748135 9.493676 9.493676 13.09183 13.118074 13.056256 12.372963 12.374062 12.144904 12.413858 12.413858 30 30 30 30 30 30 30 30 -9999 -9999 -9999 -9999 -9999 -9999 -9999 -9999 -9999 -9999 -9999 -9999 -9999
11.890851 12.256589 10.804103 10.774245 10.761466 8.684977 12.595919 11.396465 8.384112 8.384112 10.152691 10.147499 8.264288 11.133191 11.133191 10.120841 9.745739 10.407404 10.704402 10.704402 10.426951 10.432819 10.679399 15.415031 15.415031 14.096116 14.096116 10.421501 10.038106 10.051945 13.99145 13.99145 15.403188 15.368054 15.368805 15.046549 15.046549 14.657486 14.016494 13.748135 9.493676 11.688552 11.970731 11.963839 13.056256 12.372963 12.372963 13.039249 12.742029 12.730427 30 30 30 -9999 -9999 -9999 -9999 -9999 -9999 -9999 -9999 -9999 -9999 -9999 -9999 -9999 -9999 -9999 -9999 -9999 -9999
10.352034 12.256589 10.797054 10.80033 14.146114 12.595919 12.595919 11.396465 11.3846 12.061183 10.117362 10.117362 8.264288 8.286201 10.133645 10.092286 10.092286 10.407404 10.438926 10.703898 9.299712 9.299712 8.71927 8.969183 15.415031 14.079564 14.099508 10.592423 10.592423 10.051945 13.99145 10.37048 13.724171 13.724171 13.980359 15.046549 15.046549 15.059321 15.059321 13.400532 11.688552 11.688552 11.970731 13.343723 13.748973 13.321572 13.012636 13.039249 13.039249 12.348463 12.348463 30 -9999 -9999 -9999 -9999 -9999 -9999 -9999 -9999 -9999 -9999 -9999 -9999 -9999 -9999 -9999 -9999 -9999 -9999 -9999
9.293941 9.268529 10.463101 10.80033 14.145525 9.400538 12.555085 11.43548 11.43548 12.061183 11.437602 10.385728 10.828337 10.828337 10.133645 10.125617 11.709041 10.423831 10.423831 10.450565 10.088122 9.299712 10.749933 10.749933 10.91045 10.973424 14.099508 10.592423 15.400552 15.393499 14.077583 10.37048 13.724171 13.724171 15.657056 15.657056 15.340646 15.059321 15.059321 13.400532 14.751776 13.642172 13.343723 13.343723 13.748973 13.403437 12.385519 12.428842 12.428842 12.348463 12.348463 30 -9999 -9999 -9999 -9999 -9999 -9999 -9999 -9999 -9999 -9999 -9999 -9999 -9999 -9999 -9999 -9999 -9999 -9999 -9999
9.293941 9.030318 9.246888 11.907894 9.400538 9.400538 12.555085 12.542251 12.564445 11.383303 11.383303 10.385728 10.48391 10.126082 11.427802 11.427272 11.709041 10.795111 9.469151 9.382288 9.382288 9.362094 9.759913 10.749933 13.999805 13.999805 16.106349 16.097423 15.400552 15.393499 14.087403 15.456726 13.799913 13.388131 15.657056 15.657056 14.417874 14.417874 14.748936 14.751776 14.751776 13.642172 14.392631 14.674444 13.403437 13.403437 12.385519 12.383784 13.677318 11.749926 11.749926 30 -9999 -9999 -9999 -9999 -9999 -9999 -9999 -9999 -9999 -9999 -9999 -9999 -9999 -9999 -9999 -9999 -9999 -9999 -9999
12.380714 9.372672 9.246888 10.295429 8.721787 12.59857 12.542251 12.542251 12.564445 11.438933 11.118173 11.734983 11.734983 10.126082 11.111398 11.742177 11.734063 11.366204 9.36957 9.378358 9.382288 13.942817 13.940764 13.708004 13.992628 13.999805 15.648339 13.985303 16.001935 14.307554 14.087403 15.456726 15.456726 10.458657 11.12216 11.66129 14.417874 14.417874 15.364648 15.779286 11.306864 14.392631 14.392631 14.674444 14.643314 14.597095 12.695979 12.695979 13.677318 13.677318 -9999 -9999 -9999 -9999 -9999 -9999 -9999 -9999 -9999 -9999 -9999 -9999 -9999 -9999 -9999 -9999 -9999 -9999 -9999 -9999 -9999
14.030881 16.040706 10.757215 8.721787 8.721787 12.59857 12.544768 12.593534 11.417536 11.417536 11.118173 11.487787 11.737019 10.130655 10.379928 11.742177 11.735338 14.310346 13.438646 13.422841 13.072392 13.679522 13.942817 9.409362 9.721058 16.074084 14.324747 13.985303 16.001935 13.663654 10.77854 14.373538 11.73224 10.458657 10.458657 15.74198 15.357638 15.018754 15.793126 15.793126 11.306864 11.6225 12.984515 14.643314 14.643314 14.597095 14.393182 15.043485 10.103358 10.103358 -9999 -9999 -9999 -9999 -9999 -9999 -9999 -9999 -9999 -9999 -9999 -9999 -9999 -9999 -9999 -9999 -9999 -9999 -9999 -9999 -9999
17.41999 16.723808 10.740218 11.046415 12.639695 12.328971 12.328971 12.593534 11.93088 11.603826 12.039078 12.039078 11.737019 10.13073 9.355486 16.031735 15.406102 14.310346 13.438646 11.652288 11.704448 11.056158 9.447582 9.411376 9.409362 12.701823 11.028889 8.922315 13.624064 13.94262 10.77854 11.680765 16.79508 16.136392 15.839612 15.74198 15.74198 16.298734 16.701211 11.713615 11.6225 11.6225 12.984515 13.386995 13.670806 13.326057 13.326057 15.043485 13.114719 -9999 -9999 -9999 -9999 -9999 -9999 -9999 -9999 -9999 -9999 -9999 -9999 -9999 -9999 -9999 -9999 -9999 -9999 -9999 -9999 -9999 -9999
13.344075 16.00377 10.740218 10.740218 12.639695 12.667751 12.685098 12.592437 12.592437 11.603826 16.445449 16.445449 15.414732 13.703599 9.355486 16.03223 13.966339 9.713412 9.382807 8.782695 11.704448 11.708269 9.447139 9.436572 9.410987 12.32689 12.085412 8.982221 10.976339 13.662711 15.376095 15.342867 16.79508 16.775263 14.620512 16.427352 16.445333 16.716041 16.716041 11.713615 14.665382 13.983377 13.393445 13.393445 13.670806 12.101386 12.012444 12.673425 12.673425 30 -9999 -9999 -9999 -9999 -9999 -9999 -9999 -9999 -9999 -9999 -9999 -9999 -9999 -9999 -9999 -9999 -9999 -9999 -9999 -9999 -9999
12.125217 9.275624 9.026378 9.405872 12.639257 12.639257 12.685098 13.366812 13.346166 13.308207 13.308207 16.445449 15.376139 14.668484 13.958642 14.256293 14.631369 9.713412 9.723276 9.440642 9.446606 9.45685 9.447139 9.447139 9.426287 10.277054 11.026971 9.692906 9.693097 13.662711 12.634212 16.018196 15.646644 15.356229 14.620512 14.692637 15.623874 15.736413 15.765117 16.460482 15.822482 13.983377 11.675412 11.669618 13.087918 13.087918 12.012444 12.425902 12.333427 -9999 -9999 -9999 -9999 -9999 -9999 -9999 -9999 -9999 -9999 -9999 -9999 -9999 -9999 -9999 -9999 -9999 -9999 -9999 -9999 -9999 -9999
11.436118 9.275624 9.275624 12.008895 14.308859 15.39174 14.641883 14.641883 13.346166 12.578929 12.578929 13.685801 13.691132 14.668484 13.691599 12.627537 12.598796 10.886424 9.722753 9.440642 9.440642 9.927181 9.739466 9.726447 9.426287 9.700994 11.121211 10.700967 9.710197 9.752376 10.350531 16.057899 11.407801 10.685837 16.434547 16.037079 15.330979 15.966283 13.767061 14.045037 14.045037 13.984118 13.984118 11.669618 12.632284 12.632284 12.089781 12.089781 12.333427 30 30 30 -9999 -9999 -9999 -9999 -9999 -9999 -9999 -9999 -9999 -9999 -9999 -9999 -9999 -9999 -9999 -9999 -9999 -9999 -9999
11.402919 11.407745 12.375087 12.008895 12.008895 16.026117 12.95032 12.95032 16.374436 16.374436 12.578929 13.023706 12.646364 12.625069 12.636815 12.627537 12.598796 9.964051 12.674845 10.867956 9.717985 9.927181 9.923103 9.462044 11.075754 12.129502 12.401186 11.724628 9.710197 9.982048 10.301415 16.431054 11.972614 10.04352 15.390433 12.620101 16.780925 16.780925 12.928937 12.928937 14.045037 14.352152 14.352152 13.768577 13.768577 12.632284 12.429419 13.314743 13.352502 13.352502 -9999 -9999 -9999 -9999 -9999 -9999 -9999 -9999 -9999 -9999 -9999 -9999 -9999 -9999 -9999 -9999 -9999 -9999 -9999 -9999 -9999
11.402919 11.402919 16.033197 16.358559 17.642284 17.420774 17.420774 12.966601 12.668379 12.668379 12.97662 12.970913 12.646364 12.633703 13.026641 12.99451 10.873555 9.964051 12.674845 12.271769 11.040499 10.131828 9.994966 9.462044 10.017884 12.065743 11.041153 11.052751 9.998261 9.994165 9.963731 15.340671 12.105339 17.30388 17.104941 12.620101 12.626115 16.106792 15.71582 15.71582 15.390802 15.390802 14.352152 14.31526 14.31526 15.090735 15.090735 13.314743 13.352502 12.507761 -9999 -9999 -9999 -9999 -9999 -9999 -9999 -9999 -9999 -9999 -9999 -9999 -9999 -9999 -9999 -9999 -9999 -9999 -9999 -9999 -9999
10.990594 11.390217 16.033197 16.058109 10.391291 17.426602 17.426085 12.698208 12.697187 12.668379 12.663553 12.663553 13.278442 13.242677 13.026641 12.99451 12.981393 11.425337 11.307992 11.090845 11.040499 10.760296 11.394341 9.994772 9.439736 11.94672 11.401109 11.069597 9.983829 10.237709 11.755782 11.735823 11.72882 15.476725 17.32278 16.484745 16.484745 16.106792 16.032427 15.71582 12.928016 12.928016 15.363286 15.363286 14.31526 15.090735 15.3424 13.325154 13.05313 12.507761 -9999 -9999 -9999 -9999 -9999 -9999 -9999 -9999 -9999 -9999 -9999 -9999 -9999 -9999 -9999 -9999 -9999 -9999 -9999 -9999 -9999
10.135945 11.937782 9.301624 9.301624 9.730699 11.997938 8.40465 12.679942 12.679942 12.702373 12.66186 12.663553 13.289186 13.375864 13.323407 13.296278 13.296278 11.425337 12.438071 13.33627 11.894395 11.894395 11.394341 10.769633 9.479421 9.949009 9.955679 9.993288 9.987855 9.986428 11.788225 12.40008 11.371212 11.371212 17.32278 17.00245 13.308142 17.346245 17.346245 16.784822 16.156415 12.928016 14.707618 14.707618 14.738812 15.010555 15.3424 13.325154 12.386582 30 30 -9999 -9999 -9999 -9999 -9999 -9999 -9999 -9999 -9999 -9999 -9999 -9999 -9999 -9999 -9999 -9999 -9999 -9999 -9999 -9999
13.421683 11.937782 10.034455 12.262162 5.44584 5.44584 4.052691 7.370833 12.679942 14.086622 14.086622 12.671105 13.375864 13.375864 13.325213 13.893378 10.353725 13.275445 13.275445 13.33627 12.947899 10.345217 11.367364 11.367364 9.483219 9.741689 9.954438 12.908764 12.662757 11.69266 12.0383 12.402417 11.374604 17.735139 17.377628 17.368614 13.308142 16.401491 17.346245 12.315145 12.315145 12.332045 12.00337 14.707618 14.626713 14.626713 10.730766 10.644208 12.386582 30 7.763191 -9999 -9999 -9999 -9999 -9999 -9999 -9999 -9999 -9999 -9999 -9999 -9999 -9999 -9999 -9999 -9999 -9999 -9999 -9999 -9999
12.597438 12.533464 12.533464 12.262193 5.44584 5.10477 6.717619 6.717619 13.646276 14.13834 14.086622 13.300519 13.691069 14.271139 13.893378 13.893378 10.353725 11.713919 12.105015 10.382756 10.382756 10.345217 10.396454 12.925858 12.320928 12.023658 10.00562 11.594165 12.908529 12.99976 15.763685 17.068777 16.712822 17.735139 17.377628 14.770767 17.099428 17.1014 17.111055 12.315145 12.315145 16.636056 16.636056 12.338908 14.308235 14.626713 10.730766 12.756273 16.390159 8.364372 7.763191 -9999 -9999 -9999 -9999 -9999 -9999 -9999 -9999 -9999 -9999 -9999 -9999 -9999 -9999 -9999 -9999 -9999 -9999 -9999 -9999
12.597438 12.584899 13.35103 11.512609 10.878578 3.020771 6.717619 6.717619 14.681292 14.681292 14.988044 13.691069 13.691069 14.59333 15.039635 9.369104 11.984369 11.984369 12.105015 11.293564 11.551001 9.298352 9.298352 12.925858 12.356017 12.366464 11.730025 12.076256 12.991187 13.281023 14.358101 16.737295 17.997224 14.370297 14.077577 14.770767 17.099428 13.332003 15.805447 15.810347 11.696306 16.636056 16.636056 15.399464 15.399464 14.771036 12.736987 12.736987 16.390159 8.902574 30 -9999 -9999 -9999 -9999 -9999 -9999 -9999 -9999 -9999 -9999 -9999 -9999 -9999 -9999 -9999 -9999 -9999 -9999 -9999 -9999
12.577448 12.577448 13.35103 10.550407 5.404338 4.068144 4.068144 13.666868 14.681292 14.681292 13.95641 13.951309 9.709418 15.039635 15.039635 9.369104 12.392962 9.39862 12.053183 12.053183 11.551001 10.760521 11.465006 12.926889 12.91648 11.436117 11.521613 11.730025 12.38959 12.37887 9.320435 9.320435 17.997224 14.370297 17.996415 13.994329 13.698311 13.371165 15.805447 15.805447 18.006888 17.769472 17.082095 15.399464 15.399464 14.771036 15.070051 10.668198 8.902574 8.902574 30 -9999 -9999 -9999 -9999 -9999 -9999 -9999 -9999 -9999 -9999 -9999 -9999 -9999 -9999 -9999 -9999 -9999 -9999 -9999 -9999
12.601535 12.621862 11.939336 6.630733 4.038065 4.068144 4.068144 14.005975 14.005975 15.019574 13.951309 13.951309 9.709418 14.013046 15.031197 12.386721 12.386721 9.39862 10.69416 13.32998 11.975214 11.975214 11.465006 12.38422 12.278666 11.953953 11.703503 11.778867 12.35229 12.37887 11.081474 12.443295 12.697033 14.761962 17.996415 13.994329 17.74733 15.644108 15.292149 12.74927 18.006888 18.006888 14.398686 14.366618 14.765857 15.070051 15.070051 10.668198 13.686375 14.466291 30 -9999 -9999 -9999 -9999 -9999 -9999 -9999 -9999 -9999 -9999 -9999 -9999 -9999 -9999 -9999 -9999 -9999 -9999 -9999 -9999
12.601728 12.623383 9.676167 5.01225 4.067153 5.336337 11.976057 14.005975 14.005975 12.644166 12.645567 15.322741 14.013046 14.013046 15.03431 14.349571 14.623748 12.42007 12.42007 13.32998 12.323351 12.686575 13.310307 13.310307 11.434281 12.063038 11.953953 12.106555 12.352013 12.383658 12.412589 12.443295 12.697033 15.474931 14.932174 14.670445 17.781239 15.644108 15.644108 12.005954 13.093827 14.272838 14.398686 14.398686 14.765857 16.748716 15.761224 13.389123 13.377219 14.466291 -9999 -9999 -9999 -9999 -9999 -9999 -9999 -9999 -9999 -9999 -9999 -9999 -9999 -9999 -9999 -9999 -9999 -9999 -9999 -9999 -9999
12.701827 12.613268 4.109048 4.109048 4.067153 4.067153 13.963189 15.703671 17.429496 12.644166 12.644166 15.334392 9.743529 9.743529 14.715776 14.715776 14.623748 10.826533 10.098742 9.436317 9.436317 12.686575 13.311325 9.408562 13.282803 13.302052 10.332559 12.039202 12.106555 10.441856 10.71874 12.402224 16.38874 15.474931 14.932174 14.613879 19.658408 18.430996 18.373793 12.005954 12.005954 11.771313 12.417783 16.641446 17.03877 17.03877 15.761224 14.054375 12.001131 -9999 -9999 -9999 -9999 -9999 -9999 -9999 -9999 -9999 -9999 -9999 -9999 -9999 -9999 -9999 -9999 -9999 -9999 -9999 -9999 -9999 -9999
12.073119 12.311694 11.311291 3.032325 6.35652 11.951057 13.963189 13.864112 17.464517 6.747666 6.747666 15.31041 15.31041 9.743529 15.378395 15.378395 13.320744 13.320744 10.098742 9.725319 13.957016 12.390494 12.390494 9.408562 13.282803 13.346194 12.715616 12.405625 12.35475 10.441856 10.441856 12.423211 12.430167 12.481075 14.627935 14.615689 19.658408 19.048064 14.371508 16.860137 18.107907 11.771313 11.771313 14.718999 13.735577 14.705803 15.076981 15.076981 12.001131 15.734882 -9999 -9999 -9999 -9999 -9999 -9999 -9999 -9999 -9999 -9999 -9999 -9999 -9999 -9999 -9999 -9999 -9999 -9999 -9999 -9999 -9999
9.418882 11.932503 11.967869 3.032325 3.071249 11.592106 12.315746 13.275616 17.6971 17.414449 8.909259 13.271692 13.271692 12.984868 12.984868 15.347729 12.641162 12.641162 12.565664 12.565664 13.957016 12.390494 12.654472 12.425478 12.441214 12.397445 12.715616 12.697263 10.653468 10.446822 10.420347 12.41193 12.416027 12.457003 13.421667 15.293605 20.126214 20.099443 14.371508 14.327281 18.98659 18.028773 18.028773 15.357879 15.357879 14.705803 15.362439 15.077198 15.734882 15.734882 -9999 -9999 -9999 -9999 -9999 -9999 -9999 -9999 -9999 -9999 -9999 -9999 -9999 -9999 -9999 -9999 -9999 -9999 -9999 -9999 -9999
10.032666 10.446925 13.047111 2.805977 2.805977 10.60217 11.861997 15.082312 15.082554 15.080244 10.727689 10.727689 13.262928 12.93222 12.93222 15.299323 15.299323 12.641162 12.626218 12.629291 13.089872 13.09648 12.654472 12.425478 12.854945 13.650508 13.641668 12.402831 10.653468 10.653468 10.690975 11.750333 12.481338 12.429216 12.761346 14.664967 19.685187 16.09955 17.032654 17.032654 18.98659 18.700004 15.649967 18.012237 18.012237 17.079763 17.079763 15.077198 17.067714 17.067714 7.359653 7.359653 30 -9999 -9999 -9999 -9999 -9999 -9999 -9999 -9999 -9999 -9999 -9999 -9999 -9999 -9999 -9999 -9999 -9999 -9999
10.446925 11.112749 15.058214 8.104087 7.056411 8.047628 11.322539 15.079538 14.644704 12.832057 11.000231 11.000231 13.252476 13.252476 12.981336 12.635332 12.635332 12.391249 12.391249 12.629291 12.745684 12.61753 12.605399 12.593989 13.609211 13.650508 13.013401 12.390088 13.051252 13.941691 10.702203 10.720509 12.481338 12.416957 15.405581 18.681992 19.400243 16.09955 16.08932 17.67549 19.664592 19.664592 15.666542 15.595615 18.012237 13.789131 13.789131 14.323443 14.946111 17.067714 30 30 30 -9999 -9999 -9999 -9999 -9999 -9999 -9999 -9999 -9999 -9999 -9999 -9999 -9999 -9999 -9999 -9999 -9999 -9999
15.014835 20.461344 14.392567 12.956504 7.056411 7.056411 15.731954 13.976164 13.661577 12.83263 12.333963 8.340756 9.585573 9.585573 12.963377 12.963377 12.567704 13.342436 13.958468 13.965806 13.662104 12.61753 12.609376 12.581501 9.727857 9.734759 9.74461 12.390088 12.442654 18.293062 18.039774 12.478597 12.416957 12.416957 15.405581 19.346052 19.065714 19.738328 19.694134 17.67549 18.017937 19.062042 19.392775 19.392775 17.711298 17.685497 13.789131 15.453613 15.444757 9.330353 9.330353 30 -9999 -9999 -9999 -9999 -9999 -9999 -9999 -9999 -9999 -9999 -9999 -9999 -9999 -9999 -9999 -9999 -9999 -9999 -9999
12.692441 28.801433 2.167465 2.167465 20.251882 21.6412 15.755898 15.762556 15.811562 10.392128 10.392128 6.413898 6.413898 10.467087 11.045984 11.045984 12.884133 12.884133 14.633945 11.046277 9.463427 12.335848 12.566537 12.577018 9.727857 11.650475 12.615889 13.207833 13.254079 18.299552 17.99231 12.042325 9.951423 12.461979 19.042908 19.042908 19.335309 17.444617 16.014128 19.394019 19.394019 19.062042 19.362739 17.745137 18.031748 18.031748 17.334346 16.449934 15.453613 9.734725 16.520004 -9999 -9999 -9999 -9999 -9999 -9999 -9999 -9999 -9999 -9999 -9999 -9999 -9999 -9999 -9999 -9999 -9999 -9999 -9999 -9999
17.690326 140.013689 24.124572 2.167465 6.263746 16.786931 15.815061 15.802672 14.33987 11.374201 15.660241 15.727429 15.727429 11.077907 11.045984 11.19596 10.004718 9.986726 15.342892 9.463427 9.733676 12.57889 12.60426 12.583451 12.991743 12.990298 12.615889 12.922686 12.425803 13.271435 13.335323 9.918571 9.918571 12.461979 16.312502 19.37114 16.321937 16.321937 16.014128 17.023603 18.702423 18.636305 18.636305 17.745137 18.007985 18.031748 16.713959 16.713959 15.461524 17.031575 16.520004 30 -9999 -9999 -9999 -9999 -9999 -9999 -9999 -9999 -9999 -9999 -9999 -9999 -9999 -9999 -9999 -9999 -9999 -9999 -9999
