STOTEN_Data/raw/Age_yrs_1000ft.asc
ncols         250
nrows         718
xllcorner     -2256000
yllcorner     1557000
cellsize      1000
NODATA_value  -9999
[rows 403 to 433 of 718, columns 69 to 137 of 250]
-9999 -9999 -9999 -9999 -9999 -9999 -9999 30 703.173014 995.922492 258.995264 232.492368 3344.294409 1565.121371 1565.574394 1566.088011 3283.413187 2656.125105 3047.577762 4096.363758 5250 5250 5250 4628.559785 4205.676385 3869.318501 3210.432947 2960.886525 2832.145029 2702.338137 2362.163792 2400.191153 2332.693094 2307.105506 2389.100523 2626.974904 2262.773903 1976.856766 1503.781505 1465.84112 1334.42039 1402.772458 1212.106305 984.503319 906.167634 943.092566 1768.67629 1946.777027 968.88724 2965.107354 3182.424908 3980.546048 4565.678072 4068.979598 4432.706083 4679.913674 4669.519457 3613.171083 2569.801415 2272.701711 2209.99292 2183.927115 2239.168187 1930.911103 1794.606276 1602.771677 1477.59503 1401.545546 1329.767083
-9999 -9999 -9999 -9999 -9999 -9999 -9999 660.045708 704.131073 863.520466 527.401465 1346.041279 2969.157156 1564.825839 1566.813622 1566.903298 3245.950262 3006.395276 2800.123924 3995.756331 5250 5250 5250 5158.662773 4448.283917 4070.668769 3483.736901 3063.956286 2837.003677 2948.821812 2400.20901 2628.910586 2402.858625 2309.386898 2003.88476 1934.645233 1930.126213 1968.462297 1474.137057 1272.707168 1205.687196 1230.25625 1137.45936 933.115041 930.746445 1104.680492 2324.77138 2679.481045 1232.924356 2870.866426 3477.658559 4071.382718 4073.77067 4467.655986 4973.953533 4730.817712 4239.442447 2637.256931 1630.784782 1476.749708 1902.379019 2469.123584 2301.440713 2199.62519 1838.646684 1699.513876 1532.606053 1396.617274 1301.977427
-9999 -9999 -9999 30 -9999 -9999 30 320.573732 671.46785 862.566694 2005.836126 2750.42955 1564.317681 1566.463188 1567.350708 1566.464644 3141.866302 2992.78496 2650.450335 3753.651713 4817.788421 5250 5250 5250 4480.811618 4083.427481 3867.257312 3294.105752 2955.765691 2608.472926 2307.239321 2308.508559 2205.477798 2104.669724 1905.907813 1864.994869 1840.484887 1663.463608 1376.267393 1274.626838 1234.86362 1202.022679 1804.494749 1170.421412 1105.842812 1335.743359 1703.606784 2005.208297 1055.424979 3559.089594 2439.656098 3162.285891 3164.441329 3170.408088 3277.699054 3314.33682 3281.929719 2848.298718 2376.646291 2567.397701 2437.737908 2471.618802 2179.150121 1895.873657 1841.91115 1701.020051 1477.726076 1394.139139 1235.441234
-9999 -9999 -9999 -9999 30 337.557115 337.557115 341.452228 525.010267 2342.602164 2243.807299 1551.578358 1566.608526 1567.351432 1567.351431 1904.409776 2403.656625 2444.69965 2606.659073 3511.663401 4692.257227 5250 5250 5250 5250 4280.390579 4190.870996 3542.063108 3136.649151 2804.691511 2575.017105 2509.625335 2197.037095 2046.414966 2071.657742 1831.916792 2483.654256 2074.052456 1465.664518 1336.351217 1902.271159 1430.234752 1799.982226 1131.85419 1072.713419 1136.729435 1962.203484 2229.325896 2265.3711 2712.258169 2293.309149 3404.393254 4037.034618 3874.704572 3343.479595 2946.68427 2202.692364 1703.350302 1405.615893 1704.295532 2581.192152 2505.535019 2215.011106 2266.094685 1699.536217 1563.157857 1476.372663 1396.654227 1306.780856
-9999 -9999 -9999 -9999 -9999 30 417.447527 815.289312 1421.913417 2006.749707 1050.803894 1566.461539 1567.351432 1567.351432 1567.351432 1867.068502 2003.784438 2279.120807 2807.773984 3742.402274 4779.266741 5250 5250 5250 5250 5250 4200.219254 3672.508477 3245.870746 2978.001667 2606.402909 2492.47167 2300.720126 2088.316932 2240.641525 1935.920661 2476.931218 2575.005947 2500.105487 1968.936661 1932.500012 1403.583834 1164.343819 1968.477881 1914.061985 1897.40524 1997.249168 2568.385495 2981.825883 3826.549831 3872.331905 2808.810099 3406.14604 3228.742226 3172.038112 2835.215842 2611.390894 2301.910073 2171.61639 2408.281977 2669.756393 2664.773279 2627.954641 2137.330843 1736.96592 1536.977805 1133.847875 1048.958223 1136.029288
-9999 -9999 -9999 -9999 -9999 -9999 871.38164 1185.119555 1204.452496 1566.290109 1567.351432 1567.351432 1567.351432 1567.351432 1604.357926 1801.718003 2032.722164 2279.120807 3269.442576 3366.767834 4240.864122 4470.132564 5250 5250 5250 5250 4785.862705 4316.215495 3566.683743 3142.275008 2914.042588 2797.927034 2439.508738 2737.440901 2312.647927 2762.743896 2234.310019 2261.008163 1925.853305 1603.524734 2006.561394 1902.45786 2036.036946 1994.259695 2329.077679 2555.900127 2689.264 2639.351366 2504.804931 2942.898287 4044.188217 3901.416299 3500.948566 2471.690991 2605.358163 2209.666873 2042.361626 1868.223811 2008.094536 2271.372786 2288.563998 1736.225167 1645.810442 1564.63703 1472.105718 1308.354437 1137.726838 1082.247698 1299.863738
-9999 -9999 -9999 -9999 -9999 -9999 1552.993012 1539.797625 1567.351432 1567.351432 1567.351432 1567.351432 1567.351432 1567.351432 1632.264707 1632.264712 1769.573223 2507.350311 2870.478704 4833.750609 3777.150679 4278.856864 5250 5250 5250 5250 5250 5250 5250 4743.654718 3159.914165 2938.737765 2699.290467 2935.449352 2639.725193 2736.073776 2461.116782 2132.116123 2807.630575 2562.378422 2336.023614 1949.661663 2525.540606 3699.757024 3435.735378 3280.438414 2436.823264 2701.349732 4109.096278 3611.301169 3374.558863 3400.390631 3503.028979 3504.060342 3459.675261 3105.951761 1992.615457 1967.185488 1998.784594 1929.539436 1928.889765 1842.420513 1705.009468 1570.537363 1634.35785 1527.982567 1405.213333 1362.483604 1330.899418
-9999 -9999 -9999 -9999 -9999 -9999 1567.351432 1567.351432 1567.351432 1567.351432 1567.351432 1567.351432 1567.351432 1567.351432 1567.351432 1566.019023 1565.826893 2302.38914 2937.613207 3774.286086 3683.504449 4215.098297 5250 5250 5250 5250 5250 5250 5250 4985.082247 5250 3550.166194 3210.58255 3089.82016 3134.977572 2985.203224 2931.317341 2944.526943 3007.005269 3205.451949 3366.037231 3107.542026 3052.785639 3312.244927 2897.28468 3666.758637 3566.214074 3505.382297 3663.226721 3465.162539 3368.16194 3423.600818 3565.730296 3575.337817 3802.069583 3471.452546 3195.462174 2943.053638 2227.032662 2308.63849 2205.103261 2005.748471 1904.659137 1832.710092 1698.577984 1530.738819 1498.112784 1406.222364 1371.042702
-9999 -9999 -9999 -9999 -9999 -9999 -9999 1567.351432 1567.543744 1567.396042 1567.351432 1567.351432 1567.35299 1566.907295 1566.019023 1438.146332 1565.64128 1835.545948 4040.860744 3252.99225 3597.064858 4215.893882 5250 5250 5250 5250 5250 5250 5250 5250 5250 5250 5250 4065.281238 3466.575832 3284.922927 3443.068274 3516.897556 3577.448077 3730.21087 3971.532458 3566.684544 3445.890147 3562.905837 3369.096387 3182.105441 3372.856286 3567.603744 3439.529758 3530.53818 3536.165094 3907.388552 4168.03354 4273.61588 4275.041627 4206.543465 3901.168343 3502.899556 3180.137085 2672.412779 2401.401008 2240.171947 2195.326767 2200.020216 1934.800795 1811.257456 1608.601912 1528.644097 1432.682371
-9999 -9999 -9999 -9999 -9999 -9999 -9999 1566.610043 1566.019023 1566.907295 1567.351432 1567.351432 1566.907295 1566.019023 1138.470841 1334.10302 1605.974186 1903.075892 3550.938751 3133.615936 3800.235991 4216.666692 5250 5189.038289 5189.784929 5250 5250 5250 5250 5250 5250 5250 5250 5250 5250 4482.107533 4478.575175 4176.755697 3641.281266 3718.167767 3439.454772 3565.651182 3434.046915 3037.436609 3288.758044 3440.890055 3474.436579 3627.730259 3733.687833 4307.624799 4471.948114 4475.343289 4483.03174 4577.841579 4981.163299 4548.683298 4137.859124 3809.17368 3371.852467 3172.47412 2945.751948 2127.399956 1898.681268 1907.096502 1834.236357 1669.943623 1764.227501 1763.252069 1638.069903
-9999 -9999 -9999 -9999 -9999 -9999 -9999 1566.019023 1566.019023 1566.019023 1566.019023 1566.019023 1566.019023 1566.019023 1333.854259 1466.530808 1563.211543 2645.958778 3025.454665 3189.148876 3847.330587 4464.642546 5250 5162.612635 4770.375083 5250 5250 5250 5250 5250 5250 5250 5250 5250 5250 5250 5250 4768.563258 4175.327935 3571.823451 3541.081598 3463.693175 3541.564955 3343.198514 3199.315409 3178.365603 3873.673865 4339.402816 4447.510855 4513.247636 4780.550091 5250 5250 5186.864162 5025.944563 4539.493744 4835.911872 4839.990367 4468.962714 3969.683597 3295.889326 2538.618595 2444.099775 2476.538823 2365.546133 2263.472649 2266.689161 2266.242055 2138.623287
-9999 -9999 -9999 -9999 -9999 -9999 -9999 -9999 1566.019023 467.4154 392.263701 798.234543 822.950869 1207.368753 1547.233666 1565.633614 1568.926958 3025.584406 3170.275061 3609.818129 3678.696964 4170.70121 4536.948296 4415.516072 4307.763494 4976.320162 5250 5250 5250 5250 5250 5250 5250 5250 5250 5250 5250 4869.777268 4721.509204 4577.557535 4167.378262 4036.286729 3813.431906 3707.525058 3669.295693 4139.72357 4441.524149 4781.112084 5250 5250 4984.36086 5184.93972 5250 5250 5250 5184.826828 4881.728356 5139.73899 4241.556165 4175.813843 3869.632108 3135.516915 3195.628233 3199.226814 3176.557509 3062.323119 2977.588523 2885.897186 2874.700186
-9999 -9999 -9999 -9999 -9999 -9999 -9999 30 395.380615 391.975011 314.46852 413.118334 811.233979 1565.474741 1565.728742 1521.618332 1930.872387 2800.087214 3369.603531 3369.387434 3377.821242 3272.731593 3837.501241 3707.049817 3912.002691 4579.120388 5250 5250 5250 5250 5250 5250 5250 5250 5250 5250 5250 5250 5250 5250 4773.9691 4503.970826 4209.030776 4738.45844 4778.549415 5081.792866 5250 5250 5158.704591 4675.907221 4962.696168 5029.605328 5250 5250 5250 5250 5250 5250 5032.253753 4781.594714 4444.105449 4169.484177 3864.381924 3106.043777 3005.812156 3036.250046 3031.072454 3029.890178 3086.744647
-9999 -9999 -9999 -9999 -9999 -9999 -9999 -9999 420.818212 399.575633 772.893509 1207.232242 1523.648247 1261.295039 1394.767516 1564.602689 1736.642278 2376.848496 3167.402093 3104.166275 3072.627557 3072.627573 3241.983033 3206.075827 3673.57526 4330.265874 5250 5250 5250 5250 5250 5250 5250 5250 5250 5250 5250 5250 5250 5250 5250 5250 5250 5250 5250 4987.542273 4666.771442 4084.325082 4317.512978 4470.229544 4936.057168 4780.835013 5250 5250 5250 5250 5250 5250 5068.28615 4716.848815 4212.020786 3801.611452 3655.721929 1745.761858 2434.600977 2877.515534 2865.827887 2801.109871 2788.536748
-9999 -9999 -9999 -9999 -9999 -9999 30 811.054174 802.648276 399.575633 453.783868 1118.241708 1437.183618 1381.769051 1521.596478 1565.687086 1733.357009 2436.950115 2907.782998 2402.302562 3072.627557 3072.627557 3074.866976 3074.866986 3502.123348 4011.720053 5250 5250 5250 5250 5250 5250 5250 5250 5250 5250 5250 5250 5250 5250 5250 5250 5250 5250 5158.811607 4867.691841 4629.104113 4433.075004 4273.016003 4728.795415 5089.033303 5250 5250 5250 5250 5250 5250 5250 5162.740609 4972.702504 4576.475607 4230.349339 4066.671648 3224.064546 2003.269562 2136.069174 2506.736459 2797.116628 2958.523554
-9999 -9999 -9999 -9999 -9999 -9999 -9999 662.142539 1004.207778 905.684042 1279.240095 1434.74348 1522.428529 1521.67502 1565.670412 1565.338635 1963.987979 2908.010483 2303.555897 2402.343093 2737.485318 3061.384396 3074.866976 3074.866976 3337.525322 3966.47534 5250 5250 5250 5250 5250 5250 5250 5250 5250 5250 5250 5250 5250 5250 5250 5250 5250 4983.82679 4469.507976 4473.190735 4278.63118 4573.133335 4189.462553 4461.629233 5158.910866 4884.094867 4180.975444 4084.464649 4581.474658 4473.010307 4115.15413 3968.589691 5175.355389 5250 5036.386113 4570.261664 4370.106856 4059.663111 4026.319347 3665.308185 2118.69446 2372.978728 2643.225921
-9999 -9999 -9999 -9999 -9999 -9999 -9999 701.442184 759.701343 1010.821389 999.515897 1521.643365 1566.175663 1565.449227 1565.338635 1567.67328 2409.424222 1668.819475 1868.200303 2269.95144 2337.522806 3074.866976 3074.866976 3074.866976 3207.153423 3746.551392 4779.510448 5250 5250 5250 5250 5250 5250 5250 5250 5250 5250 5250 5250 5250 5250 5250 5250 5250 5250 5250 5250 5250 5250 5250 4459.249472 3686.859939 3519.3025 3169.712744 3389.796907 3263.624018 2566.965682 2627.118989 3395.010929 3344.058215 4772.24138 5250 5250 4580.145012 4628.640704 4340.979976 4376.946278 4163.194355 2840.439055
-9999 -9999 -9999 -9999 1219.161213 1219.161213 -9999 30 820.937001 1565.338635 1565.338635 1565.338635 1565.338635 1566.505956 1568.840599 1497.648624 1499.827862 1632.888904 1703.823545 1736.395239 2739.360939 2403.856343 2739.360517 3074.866976 3101.032005 3746.475468 4383.16115 5250 5250 5250 5250 5250 5250 5250 5250 5250 5250 5250 5250 5250 5250 5250 5250 5250 5250 5250 5250 5250 4786.81792 4073.062125 3865.626674 2571.169456 2593.99377 2301.728427 2647.044257 2611.996131 2540.786378 2642.341617 3123.929504 2605.314956 2462.089916 2627.323226 2541.51202 2958.044549 3607.027852 3375.932859 3944.177365 3672.405619 3841.245664
-9999 -9999 -9999 -9999 1219.161213 1207.245507 1007.635018 883.309644 1565.338635 1568.840599 1634.74909 1568.840599 1568.840599 1569.404356 1433.475555 1271.836734 1433.273432 1495.4644 1433.577892 1663.486423 1699.810683 1869.268762 2401.014786 3074.866976 3237.632891 4341.699622 4467.650457 5250 5250 5250 5250 5250 5250 5250 5250 5250 5250 5250 5250 5250 5250 5250 5250 5250 5250 5250 5250 5250 4876.631513 5071.99575 2568.705156 3156.814266 2378.876043 2516.975603 2550.016863 2394.924579 2520.663105 3255.479207 3537.897578 3210.581527 2570.46261 2478.284516 2379.327704 2305.816863 2518.746856 2964.013878 3702.276215 3538.471813 3343.156278
-9999 -9999 -9999 -9999 -9999 -9999 1565.670412 1568.840599 1569.246007 1734.24508 1871.089692 1964.669927 1500.876385 1112.43348 1143.12615 1366.207507 1366.200155 1370.182367 1432.654194 1432.64077 1597.060646 1729.87599 2739.360517 2818.708006 3575.680252 4472.733813 4578.634023 5250 5250 5250 5250 5250 5250 5250 5250 5250 5250 5250 5250 5250 5250 5250 3879.011721 3771.965343 4020.859479 4445.446072 4448.954304 3883.361043 3980.816273 3705.335258 3846.489041 3723.87538 2937.88418 3462.521373 4267.28924 4600.310179 4622.313933 4570.365532 3863.672428 3364.038473 3270.491957 2650.839562 2353.065455 2264.741614 2262.903748 2537.449726 2740.631333 2789.754982 3333.121763
-9999 -9999 -9999 -9999 -9999 -9999 1568.32391 1440.052045 1665.805323 1664.148711 1332.836662 1075.852742 981.298903 1014.105752 1143.174671 1015.216563 1396.688709 1333.232172 1432.625059 1496.525157 1560.529834 1663.486415 2404.124768 3575.680252 3575.681132 3736.274831 4534.137414 5250 5250 5250 5250 5250 5250 5250 5250 5250 5250 5250 5250 5250 5250 5250 5250 5250 4468.325579 3859.129884 3825.91853 3828.290975 4251.045103 3867.593365 4114.872434 4157.526693 3749.316869 3730.628699 3650.740569 3916.523103 3091.53837 3352.649943 3432.84381 3329.133176 3444.5084 3215.417651 2468.65044 2317.316213 2201.743559 2172.489368 2323.442248 2278.678859 2725.317697
-9999 -9999 -9999 -9999 -9999 1663.83802 1562.817749 1497.257586 1005.533746 777.254196 812.454722 914.258852 880.34806 880.042774 981.232422 1078.254052 1119.761054 1400.99472 1496.666841 1496.790192 1497.748039 1837.560803 2309.280362 3575.680252 4268.659799 4263.645731 4449.51239 5250 5250 5250 5250 5250 5250 5250 5250 5250 5250 5250 5250 5250 5250 5250 5250 5250 3660.379041 4105.417171 4132.437993 4101.368163 4446.08389 4260.094537 4079.121375 3990.586674 3429.371212 3389.709211 3318.727465 3518.011265 3399.495614 3485.475186 3542.375112 3066.21064 2987.647422 3132.156544 2606.934445 2792.624556 2144.101825 2128.003918 2111.192195 2052.439163 2254.927745
-9999 -9999 -9999 -9999 -9999 -9999 1342.184697 1334.101268 708.548362 640.765257 709.55235 709.51716 778.289459 852.605544 908.731624 876.159964 1560.82863 1560.701936 1401.003841 1496.790192 1496.602161 1837.522128 2573.780029 3575.680252 3151.030633 4340.249693 4631.827371 5250 5250 5250 5250 5250 5250 5250 5250 5250 5250 5250 5250 5250 5250 5250 5250 5250 4320.450774 4312.466637 5060.224724 4983.966614 4354.022996 3860.467299 4264.899063 4284.717485 3976.650373 3558.910153 3512.411041 3504.497639 3371.950896 3572.788175 3965.840714 3273.140542 3525.303213 3630.74041 2941.500809 2547.059983 2202.778032 2000.869237 2109.711518 1870.464287 1820.556779
-9999 -9999 -9999 -9999 30 -9999 1303.262664 1333.387137 540.66401 540.664004 540.664004 571.977067 757.990453 675.267811 1560.644916 1560.701936 1560.701936 1560.701936 1496.799147 1368.718643 1560.350156 1844.348899 2573.779979 3293.849674 3640.370826 4029.629869 5250 5166.015308 5250 5250 5250 5250 5250 5250 5250 5250 5250 5250 5250 5250 5250 5250 5250 5250 5250 5250 5250 5250 5060.355752 4371.008596 3838.529621 3951.957383 3644.846788 4125.999461 3759.196423 3774.329121 3560.250572 4081.152832 3843.944878 3839.201625 3728.902636 3847.876752 3778.388917 2966.772699 2372.89534 2057.902503 1945.644795 1862.009583 1774.910389
-9999 -9999 -9999 -9999 30 2013.302967 999.911709 1247.118427 525.010267 525.010267 540.664004 541.584752 525.010267 710.392691 903.137411 1560.701936 1560.571373 1331.489305 1388.361738 1403.999562 1593.730481 1769.891635 3575.680252 3156.981719 3625.673792 4340.249693 4071.227821 4771.495443 5250 5250 5250 5250 5250 5250 5250 5250 5250 5250 5250 5250 5250 5250 5250 5250 5250 5250 5250 5250 5250 5250 5250 4816.171612 4421.49119 4196.701747 4187.588899 4112.686132 3831.126986 3856.645973 3689.231573 3612.702564 3540.555564 3501.133613 3173.187635 3083.279002 2941.560045 2209.845565 1882.557937 1733.444193 1643.959797
-9999 -9999 -9999 -9999 30 1487.762207 1405.575555 1111.678015 708.707696 540.06326 525.010267 525.010267 525.010267 677.127799 886.718371 1002.695609 909.070123 1015.028602 1359.482066 1510.300283 1560.911055 3074.82777 2391.677714 3159.349137 3360.301567 4376.682541 4033.962512 4645.284217 5250 5250 5250 5250 5250 5250 5250 5250 5250 5250 2880.73915 5250 5250 5250 5250 5250 5250 4077.920349 4442.887537 4357.470033 4765.376323 4871.30717 4842.761214 4772.619753 4751.195976 4667.66383 4292.494132 3753.405022 3360.621461 3406.02048 3474.955495 3420.01032 3261.595332 2951.601436 2921.76129 2427.383588 2217.987895 1925.506488 1863.581796 1732.663079 1620.304009
-9999 -9999 -9999 -9999 -9999 -9999 30 1045.031082 1009.597387 524.761844 467.49611 525.010267 525.010267 525.010267 574.734017 741.887122 907.270395 1038.291349 1561.138257 1560.894015 2072.829642 2329.265259 3157.0262 3134.57528 3745.853062 3054.483231 3838.420778 4610.388225 5250 5250 5250 5250 5250 5250 5250 5250 5250 5250 5250 2581.251509 5250 5250 5250 5250 5250 4642.598038 4810.493428 4825.317657 4826.468111 4908.811422 4666.981308 4658.306561 4579.789163 4595.32114 4224.508692 4133.545066 3724.409514 3512.916067 3366.956406 3201.107802 3074.170131 2934.957621 2822.761359 2478.94683 1951.591281 1746.216453 1682.426771 1646.566825 1661.042005
-9999 -9999 -9999 -9999 -9999 -9999 -9999 1045.031082 -9999 -9999 -9999 525.010267 455.968997 594.158497 651.561024 664.619787 1174.151188 1560.894015 1560.894015 1939.876155 2555.767252 2797.739253 3157.776898 3116.467841 3716.516523 3499.505914 3838.420778 4538.091215 5250 5250 5250 5250 5250 5250 5250 5250 5250 5250 5250 5250 2325.256674 5250 5250 5250 5250 5250 4844.764837 5250 5250 4667.904311 5025.82378 5023.141085 5027.723952 4817.961588 4427.467928 3831.626556 4251.997059 3349.400048 3205.104598 2741.584297 2843.833203 2630.16839 2665.037609 2430.585887 1960.566193 1856.806641 1792.296373 1789.586236 1661.243685
-9999 -9999 -9999 -9999 -9999 -9999 -9999 -9999 -9999 -9999 -9999 -9999 -9999 470.006845 470.006845 470.006845 1560.894015 1560.894015 1902.213561 2517.015715 2730.966865 2368.518713 3161.905182 3365.311634 3397.605348 3160.591051 3563.522722 4406.566253 5250 5250 5250 5250 5250 5250 5250 5250 5250 5250 5250 5250 5250 5250 5250 5250 5250 5250 5250 5250 5250 5250 4842.01745 4727.416204 4398.613982 4533.917131 3908.344636 3689.749443 4011.921346 2812.628619 2609.858987 2356.445971 2433.182172 2240.939528 2160.784878 1899.325346 1806.111986 1720.546605 1666.656957 1665.110414 1725.303526
-9999 -9999 -9999 -9999 -9999 -9999 -9999 -9999 -9999 -9999 -9999 -9999 -9999 30 470.006845 1560.894015 1560.894015 3575.680252 1969.037206 1648.376718 1849.928143 2171.775261 3103.259952 3054.483231 3054.483231 3054.483231 3404.045349 4202.752958 5250 5250 5250 5250 5250 5250 5250 5250 5250 5250 5250 5250 5250 5250 5250 5250 5250 5250 5250 5250 3358.829402 3914.281972 4200.282861 4206.448637 4145.382613 4215.865967 4219.16758 3853.570758 3168.142274 2625.688057 2305.743549 1857.620634 2129.529305 2490.830834 2377.013339 1972.453015 1825.820352 1750.2718 1578.23577 1610.21692 1824.049605
-9999 -9999 -9999 -9999 -9999 -9999 -9999 -9999 -9999 -9999 -9999 -9999 -9999 -9999 30 1940.089436 2893.056191 975.637999 1564.575751 1564.453132 1597.953587 2513.117514 2904.79107 2396.679786 3054.483231 3054.483231 3224.608082 4202.752747 5250 5250 5250 5250 5250 5250 5250 5250 5250 5250 5250 5250 5250 5250 5229.295003 5229.295003 5250 5250 5038.300442 2890.609674 3158.640182 3594.639313 3507.826498 3645.31451 3526.479315 3397.311468 2750.491396 2266.305849 1579.014911 1545.944323 1680.312088 1615.445269 1700.624414 1847.819382 1848.57153 1733.06853 1661.298524 1620.499199 1653.093618 1601.219971 1656.260904
