STOTEN_Data/raw/Age_yrs_350ft.asc
ncols         250
nrows         718
xllcorner     -2256000
yllcorner     1557000
cellsize      1000
NODATA_value  -9999
[rows 186 to 216 of 718, columns 0 to 68 of 250]
-9999 -9999 -9999 -9999 -9999 -9999 -9999 -9999 -9999 -9999 -9999 -9999 -9999 -9999 -9999 -9999 -9999 -9999 -9999 -9999 -9999 -9999 -9999 -9999 -9999 -9999 -9999 -9999 -9999 -9999 123.679636 116.086329 121.221881 151.199866 177.225114 194.679855 195.114603 204.114286 237.217107 260.485926 184.096045 178.148981 149.760664 136.268754 134.368207 130.867778 127.126378 127.043322 127.427404 127.06195 134.339996 147.135777 173.042533 322.670349 1269.512066 3765.154754 1953.134795 425.220984 277.433776 627.973879 486.74532 396.368889 300.981834 185.512581 162.833448 149.389004 133.23935 135.149834 79.824034
-9999 -9999 -9999 -9999 -9999 -9999 -9999 -9999 -9999 -9999 -9999 -9999 -9999 -9999 -9999 -9999 -9999 -9999 -9999 -9999 -9999 -9999 -9999 -9999 -9999 -9999 -9999 -9999 -9999 -9999 123.679636 123.803914 166.624676 188.047752 194.745406 197.062281 194.469432 180.814716 186.970511 203.612942 201.291048 174.832211 147.004971 127.470653 130.766578 130.444932 121.50683 126.681603 126.775204 130.336282 139.868217 147.199284 177.661769 250.274227 1497.21846 3564.235926 775.167693 295.890697 276.698787 1885.900706 352.511345 435.532189 313.031145 306.402669 170.276508 155.963916 162.514347 142.912057 117.078951
-9999 -9999 -9999 -9999 -9999 -9999 -9999 -9999 -9999 -9999 -9999 -9999 -9999 -9999 -9999 -9999 -9999 -9999 -9999 -9999 -9999 -9999 -9999 -9999 -9999 -9999 -9999 -9999 -9999 -9999 127.026811 127.026811 180.067797 180.311489 167.537355 157.002371 170.780013 174.366822 181.080827 197.640632 201.613755 174.517253 146.843075 130.800217 121.04581 124.723934 120.912161 129.657559 130.232594 136.943063 142.934443 153.551547 182.821096 232.374084 1261.477721 4493.0282 1113.14142 290.146285 286.080549 397.009894 487.343709 456.005331 363.491607 310.310357 246.412024 176.184173 159.821779 149.636112 117.149622
-9999 -9999 -9999 -9999 -9999 -9999 -9999 -9999 -9999 -9999 -9999 -9999 -9999 -9999 -9999 -9999 -9999 -9999 -9999 -9999 -9999 -9999 -9999 -9999 -9999 -9999 -9999 -9999 -9999 -9999 123.615936 137.134647 146.489315 153.19548 150.617202 150.574255 137.316562 140.686248 173.512384 197.842941 211.185603 183.037212 159.882491 143.921589 133.267949 130.464373 124.719644 124.989216 136.190947 136.839925 140.061616 150.292846 164.097675 222.784185 897.851562 4596.596187 2150.160114 319.726987 320.190872 499.447651 1985.613834 493.873354 406.159751 363.793985 300.726205 279.452121 170.324862 156.210131 140.006859
-9999 -9999 -9999 -9999 -9999 -9999 -9999 -9999 -9999 -9999 -9999 -9999 -9999 -9999 -9999 -9999 -9999 -9999 -9999 -9999 -9999 -9999 -9999 -9999 -9999 -9999 -9999 -9999 -9999 123.615936 123.615936 137.137782 137.135634 166.986393 166.966679 170.41792 127.366876 130.122144 170.588125 183.944978 190.716804 207.346242 173.476144 164.10247 153.674631 143.280708 144.152573 144.810025 144.07391 146.676928 140.623427 143.584286 153.290104 314.319406 835.605417 3637.003487 2508.735529 383.139898 417.034052 840.442511 2049.025979 1237.445481 443.728877 419.612336 309.638579 303.770271 212.995607 156.429884 159.665903
-9999 -9999 -9999 -9999 -9999 -9999 -9999 -9999 -9999 -9999 -9999 -9999 -9999 -9999 -9999 -9999 -9999 -9999 -9999 -9999 -9999 -9999 -9999 -9999 -9999 -9999 -9999 -9999 -9999 121.162971 130.653327 170.851729 168.030641 161.471307 163.532984 163.311855 176.729749 184.27832 191.429823 194.467485 190.782754 204.176899 187.030486 176.858522 179.30696 173.340763 166.033129 180.246757 170.56442 168.179038 146.563138 143.663149 144.473721 337.528225 1264.69076 4330.158399 1107.537199 451.889478 444.188664 463.256404 1390.762455 597.997149 577.230124 638.409355 395.255022 356.665645 285.894694 215.731238 176.273887
-9999 -9999 -9999 -9999 -9999 -9999 -9999 -9999 -9999 -9999 -9999 -9999 -9999 -9999 -9999 -9999 -9999 -9999 -9999 -9999 -9999 -9999 -9999 -9999 -9999 -9999 -9999 -9999 -9999 30 130.617659 150.242117 269.550498 207.546039 214.048678 164.452066 169.874703 184.984039 204.074129 221.130443 241.05468 267.611768 200.406484 180.585553 180.138264 180.736591 175.085042 192.54077 190.530114 176.581543 150.35386 136.385305 159.921105 304.788393 1497.825475 4489.649514 754.515291 419.839124 347.323513 416.96293 1332.445028 914.130515 731.932712 672.940298 436.853214 393.692607 310.077541 286.023048 205.475473
-9999 -9999 -9999 -9999 -9999 -9999 -9999 -9999 -9999 -9999 -9999 -9999 -9999 -9999 -9999 -9999 -9999 -9999 -9999 -9999 -9999 -9999 -9999 -9999 -9999 -9999 -9999 -9999 -9999 87.545626 537.066195 644.060317 542.795439 367.528221 319.648332 267.987376 271.783602 220.483196 230.211241 200.867987 230.410085 264.26797 190.200436 175.032544 167.804838 176.540916 178.338124 176.970877 186.213021 170.098733 146.200614 136.33932 156.740326 216.194346 1500.800193 5250 707.59306 329.950917 340.697673 427.019518 1244.991209 477.068949 709.829429 680.603312 510.762295 442.23702 418.090485 319.524023 269.143842
-9999 -9999 -9999 -9999 -9999 -9999 -9999 -9999 -9999 -9999 -9999 -9999 -9999 -9999 -9999 -9999 -9999 -9999 -9999 -9999 -9999 -9999 -9999 -9999 -9999 -9999 -9999 -9999 -9999 1716.482288 1608.54835 1807.938896 2080.135874 2279.788122 1677.828375 1218.708688 652.229933 352.767845 389.235273 276.363245 260.387926 234.470323 194.075518 173.989656 154.790043 167.002869 173.605004 170.116018 157.248265 140.157183 133.490291 130.319494 153.261248 196.544147 1203.35445 5237.645448 725.887757 277.113049 402.067892 460.537449 346.807122 452.33893 541.243182 589.133259 730.305034 677.007521 453.280259 400.743132 324.742499
-9999 -9999 -9999 -9999 -9999 -9999 -9999 -9999 -9999 -9999 -9999 -9999 -9999 -9999 -9999 -9999 -9999 -9999 -9999 -9999 -9999 -9999 -9999 -9999 -9999 -9999 -9999 -9999 -9999 806.878135 638.75696 706.98717 742.306143 743.326194 908.277973 1103.552519 2765.038688 1859.692151 719.752453 533.331283 533.948161 128.316657 177.073832 155.049434 153.928834 143.395446 160.953491 169.457695 152.717724 133.914572 121.239208 121.186903 130.64449 186.970858 811.187692 4304.22616 808.287985 395.675584 525.010267 495.709014 396.115777 319.029764 511.30714 392.517451 747.260239 703.482643 707.22411 467.597001 393.459039
-9999 -9999 -9999 -9999 -9999 -9999 -9999 -9999 -9999 -9999 -9999 -9999 -9999 -9999 -9999 -9999 -9999 -9999 -9999 -9999 -9999 -9999 -9999 -9999 -9999 -9999 -9999 -9999 -9999 447.734036 390.855013 444.168183 481.622898 505.873606 608.95789 746.492387 1002.086104 1273.675262 2364.884826 2244.148842 1766.949127 1812.570208 1991.911225 147.989024 131.055819 127.283025 146.752522 163.85576 147.192102 127.990706 120.582179 117.929824 120.751177 169.714547 360.181672 2769.736266 1318.855019 547.956628 419.120186 405.704965 389.918868 442.322928 340.986212 297.314993 988.438801 754.881724 743.076009 746.09799 427.192448
-9999 -9999 -9999 -9999 -9999 -9999 -9999 -9999 -9999 -9999 -9999 -9999 -9999 -9999 -9999 -9999 -9999 -9999 -9999 -9999 -9999 -9999 -9999 -9999 -9999 -9999 -9999 -9999 -9999 327.366514 226.904857 263.680106 379.031444 408.892197 473.019043 578.659277 744.300358 906.484431 1200.214184 1772.162577 2204.982808 2617.193409 2474.599298 143.449601 131.165937 121.013072 127.277239 138.060178 136.962283 124.465235 118.096329 114.438393 123.651652 154.356527 211.321523 1636.119949 1540.433304 878.545505 858.754279 366.061048 333.763948 686.813259 340.710285 402.575602 808.209365 924.383425 743.076009 743.076009 1279.519065
-9999 -9999 -9999 -9999 -9999 -9999 -9999 -9999 -9999 -9999 -9999 -9999 -9999 -9999 -9999 -9999 -9999 -9999 -9999 -9999 -9999 -9999 -9999 -9999 -9999 -9999 -9999 -9999 -9999 153.61707 143.97135 194.476778 236.811597 351.066006 387.826609 465.005879 574.753135 808.033425 1030.080136 1303.160072 2003.152557 2846.657051 2975.315913 130.373907 124.151212 120.810446 121.441865 126.713543 127.81837 129.476382 123.179058 117.814983 123.836527 118.863489 233.984626 1331.590045 5250 1523.654558 870.970082 1365.772745 418.982406 679.17061 313.30439 486.890135 525.010267 689.816618 671.888685 743.076009 979.000582
-9999 -9999 -9999 -9999 -9999 -9999 -9999 -9999 -9999 -9999 -9999 -9999 -9999 -9999 -9999 -9999 -9999 -9999 -9999 -9999 -9999 -9999 -9999 -9999 -9999 -9999 -9999 -9999 -9999 86.580185 96.036232 126.553001 186.958945 -9999 -9999 442.42726 530.053283 672.141763 965.692689 1240.565654 2023.56194 2741.530939 107.753858 143.83516 120.193102 120.935909 121.225631 121.375447 124.406459 121.598763 127.068572 127.41206 127.4373 134.803823 236.715503 624.666031 3303.103666 4983.493322 2346.139298 1745.719942 438.276036 366.654032 326.4218 393.151859 492.778855 733.337849 739.391856 1204.559664 1635.840622
-9999 -9999 -9999 -9999 -9999 -9999 -9999 -9999 -9999 -9999 -9999 -9999 -9999 -9999 -9999 -9999 -9999 -9999 -9999 -9999 -9999 -9999 -9999 -9999 -9999 -9999 -9999 -9999 -9999 59.771762 54.169975 90.49642 139.97015 735.873172 -9999 -9999 -9999 708.727422 908.60019 1310.479997 2024.69394 2702.556287 107.737737 1912.831338 113.492693 113.505955 120.744611 120.615154 122.803378 120.588323 117.245012 110.173867 114.005102 128.907434 197.747369 349.924011 1471.005915 5250 3048.196293 1449.386692 546.451065 402.374854 390.151269 392.265365 287.453527 660.511469 802.850898 1525.078445 2839.775087
-9999 -9999 -9999 -9999 -9999 -9999 -9999 -9999 -9999 -9999 -9999 -9999 -9999 -9999 -9999 -9999 -9999 -9999 -9999 -9999 -9999 -9999 -9999 -9999 -9999 -9999 -9999 -9999 30 32.02987 32.117833 74.988235 -9999 738.864787 30 30 804.855667 808.587459 1069.086416 1442.714417 2002.377424 2704.318514 166.869969 166.869969 113.18331 113.29011 117.433194 120.111342 120.136824 120.40386 118.123322 112.054727 108.792336 114.213095 139.80464 173.968586 411.210269 1900.795941 5250 1450.467367 690.038156 599.111681 499.157433 419.359688 379.738772 399.124452 1346.235862 1557.284274 2980.097408
-9999 -9999 -9999 -9999 -9999 -9999 -9999 -9999 -9999 -9999 -9999 -9999 -9999 -9999 -9999 -9999 -9999 -9999 -9999 -9999 -9999 -9999 -9999 -9999 -9999 -9999 -9999 -9999 -9999 44.762181 45.16779 90.539233 -9999 -9999 -9999 -9999 1330.396004 999.134168 1204.674925 1776.463978 2109.076828 3037.08929 77.693168 173.147311 112.172272 109.840873 116.941039 119.935956 120.751594 120.693704 126.647216 114.800795 109.381929 113.699637 124.475105 159.142137 221.071681 457.266637 5250 1054.845476 1138.88944 644.574475 596.096358 558.78712 479.308366 726.419675 1486.113679 2095.384833 3466.050288
-9999 -9999 -9999 -9999 -9999 -9999 -9999 -9999 -9999 -9999 -9999 -9999 -9999 -9999 -9999 -9999 -9999 -9999 -9999 -9999 -9999 -9999 -9999 -9999 -9999 -9999 -9999 -9999 -9999 30 46.930558 72.307704 597.763521 -9999 -9999 -9999 -9999 1507.322118 1652.793488 1865.265803 2297.480144 2632.670781 1112.896992 245.875316 245.875316 106.457921 110.170731 122.949192 120.561285 118.465672 127.075866 124.424386 111.015515 113.840551 123.991941 146.362179 180.343069 339.940436 2180.077706 1605.064393 1357.031013 1033.88203 1034.019498 598.200836 822.1459 1374.319446 3525.538368 3200.92914 3374.869407
-9999 -9999 -9999 -9999 -9999 -9999 -9999 -9999 -9999 -9999 -9999 -9999 -9999 -9999 -9999 -9999 -9999 -9999 -9999 -9999 -9999 -9999 -9999 -9999 -9999 -9999 -9999 -9999 -9999 30 47.697974 50.746904 402.640457 -9999 -9999 -9999 -9999 1946.486345 1893.897451 2183.991618 2869.80449 2671.304089 2351.936999 263.129159 263.129159 106.519417 106.486646 119.999984 123.890842 123.271187 127.191807 133.421988 117.695982 114.418005 124.831662 147.363455 167.267158 393.104787 1110.028971 5250 1591.933419 1363.626442 1057.633935 971.544258 1248.461558 1735.319641 2779.723712 517.555845 525.010267
-9999 -9999 -9999 -9999 -9999 -9999 -9999 -9999 -9999 -9999 -9999 -9999 -9999 -9999 -9999 -9999 -9999 -9999 -9999 -9999 -9999 -9999 -9999 -9999 -9999 -9999 -9999 -9999 -9999 30 53.614236 48.074494 257.264174 -9999 -9999 -9999 -9999 2492.52147 2261.901893 2715.179091 2643.403842 96.947507 97.437444 263.129159 263.129159 217.128162 392.103034 127.962782 140.233368 130.115794 127.282443 127.974915 117.37957 113.121713 134.525256 149.817581 184.605062 488.724108 1227.888966 5250 2962.546742 1609.329595 1461.283374 1537.060097 1694.827706 4560.071273 1528.966697 493.98644 289.162312
-9999 -9999 -9999 -9999 -9999 -9999 -9999 -9999 -9999 -9999 -9999 -9999 -9999 -9999 -9999 -9999 -9999 -9999 -9999 -9999 -9999 -9999 -9999 -9999 -9999 -9999 -9999 -9999 -9999 2306.394654 120.793487 49.304321 120.585628 -9999 -9999 -9999 -9999 3280.685745 2817.234305 96.52869 96.947507 97.582101 56.99366 56.99366 1746.588531 643.455524 838.336315 293.64338 400.545163 133.975489 133.365595 116.065767 110.878169 109.735908 127.472817 146.711592 289.417611 525.010267 1872.24795 5250 2573.869864 1393.295621 1786.03206 1875.750845 3259.142046 4037.676297 443.553248 249.723059 247.873663
-9999 -9999 -9999 -9999 -9999 -9999 -9999 -9999 -9999 -9999 -9999 -9999 -9999 -9999 -9999 -9999 -9999 -9999 -9999 -9999 -9999 -9999 -9999 -9999 -9999 -9999 -9999 -9999 -9999 270.849655 264.151884 58.582736 30 -9999 -9999 -9999 -9999 2666.751321 96.06886 3504.472386 3187.976835 97.582101 56.99366 3144.41991 107.00814 107.00814 2183.492722 1845.570948 947.948716 164.491883 379.540312 121.037597 115.954253 117.856769 130.292257 143.102905 456.032423 539.379311 2101.775296 5250 2976.314298 2055.643585 2839.446139 3150.403002 5151.826815 1741.351956 375.871501 247.867866 251.102389
-9999 -9999 -9999 -9999 -9999 -9999 -9999 -9999 -9999 -9999 -9999 -9999 -9999 -9999 -9999 -9999 -9999 -9999 -9999 -9999 -9999 -9999 -9999 -9999 -9999 -9999 -9999 -9999 -9999 164.207848 107.460384 68.924081 51.466956 -9999 -9999 -9999 -9999 88.18023 2652.141206 96.990052 96.428995 42.889898 42.889898 87.298609 107.00814 107.00814 86.491088 2666.24349 2015.852688 548.878256 685.095578 116.12575 116.293026 124.150998 136.868112 272.655488 525.010267 899.253874 2667.158942 5250 3062.00657 2108.84584 2115.536371 3092.087057 4524.951032 805.92045 262.865053 294.807941 277.546522
-9999 -9999 -9999 -9999 -9999 -9999 -9999 -9999 -9999 -9999 -9999 -9999 -9999 -9999 -9999 -9999 -9999 -9999 -9999 -9999 -9999 -9999 -9999 -9999 -9999 -9999 -9999 -9999 -9999 -9999 97.352377 86.071097 48.94201 -9999 -9999 -9999 -9999 77.797037 96.070717 2658.507638 3512.772704 42.889898 1194.381949 2076.95409 2217.955164 1358.382228 277.238653 86.491088 97.981717 98.008481 246.704011 124.223083 127.694982 130.6037 137.637103 312.671657 525.010267 1748.587674 3411.739715 5250 309.809788 2399.748856 2301.789161 5250 3846.6865 696.853814 400.602748 356.457468 257.901468
-9999 -9999 -9999 -9999 -9999 -9999 -9999 -9999 -9999 -9999 -9999 -9999 -9999 -9999 -9999 -9999 -9999 -9999 -9999 -9999 -9999 -9999 -9999 -9999 -9999 -9999 -9999 -9999 -9999 -9999 96.28919 87.668859 49.557814 30 -9999 -9999 -9999 -9999 77.94842 3134.015497 2935.88393 1503.078538 695.546018 1243.520323 867.834312 1703.753907 1984.904101 2749.406783 98.008481 98.008481 246.702471 246.208833 162.621503 249.700077 259.339338 399.693834 540.04428 1938.060123 4517.102181 429.095168 207.926338 2293.022484 3084.99249 5250 4007.601395 1342.579517 367.118412 317.50967 282.311477
-9999 -9999 -9999 -9999 -9999 -9999 -9999 -9999 -9999 -9999 -9999 -9999 -9999 -9999 -9999 -9999 -9999 -9999 -9999 -9999 -9999 -9999 -9999 -9999 -9999 -9999 -9999 -9999 -9999 -9999 100.473163 86.091375 52.14072 30 -9999 -9999 -9999 -9999 2166.833639 2131.561137 2104.472075 2004.1021 961.161146 1292.847451 1214.942784 2207.356121 2511.605073 2784.50493 2636.780534 3516.06537 236.946497 236.946497 243.153922 245.5674 391.897237 539.723 1490.135407 3025.2228 4783.727017 5250 427.629902 5250 2402.852336 199.406659 4614.469626 1419.348839 705.616984 600.075292 519.864492
-9999 -9999 -9999 -9999 -9999 -9999 -9999 -9999 -9999 -9999 -9999 -9999 -9999 -9999 -9999 -9999 -9999 -9999 -9999 -9999 -9999 -9999 -9999 -9999 -9999 -9999 -9999 -9999 -9999 -9999 53.511968 86.702435 48.236141 48.236141 -9999 -9999 -9999 -9999 1543.200896 1581.266861 1502.164304 1502.414185 246.358829 54.139307 1667.607007 1802.961253 1142.615819 2150.031373 2618.302981 76.94445 266.983466 240.293136 246.175961 249.821131 389.363872 409.649079 1130.252547 3402.15424 5115.665248 5250 5250 5250 5250 5241.889117 5250 1692.205106 1342.079364 874.363892 462.193607
-9999 -9999 -9999 -9999 -9999 -9999 -9999 -9999 -9999 -9999 -9999 -9999 -9999 -9999 -9999 -9999 -9999 -9999 -9999 -9999 -9999 -9999 -9999 -9999 -9999 -9999 -9999 -9999 -9999 -9999 308.600351 79.235093 48.236141 48.236141 30 -9999 -9999 -9999 1339.840822 1069.118273 1001.503855 1066.802369 54.137824 54.137824 335.259026 1264.869678 1535.951469 1867.083706 2142.533812 3133.099879 76.94445 240.293136 236.533931 245.926949 263.188038 406.338093 840.761174 5250 5250 5250 5250 5250 521.519976 5250 5250 2222.080308 1384.560677 571.043648 442.835676
-9999 -9999 -9999 -9999 -9999 -9999 -9999 -9999 -9999 -9999 -9999 -9999 -9999 -9999 -9999 -9999 -9999 -9999 -9999 -9999 -9999 -9999 -9999 -9999 -9999 -9999 -9999 -9999 -9999 -9999 56.635744 84.487241 71.143006 84.880388 30 -9999 -9999 -9999 1270.541555 777.56747 708.877359 646.616054 548.642665 611.351958 713.382259 944.265264 1143.435383 1471.452816 1803.23039 2214.001888 2597.08431 130.159152 130.159152 245.926949 259.84989 441.766261 2681.544742 4213.344893 3970.641284 3861.018311 3870.178448 4691.291139 5250 5250 5250 5230.002007 1410.258434 880.411915 456.144726
-9999 -9999 -9999 -9999 -9999 -9999 -9999 -9999 -9999 -9999 -9999 -9999 -9999 -9999 -9999 -9999 -9999 -9999 -9999 -9999 -9999 -9999 -9999 -9999 -9999 -9999 -9999 -9999 -9999 -9999 55.423613 85.222405 54.433252 -9999 -9999 -9999 -9999 -9999 1074.434135 509.199944 414.136878 395.167698 377.760393 390.028459 468.357185 611.747964 814.063251 1079.992298 1542.276301 1717.457837 1865.692226 1978.078514 77.689984 122.595968 1202.726261 1889.267557 1710.697798 2541.549843 2757.697456 2760.262933 2976.48833 3004.915237 3468.413837 3361.429976 3667.85406 5250 1286.331278 1295.604905 740.188952
-9999 -9999 -9999 -9999 -9999 -9999 -9999 -9999 -9999 -9999 -9999 -9999 -9999 -9999 -9999 -9999 -9999 -9999 -9999 -9999 -9999 -9999 -9999 -9999 -9999 -9999 -9999 -9999 -9999 -9999 94.656859 100.713421 52.589721 -9999 -9999 -9999 -9999 -9999 745.855805 470.945418 337.1016 249.924913 180.668302 176.243206 280.468028 472.411733 579.070387 904.095309 1203.215638 1378.63345 1473.06339 1797.118014 3071.358943 2357.067818 1076.299634 911.006601 754.306433 1128.507555 1361.998053 1547.297931 2359.229229 2577.679513 2695.305582 2600.560795 2708.86464 2830.602325 5250 3051.483469 1421.442376
