STOTEN_Data/raw/Age_yrs_800ft.asc
ncols         250
nrows         718
xllcorner     -2256000
yllcorner     1557000
cellsize      1000
NODATA_value  -9999
[rows 186 to 216 of 718, columns 0 to 68 of 250]
-9999 -9999 -9999 -9999 -9999 -9999 -9999 -9999 -9999 -9999 -9999 -9999 -9999 -9999 -9999 -9999 -9999 -9999 -9999 -9999 -9999 -9999 -9999 -9999 -9999 -9999 -9999 -9999 -9999 -9999 423.902383 448.870408 465.307191 556.43978 647.050609 675.844427 714.779114 805.830364 837.219494 942.251361 809.8455 727.990191 629.866037 608.957223 551.764064 534.02585 561.104859 595.585838 620.448859 616.103595 640.7338 676.578059 796.716452 1268.32947 1997.399805 3010.431737 5250 2543.478388 983.537401 964.115975 5124.644063 439.661635 334.457738 352.078246 228.996653 159.809486 156.077281 156.054842 143.006497
-9999 -9999 -9999 -9999 -9999 -9999 -9999 -9999 -9999 -9999 -9999 -9999 -9999 -9999 -9999 -9999 -9999 -9999 -9999 -9999 -9999 -9999 -9999 -9999 -9999 -9999 -9999 -9999 -9999 -9999 423.902383 424.083124 533.59263 636.39504 679.379862 712.555324 741.635102 681.775036 676.440215 704.59541 838.378943 737.144187 621.011108 547.052556 528.256368 545.323541 535.5305 549.670107 589.97616 613.221127 616.000421 655.521233 915.639353 1197.098948 2035.920487 3006.006147 5250 2560.299637 2145.340693 5177.610449 4898.828805 466.551965 376.550308 430.2764 262.789067 185.740245 180.369609 156.107152 156.054634
-9999 -9999 -9999 -9999 -9999 -9999 -9999 -9999 -9999 -9999 -9999 -9999 -9999 -9999 -9999 -9999 -9999 -9999 -9999 -9999 -9999 -9999 -9999 -9999 -9999 -9999 -9999 -9999 -9999 -9999 371.74984 371.74984 531.190962 658.646084 675.633529 627.371388 644.520773 648.119778 657.911518 681.183833 741.742547 933.064766 629.806342 584.834753 526.990511 579.382153 528.74201 531.034799 586.837667 612.764103 612.897847 653.181223 877.133184 1196.96152 2059.509715 3024.47402 5250 2550.925689 3400.002034 5250 4233.038419 503.474958 425.49344 571.870219 306.832978 278.215534 221.298837 170.710725 159.923314
-9999 -9999 -9999 -9999 -9999 -9999 -9999 -9999 -9999 -9999 -9999 -9999 -9999 -9999 -9999 -9999 -9999 -9999 -9999 -9999 -9999 -9999 -9999 -9999 -9999 -9999 -9999 -9999 -9999 -9999 445.163332 416.849989 508.365565 553.68131 569.821688 532.79912 595.638392 590.337375 567.646229 642.00146 700.64099 799.813755 807.57794 600.470139 562.747546 546.706604 551.173907 549.153032 593.329552 617.57377 608.591668 713.081075 806.357371 1163.199123 1968.45566 3400.286568 5250 1513.105022 4669.699528 5250 3707.368794 2489.708218 543.251422 635.463691 320.449141 296.203167 284.339397 185.990719 169.61738
-9999 -9999 -9999 -9999 -9999 -9999 -9999 -9999 -9999 -9999 -9999 -9999 -9999 -9999 -9999 -9999 -9999 -9999 -9999 -9999 -9999 -9999 -9999 -9999 -9999 -9999 -9999 -9999 -9999 445.107238 445.107238 496.048093 496.049715 561.848199 631.054545 633.187462 626.322348 544.525378 558.257388 641.790618 700.688552 736.917638 831.739914 762.856119 579.655304 565.916383 554.182349 548.276468 599.309123 633.785563 615.752034 719.426308 777.006321 1269.845447 1970.105923 3440.80673 5250 2498.788569 5250 5250 3107.439145 1429.821007 655.785531 745.209972 399.687354 315.345113 305.38893 293.556143 186.00617
-9999 -9999 -9999 -9999 -9999 -9999 -9999 -9999 -9999 -9999 -9999 -9999 -9999 -9999 -9999 -9999 -9999 -9999 -9999 -9999 -9999 -9999 -9999 -9999 -9999 -9999 -9999 -9999 -9999 462.412017 520.28935 640.933276 706.904186 628.779654 633.590361 665.415101 643.590249 635.63019 667.872477 700.02155 776.244706 774.121272 775.480532 841.971441 703.273413 620.549636 585.134625 568.098459 585.497169 643.039868 641.081082 709.109194 830.561011 1302.799889 2170.628314 3312.234731 5250 1569.768298 5250 4956.74493 3066.13265 756.260741 741.88995 895.292608 610.783506 361.662119 309.335575 303.37294 306.720276
-9999 -9999 -9999 -9999 -9999 -9999 -9999 -9999 -9999 -9999 -9999 -9999 -9999 -9999 -9999 -9999 -9999 -9999 -9999 -9999 -9999 -9999 -9999 -9999 -9999 -9999 -9999 -9999 -9999 30 640.632613 666.263823 943.203769 942.635762 878.685435 805.889879 780.374485 767.904557 805.06913 810.863767 907.778851 970.83755 747.513205 745.36667 770.446272 676.625833 672.633545 648.272384 663.608275 707.64486 706.122795 723.021804 940.113835 1212.201268 2776.336395 3052.32349 5250 1555.117183 1551.130568 5250 3076.80796 843.235383 796.839023 911.763645 626.109664 488.325172 343.294027 330.183994 347.287905
-9999 -9999 -9999 -9999 -9999 -9999 -9999 -9999 -9999 -9999 -9999 -9999 -9999 -9999 -9999 -9999 -9999 -9999 -9999 -9999 -9999 -9999 -9999 -9999 -9999 -9999 -9999 -9999 -9999 5250 1296.937631 1606.105458 1474.840463 1632.398515 1428.797258 1297.424194 1145.793267 1105.811404 1107.054246 1006.60734 1100.516033 1200.637482 774.433311 746.237629 711.560361 679.047577 671.570923 731.969597 738.419238 736.004654 773.741824 842.571083 972.419983 1141.009224 2165.528298 3116.164118 5220.944559 1433.235859 1556.907675 5250 3082.995475 946.007393 850.83181 1161.096581 734.977881 550.873458 413.851239 383.572175 382.737982
-9999 -9999 -9999 -9999 -9999 -9999 -9999 -9999 -9999 -9999 -9999 -9999 -9999 -9999 -9999 -9999 -9999 -9999 -9999 -9999 -9999 -9999 -9999 -9999 -9999 -9999 -9999 -9999 -9999 2975.46012 2635.282932 2758.332437 3509.820103 4227.255063 3771.544213 2696.863638 2223.9413 1728.852149 1592.48937 1467.35238 1495.472241 1464.800984 1010.181289 771.264227 745.295685 728.390764 674.038429 736.562311 738.849978 745.573336 779.66792 914.086479 1036.598799 1167.544244 1970.339776 3128.318676 5237.645448 1511.769942 1522.610751 4666.481433 3098.234994 1118.693112 855.887361 1114.182556 833.415569 715.442171 625.197198 649.96487 390.311097
-9999 -9999 -9999 -9999 -9999 -9999 -9999 -9999 -9999 -9999 -9999 -9999 -9999 -9999 -9999 -9999 -9999 -9999 -9999 -9999 -9999 -9999 -9999 -9999 -9999 -9999 -9999 -9999 -9999 1525.347935 1201.56115 1362.958249 1268.936477 1239.659838 1417.915496 1705.727085 2871.80002 3697.048121 2530.707679 2369.33976 2345.863752 2750.758804 1172.112021 867.938008 771.561538 739.226902 673.591044 677.58545 707.145961 746.644794 763.854021 878.398342 1018.831127 1202.412024 1569.964608 4394.118696 5237.645448 1576.49094 1619.698501 3964.336262 3112.247374 1138.344571 972.078584 1137.522694 918.433839 793.461074 745.543954 808.205978 664.247549
-9999 -9999 -9999 -9999 -9999 -9999 -9999 -9999 -9999 -9999 -9999 -9999 -9999 -9999 -9999 -9999 -9999 -9999 -9999 -9999 -9999 -9999 -9999 -9999 -9999 -9999 -9999 -9999 -9999 965.822358 764.76702 795.563841 795.119823 837.870593 1003.024403 1233.198308 1536.505236 2005.73165 3027.399098 5250 3846.442399 3846.442394 3884.270686 999.195036 772.68755 767.781245 741.615452 670.07613 681.384051 772.573659 800.845012 877.584533 975.257148 1209.970506 1531.403102 3106.36813 5250 1551.047415 1698.729872 4071.982352 2472.120804 1185.087908 1198.750179 1305.003751 1079.769291 887.523078 789.200596 946.351337 1319.971471
-9999 -9999 -9999 -9999 -9999 -9999 -9999 -9999 -9999 -9999 -9999 -9999 -9999 -9999 -9999 -9999 -9999 -9999 -9999 -9999 -9999 -9999 -9999 -9999 -9999 -9999 -9999 -9999 -9999 768.171738 554.391928 554.704379 630.346251 750.17251 766.225581 929.865368 1135.505391 1477.576409 1932.326541 3057.163939 3876.031517 5250 4137.299886 1105.660005 964.9132 689.197721 664.140351 649.446668 656.12505 661.100625 721.680316 793.50404 990.641556 1210.239493 1473.218186 2708.487709 5250 5250 3432.444745 3770.514959 2567.712582 1239.856421 1227.921695 1336.903016 1281.748176 1053.296237 1201.813935 973.66457 1574.581673
-9999 -9999 -9999 -9999 -9999 -9999 -9999 -9999 -9999 -9999 -9999 -9999 -9999 -9999 -9999 -9999 -9999 -9999 -9999 -9999 -9999 -9999 -9999 -9999 -9999 -9999 -9999 -9999 -9999 436.515253 478.437943 455.566164 482.949649 540.282531 644.329427 754.548495 898.928859 1303.748371 1832.603452 2587.789734 3369.192092 4271.439462 4380.445867 3877.017085 906.579112 626.845561 626.227225 625.707931 629.050649 656.803241 655.19237 715.753308 858.496377 1167.656459 1432.440774 2370.696355 4270.803249 5250 4275.800805 2340.911844 2175.84615 1364.08925 1281.735543 1407.016442 1367.693459 1295.073117 1215.072955 1676.56417 2271.34229
-9999 -9999 -9999 -9999 -9999 -9999 -9999 -9999 -9999 -9999 -9999 -9999 -9999 -9999 -9999 -9999 -9999 -9999 -9999 -9999 -9999 -9999 -9999 -9999 -9999 -9999 -9999 -9999 -9999 329.449023 350.203316 376.52954 418.990284 -9999 -9999 831.284793 865.249205 1101.555793 1795.170361 2597.629383 3062.1216 4058.907057 5250 4680.540923 827.284187 718.160328 585.990494 585.548148 559.26328 621.854767 621.089434 653.975132 793.332854 1004.042062 1302.917909 1805.766695 3666.997618 5250 3867.816231 2184.537137 1453.067425 1394.911556 1456.905099 1435.999841 1343.263382 1349.075415 1397.369723 2045.679873 2727.051584
-9999 -9999 -9999 -9999 -9999 -9999 -9999 -9999 -9999 -9999 -9999 -9999 -9999 -9999 -9999 -9999 -9999 -9999 -9999 -9999 -9999 -9999 -9999 -9999 -9999 -9999 -9999 -9999 -9999 237.756387 169.37582 227.301465 383.057013 1797.518937 -9999 -9999 -9999 1267.609058 1762.832519 2518.54311 2997.43949 3964.747455 5250 5250 781.852436 652.116198 585.463607 559.037445 559.708998 558.940743 590.692035 627.041592 664.515607 749.585742 1229.039278 1530.93971 2779.041065 4691.454722 5250 2581.453933 1446.804637 1459.444198 1451.026855 1459.282452 1370.127745 1370.514752 1409.953863 1578.000131 2864.467545
-9999 -9999 -9999 -9999 -9999 -9999 -9999 -9999 -9999 -9999 -9999 -9999 -9999 -9999 -9999 -9999 -9999 -9999 -9999 -9999 -9999 -9999 -9999 -9999 -9999 -9999 -9999 -9999 30 206.660479 200.297287 224.332393 -9999 1932.117719 30 30 1545.794609 1493.941823 1993.146318 2436.626505 2955.418534 4061.076762 5250 675.702762 3279.757693 512.107571 544.24788 558.267303 558.126616 558.547824 617.90234 620.003268 623.658397 666.696517 866.064834 1239.906281 1802.150449 3577.42293 5250 1563.667936 1479.616828 1530.055698 1497.914971 1432.573325 1398.022293 1403.50334 1494.187165 2458.317911 3121.56136
-9999 -9999 -9999 -9999 -9999 -9999 -9999 -9999 -9999 -9999 -9999 -9999 -9999 -9999 -9999 -9999 -9999 -9999 -9999 -9999 -9999 -9999 -9999 -9999 -9999 -9999 -9999 -9999 -9999 324.408672 290.816085 418.08979 -9999 -9999 -9999 -9999 2235.629178 1868.576642 2153.90704 2545.464342 3128.795403 4661.401494 5250 997.278252 776.595391 490.075295 513.339205 539.415807 557.707222 558.684822 617.645335 617.742481 615.859977 599.738886 667.711259 964.162421 1368.432138 2141.621328 5250 1964.208813 2278.2207 1527.608142 1521.422731 1484.685574 1474.099466 1476.314055 1651.087259 3599.073422 3798.510017
-9999 -9999 -9999 -9999 -9999 -9999 -9999 -9999 -9999 -9999 -9999 -9999 -9999 -9999 -9999 -9999 -9999 -9999 -9999 -9999 -9999 -9999 -9999 -9999 -9999 -9999 -9999 -9999 -9999 30 294.664895 395.781434 1719.703627 -9999 -9999 -9999 -9999 2361.629486 2486.902804 2826.291401 3637.55658 4946.53879 5250 1534.545188 1699.347974 483.530085 492.495151 539.060207 557.658791 557.707031 616.841316 617.121589 617.644705 594.678224 590.731319 776.896558 1070.296564 1761.182993 4041.106336 5250 1850.279711 1727.142522 1609.107612 1557.799445 1575.366409 1620.270768 4259.334582 3958.493434 3771.576976
-9999 -9999 -9999 -9999 -9999 -9999 -9999 -9999 -9999 -9999 -9999 -9999 -9999 -9999 -9999 -9999 -9999 -9999 -9999 -9999 -9999 -9999 -9999 -9999 -9999 -9999 -9999 -9999 -9999 30 343.461352 342.566335 1196.090455 -9999 -9999 -9999 -9999 2949.696116 2995.531969 3427.539448 4472.921645 5246.276633 5250 2342.528862 2470.33471 488.058856 495.610945 539.166093 555.697409 557.845555 616.60916 617.080367 622.24935 622.697885 622.609319 720.79928 922.425055 1506.292652 2538.366858 5250 3171.446371 2342.492069 2080.240842 1789.23882 1783.550051 4719.138699 4363.442612 3864.681806 2997.758229
-9999 -9999 -9999 -9999 -9999 -9999 -9999 -9999 -9999 -9999 -9999 -9999 -9999 -9999 -9999 -9999 -9999 -9999 -9999 -9999 -9999 -9999 -9999 -9999 -9999 -9999 -9999 -9999 -9999 30 431.747875 317.969544 797.356843 -9999 -9999 -9999 -9999 3855.872654 3525.467848 4402.655622 5250 5250 5250 3347.560634 2082.065431 656.605602 875.122327 539.326498 556.005207 556.600201 615.780433 622.189959 622.940512 622.726598 653.157767 695.875661 954.248219 1478.199248 2438.450227 5250 3209.450501 3137.903106 2611.915004 2646.808367 3202.112289 5250 4167.546578 3392.002166 1791.582562
-9999 -9999 -9999 -9999 -9999 -9999 -9999 -9999 -9999 -9999 -9999 -9999 -9999 -9999 -9999 -9999 -9999 -9999 -9999 -9999 -9999 -9999 -9999 -9999 -9999 -9999 -9999 -9999 -9999 2780.105772 474.954564 320.241351 617.663039 -9999 -9999 -9999 -9999 5250 4495.19914 5250 5250 5250 44.832307 44.832307 3564.079788 1537.542599 1866.823398 632.518682 836.093631 614.771068 615.85513 626.868611 662.467898 622.996208 684.407588 755.722669 1200.955747 1439.76832 2466.78106 5250 3279.678018 3104.46825 3000.813292 3033.988576 3711.339592 4764.753168 3703.110338 2282.205538 973.796718
-9999 -9999 -9999 -9999 -9999 -9999 -9999 -9999 -9999 -9999 -9999 -9999 -9999 -9999 -9999 -9999 -9999 -9999 -9999 -9999 -9999 -9999 -9999 -9999 -9999 -9999 -9999 -9999 -9999 771.94749 433.337607 304.212097 30 -9999 -9999 -9999 -9999 5250 5250 5208.213552 4733.470226 5250 3270.431211 3663.162218 5250 5250 4204.737306 4074.160632 1736.814481 651.929173 735.303004 626.454833 684.640017 666.766579 692.711147 864.558961 1315.17095 1702.570118 2682.067416 5250 5250 3358.501397 3073.27206 3247.822659 5250 4097.415026 3073.793064 1521.673282 956.753774
-9999 -9999 -9999 -9999 -9999 -9999 -9999 -9999 -9999 -9999 -9999 -9999 -9999 -9999 -9999 -9999 -9999 -9999 -9999 -9999 -9999 -9999 -9999 -9999 -9999 -9999 -9999 -9999 -9999 341.180802 424.987033 304.090312 455.799695 -9999 -9999 -9999 -9999 5250 5250 5250 5250 5250 5250 5250 5250 5250 5250 5245.995893 3564.066912 2038.434138 1322.241452 661.078868 690.037628 700.060883 786.935026 1106.305815 1396.143355 1766.394645 3077.122897 5250 5250 4059.142051 4064.662423 4368.301728 5166.494165 3053.069299 2270.399237 1609.572306 953.73054
-9999 -9999 -9999 -9999 -9999 -9999 -9999 -9999 -9999 -9999 -9999 -9999 -9999 -9999 -9999 -9999 -9999 -9999 -9999 -9999 -9999 -9999 -9999 -9999 -9999 -9999 -9999 -9999 -9999 -9999 372.449997 300.949517 463.10477 -9999 -9999 -9999 -9999 5250 5250 5250 5220.944559 4273.358848 3795.595512 4292.398633 4330.170865 4525.344415 5250 5250 5250 5250 1871.641015 691.950327 689.201408 750.426336 860.423735 1373.478511 1495.423154 2402.364816 3777.542038 5250 5250 5250 4672.327377 5250 4916.191327 1494.706227 2197.009991 1668.135986 953.213613
-9999 -9999 -9999 -9999 -9999 -9999 -9999 -9999 -9999 -9999 -9999 -9999 -9999 -9999 -9999 -9999 -9999 -9999 -9999 -9999 -9999 -9999 -9999 -9999 -9999 -9999 -9999 -9999 -9999 -9999 392.719453 274.151572 536.979931 30 -9999 -9999 -9999 -9999 5250 4862.422998 4270.017142 3891.607126 4039.71493 4164.698705 4138.599499 4659.047323 4507.560452 5079.169519 5250 5250 2243.797015 1041.42886 783.877647 840.545043 1145.48306 1475.941196 1743.626356 2781.254151 4086.276855 5250 5250 5250 5250 5076.967846 4955.874742 1558.010676 2333.874995 1655.678735 1092.593249
-9999 -9999 -9999 -9999 -9999 -9999 -9999 -9999 -9999 -9999 -9999 -9999 -9999 -9999 -9999 -9999 -9999 -9999 -9999 -9999 -9999 -9999 -9999 -9999 -9999 -9999 -9999 -9999 -9999 -9999 439.666332 266.834124 455.556028 30 -9999 -9999 -9999 -9999 3289.729584 3358.554695 3067.679295 2974.949459 2880.307657 2830.862671 2950.304232 3225.802183 3881.23783 4030.120564 5250 5225.188227 2521.960017 2399.760609 963.055341 892.855664 1467.97547 1708.55164 2205.114543 3885.474655 4675.568851 5250 5250 5250 5250 5175.268081 5230.89617 1669.094104 1410.35667 1917.356409 1232.71293
-9999 -9999 -9999 -9999 -9999 -9999 -9999 -9999 -9999 -9999 -9999 -9999 -9999 -9999 -9999 -9999 -9999 -9999 -9999 -9999 -9999 -9999 -9999 -9999 -9999 -9999 -9999 -9999 -9999 -9999 408.411304 253.203949 429.111935 429.111935 -9999 -9999 -9999 -9999 2365.475534 2511.380974 2327.724223 2127.73162 1006.51715 1394.63568 1104.469831 2514.572787 2827.40063 3331.249108 3888.542426 5250 5225.188227 2437.09293 2496.95348 1677.322878 2180.368581 2276.324027 2957.932454 4275.49623 5178.348664 5250 5250 5250 5250 5237.645448 5250 3229.607826 1465.46435 2060.674375 1275.153424
-9999 -9999 -9999 -9999 -9999 -9999 -9999 -9999 -9999 -9999 -9999 -9999 -9999 -9999 -9999 -9999 -9999 -9999 -9999 -9999 -9999 -9999 -9999 -9999 -9999 -9999 -9999 -9999 -9999 -9999 480.486449 253.189319 383.442942 483.972334 30 -9999 -9999 -9999 2003.558356 1696.042 1491.914461 1553.039161 1028.310092 1055.017736 1663.271781 1898.259505 2271.861369 2755.090243 3152.649672 4205.470426 5250 2544.427247 2648.368473 1866.117707 775.342229 1250.399731 5250 5250 5250 5250 5250 5250 5250 5250 5250 5250 1536.780722 1631.095015 1386.268205
-9999 -9999 -9999 -9999 -9999 -9999 -9999 -9999 -9999 -9999 -9999 -9999 -9999 -9999 -9999 -9999 -9999 -9999 -9999 -9999 -9999 -9999 -9999 -9999 -9999 -9999 -9999 -9999 -9999 -9999 354.958251 319.032259 217.233982 580.830676 30 -9999 -9999 -9999 2063.649221 1300.42685 1142.415236 1112.036159 1066.047559 1068.915505 1240.458666 1465.135616 1698.752072 2368.994268 2608.930038 3266.263933 4504.064247 1112.180767 1170.154925 1273.041153 776.012398 5250 5250 4038.284496 3974.231166 3564.033138 3930.497121 3964.719381 5250 5250 5250 5250 1710.461425 1472.646735 1485.242163
-9999 -9999 -9999 -9999 -9999 -9999 -9999 -9999 -9999 -9999 -9999 -9999 -9999 -9999 -9999 -9999 -9999 -9999 -9999 -9999 -9999 -9999 -9999 -9999 -9999 -9999 -9999 -9999 -9999 -9999 516.62888 412.051577 217.500608 -9999 -9999 -9999 -9999 -9999 1826.583372 1003.47757 832.598713 767.119543 763.778544 771.530458 914.571978 1109.088107 1398.873481 1827.918379 2251.456222 2514.656377 2751.655402 3590.414391 5250 5250 4669.618033 3872.279665 3206.640111 3027.079044 2830.140114 2758.081441 2976.579873 2976.658792 3232.289668 3362.290698 4867.524679 5250 3551.994786 1547.653713 1446.669198
-9999 -9999 -9999 -9999 -9999 -9999 -9999 -9999 -9999 -9999 -9999 -9999 -9999 -9999 -9999 -9999 -9999 -9999 -9999 -9999 -9999 -9999 -9999 -9999 -9999 -9999 -9999 -9999 -9999 -9999 440.935097 400.737268 189.630144 -9999 -9999 -9999 -9999 -9999 1603.425783 876.893758 638.678792 593.420106 586.159225 588.31772 732.931864 839.569204 1045.353236 1520.984623 1766.965335 1862.748866 2100.58459 2579.249023 3072.051126 3501.016019 3100.043869 2890.131196 2696.354088 2604.295236 2341.372776 2338.31094 2613.997707 2568.196031 2505.341744 2696.740932 3125.110052 3808.241568 5250 5250 1547.65368
