STOTEN_Data/raw/Age_yrs_400ft.asc
ncols         250
nrows         718
xllcorner     -2256000
yllcorner     1557000
cellsize      1000
NODATA_value  -9999
[rows 372 to 402 of 718, columns 69 to 137 of 250]
-9999 306.940951 307.163278 300.84292 454.377252 965.593507 1105.054932 1001.360932 1216.963275 1500.005536 3061.859703 5250 5250 5250 4386.704938 3128.33892 2104.522803 1728.920513 1583.029225 1362.132745 1218.987495 1159.053152 901.769101 855.827914 1026.391267 1655.552162 2931.662978 336.126328 467.644837 1871.587835 701.267777 383.093601 190.464351 199.536486 193.804694 194.91732 1640.854668 3469.053802 4473.389573 5250 2896.390479 4204.769604 2279.256259 2241.484527 2180.297858 2039.13166 1711.208134 2298.849025 3398.599336 2061.966389 1636.986324 1093.987373 588.386043 926.507095 2619.59416 2383.925482 2957.878568 2077.221344 2108.042069 2267.293106 2015.738883 1973.272685 1605.687643 2064.992483 1552.131186 1306.729633 118.28653 135.951145 146.639288
-9999 306.940951 307.294847 433.862922 699.680614 963.782406 975.051625 830.762894 1344.189191 1500.005536 3901.491011 5250 5250 5250 5250 3887.120396 2397.079138 1735.681475 1654.940375 1428.055961 1386.943405 1093.960372 960.926202 759.607054 669.534126 603.582147 604.045019 888.898637 1442.010342 1959.249154 756.141608 456.73447 294.644387 245.785211 183.094336 180.560139 989.527546 1020.981307 1557.938413 2168.119787 2196.901231 5098.293647 4106.767254 2478.225909 1310.743449 1199.31487 1034.531068 821.000565 3405.52932 308.172356 277.267052 5250 4536.005356 2195.854445 3095.581101 4209.186966 2841.497639 2265.632674 2514.098921 2377.805544 2096.170635 2202.49173 1905.685875 1440.703625 928.033188 919.964952 126.769922 129.614274 167.363961
-9999 -9999 296.609421 356.171202 311.084197 807.176793 971.074611 937.638462 1237.178331 2726.670801 4729.364068 5250 5250 5250 5250 5250 2594.867335 1843.314202 1668.271856 1551.13843 1425.218021 1170.84263 1025.542236 830.605113 618.87389 657.849884 585.670944 573.26338 554.501225 644.342745 612.021513 654.5332 438.239436 275.854982 220.125388 213.989091 848.076657 547.187376 644.72773 880.364622 907.650809 1042.221569 1016.648253 1603.64213 980.08338 643.563489 609.639845 577.114119 566.93092 1436.768928 1069.395364 4873.468205 3159.676151 3314.077827 2073.267348 4198.195682 2807.803857 2271.656752 2118.431294 1712.773453 1262.178537 1208.54706 1068.733247 996.40793 1062.673704 1032.296984 136.312022 118.593846 156.065298
-9999 -9999 295.130662 298.236485 298.38058 448.162675 970.685121 1205.529654 1881.587485 3201.120707 3668.771121 5250 5250 5250 5250 5250 5250 5250 3474.55225 3914.566978 3834.781626 4340.390033 1931.312381 893.623643 959.877482 907.710552 885.802524 807.182805 654.284316 680.874398 622.284111 508.530601 372.335643 286.427241 259.200981 232.669425 453.12409 496.451465 498.27808 493.603515 489.214778 733.333136 874.997846 758.519834 632.686166 572.460415 499.812363 458.730736 474.981265 421.090218 885.304435 935.505845 3108.869998 1756.792036 1756.759312 2725.813465 2562.083976 2877.899612 1813.983711 1953.169644 1471.391988 914.71844 747.367514 658.969822 609.002472 596.135673 556.068362 118.352358 156.074256
-9999 -9999 -9999 295.280295 49.059148 283.624019 606.959251 1128.977705 2987.307318 2987.418528 3016.436152 4297.248721 5250 5250 5250 5250 3476.265392 2354.730169 1827.843991 1755.812507 1626.735366 1361.330001 1136.617559 1035.931385 833.847964 685.891876 560.910291 617.292424 792.619508 798.096839 588.044247 608.383749 392.594135 345.647182 279.914175 225.806757 405.261332 426.411588 406.880963 339.25695 349.08724 557.628051 656.878283 725.893586 595.542639 531.958182 425.625373 373.781669 402.100523 345.153141 799.746734 627.297629 703.871066 1589.775032 1516.09816 2700.90001 2083.911579 2400.400307 2388.818756 2046.621862 1578.087249 1134.977253 672.162402 363.992371 283.430207 283.674156 238.677287 126.802011 357.905544
-9999 -9999 -9999 -9999 49.059148 166.689663 2987.418522 1437.363966 1508.086331 1601.221795 2988.765453 2838.715424 5250 5250 5250 4873.359845 3568.0162 2358.523515 1807.617746 1671.614686 1562.39423 1394.188576 1134.954962 998.413599 829.679981 700.306754 637.654936 624.432825 689.877125 669.768319 827.555938 623.733622 425.966792 370.345382 319.204085 210.183977 344.708821 464.083896 366.46183 334.720873 319.164903 473.088748 699.849483 644.658106 580.909579 451.458117 359.113187 262.837794 254.158629 239.622585 589.171518 727.977505 431.823859 418.354972 1355.065041 2703.084897 2101.76762 1920.95062 2512.935687 2410.924993 2115.896602 2019.738657 2834.229443 360.411106 180.013616 223.755834 259.861191 185.743006 357.905544
-9999 -9999 -9999 -9999 -9999 1043.173652 844.82431 909.841153 916.448597 1333.026008 2724.606164 2091.445346 4374.428796 5250 5250 4463.915455 3099.383672 2118.249789 1834.095994 1672.485243 1588.91818 1399.736019 1229.251703 1068.69068 840.065501 844.172247 831.656089 865.53479 731.428356 773.750691 871.192333 736.91735 797.64875 570.735854 447.396208 220.939951 252.846435 500.276614 457.529691 347.075522 335.077473 439.453417 672.130328 594.462059 482.67549 405.549893 325.690099 216.06821 206.408566 187.433516 187.500344 544.798759 413.527507 414.49015 1569.559987 2250.085072 2241.962632 1811.425123 2028.355109 2435.831788 2385.886271 2406.289203 2017.976171 1750.506008 699.288836 134.060448 200.002956 449.234631 337.0705
-9999 -9999 -9999 -9999 -9999 407.136538 453.87964 980.547824 980.457371 1010.953041 2175.27388 1544.788943 2486.771768 5250 5250 4312.815344 3098.928096 2071.697142 1833.651155 1638.822394 1518.850629 1329.494518 1139.494506 901.469168 903.065542 838.909236 773.616387 739.627867 782.962414 690.127619 827.25309 776.00065 704.046363 603.154317 370.993921 290.354555 240.828124 492.6367 491.918896 367.013225 413.080547 413.452173 472.242558 485.331812 417.370884 324.782146 256.018769 200.566787 179.76814 190.224704 190.728633 352.45978 392.810583 438.583141 773.19233 699.157608 1956.952768 1882.489752 2508.222979 2116.847249 2112.539285 2042.569225 2107.346312 2076.274708 2164.477028 1017.714862 583.576668 680.303392 446.2423
-9999 -9999 -9999 -9999 -9999 330.466556 226.603882 473.953523 789.647501 813.952598 1282.514124 1560.497345 1450.824243 4812.356575 5250 4581.912211 2899.033163 2121.44897 1805.760144 1635.163674 1509.381766 1360.374172 1174.502658 963.164905 836.878011 732.330649 706.4314 700.505957 690.943231 631.699179 632.125381 695.607254 590.496288 667.445799 410.575925 369.978412 220.036429 327.853241 280.608805 313.123317 290.394059 255.824707 263.029084 310.451655 333.108141 296.333981 231.244118 207.526697 167.464972 193.504919 217.11243 330.668596 328.342666 417.247712 467.757985 469.206317 1725.06815 1516.0894 1840.032205 1506.31731 1920.92104 1900.802562 1805.220773 1946.530503 1836.242454 1105.65397 910.454379 901.01914 155.033181
-9999 -9999 -9999 -9999 -9999 -9999 203.60032 473.2472 799.292596 823.714171 824.417211 810.318408 1227.281649 4271.541827 5250 5250 4033.546473 2365.440547 1801.150751 1593.787783 1354.416365 1128.536872 968.48319 865.401453 763.353455 761.172453 733.451652 700.191073 612.152414 647.823189 745.331765 719.188374 649.453343 574.038444 631.594876 526.631158 457.193271 359.522163 200.280223 277.86234 529.759411 457.871241 253.051702 292.047699 283.541831 280.72489 232.562132 221.345156 190.691173 210.220587 280.090697 315.391139 327.531299 447.28532 446.18813 467.940142 1048.647019 874.089879 1115.155158 1172.128666 1247.849785 1784.799702 1503.207036 1330.690327 1498.490274 1243.578557 1013.293295 936.108313 1129.941682
-9999 -9999 -9999 -9999 -9999 -9999 305.294722 441.461995 808.872328 828.261446 855.956723 744.145467 1417.595162 4038.59579 5250 5250 4166.215796 2562.607555 1765.813403 1583.718915 1386.649197 1105.668839 1051.809604 758.651853 801.849418 808.961814 681.736071 619.956434 479.391489 435.993439 503.298282 357.498167 4055.233002 1157.133729 555.37149 530.250386 379.866511 367.064162 361.060443 252.762176 406.297902 383.138032 229.71772 293.938145 283.567142 287.3702 275.91155 242.625699 229.196362 236.491381 293.925995 416.463243 415.285605 451.261786 439.367424 444.287912 460.158741 1289.224856 1105.974183 1050.780168 1078.830688 1047.30038 1004.765738 1101.313157 1130.824844 1240.620271 1515.56288 944.86017 900.990956
-9999 -9999 -9999 -9999 -9999 -9999 318.184722 341.024285 1075.800274 924.595653 867.184723 777.364386 1146.107359 2155.807948 4151.50207 5250 3761.835992 2648.677112 1971.2729 1699.511499 1164.469329 1032.515474 828.331269 747.641058 629.397354 535.947043 556.848168 532.321403 490.174063 464.284622 510.699978 522.601343 462.824398 404.747078 339.540323 293.740112 313.635784 266.480782 147.301762 164.608549 329.973819 367.728489 232.835464 263.046659 287.280974 280.370273 297.01827 274.382392 264.126908 270.22574 299.818505 297.782843 456.013915 481.466305 426.441947 306.6656 302.783155 1181.767556 1042.818022 979.890695 918.616679 875.635536 608.560996 703.713862 802.335035 1035.244572 1270.873867 1236.754069 1214.839166
-9999 -9999 -9999 -9999 -9999 305.602513 317.154935 377.19423 774.2098 1061.918625 1119.282975 905.848493 787.570914 829.813544 2930.808023 5250 4190.647251 2230.705064 1805.357243 1451.355514 1090.545056 961.803788 684.614115 713.852082 725.20701 708.716331 539.602177 438.975794 405.54422 472.516369 506.389007 525.778038 474.401886 396.72456 769.401086 1211.531735 146.596106 183.583823 152.862474 153.923234 292.024018 292.59212 219.869433 200.714452 230.733012 260.259136 277.412228 318.55382 313.178252 290.611624 294.228663 296.612475 436.236536 407.236301 441.331093 418.963397 373.666358 906.186982 974.245572 875.053498 844.20797 746.587674 519.316696 468.285005 593.911204 668.789821 847.542688 1115.347412 1012.597925
-9999 -9999 -9999 -9999 -9999 305.899241 337.386029 590.936415 810.250702 1125.307401 1123.380745 948.993271 766.737315 772.762645 2028.046864 5250 3139.537434 2291.614111 1718.566235 1562.227428 1265.876774 786.939882 644.698708 609.893955 718.843912 538.75186 488.067028 444.674545 514.215654 603.838979 649.018186 618.70241 540.026108 641.599839 1585.74779 1088.278583 596.193612 344.16239 329.561061 297.897608 256.942547 267.225087 309.943051 184.080466 146.042573 177.077529 290.474316 313.609359 314.648289 313.824167 409.317396 440.951978 298.245383 310.534283 299.594195 305.598843 415.13891 485.310666 743.587028 711.233035 650.227184 642.275739 595.161352 468.202413 485.532585 460.457525 606.723599 678.731751 811.288195
-9999 -9999 -9999 -9999 -9999 52.501027 262.205071 456.034287 878.648442 826.401109 1024.034845 1092.225636 1045.525609 1009.335967 1108.609362 5250 3408.797508 2302.07617 1701.26437 1538.072898 1272.63655 767.370852 568.575668 586.70894 640.079325 653.806082 1183.69755 1157.533931 1093.641816 1203.532042 1061.827289 1317.265206 1415.299896 1530.876205 871.062728 735.603429 576.985245 423.48619 336.154515 299.380532 284.347954 239.510304 313.93345 223.754437 229.415935 276.757163 306.892871 306.925558 331.058896 327.66112 337.714473 465.349692 353.710337 271.582583 291.543686 279.485128 293.359842 290.111236 616.123046 608.652062 538.724588 509.761722 404.241364 387.136648 369.596068 379.063674 499.630326 430.92159 641.914774
-9999 -9999 -9999 -9999 -9999 52.501027 446.159406 465.741031 482.580389 1214.937357 1202.230481 1181.351821 1013.835789 1299.162408 1527.899482 5250 3730.311134 2366.355831 1730.412158 1626.479459 1165.642297 823.241015 813.60129 1202.744094 1409.462251 1424.761258 964.986049 992.463509 1026.327654 1037.894781 974.65756 848.812633 911.118738 953.174705 762.638706 675.713658 525.881832 372.790535 270.317534 307.801165 333.595147 293.17178 197.309424 249.508246 239.563589 253.803356 312.931402 319.367671 310.641062 313.825767 329.426539 334.308982 290.095281 239.542175 250.189955 270.03063 297.383719 386.489564 587.274731 511.704792 377.047188 342.746435 303.602852 269.546058 234.326271 334.329515 318.636669 304.591751 474.696988
-9999 -9999 -9999 -9999 204.836674 418.175292 446.353311 471.374177 480.924232 1569.933276 1569.933276 1202.301632 1405.108178 1706.889976 2099.114202 5250 3922.4955 2649.044791 1891.448448 1984.786074 1854.779421 1506.458842 1296.976275 1325.469865 1154.205725 1047.511033 1191.825094 972.348696 957.326967 842.518757 701.073783 604.152555 774.875112 925.901204 814.016777 707.916821 513.792953 404.10101 281.321362 263.772534 307.089656 279.956091 177.337351 190.152534 202.368397 217.447741 244.974609 281.418158 266.716553 272.556419 307.06778 313.451232 283.27844 239.904329 222.801338 220.301713 236.653153 487.712275 388.986386 387.548025 308.824216 249.053827 217.144918 207.497103 206.571495 287.88406 283.097353 226.329275 236.237821
-9999 -9999 -9999 -9999 204.836674 230.957144 437.91107 397.384534 269.993664 369.96749 818.223062 1212.80907 1569.933276 1680.100883 3066.238937 5250 5250 3398.764215 3123.76769 4466.325554 2892.702785 1630.453735 1529.89571 1646.66972 1279.255397 1491.118431 1422.849794 1365.722399 1563.082055 1426.931105 1166.282013 585.034284 435.231356 941.242382 759.336301 743.715271 614.830575 491.705487 333.378643 294.494369 323.375731 483.45406 410.632303 319.968047 197.216499 211.222469 214.24508 221.58157 230.028181 284.205831 309.993494 306.894128 223.779781 210.402703 199.786814 220.80118 256.266397 323.00376 309.982682 281.015935 254.12824 232.445288 220.356126 210.573868 220.068081 260.282799 291.634132 270.783434 294.209229
-9999 -9999 -9999 -9999 105.1341 105.1341 707.055102 266.684252 348.238307 470.415445 534.620001 1567.844691 1569.933276 1680.145051 3063.095514 5250 5250 5250 5250 5250 4261.982755 3118.878547 2085.093036 2029.599435 1827.981678 1794.615111 1499.015103 1332.476767 1291.139413 1241.620167 801.698372 473.840669 393.578232 712.546097 845.854555 899.377936 713.568811 637.673284 449.146919 289.019847 280.760894 376.419749 379.19666 306.959525 187.924065 198.114415 213.695541 219.900611 299.932432 336.978426 305.068137 287.799216 230.088466 227.260919 240.218801 254.113333 263.407121 290.419137 266.462269 252.783902 256.965831 265.967538 256.201502 231.804129 250.279696 303.000186 342.907876 318.301429 293.079828
-9999 -9999 30 -9999 106.954735 263.072388 1562.532743 525.010267 1222.16439 1570.741451 1104.342869 1081.2697 1500.788803 2071.975882 3879.580784 5250 5250 5250 5148.165543 4130.340444 2569.335869 1831.28209 1747.278263 1548.876298 1241.09734 1498.126835 1442.150441 1228.372689 1301.428404 1140.923485 708.543572 398.981261 351.589482 837.133898 1269.912175 1106.445815 919.791279 696.063162 535.798106 326.098102 350.218662 396.356078 398.295636 331.186905 183.855255 221.296793 277.56613 372.638347 370.376586 353.87625 319.036848 283.387621 240.334153 223.823287 239.871525 256.556293 257.320269 252.071358 247.234741 295.700205 314.262335 340.614456 342.83126 313.1708 271.403255 260.873111 296.412722 267.211355 236.80236
-9999 -9999 -9999 -9999 32.743206 377.327616 1219.331988 525.010267 525.010267 540.490536 924.244028 1568.282767 1466.847588 2947.361236 5250 5250 5243.541419 4080.134619 3037.005492 2007.037694 2289.965131 2104.348152 1698.590019 1795.227329 1294.260993 1487.385482 1300.019791 1051.721977 1324.231409 1022.913721 741.617753 409.354052 327.39635 779.516589 965.842488 935.045805 788.643311 599.714506 434.341623 333.359766 329.995623 394.366407 536.710733 386.927171 339.518071 194.911208 268.25248 366.717051 332.647759 362.507671 330.237547 289.288394 254.135312 294.576509 323.118678 307.36778 286.930662 259.657793 310.935974 387.145407 393.345702 350.760266 330.020637 283.769424 256.977408 243.693048 233.362161 197.547135 170.202473
-9999 -9999 -9999 -9999 -9999 426.437609 764.844099 1178.724378 1189.344394 1570.741451 1570.018164 1570.741451 1567.848692 5250 5250 4708.469213 4183.249972 3371.6153 1805.419662 1056.439954 1222.822871 1399.880935 1476.045022 1333.136437 1543.305941 1363.56919 1434.665019 1464.669921 1266.019863 1252.967525 1084.066781 1068.441421 1189.214748 1409.526391 1071.123945 1028.148499 733.212878 559.323982 501.846572 348.971904 412.98502 476.590216 638.990909 391.208414 203.415111 242.887061 284.061106 319.996758 349.227932 361.678374 339.656013 347.086558 339.703158 342.453277 369.597667 320.689754 497.508007 684.93596 410.375662 390.274632 377.114725 329.962108 273.647186 224.193997 217.086167 186.749094 163.374576 143.809338 137.297672
-9999 -9999 -9999 -9999 -9999 203.473247 190.422711 257.674203 453.155816 1375.54987 1570.741451 1570.741451 2856.187784 5250 5250 4474.660253 3480.373879 2601.806904 1905.491871 1341.431747 920.630002 1198.245754 1256.301798 1150.634081 1324.400666 1356.412777 1317.010122 1136.796277 1422.809457 1130.746707 1096.961776 728.967699 1105.954104 1011.2006 880.374237 1076.051932 922.30264 727.316436 609.259598 463.992143 279.985774 282.24465 299.530626 330.87561 242.205596 299.42235 318.10754 368.522194 359.796173 377.554636 380.61272 356.205723 387.212413 962.948202 1234.967823 1070.32532 968.080497 699.190895 819.316928 763.407783 483.899292 344.020164 294.219556 226.561518 213.708889 185.951872 166.971541 168.058012 267.858993
-9999 -9999 -9999 -9999 -9999 233.183725 277.205499 307.959702 411.273163 560.501943 1343.860967 1570.741451 5250 5250 5250 5250 5250 3073.871993 2904.622882 2101.498766 2177.13734 1757.989413 1760.805012 1465.207057 1284.654886 1132.437271 1131.903618 1047.576675 1126.015147 856.869615 965.94987 685.549666 652.668463 712.176665 756.586448 685.947181 674.315997 786.6378 486.179691 346.986542 285.895978 314.271916 308.668115 321.642159 236.543033 385.84969 380.342991 383.417003 376.080745 390.718217 582.68046 939.15455 1595.990702 2732.87575 2609.501254 1509.371389 1739.943225 2029.535631 1542.692168 906.79669 516.012852 343.491111 313.094541 230.276929 240.098595 263.598093 300.463848 408.522095 397.131866
-9999 -9999 -9999 -9999 -9999 30 424.748485 630.654406 726.686809 805.958824 1570.741451 5250 4562.369684 4230.48934 5250 5250 5067.255039 1075.870684 2636.715629 2812.3406 2630.909126 1859.410904 1589.994612 1584.053389 1941.656549 1852.722063 1749.22008 1616.979155 1253.285903 1287.629642 1151.418365 1129.760404 1101.863283 1138.11662 1239.607548 1227.191832 974.400569 803.828904 542.153393 423.497901 497.272596 350.006881 359.950847 348.414281 239.333462 382.95099 841.790957 560.479232 538.790207 830.570669 1671.867623 4280.007106 5250 4484.335424 3499.91321 2871.631352 2365.2726 2067.105083 1801.065608 1497.878615 943.722632 539.326864 522.324279 432.807237 279.44509 296.529288 293.151205 354.730081 339.514397
-9999 -9999 -9999 -9999 -9999 30 -9999 523.846791 496.071036 1465.257489 1481.773918 2899.084751 1907.488254 3350.034223 3280.88756 5077.578721 5250 3364.971387 1007.172019 525.010267 3899.544199 2701.806726 1832.5497 1909.142137 1520.333986 1359.231065 1428.330165 1388.273364 1249.09888 1226.88386 1045.072307 1135.695061 1205.205409 1205.672141 1269.685667 1075.485925 1036.337292 793.867948 699.258014 564.900341 524.977332 534.615522 1042.499744 3128.760439 2912.639148 5250 4876.29173 2259.634339 4476.810676 4533.609721 3004.555559 2505.312995 1577.530334 590.198742 647.342127 914.240654 1176.005186 925.206686 1073.203094 1370.229666 1359.622174 1084.821397 874.523063 766.482425 695.100505 520.207172 371.199086 363.921794 339.420578
-9999 -9999 -9999 -9999 -9999 -9999 -9999 1564.837329 510.8282 857.020617 224.620405 335.740713 1363.813311 1565.01314 3350.034223 2759.397006 3995.756331 5250 2496.575414 1514.845239 2885.676727 5250 4452.957739 2241.665647 2333.437037 2029.724279 2010.341327 1896.199575 1534.461105 1326.740546 1233.446947 1502.500275 1441.853265 1530.570296 1310.538833 1238.994219 1032.373922 803.98468 874.148203 2070.616661 5250 5250 3467.791768 670.459692 319.560638 225.058308 326.367149 349.761014 346.993125 341.610503 362.897706 440.587686 431.809833 416.020902 347.536198 385.280844 404.072491 437.042031 534.09784 775.624753 955.744412 725.151219 748.821026 752.663569 684.139798 548.001208 358.455448 334.24369 307.660091
-9999 -9999 -9999 -9999 -9999 -9999 1560.251213 514.252909 510.8282 510.8282 239.127679 199.867129 1370.241935 1564.849867 1501.903363 2099.54594 2731.224865 3057.063151 5250 3226.064596 2859.688445 4180.117563 3914.106904 2837.913178 5250 4458.674242 2809.658637 2182.299099 2098.305347 1703.773322 1667.014963 1806.648106 1408.74458 3632.450337 5250 5250 4471.247541 3103.775221 2240.164037 1002.033841 653.528552 511.068538 363.939063 305.729384 253.411759 184.055247 240.047704 307.061815 323.3899 342.928653 374.384405 372.792212 383.233849 383.050033 477.535986 579.689087 618.440872 779.171251 1198.911116 845.936658 653.050796 629.801898 630.438289 629.977015 556.201851 426.526901 378.212637 337.170392 296.557135
-9999 -9999 -9999 -9999 -9999 -9999 1397.981256 1302.918626 513.888106 510.8282 110.415951 249.428414 912.049855 1333.685259 1063.941083 1494.514839 2036.185023 2230.009991 5250 5250 3028.42674 4030.276028 3392.717137 2669.198025 2434.814797 2667.335117 2638.38323 2443.814538 2663.143862 2512.964527 2161.543089 2563.117911 2370.084722 2135.166541 1667.528661 1427.379704 1263.9513 1102.768167 935.753875 770.159146 539.882057 494.336402 343.253073 296.953907 224.105403 176.377228 194.154988 216.255233 233.95416 276.804046 332.572616 339.378509 552.756953 581.413292 912.66826 940.779896 969.978813 813.69287 937.303363 753.821237 552.273624 514.253097 492.499598 547.837047 551.345916 371.010358 338.026315 320.722419 310.679504
-9999 -9999 -9999 -9999 -9999 -9999 30 1488.753095 1309.153932 51.08282 51.08282 275.046118 809.868864 973.866883 931.246536 1065.699527 1263.036715 1875.071353 4125.580478 3995.756331 525.010267 4055.480727 3302.867138 2699.494658 2368.941077 2125.941976 1904.990891 1933.634163 1729.949715 1643.361724 1470.031858 1440.985293 1633.717834 1164.101787 1368.488091 1176.562657 1048.182918 1262.240296 1242.874048 672.82141 396.754727 350.606099 512.772867 313.611952 277.975338 293.048948 290.933291 180.821928 226.709204 333.217112 342.842928 595.490192 753.643181 872.302585 1123.068869 1060.443972 848.47725 775.853461 730.870686 683.478042 574.732311 510.361428 517.163813 528.55398 464.634035 374.120331 347.73111 317.549495 327.236036
-9999 -9999 -9999 -9999 -9999 -9999 -9999 1562.213223 1032.095691 51.08282 51.08282 198.308175 820.321237 800.314238 773.872313 954.516097 1175.802559 1729.249349 3784.046357 3995.756331 5250 5128.879237 4067.857372 2675.755167 2334.852793 1970.163286 1691.373293 1469.665321 1437.406329 1325.126613 1229.796399 1098.040144 1000.698536 998.01002 1203.257409 912.89199 983.119868 1271.869521 815.639911 625.140514 540.972895 366.987861 307.778308 309.797466 319.692443 310.652699 322.365084 254.425747 217.020749 338.826475 359.087043 669.847079 693.318506 897.691394 1056.611768 1170.131744 1131.517977 789.854251 685.575297 569.178586 464.079409 399.582025 482.427323 524.948248 495.122968 488.666578 442.037436 341.244286 332.868182
