STOTEN_Data/raw/Age_yrs_1400ft.asc
ncols         250
nrows         718
xllcorner     -2256000
yllcorner     1557000
cellsize      1000
NODATA_value  -9999
[rows 279 to 309 of 718, columns 69 to 137 of 250]
4666.398224 4600.465167 4942.09686 4025.988377 3638.268307 3564.05106 3324.706367 3548.775088 3180.523826 3020.00175 3917.41431 2987.02878 2112.246209 1762.844944 1520.700977 1425.334367 1318.107356 1280.912479 1240.919532 1274.628424 2118.619048 2343.202503 2733.963104 2525.426064 2207.308031 2042.105363 1914.097143 1942.22598 1771.515727 1567.533891 1464.290898 1374.065616 1275.836597 1146.556024 1007.344706 846.232442 806.059104 591.24672 559.016978 517.386839 451.714811 379.998556 322.25009 298.339748 298.084038 356.059428 186.641544 187.488022 48.78987 156.632444 -9999 -9999 -9999 -9999 -9999 -9999 -9999 -9999 -9999 -9999 -9999 -9999 -9999 -9999 -9999 -9999 -9999 -9999 -9999
5030.872902 4813.125919 5250 3896.528864 3773.108632 3761.259411 3622.562023 3546.493475 3356.011636 4160.294639 2759.511196 2461.728543 1888.458295 1694.046936 1563.489863 1486.263678 1407.781466 1393.753309 1663.30141 2241.347568 2933.899034 3008.910668 3074.623888 2848.85564 2671.633831 2515.106855 2309.171155 2076.110681 1876.74992 1684.384375 1565.130678 1429.436591 1332.158359 1211.542279 1042.191766 879.377008 613.62427 522.505189 443.497144 531.831846 577.440122 424.626456 311.868274 305.220684 357.177192 446.584621 50.465318 185.13722 136.646133 97.494867 42.748802 -9999 -9999 -9999 -9999 -9999 -9999 -9999 -9999 -9999 -9999 -9999 -9999 -9999 -9999 -9999 -9999 -9999 -9999
5012.071229 5058.761136 4787.215664 3945.092167 3953.004847 3958.667335 3983.670824 3916.939702 3916.025025 2939.029257 2626.584524 2100.897643 1863.599159 1682.481199 1599.191284 1537.657352 1666.699455 2464.603674 3360.864918 3912.524347 4006.544917 3669.856279 3329.420923 3035.818692 2830.065839 2734.725857 2477.915172 2404.431126 1886.204825 1681.930391 1560.24914 1379.136908 1382.354087 1114.248825 1095.368292 778.897628 697.229268 659.854142 599.154301 671.45381 633.815023 531.709853 328.084892 306.631721 325.83935 466.650007 44.809794 104.202601 125.859001 24.501027 4.5859 -9999 -9999 -9999 -9999 -9999 -9999 -9999 -9999 -9999 -9999 -9999 -9999 -9999 -9999 -9999 -9999 -9999 -9999
5121.662937 5250 4396.434538 4226.256313 4434.758022 4189.482974 4349.314151 3707.195612 3008.28657 2747.95337 2426.386052 2161.16815 1906.239218 1806.327119 1734.314681 2511.621884 2669.382554 4018.527345 4199.746629 3704.597551 3463.088763 3332.546967 3111.97119 2918.484082 2769.360421 2690.756692 2561.127944 2074.135852 1854.715694 1678.073359 1561.37997 1502.748761 1270.562329 1074.46225 857.738974 768.712482 755.919572 794.808901 798.889968 764.836648 747.797798 534.892999 362.969824 312.410275 318.128488 355.471733 346.978662 35.790554 35.790554 22.544832 4.5859 -9999 -9999 -9999 -9999 -9999 -9999 -9999 -9999 -9999 -9999 -9999 -9999 -9999 -9999 -9999 -9999 -9999 -9999
5250 5058.909573 4651.779009 4789.927996 4503.28003 4167.545423 3660.596309 3247.091034 2913.849376 2678.327342 2599.191173 2243.362038 2398.624307 2367.894947 2773.535989 3886.293683 4681.18034 3802.781493 3335.515573 3140.917075 2945.331101 2757.084002 2706.715619 2390.206379 2144.542577 2030.222716 1994.078761 1866.841728 1714.548897 1558.513924 1363.287232 1170.303325 1070.20992 973.34989 972.401492 1007.771079 1082.01372 1010.941718 969.524442 838.77786 779.527923 561.494275 408.279374 351.958362 332.039101 356.318498 437.306709 22.544832 22.544832 22.544832 -9999 -9999 -9999 -9999 -9999 -9999 -9999 -9999 -9999 -9999 -9999 -9999 -9999 -9999 -9999 -9999 -9999 -9999 -9999
5250 5042.02601 5158.658453 5250 4315.288638 4045.58436 3849.252965 3241.917027 2999.876313 2872.088435 3112.388775 2580.880669 2747.079633 2877.30824 4315.672258 3923.203509 4232.523222 3758.071164 3375.577089 3138.846275 2879.427081 2791.636014 2649.049034 2523.723851 2197.503994 2035.216967 1860.641021 1641.174508 1562.659217 1467.952882 1360.620563 1336.899807 1292.376871 1235.326129 1375.603017 1360.077949 1233.247458 1110.114022 981.40814 742.871343 633.92103 651.964542 554.952192 388.141997 356.948051 482.40777 35.663244 22.544832 18.827439 16.66256 15.586585 -9999 -9999 -9999 -9999 -9999 -9999 -9999 -9999 -9999 -9999 -9999 -9999 -9999 -9999 -9999 -9999 -9999 -9999
5250 5250 4977.636228 4600.198109 4087.765271 4514.320572 4028.868358 3280.295657 3042.608831 2940.96895 2917.205116 2899.475549 3073.190409 4404.067434 4383.701859 4550.762741 4402.733705 4075.592274 3702.935766 3579.74429 3307.62492 3156.461934 3014.271469 2850.616804 2763.368842 2727.360049 2442.10475 2357.494276 2067.407752 1934.578671 1850.409008 1679.22243 1605.41728 1564.453005 1481.807854 1179.418864 1076.639501 884.424904 773.669085 742.389823 660.727946 611.597918 507.320045 433.783372 407.55394 442.923409 35.790554 30.582021 30 15.586585 15.586585 30 -9999 -9999 -9999 -9999 -9999 -9999 -9999 -9999 -9999 -9999 -9999 -9999 -9999 -9999 -9999 -9999 -9999
5250 5250 5015.998106 4593.348311 4450.340083 4076.09698 4115.268061 3443.404095 3229.39663 2941.426632 2917.955295 3300.614617 4282.4368 4764.298265 4881.891176 4670.972671 4408.705434 4140.429214 3952.218244 3667.985313 3383.114913 3194.804036 2915.168242 3051.65658 2745.942162 2561.263511 2569.093536 2391.072237 2191.716288 2073.801686 1996.798308 1827.073564 1556.997493 1461.283975 1358.914638 1184.980744 1078.850791 976.213734 873.315826 772.151145 778.160275 814.721129 853.33399 477.159128 533.95543 493.498221 86.596543 155.943853 30 136.057766 30 30 -9999 -9999 -9999 -9999 -9999 -9999 -9999 -9999 -9999 -9999 -9999 -9999 -9999 -9999 -9999 -9999 -9999
5250 5250 5250 5250 4490.904727 4206.415688 3911.18136 3738.481444 3403.348326 3553.951126 3736.564138 3976.960264 5250 5250 4881.891176 4679.687278 4140.234815 3783.918266 3587.347682 3237.235443 3089.112039 2843.093292 2708.196324 2724.718443 2451.184687 2373.36493 2150.29392 2008.654575 1875.668477 1838.045246 1733.965524 1675.346681 1658.508643 1570.62528 1544.660855 1342.828969 1219.750807 1122.600062 1064.437661 1052.37145 1004.033096 1100.79052 1163.784329 935.993963 988.802181 525.010267 52.501027 33.585216 -9999 17.585216 30 30 -9999 -9999 -9999 -9999 -9999 -9999 -9999 -9999 -9999 -9999 -9999 -9999 -9999 -9999 -9999 -9999 -9999
5250 5250 5250 5250 5250 5082.251634 4469.501359 4474.551188 4140.842519 4018.446149 4065.58839 5250 4886.032399 5250 4878.644459 4571.745241 4110.135243 3708.887863 3481.566324 3235.398544 3121.865502 3014.633258 2872.646753 2786.092393 2647.746155 2579.111441 2404.392826 2346.308867 2257.749064 2330.733496 2985.506298 2950.147205 2801.79296 1898.553942 1983.148525 1696.590038 1823.369717 1691.923465 1989.305198 1190.832939 873.020371 688.993685 594.569615 525.010267 432.507415 416.673511 420.114551 27.586585 13.585216 7.544148 7.544148 7.544148 30 -9999 -9999 -9999 -9999 -9999 -9999 -9999 -9999 -9999 -9999 -9999 -9999 -9999 -9999 -9999 -9999
5250 5250 5250 5250 5250 5250 5250 5250 4671.909048 4306.512068 5250 5250 5250 5250 5250 4579.37725 4191.081171 3821.887802 3677.334447 3708.209535 3686.358837 3844.392553 3722.127385 3925.28458 3904.733356 3656.796467 3646.010974 3459.48854 3278.91155 3166.969297 2820.109969 2655.136164 2480.772024 2275.27433 1959.744322 1748.694596 1518.844468 1354.093578 2099.23561 1279.23662 1070.089316 824.801324 894.296304 549.682866 513.816638 176.646133 185.301113 27.586585 15.624914 8.501027 7.544148 35.663244 30 30 -9999 -9999 -9999 -9999 -9999 -9999 -9999 -9999 -9999 -9999 -9999 -9999 -9999 -9999 -9999
5250 5250 5250 5250 5250 5250 5250 5250 5250 4737.365433 5250 5250 5250 5250 5250 4915.782381 4509.004089 4343.541717 4439.927822 4913.04713 4677.834784 4483.235566 4575.300273 4074.493594 3724.976678 3658.065523 3395.386544 3173.553506 2979.626335 2798.835038 2667.082166 2644.809563 2360.707792 2058.389524 1904.609696 1696.023975 1497.293236 1358.52632 1162.531154 1067.738132 894.004845 952.828204 801.287813 595.474996 436.263848 476.461328 176.646133 35.663244 30.833676 -9999 18.544832 16.747433 30 30 -9999 -9999 -9999 -9999 -9999 -9999 -9999 -9999 -9999 -9999 -9999 -9999 -9999 -9999 -9999
5250 5250 5250 5250 5250 5250 5250 5250 5250 5250 5250 5250 5250 5250 5250 5181.879755 5250 5250 5091.846619 4948.187194 4441.248582 4193.645869 4076.318107 4025.159673 3793.593437 3649.425019 3264.386827 3064.654406 3018.868519 2958.718717 2758.846532 2633.190181 2560.770218 2221.616232 1965.490635 1765.385138 1550.292945 1367.322089 1261.822049 1184.347666 885.573901 831.847729 801.638356 981.607706 775.168991 680.058684 31.790554 32.543463 24.524525 20.704997 16.747433 15.663244 15.663244 30 -9999 -9999 -9999 -9999 -9999 -9999 -9999 -9999 -9999 -9999 -9999 -9999 -9999 -9999 -9999
5250 5161.448036 5250 5250 5250 5250 5250 493.771389 268.958413 5250 5250 5250 5250 5250 5250 5250 5250 5250 5158.903949 4677.438596 4508.970138 4213.212556 4196.975364 4070.752109 3938.309308 3774.952972 3467.526708 3217.656523 2997.717808 2761.573598 2710.761606 2739.838211 2431.145647 2231.797952 2049.944887 1826.374654 1562.446799 1363.024275 1183.214002 1104.238178 899.807745 774.345968 734.173632 601.09329 460.76017 470.347685 38.587269 42.791239 34.625599 25.739429 17.664613 15.663244 30 30 -9999 -9999 -9999 -9999 -9999 -9999 -9999 -9999 -9999 -9999 -9999 -9999 -9999 -9999 -9999
5161.168803 5250 5250 5250 5250 5250 5250 5250 486.99623 5250 5250 5250 5250 5250 5250 5250 5250 5250 5175.026857 4683.91212 4489.276729 4144.16386 4024.543413 3862.397674 3691.536543 3795.201209 3421.619311 2922.326997 2858.583139 3003.190248 3259.306789 2887.553033 2869.586038 2120.465934 1903.252714 1635.356593 1491.156196 1777.301013 1539.567376 1433.615783 1457.460832 825.913671 664.178539 494.084441 427.497219 347.345042 513.673392 42.791239 40.66256 31.790554 42.791239 56.646133 30 30 -9999 -9999 -9999 -9999 -9999 -9999 -9999 -9999 -9999 -9999 -9999 -9999 -9999 -9999 -9999
5161.448036 5250 5220.944559 5250 5250 5250 5250 5250 5250 5250 5250 5250 5250 5250 5250 5250 5184.644574 4866.257109 4766.7405 4234.222288 3831.819411 3505.786767 3236.390913 3129.060282 2905.296564 2827.9561 2695.020936 2594.42278 2503.725111 2535.760486 2267.67701 2030.098003 1810.583213 1695.781738 1699.040935 1766.173643 1650.914496 1630.945747 1341.142174 1203.437999 854.441561 760.594254 738.626277 574.508262 442.81701 358.233775 330.98643 97.494867 85.399225 -9999 31.663244 24.501027 30 30 30 -9999 -9999 -9999 -9999 -9999 -9999 -9999 -9999 -9999 -9999 -9999 -9999 -9999 -9999
5250 5220.944559 5250 5250 5250 5250 5250 5250 5250 5250 5250 5250 5250 5250 5250 5167.227201 5250 5075.29541 4905.585686 4380.416415 4082.271214 3862.010793 3667.173554 3383.997059 3212.849777 3107.471039 3009.196138 2980.328972 2846.67259 2328.377429 2029.210974 1958.751609 1857.698967 1800.446638 1762.60002 1693.077596 1588.977186 1527.922895 1510.615869 1535.272664 1191.227901 824.515756 681.181556 574.260731 377.603259 322.394891 322.332259 557.741434 436.632444 29.809912 15.673832 9.585216 30 4.5859 30 -9999 -9999 -9999 -9999 -9999 -9999 -9999 -9999 -9999 -9999 -9999 -9999 -9999 -9999
5220.944559 5250 5250 5250 5250 5250 5250 5250 5250 5250 5250 5250 5250 5250 5250 5250 5162.998121 4877.26549 4479.642173 4142.857036 3870.136851 3669.463632 3444.052993 3231.176312 3050.008132 2866.062377 2794.430436 2662.418367 2604.302424 2471.938747 2272.181046 2169.08804 2064.075883 2061.113762 2061.640973 2069.037562 1595.363029 1402.646906 1391.925664 1272.564119 1330.706172 1184.868209 1030.988695 780.809096 564.905633 472.267706 312.004575 376.130626 336.646133 28.543463 15.60317 7.782668 4.5859 4.5859 30 -9999 -9999 -9999 -9999 -9999 -9999 -9999 -9999 -9999 -9999 -9999 -9999 -9999 -9999
5220.944559 5250 5250 5250 5250 5250 5250 5250 5250 5250 5250 5250 5250 5250 5250 5250 5068.106145 4338.60328 3942.833551 3604.512073 3508.1531 3229.518428 3110.098334 2977.861276 2932.531323 2835.102223 2735.561759 2661.849923 2569.592812 2269.789326 2074.35234 2038.99468 1930.421958 1863.06981 1767.665711 1714.370529 1712.219112 1859.354319 1364.849196 1394.933517 1037.480538 876.794424 1027.970323 901.426562 830.511526 442.32072 357.814306 302.12781 346.859417 30.706366 17.669169 9.585216 7.544148 30 30 -9999 -9999 -9999 -9999 -9999 -9999 -9999 -9999 -9999 -9999 -9999 -9999 -9999 -9999
5250 5250 5250 5250 5250 5250 5250 4868.720055 5250 5250 5250 5250 5250 5250 5250 4972.475404 4178.775405 3875.616843 3602.526915 3199.287014 2972.169847 2836.493907 2735.581318 2669.588858 2606.018705 2574.030317 2483.595105 2315.683525 2278.160326 2077.113872 2002.638903 1894.970502 1863.002666 1779.912475 1940.590864 1726.786971 1659.440164 1571.540554 1562.05943 1370.728362 1129.230177 962.6411 513.38539 1225.801748 822.985622 825.663695 407.130654 321.406262 286.087832 307.063655 29.791923 18.544832 19.586585 30 30 -9999 -9999 -9999 -9999 -9999 -9999 -9999 -9999 -9999 -9999 -9999 -9999 -9999 -9999
5250 5250 5250 5250 5250 5250 5250 5048.047256 4845.995893 5250 5250 5250 5250 5250 5250 4638.949312 3830.459326 3505.36355 3100.206895 2839.506976 2645.407194 2441.35949 2371.498381 2146.473841 2102.030918 1941.249756 1878.141534 1875.746361 1877.546958 1867.929505 1805.699274 1718.594469 1702.320071 1645.196391 1609.814044 1561.042294 1438.736329 1378.943051 1424.011067 1469.143055 1437.101457 1062.165925 689.352416 749.523149 823.756915 572.031925 487.74203 356.195819 275.856285 350.8282 47.748118 44.66256 75.441478 30 30 30 -9999 -9999 -9999 -9999 -9999 -9999 -9999 -9999 -9999 -9999 -9999 -9999 -9999
5250 5250 5250 5250 5250 5250 5250 5250 4845.995893 5250 5250 5250 5250 5250 4973.461223 4143.197306 3538.824592 3074.103822 2818.963233 2634.763991 2328.99912 2182.520717 2009.966918 1808.407482 1781.305749 1707.132023 1666.188944 1626.41747 1579.625376 1665.448864 1607.084367 1570.595547 1537.320414 1537.474008 1470.455929 1500.922005 1375.788448 1362.598128 1266.536118 1207.467611 1206.317908 1161.722023 968.346024 592.433209 614.824049 601.440862 677.307519 347.474891 267.071297 247.786451 143.730099 97.815783 104.613279 256.863247 30 -9999 -9999 -9999 -9999 -9999 -9999 -9999 -9999 -9999 -9999 -9999 -9999 -9999 -9999
5250 5250 5250 5250 5250 5250 5250 5250 4877.937486 5250 5250 5250 5250 5250 4648.500584 3766.561227 3100.435292 2832.128115 2671.570156 2435.039266 2413.028814 2208.822778 2109.147566 1993.46306 1771.963457 1638.69311 1515.373146 1473.174538 1461.573132 1408.475494 1463.347207 1464.562649 1463.322557 1397.583755 1402.418725 1371.313898 1332.951108 1328.158876 1220.771133 1172.668524 1077.889791 1035.034715 1045.509725 846.809858 413.565634 857.413619 768.361707 417.587367 277.172352 206.084954 288.323066 206.869465 187.181135 187.181135 30 -9999 -9999 -9999 -9999 -9999 -9999 -9999 -9999 -9999 -9999 -9999 -9999 -9999 -9999
5241.889117 5250 5250 5250 5250 5250 5250 5250 4891.444216 5250 5250 5250 5250 5173.786318 4314.29751 3428.193119 3003.154149 2872.162862 2806.919949 2715.141419 2655.319615 2474.152456 2406.731513 2178.43964 2018.907539 1809.2533 1675.567036 1505.718783 1396.228579 1339.722236 1274.003343 1281.449674 1303.795108 1307.423377 1249.776448 1203.471495 1100.581936 1106.057825 1109.672647 1146.038126 1040.292654 913.276354 905.234786 874.121318 751.365376 799.223512 703.29921 358.740589 336.684422 275.672004 247.415045 306.447989 35.874059 35.874059 30 -9999 -9999 -9999 -9999 -9999 -9999 -9999 -9999 -9999 -9999 -9999 -9999 -9999 -9999
5141.957085 4941.552902 5250 52.459959 5250 5250 5250 5250 5250 4941.820671 5250 5250 5250 4878.425167 3974.972482 3533.503295 3229.714414 3038.801392 2970.572415 2826.476928 2676.806832 2473.398545 2376.173618 2175.24468 2017.351296 1865.968091 1773.521689 1675.566906 1631.075615 1443.650161 1334.153876 1238.219327 1172.433516 1079.407846 1074.729875 966.611717 874.1063 866.494516 947.205382 1010.34346 936.984807 876.040594 746.057859 768.956433 628.316661 775.14289 1001.122058 1077.755289 386.335239 54.007632 54.007632 263.451409 250.766362 35.874059 -9999 -9999 -9999 -9999 -9999 -9999 -9999 -9999 -9999 -9999 -9999 -9999 -9999 -9999 -9999
5250 4484.60568 4680.103673 52.459959 524.599589 5250 5250 5250 5250 4845.995893 5250 5250 5250 4915.729739 4344.890204 3813.246398 3468.799194 3171.276811 2903.073902 2796.476084 2671.109095 2472.23541 2209.687754 2018.348009 1783.182427 1678.481975 1629.716553 1628.854324 1546.568104 1520.479481 1468.879633 1442.537337 1394.07559 1242.81073 1007.923382 936.706081 875.443307 842.805925 840.756337 869.465384 908.146753 869.319683 798.701358 728.750077 678.12043 671.034472 742.275192 525.010267 385.963482 52.501027 345.381431 219.668716 219.668716 30 -9999 -9999 -9999 -9999 -9999 -9999 -9999 -9999 -9999 -9999 -9999 -9999 -9999 -9999 -9999
5250 4774.85703 3730.569346 3093.671412 524.599589 5250 5250 5250 5250 4893.908282 5250 5250 5250 4691.259556 4672.313109 4247.853649 3534.45698 3131.381236 2908.454625 2837.122669 2701.447646 2428.188961 2170.374137 1898.86083 1771.113632 1635.507565 1537.99071 1468.059285 1397.446592 1300.5754 1238.117362 1267.691752 1175.741925 1108.593621 939.986302 831.67595 807.793044 866.520895 862.655747 795.647433 774.052329 807.964473 764.524639 736.1219 613.682435 585.508917 894.81816 666.159027 276.801918 266.947214 247.081922 224.859344 219.668716 -9999 -9999 -9999 -9999 -9999 -9999 -9999 -9999 -9999 -9999 -9999 -9999 -9999 -9999 -9999 -9999
4066.176096 5250 3875.879567 4075.093039 4917.037925 5250 5250 5250 5250 5250 5250 5250 5250 4973.324308 4868.512312 4415.09671 3836.189366 3540.696963 3095.10451 2793.031345 2426.861528 2169.417687 1973.695401 1772.483972 1637.919965 1514.926367 1442.902413 1396.756977 1330.747736 1240.932423 1143.494991 1107.220092 1035.500483 846.582711 843.403085 842.859633 837.393319 813.236993 841.670599 865.149516 801.601841 759.920442 673.848827 544.027841 606.050369 535.734608 717.173619 659.90366 745.110443 308.451346 315.581829 -9999 -9999 -9999 -9999 -9999 -9999 30 30 30 -9999 -9999 -9999 -9999 -9999 -9999 -9999 -9999 -9999
2701.508334 3569.088484 3948.218447 3882.281416 3761.509898 5250 5250 5250 5250 5250 5250 5250 5250 5250 4983.497126 5018.240673 4402.162346 3576.946467 2823.866303 2465.864659 2103.331834 1814.24472 1645.844111 1599.357583 1468.689476 1398.528319 1301.618188 1179.214068 1170.715779 1039.346589 973.3947 943.788726 871.242542 686.835056 679.711162 687.865826 834.884486 877.038652 870.67513 870.266484 842.008435 806.007121 744.907109 572.006132 577.878528 831.286239 627.889758 767.159971 867.291745 306.220298 315.626418 -9999 30 -9999 -9999 -9999 30 -9999 30 30 -9999 -9999 -9999 -9999 -9999 -9999 -9999 -9999 -9999
1573.195872 2327.140756 2920.936365 3973.79034 5250 4318.550813 5250 5250 5250 5250 5250 5250 5250 5250 5250 4924.105264 3944.405444 3069.67258 2624.165449 2083.151524 1808.080782 1645.234168 1628.682344 1506.684126 1433.690064 1397.489966 1301.174793 1181.55716 1169.770794 1039.586411 997.990906 872.136415 799.035102 717.29915 642.26088 663.035476 706.459941 812.88675 876.688127 912.553176 910.094608 910.075483 874.970764 800.862741 720.266467 608.847434 617.298631 850.861112 962.457892 187.09751 35.874059 35.874059 35.874059 30 -9999 -9999 30 30 30 -9999 -9999 -9999 -9999 -9999 -9999 -9999 -9999 -9999 -9999
1146.154843 1604.420712 1982.093685 2292.463727 3635.919105 5250 4925.74358 5250 5250 5250 5250 5250 5250 5250 5250 4619.067208 3636.311772 2798.82555 2463.381933 2083.107158 1775.659716 1627.818171 1469.51936 1399.160811 1366.59656 1272.084517 1167.122739 1039.714832 973.456452 879.93623 869.712825 835.645233 773.222547 650.496122 671.183567 711.560622 767.402479 774.508797 840.084778 908.454311 941.046594 944.683773 909.425783 808.382314 698.694625 641.537426 623.074938 717.601818 525.010267 197.152183 35.874059 30 30 30 30 30 30 30 30 -9999 -9999 -9999 -9999 -9999 -9999 -9999 -9999 -9999 -9999
