STOTEN_Data/raw/Age_yrs_800ft.asc
ncols         250
nrows         718
xllcorner     -2256000
yllcorner     1557000
cellsize      1000
NODATA_value  -9999
[rows 465 to 495 of 718, columns 69 to 137 of 250]
-9999 -9999 -9999 -9999 -9999 -9999 -9999 -9999 -9999 1077.794243 1077.769386 1075.522021 978.086021 872.767774 803.900451 804.572819 843.318644 879.205499 905.919003 934.661565 1011.42389 1561.046431 1544.504137 387.180009 825.267327 762.117954 1061.55931 1060.618184 1058.373271 1251.309667 1447.408918 1066.474865 673.411752 593.362184 2383.192787 3924.477341 1609.750082 1084.290924 862.135101 1252.079277 1445.158843 1274.61374 1153.814646 983.683488 729.105525 630.940813 540.653512 605.707106 605.659091 592.872434 513.178534 583.433739 532.765028 520.937728 534.462512 497.443704 486.537389 482.58487 441.08843 405.875864 352.785594 329.628278 363.481748 525.186096 793.870171 970.185701 1267.173958 1328.507785 1406.687685
-9999 -9999 -9999 -9999 -9999 -9999 -9999 -9999 -9999 1046.792695 1108.346448 941.982916 808.737474 841.654324 843.578697 876.758253 939.454771 30 30 -9999 30 1205.244627 1561.441223 1540.385846 1291.384214 1678.237325 1265.451811 792.809222 891.179139 871.904997 1298.132245 968.430398 738.651823 841.855023 2591.720943 2887.449456 1752.692443 1088.436496 1148.829761 1450.736382 1283.667564 1009.986496 926.508987 719.58788 756.973792 570.001727 573.525748 519.506692 525.010267 533.303691 522.999665 525.010267 512.18287 499.658628 505.761991 484.880069 461.258485 438.379388 398.595632 379.896586 336.362256 324.590366 342.62827 466.154356 767.042877 965.103224 1297.898125 1366.660583 1422.858262
-9999 -9999 -9999 -9999 -9999 -9999 -9999 -9999 -9999 1079.959721 1105.753265 1006.065766 1110.000563 1209.605594 -9999 -9999 -9999 -9999 -9999 -9999 -9999 1335.799728 1340.002465 1467.54439 1678.517232 1676.374285 1673.595777 801.58633 1125.361663 923.084751 939.121449 924.546157 605.533091 838.035836 1510.288798 1684.15051 1893.826554 1226.090884 1303.97653 1064.475819 806.141244 786.14205 609.165792 626.756337 543.184012 540.327667 506.824561 455.370611 477.519896 498.994416 486.379006 494.31896 495.870579 485.512919 435.921557 450.349744 441.251152 419.577697 346.835966 276.537984 242.390405 236.585024 292.367232 481.182189 733.082178 930.347984 1328.383895 1375.012776 1292.981768
-9999 -9999 -9999 -9999 -9999 -9999 -9999 -9999 -9999 30 1271.186969 1205.852691 1207.96766 1113.277657 -9999 -9999 -9999 -9999 -9999 -9999 -9999 -9999 30 1505.836368 1563.178505 1562.066444 1441.937506 1178.233349 908.548305 921.834018 692.82999 899.707039 525.010267 635.547123 1487.201771 1449.983689 1866.76868 1407.931808 1187.725036 464.848954 556.948358 632.864748 525.837444 529.617933 498.76356 458.882065 479.498877 459.400488 447.105634 461.739225 465.621207 450.074638 440.169427 434.392988 406.11408 392.102282 364.933538 314.462614 301.946365 259.712526 243.560795 249.996094 237.608999 336.257609 526.869488 617.063147 1328.962481 1336.722978 1256.303802
-9999 -9999 -9999 -9999 -9999 -9999 -9999 -9999 1439.628741 1439.628741 1239.431724 1203.914412 1273.236335 30 -9999 -9999 -9999 -9999 -9999 -9999 -9999 -9999 -9999 1574.423604 1543.876465 1338.623001 1673.197803 1371.661767 425.507758 552.933525 568.554689 637.087525 686.096562 580.606428 1294.383372 650.188497 2117.917756 1309.129183 920.764146 543.805102 537.299345 448.260816 397.679498 498.843038 582.974117 565.719574 435.150567 419.457725 425.748897 432.767753 423.149934 413.014225 416.398255 367.083365 348.46653 341.235724 335.282989 323.060327 297.596045 235.962394 200.858417 156.271044 150.405815 332.712814 484.390125 849.583649 952.090363 1204.116506 1264.2197
-9999 -9999 -9999 -9999 -9999 -9999 -9999 -9999 -9999 1468.272238 1272.047054 1199.903345 1209.006755 -9999 -9999 -9999 -9999 -9999 -9999 -9999 -9999 -9999 -9999 -9999 1574.347738 1602.324072 1498.407181 1601.919838 1704.223125 907.533104 552.789299 641.700518 605.541929 442.339326 421.428965 1810.847333 2174.930129 1087.991421 561.141019 455.812942 429.008649 415.9012 387.813732 547.385883 516.044764 399.655918 354.855945 398.457835 397.041819 420.19677 450.913593 399.728078 386.703571 361.870907 352.905735 322.897805 275.991403 280.985626 277.773215 256.788166 215.1341 166.469843 120.799317 215.284202 337.528463 734.065183 945.060751 1330.329692 856.681813
-9999 -9999 -9999 -9999 -9999 -9999 -9999 -9999 -9999 1438.458386 1332.355036 1333.179396 30 -9999 -9999 -9999 -9999 -9999 -9999 -9999 -9999 -9999 -9999 -9999 1638.172921 1254.930971 1563.614548 1573.034487 1597.050922 992.506232 568.630877 619.551175 554.608947 547.588837 423.916133 636.655249 850.862657 701.090111 542.516663 445.363169 405.728361 409.791875 363.830379 336.529146 356.062048 334.643094 354.824193 412.292558 433.733861 476.162888 427.085674 415.319374 300.605462 274.524226 291.215961 263.57141 267.760429 278.246573 237.088752 211.394764 188.295219 151.663244 120.799317 151.699386 313.637216 689.596326 896.465882 789.896944 839.249409
-9999 -9999 -9999 -9999 -9999 -9999 -9999 -9999 -9999 1499.816924 1498.773924 1331.814297 30 -9999 -9999 -9999 -9999 -9999 -9999 -9999 -9999 -9999 -9999 -9999 1323.049587 1290.343285 872.495851 1494.004139 1606.357648 1290.612599 1069.42772 605.544639 549.997726 400.983463 419.600438 1520.958807 591.690982 441.113881 399.419739 403.720793 401.429542 401.939637 352.784083 339.11025 369.883641 335.699362 396.928337 446.002075 452.661958 462.627865 367.832986 351.788612 296.900849 299.087418 285.734393 269.715584 266.657697 252.767511 232.84561 210.559064 181.811546 138.692931 155.550992 193.060969 349.456152 599.631151 888.425501 1131.608013 1220.621218
-9999 -9999 -9999 -9999 -9999 -9999 -9999 -9999 -9999 -9999 30 1399.0604 1399.0604 -9999 -9999 -9999 -9999 -9999 -9999 -9999 -9999 -9999 -9999 -9999 -9999 1605.595907 1610.95988 1338.903588 1605.394207 1672.903981 525.010267 738.070821 605.528088 404.108942 376.848224 371.949327 406.820037 420.363937 368.110527 378.740451 375.63592 376.040707 325.970354 336.817733 319.968544 347.755408 384.384965 391.682913 397.656199 362.821758 359.58664 348.603006 289.334382 301.518337 283.045451 268.894863 262.359356 243.654178 214.668044 177.4149 153.757275 143.917314 179.85896 205.582063 326.150416 503.33016 790.303125 1026.421797 1090.997496
-9999 -9999 -9999 -9999 -9999 -9999 -9999 -9999 -9999 -9999 -9999 1408.088027 1561.71082 -9999 -9999 -9999 -9999 -9999 -9999 -9999 -9999 -9999 -9999 -9999 -9999 1867.212492 1603.636064 1368.475995 494.035259 837.016223 538.900545 658.09227 554.609801 408.316617 404.538496 387.937693 333.247618 417.862103 345.191095 340.281212 366.452948 332.381346 323.906684 335.99705 271.041575 283.772114 354.272181 320.22533 376.572724 375.925757 360.504871 332.916408 289.588444 303.387515 296.154464 282.364151 263.909259 237.685522 213.833232 174.605266 156.275847 144.718525 172.312968 229.256359 282.793836 395.738364 716.204612 934.741499 929.031549
-9999 -9999 -9999 -9999 -9999 -9999 -9999 -9999 -9999 -9999 -9999 -9999 1561.71082 -9999 -9999 -9999 -9999 -9999 -9999 -9999 -9999 -9999 -9999 -9999 -9999 1807.789019 1569.351329 827.189888 478.944517 851.104711 540.791922 556.573578 490.198988 365.738081 371.567216 371.473124 329.208242 410.146511 319.111683 345.993004 330.559644 336.33611 343.689778 339.498522 296.096236 307.027392 277.85733 280.493468 376.580272 376.134519 336.806331 355.171907 345.299955 318.557835 292.893425 285.705987 261.190228 232.102205 214.559274 197.507625 172.330474 151.535691 136.37235 202.682152 281.142777 503.87492 629.621325 831.015713 1026.908329
-9999 -9999 -9999 -9999 -9999 -9999 -9999 -9999 -9999 -9999 -9999 -9999 30 -9999 -9999 -9999 -9999 -9999 -9999 -9999 -9999 -9999 -9999 -9999 1485.354756 874.200596 1597.867669 764.850892 373.314806 525.010267 724.209893 667.064568 621.97977 426.415535 388.073756 342.547326 302.899296 322.277214 331.64805 368.203645 352.362056 357.065897 336.164322 359.27362 316.164679 287.583344 252.507747 249.790227 307.253338 338.968959 387.784734 357.667904 337.70373 325.530945 312.297487 290.550749 268.038734 254.463807 236.781087 207.18617 162.002438 131.305655 128.67112 183.795337 299.147482 462.046577 742.60601 829.80875 679.92034
-9999 -9999 -9999 -9999 -9999 -9999 -9999 -9999 -9999 -9999 -9999 -9999 30 -9999 -9999 -9999 -9999 -9999 -9999 -9999 -9999 -9999 -9999 -9999 1935.71196 525.010267 906.419347 176.792198 761.400527 869.777903 540.791922 574.050864 562.602426 430.383406 406.444012 352.676044 328.810174 314.532986 352.424128 382.074694 380.286021 378.495538 342.564833 365.626422 316.468471 283.635575 274.195656 286.311334 362.989659 349.865861 353.469793 359.43636 354.066487 331.398585 321.299225 301.698027 291.004141 258.497509 230.969756 199.169522 159.132422 140.306112 169.871669 262.038966 374.232169 482.913488 536.01507 644.009339 573.179615
-9999 -9999 -9999 -9999 -9999 -9999 -9999 -9999 -9999 -9999 -9999 -9999 -9999 -9999 -9999 -9999 -9999 -9999 -9999 -9999 -9999 -9999 -9999 -9999 525.010267 1175.496738 169.441948 163.589054 525.010267 547.003158 495.876623 744.549441 665.285773 443.005673 429.328149 388.299757 342.788433 335.665054 388.209328 393.545919 404.617541 366.13683 312.215043 366.885909 313.390163 270.195559 267.270804 264.206129 286.570197 348.482774 343.694496 369.317819 360.574949 360.926786 352.191617 312.763226 295.867514 262.172313 243.624664 209.748729 202.246189 224.850998 251.530918 301.614132 428.880489 501.757256 425.992575 368.947758 281.898948
-9999 -9999 -9999 -9999 -9999 -9999 -9999 -9999 -9999 -9999 -9999 -9999 -9999 -9999 -9999 -9999 -9999 -9999 -9999 -9999 -9999 -9999 -9999 -9999 525.010267 525.010267 210.012732 231.011948 359.83293 455.467568 827.374608 847.995689 609.79473 480.012417 473.677569 399.147747 340.042892 374.070411 398.246822 410.29041 383.164076 308.500904 320.732916 316.372098 267.816185 268.656658 279.066047 263.059145 318.364518 340.165084 364.012636 382.646252 378.532263 367.950325 345.830194 333.300166 322.185993 301.980565 275.264106 245.638166 242.58086 269.02542 342.770289 404.813614 444.236416 337.417177 346.8858 330.042889 339.711389
-9999 -9999 -9999 -9999 -9999 -9999 -9999 -9999 -9999 -9999 -9999 -9999 -9999 -9999 -9999 -9999 -9999 -9999 -9999 -9999 -9999 -9999 -9999 -9999 -9999 442.668472 418.780956 232.351314 247.013149 372.620994 445.533135 570.530988 657.573509 537.287135 412.725389 383.678561 350.863701 406.988445 397.366975 369.966002 322.754126 342.363847 331.793836 326.265396 279.372475 288.298104 323.587861 337.387801 353.054132 360.83051 364.363033 346.086407 368.060075 373.167245 366.45358 347.433364 332.781521 319.984493 317.511895 307.28888 329.800344 372.721622 419.697601 490.138499 356.187412 364.684138 319.153667 335.929677 431.822273
-9999 -9999 -9999 -9999 -9999 -9999 -9999 -9999 -9999 -9999 -9999 -9999 -9999 -9999 -9999 -9999 -9999 -9999 -9999 -9999 -9999 -9999 -9999 -9999 -9999 1036.268788 525.010267 216.728676 204.29704 362.619539 470.419507 662.415334 641.648963 531.036864 421.459483 363.41576 380.887814 387.825393 379.577592 300.701948 343.766557 383.977449 374.325406 316.993153 297.267638 292.766805 304.033044 345.271758 333.490141 345.763581 355.53435 353.901614 396.147689 380.038273 356.004781 366.755895 370.183704 373.872402 357.992616 373.748945 425.332718 448.547161 509.535229 406.071701 372.755089 383.427162 366.749832 375.693529 542.864275
-9999 -9999 -9999 -9999 -9999 -9999 -9999 -9999 -9999 -9999 -9999 -9999 -9999 -9999 -9999 -9999 -9999 -9999 -9999 -9999 -9999 -9999 -9999 -9999 -9999 -9999 846.283913 158.185217 216.20857 338.682715 470.432507 639.095762 545.053084 541.363591 399.865274 372.930991 422.658416 413.653325 324.054907 345.815061 410.621059 363.32864 358.621046 305.544279 347.981353 362.699808 321.646224 321.215656 336.483528 374.30447 396.202209 447.887595 441.327627 377.340062 380.470947 429.587645 439.424257 406.57395 416.259899 448.797579 502.112477 509.943664 598.00452 522.749132 577.618501 555.858589 522.965699 630.240028 666.78154
-9999 -9999 -9999 -9999 -9999 -9999 -9999 -9999 -9999 -9999 -9999 -9999 -9999 -9999 -9999 -9999 -9999 -9999 -9999 -9999 -9999 -9999 -9999 -9999 -9999 -9999 653.576464 117.228596 216.027802 163.968835 669.057167 812.576881 720.315704 543.010544 404.523894 433.261205 442.223839 366.068243 347.272297 383.345691 341.867578 343.107438 370.435585 335.154271 360.659942 334.225501 365.133451 351.292392 376.858932 369.244189 386.079739 356.514726 369.688404 380.399248 469.570824 479.666678 482.03936 461.78694 466.148033 528.790334 555.320222 553.516527 696.857485 697.980376 665.810466 659.254487 801.221087 965.658835 1098.074286
-9999 -9999 -9999 -9999 -9999 -9999 -9999 -9999 -9999 -9999 -9999 -9999 -9999 -9999 -9999 -9999 -9999 -9999 -9999 -9999 -9999 -9999 30 30 30 30 -9999 395.863463 178.418055 52.277902 440.081685 675.573172 711.622624 523.85527 445.183177 546.866378 452.645319 394.516114 359.383934 347.406278 338.273961 338.169505 346.531531 375.646205 365.537938 362.765075 374.062842 352.998404 350.506809 373.994715 379.921304 369.917614 369.897334 396.964441 492.816944 546.002051 679.945386 577.922074 568.413002 575.825533 549.279276 663.257089 723.568729 822.429015 829.631988 837.401117 1161.212705 886.895669 852.858862
-9999 -9999 -9999 -9999 -9999 -9999 -9999 -9999 -9999 -9999 -9999 -9999 -9999 -9999 -9999 -9999 -9999 -9999 -9999 -9999 -9999 -9999 -9999 30 30 -9999 -9999 938.442535 163.710664 436.37641 423.064941 723.3935 702.488241 418.406923 528.502984 547.080879 424.414975 387.68028 362.002254 350.607604 344.624584 357.054348 333.873959 364.956375 354.678253 361.900051 382.205613 348.342215 393.59207 367.189068 455.96801 603.208369 536.608919 519.705155 518.14772 620.032258 556.523101 587.886236 656.605743 684.824403 649.389744 621.259046 750.769729 782.214685 863.776714 955.973198 926.115376 766.326386 1982.959484
-9999 -9999 -9999 -9999 -9999 -9999 -9999 -9999 -9999 -9999 -9999 -9999 -9999 -9999 -9999 -9999 -9999 -9999 -9999 -9999 -9999 -9999 -9999 30 30 30 -9999 707.44009 248.901445 359.713069 541.639537 647.958762 571.975123 448.207184 552.517931 409.196126 416.770405 379.486349 356.187089 332.768137 335.430802 342.11993 418.616069 432.757245 379.962567 365.476093 350.215661 406.380153 505.56885 459.937244 460.253574 580.693991 539.183208 685.110667 566.043649 574.820901 626.835693 683.424061 670.299019 666.494826 660.272675 643.060605 769.571907 819.368234 816.725266 1300.543081 758.270782 766.324613 797.07963
-9999 -9999 -9999 -9999 -9999 -9999 -9999 -9999 -9999 -9999 -9999 -9999 -9999 -9999 -9999 -9999 -9999 -9999 -9999 -9999 -9999 -9999 -9999 30 30 281.670089 1558.673042 476.017443 345.58724 412.527195 596.632896 577.050847 552.566535 419.286285 565.03192 468.05146 429.858422 346.307412 333.14403 343.485486 342.585024 334.072395 427.930005 485.488707 394.489553 369.899432 361.74183 390.645978 502.815813 518.582313 466.884707 497.856077 615.278196 680.613143 729.661969 607.036563 674.415288 693.082522 679.597705 698.37157 790.212669 781.090987 854.55843 1158.094175 1308.266389 4470.096344 2902.862418 800.808938 1006.630925
-9999 -9999 -9999 -9999 -9999 -9999 -9999 -9999 -9999 -9999 -9999 -9999 -9999 -9999 -9999 -9999 -9999 -9999 -9999 -9999 -9999 -9999 30 -9999 30 281.670089 2426.213983 476.88719 401.812524 538.207941 473.242692 536.443056 506.903912 585.257903 455.846932 458.530315 375.461179 366.964615 330.35688 333.93413 324.549389 372.968177 391.071653 351.48422 368.981413 365.543742 355.737122 511.751936 429.265738 448.866611 473.768337 492.579593 557.659667 565.55605 639.77975 655.735154 691.090648 761.623657 830.138002 863.769139 847.212849 1008.859926 1265.528119 1332.484613 5250 2392.007027 1926.707979 1467.812156 1442.853189
-9999 -9999 -9999 -9999 -9999 -9999 -9999 -9999 -9999 -9999 -9999 -9999 -9999 -9999 -9999 -9999 -9999 -9999 -9999 -9999 -9999 -9999 -9999 -9999 -9999 -9999 30 522.518823 554.733277 411.490069 743.446324 387.258114 469.609911 618.855746 416.595789 365.406889 366.245552 375.552583 339.63701 310.325106 298.487839 315.639951 361.359528 362.199181 375.61076 366.092391 354.281129 377.060816 371.250558 440.846435 457.476273 520.085975 619.723289 648.492392 726.738621 737.885643 769.165136 888.492061 1064.90354 1042.418063 1231.132948 1422.467447 1392.103798 1364.264512 1558.658453 1495.973141 1558.659266 1526.981404 1528.373204
-9999 -9999 -9999 -9999 -9999 -9999 -9999 -9999 -9999 -9999 -9999 -9999 -9999 -9999 -9999 -9999 -9999 -9999 -9999 -9999 -9999 -9999 -9999 -9999 -9999 -9999 -9999 -9999 522.518823 860.533547 1078.849251 422.362462 570.13445 365.826122 327.662643 365.073815 391.738454 383.708946 377.624239 393.010008 358.462014 369.486079 368.667469 358.128267 342.595342 379.837214 388.733509 392.135879 381.29594 468.298161 467.257793 683.526561 728.329012 748.173425 679.469821 617.275857 744.354389 789.677553 887.984405 1324.718892 1200.834477 1366.066386 1323.387689 2977.268334 2425.138292 1717.885788 1956.939622 2416.792151 1761.769581
-9999 -9999 -9999 -9999 -9999 -9999 -9999 -9999 -9999 -9999 -9999 -9999 -9999 -9999 -9999 -9999 -9999 -9999 -9999 -9999 -9999 -9999 -9999 -9999 -9999 -9999 -9999 -9999 -9999 30 2720.73159 417.039485 362.79677 309.832963 351.040242 378.417616 387.453752 397.278087 425.074738 359.84167 348.764377 366.067294 356.652537 359.146132 375.06891 374.097356 365.535748 352.716469 368.941211 366.476876 686.398769 757.912061 620.859629 613.112904 642.764742 759.214837 777.578651 943.873362 912.81341 1223.019799 1367.351212 1020.626166 1363.660972 1558.658453 1671.860293 2666.575414 2527.950194 2417.705474 1519.496885
-9999 -9999 -9999 -9999 -9999 -9999 -9999 -9999 -9999 -9999 -9999 -9999 -9999 -9999 -9999 -9999 -9999 -9999 -9999 -9999 -9999 -9999 -9999 -9999 -9999 -9999 -9999 -9999 -9999 -9999 5250 925.068643 1162.455201 283.591923 391.384533 381.637654 394.431473 394.262355 396.948667 375.795935 371.042253 353.238007 341.02169 314.959158 340.835437 307.9052 322.033863 346.443972 378.967482 554.711975 586.930905 619.09795 665.994134 680.452237 688.993696 609.532904 667.877409 812.240565 1147.309532 1152.403766 1413.386096 998.049681 1099.905598 1120.594248 2132.929859 2902.852844 2417.701334 2493.850761 2384.548323
-9999 -9999 -9999 -9999 -9999 -9999 -9999 -9999 -9999 -9999 -9999 -9999 -9999 -9999 -9999 -9999 -9999 -9999 -9999 -9999 -9999 -9999 -9999 -9999 -9999 -9999 -9999 -9999 -9999 -9999 -9999 1719.366321 1232.036644 296.262315 953.217432 401.493229 406.645646 394.083648 405.858795 379.040462 375.570945 349.836997 351.062209 311.13558 338.304243 331.257696 350.947599 375.014205 342.831098 571.834037 625.651132 543.010904 635.212403 671.611398 485.538054 448.659848 451.784616 792.142861 1117.057755 1596.86244 1007.786432 1010.395956 983.389204 2050.559029 2292.404973 2527.12433 2399.714994 2430.756487 2830.755191
-9999 -9999 -9999 -9999 -9999 -9999 -9999 -9999 -9999 -9999 -9999 -9999 -9999 -9999 -9999 -9999 -9999 -9999 -9999 -9999 -9999 -9999 -9999 -9999 -9999 -9999 -9999 -9999 -9999 -9999 -9999 -9999 2369.672029 961.326745 896.250812 422.472456 683.491038 407.24618 392.603395 391.752215 382.693188 356.186825 355.84981 355.672672 345.38161 355.308896 346.268233 383.536761 347.50783 616.817833 668.003482 703.651486 646.461439 619.18797 631.589503 437.296388 419.880026 435.691763 961.154602 710.950147 1111.277412 1085.82999 2422.091625 2556.948271 2758.658453 2425.28127 2445.474114 2830.756054 2902.855024
-9999 -9999 -9999 -9999 -9999 -9999 -9999 -9999 -9999 -9999 -9999 -9999 -9999 -9999 -9999 -9999 -9999 -9999 -9999 -9999 -9999 -9999 -9999 -9999 -9999 -9999 -9999 -9999 -9999 -9999 -9999 -9999 -9999 2433.286194 1624.472277 960.240107 854.542126 412.830639 587.50155 412.722385 375.81009 356.727202 358.968959 469.137833 504.507504 385.961457 385.450986 366.262771 338.361376 379.050837 334.111529 565.413685 806.422537 564.771733 455.078321 441.944616 415.735765 446.54471 427.499156 765.946577 1269.552233 1564.06037 2341.611898 1810.620975 2645.647634 2759.313272 2498.934451 3030.711943 2891.993162
