STOTEN_Data/raw/Age_yrs_50ft.asc
ncols         250
nrows         718
xllcorner     -2256000
yllcorner     1557000
cellsize      1000
NODATA_value  -9999
[rows 186 to 216 of 718, columns 0 to 70 of 250]
-9999 -9999 -9999 -9999 -9999 -9999 -9999 -9999 -9999 -9999 -9999 -9999 -9999 -9999 -9999 -9999 -9999 -9999 -9999 -9999 -9999 -9999 -9999 -9999 -9999 -9999 -9999 -9999 -9999 -9999 10.647866 9.711893 9.711893 11.114565 11.114565 11.735611 11.770609 11.770313 11.77905 11.77905 12.097001 8.323893 7.255483 8.269197 8.269197 9.739012 9.680077 9.70878 9.670266 9.670266 9.974781 9.798949 10.084033 110.810987 770.801793 23.014643 14.054786 14.054786 9.708191 9.365907 10.697121 24.071603 24.071603 176.582021 104.451139 39.481386 45.417463 52.945067 32.847945 14.450037 13.71972
-9999 -9999 -9999 -9999 -9999 -9999 -9999 -9999 -9999 -9999 -9999 -9999 -9999 -9999 -9999 -9999 -9999 -9999 -9999 -9999 -9999 -9999 -9999 -9999 -9999 -9999 -9999 -9999 -9999 -9999 10.647866 10.760564 10.01204 11.755619 11.755619 11.735611 11.735611 10.754097 10.37905 10.37905 7.726664 7.726664 7.255483 7.911228 7.741635 8.196899 8.196899 9.713497 9.67492 9.672938 9.108298 9.108298 18.318144 69.685827 1257.953219 63.689528 52.501027 9.373643 9.365907 9.365907 10.697121 24.375148 174.045229 306.178655 153.110533 110.061154 108.067301 113.779885 17.752783 17.752783 21.812763
-9999 -9999 -9999 -9999 -9999 -9999 -9999 -9999 -9999 -9999 -9999 -9999 -9999 -9999 -9999 -9999 -9999 -9999 -9999 -9999 -9999 -9999 -9999 -9999 -9999 -9999 -9999 -9999 -9999 -9999 10.760564 10.760564 10.01204 10.01204 10.405644 10.640657 10.640657 10.754097 10.754097 10.37905 7.711951 7.70352 7.992007 7.992007 7.738893 8.003443 8.235866 9.714071 9.714071 9.668186 9.383017 9.649431 12.684633 15.425697 668.866846 245.751021 71.34523 9.373854 9.35898 51.133654 68.805098 91.859239 382.532512 220.841395 176.421065 155.38605 155.212952 126.958659 22.829808 10.367006 17.04614
-9999 -9999 -9999 -9999 -9999 -9999 -9999 -9999 -9999 -9999 -9999 -9999 -9999 -9999 -9999 -9999 -9999 -9999 -9999 -9999 -9999 -9999 -9999 -9999 -9999 -9999 -9999 -9999 -9999 -9999 10.323772 10.749385 10.400506 10.400506 10.405644 10.405644 7.664102 9.720861 9.720861 11.730821 11.730821 7.70352 9.376938 10.800758 8.217308 8.217308 8.249483 9.348401 9.671514 10.015868 10.015868 9.714531 11.404455 15.76314 438.266941 5250 29.769055 9.35898 9.35898 86.592666 85.980305 13.704933 145.302143 118.385339 275.943144 155.66968 107.683269 47.431804 21.713426 9.718743 10.370063
-9999 -9999 -9999 -9999 -9999 -9999 -9999 -9999 -9999 -9999 -9999 -9999 -9999 -9999 -9999 -9999 -9999 -9999 -9999 -9999 -9999 -9999 -9999 -9999 -9999 -9999 -9999 -9999 -9999 10.323772 10.323772 10.749385 10.718458 9.707497 10.290985 10.290985 7.664102 7.664102 9.762628 9.04877 9.04877 11.698436 12.03376 11.454304 8.40541 10.151753 9.442953 9.442953 9.664754 9.747936 9.320156 7.644056 7.644056 126.851521 386.412904 5237.645448 28.486536 40.230606 40.222703 36.316542 36.316542 13.704933 22.057155 356.660984 303.282434 163.614499 111.445113 22.742202 11.649383 16.19233 17.802021
-9999 -9999 -9999 -9999 -9999 -9999 -9999 -9999 -9999 -9999 -9999 -9999 -9999 -9999 -9999 -9999 -9999 -9999 -9999 -9999 -9999 -9999 -9999 -9999 -9999 -9999 -9999 -9999 -9999 8.099843 8.099843 7.734109 7.734109 9.707497 10.290788 7.999226 10.433104 10.433104 11.420792 9.664054 9.04877 10.036247 8.413549 12.177215 12.424893 11.769887 9.442953 9.656629 12.090615 12.120504 8.273883 7.667463 7.644056 136.67741 54.457976 12.714296 80.475367 63.512264 50.995048 21.624474 127.865139 50.344299 53.883019 421.469599 356.632486 301.201704 163.620823 25.458833 10.731637 22.911942 24.022122
-9999 -9999 -9999 -9999 -9999 -9999 -9999 -9999 -9999 -9999 -9999 -9999 -9999 -9999 -9999 -9999 -9999 -9999 -9999 -9999 -9999 -9999 -9999 -9999 -9999 -9999 -9999 -9999 -9999 30 8.099843 7.734109 9.752437 8.03386 8.03386 7.999226 10.433104 10.375027 10.682661 10.682661 11.771138 9.420797 7.715069 11.366017 8.691123 7.977156 8.6001 9.649899 11.421254 11.649882 8.008111 8.29593 10.300949 110.215142 1527.811136 16.530855 9.311023 9.311023 21.624474 21.624474 301.305482 14.643372 12.384908 505.93763 428.415485 396.263621 165.751943 160.972708 13.706725 23.691715 15.118804
-9999 -9999 -9999 -9999 -9999 -9999 -9999 -9999 -9999 -9999 -9999 -9999 -9999 -9999 -9999 -9999 -9999 -9999 -9999 -9999 -9999 -9999 -9999 -9999 -9999 -9999 -9999 -9999 -9999 10.025841 10.355102 10.355102 9.752437 8.03386 9.39424 9.72099 9.72099 10.360077 10.682661 10.682661 11.726257 11.726257 7.698434 7.748185 7.713983 7.977156 9.260304 9.72289 9.735253 9.724576 8.008111 8.306522 10.748622 26.768578 1464.691941 24.362289 16.809031 9.088342 23.981814 14.053468 9.091693 9.091693 12.384908 34.409593 505.98919 288.799028 136.814051 305.479371 22.053958 18.513968 9.076957
-9999 -9999 -9999 -9999 -9999 -9999 -9999 -9999 -9999 -9999 -9999 -9999 -9999 -9999 -9999 -9999 -9999 -9999 -9999 -9999 -9999 -9999 -9999 -9999 -9999 -9999 -9999 -9999 -9999 10.025841 9.705054 9.705054 9.421928 9.421928 9.39424 9.72099 9.714263 7.668912 7.668912 8.644395 11.726257 11.726257 7.687542 7.665661 7.672096 9.192076 9.698008 9.735526 8.700836 8.754893 9.220039 9.378382 10.691086 11.091763 812.784332 11.275376 11.275376 9.061078 9.061078 14.053468 16.351457 15.720388 29.770937 29.171871 742.933927 179.926109 22.026913 370.205883 160.459381 25.238489 9.074213
-9999 -9999 -9999 -9999 -9999 -9999 -9999 -9999 -9999 -9999 -9999 -9999 -9999 -9999 -9999 -9999 -9999 -9999 -9999 -9999 -9999 -9999 -9999 -9999 -9999 -9999 -9999 -9999 -9999 10.264416 10.264416 9.705054 9.421928 9.344985 9.398442 9.398442 9.714263 7.668912 7.668912 11.050099 11.050099 11.479889 7.662023 7.662023 7.673397 7.664744 8.747421 8.497347 7.690546 8.751003 9.006352 8.99364 11.726172 19.504691 269.711048 601.701591 18.124419 22.506094 28.441756 56.253916 41.150519 18.120995 18.715347 10.016485 500.509126 37.360147 17.071931 500.144477 305.614256 63.75375 37.183049
-9999 -9999 -9999 -9999 -9999 -9999 -9999 -9999 -9999 -9999 -9999 -9999 -9999 -9999 -9999 -9999 -9999 -9999 -9999 -9999 -9999 -9999 -9999 -9999 -9999 -9999 -9999 -9999 -9999 9.708461 9.708461 9.399965 9.399965 9.344985 9.398442 9.393027 9.704136 9.704136 10.705516 11.050099 11.050099 11.744091 11.744091 7.593694 7.654409 7.654409 8.731686 8.523435 7.674972 8.681003 9.402383 8.986614 8.986614 16.333966 107.420629 2911.407092 63.63257 56.534472 66.106265 42.361056 15.084784 97.591897 45.594605 10.016485 644.241286 266.371421 743.076009 743.076009 404.544807 132.277856 107.596034
-9999 -9999 -9999 -9999 -9999 -9999 -9999 -9999 -9999 -9999 -9999 -9999 -9999 -9999 -9999 -9999 -9999 -9999 -9999 -9999 -9999 -9999 -9999 -9999 -9999 -9999 -9999 -9999 -9999 9.708461 9.708461 9.387878 9.371532 9.314802 9.31213 9.393027 9.704136 9.69687 8.010422 8.010422 8.598988 11.744091 11.744091 7.604906 7.361978 7.631782 7.68183 7.68183 7.674972 8.750843 7.706753 9.00607 9.67401 15.72496 17.006258 1560.579106 625.52725 134.108444 86.012065 20.490968 15.084784 56.516115 9.084228 40.28914 36.083821 25.020031 580.060691 743.076009 474.599467 310.306937 75.711159
-9999 -9999 -9999 -9999 -9999 -9999 -9999 -9999 -9999 -9999 -9999 -9999 -9999 -9999 -9999 -9999 -9999 -9999 -9999 -9999 -9999 -9999 -9999 -9999 -9999 -9999 -9999 -9999 -9999 9.351391 9.296516 9.34761 9.371532 9.314802 9.343887 7.987621 9.3815 9.714743 8.010422 8.010422 10.683865 11.147184 11.414913 7.350893 7.350893 7.631782 7.627667 7.6713 10.438479 11.44207 7.706753 7.706715 9.277604 18.991422 33.744676 636.649714 5250 393.549247 75.537387 55.35008 47.376054 24.664245 9.084228 40.388625 23.952741 14.335585 12.694334 743.076009 891.276724 493.877333 437.650004
-9999 -9999 -9999 -9999 -9999 -9999 -9999 -9999 -9999 -9999 -9999 -9999 -9999 -9999 -9999 -9999 -9999 -9999 -9999 -9999 -9999 -9999 -9999 -9999 -9999 -9999 -9999 -9999 -9999 9.351391 9.331688 9.331688 9.000289 -9999 -9999 7.987621 9.280427 10.362661 8.712461 8.712461 10.683865 10.683865 11.022269 7.371136 7.37324 7.381597 7.381597 7.6713 7.667203 7.688256 8.640859 8.885387 9.269332 10.003134 42.139544 236.755547 3404.754844 594.212378 81.987245 72.259612 35.836161 16.44241 40.407858 36.940825 23.952741 12.694334 24.840549 1067.420335 46.791334 721.169814 2064.056293
-9999 -9999 -9999 -9999 -9999 -9999 -9999 -9999 -9999 -9999 -9999 -9999 -9999 -9999 -9999 -9999 -9999 -9999 -9999 -9999 -9999 -9999 -9999 -9999 -9999 -9999 -9999 -9999 -9999 7.644972 9.317354 9.331688 8.994852 8.994031 -9999 -9999 -9999 10.362661 10.362661 10.323525 10.698537 10.698537 11.022269 11.022269 7.373106 7.350435 7.362988 7.374873 7.374873 7.688256 7.700367 7.67555 9.253403 9.263988 46.898983 98.829892 192.939472 5250 2460.205136 83.870552 16.44241 16.44241 53.780191 47.05611 9.062655 23.060648 47.450554 1329.965047 1838.473675 2257.399373 973.407167
-9999 -9999 -9999 -9999 -9999 -9999 -9999 -9999 -9999 -9999 -9999 -9999 -9999 -9999 -9999 -9999 -9999 -9999 -9999 -9999 -9999 -9999 -9999 -9999 -9999 -9999 -9999 -9999 30 4.650454 4.650454 9.41021 -9999 8.994031 30 30 9.081908 9.750962 9.750962 10.323525 10.323525 8.577929 10.462658 10.462658 7.336553 7.336553 7.362988 8.332011 9.275173 9.341851 9.341851 7.67555 8.30069 9.053214 9.62666 9.62666 132.988543 773.299776 5250 9.641962 9.641962 62.72718 54.079108 53.68524 10.875109 39.544264 776.945748 1541.50844 2882.120606 3213.17991 130.909133
-9999 -9999 -9999 -9999 -9999 -9999 -9999 -9999 -9999 -9999 -9999 -9999 -9999 -9999 -9999 -9999 -9999 -9999 -9999 -9999 -9999 -9999 -9999 -9999 -9999 -9999 -9999 -9999 -9999 4.647065 4.604908 9.699981 -9999 -9999 -9999 -9999 9.081908 9.081908 9.71238 10.361156 10.361156 8.577929 8.577929 7.308397 7.314057 7.314057 7.392639 7.392639 9.29516 9.319266 9.368212 7.691626 7.691626 9.053214 9.347107 9.279909 8.797426 8.797426 5250 9.641962 9.641962 105.861462 111.439806 90.12798 59.88784 66.771216 1454.084958 2228.64572 3460.97685 1794.948402 173.039879
-9999 -9999 -9999 -9999 -9999 -9999 -9999 -9999 -9999 -9999 -9999 -9999 -9999 -9999 -9999 -9999 -9999 -9999 -9999 -9999 -9999 -9999 -9999 -9999 -9999 -9999 -9999 -9999 -9999 30 4.072118 9.722669 9.722669 -9999 -9999 -9999 -9999 9.34783 9.71238 9.71238 10.415601 10.755494 10.755494 7.308397 7.308397 7.314057 7.347253 7.327078 8.477283 8.477283 9.37308 8.035354 9.27261 9.352886 9.352886 9.279909 8.813732 11.053171 1575.996002 1035.276636 669.4631 600.998396 284.948659 216.125777 86.589551 1353.185384 48.34786 48.34786 3235.546018 29.069946 10.315521
-9999 -9999 -9999 -9999 -9999 -9999 -9999 -9999 -9999 -9999 -9999 -9999 -9999 -9999 -9999 -9999 -9999 -9999 -9999 -9999 -9999 -9999 -9999 -9999 -9999 -9999 -9999 -9999 -9999 30 4.671105 5.080718 5.347724 -9999 -9999 -9999 -9999 8.228366 10.036715 10.036715 10.415601 10.415601 10.797704 7.292562 7.292562 7.311775 7.311775 7.327078 9.387465 9.39468 9.370786 9.370786 9.309613 9.351024 9.394098 9.692757 9.692757 31.756771 525.010267 51.745118 1460.125889 55.3306 24.022495 215.121011 69.82641 1752.005513 48.383951 21.520296 207.101161 111.376391 10.315521
-9999 -9999 -9999 -9999 -9999 -9999 -9999 -9999 -9999 -9999 -9999 -9999 -9999 -9999 -9999 -9999 -9999 -9999 -9999 -9999 -9999 -9999 -9999 -9999 -9999 -9999 -9999 -9999 -9999 30 4.672369 4.672987 5.347724 -9999 -9999 -9999 -9999 8.228366 10.036715 10.40184 10.646622 10.646622 10.797704 7.292562 7.292562 8.727332 8.727332 11.045198 11.045198 9.705818 9.644351 8.926147 6.983602 6.983602 9.394858 9.692757 9.092157 169.54659 570.360304 5250 1790.052859 124.260179 55.21595 38.109736 39.128135 1484.024497 172.122119 21.520296 13.136935 13.148813 18.027194
-9999 -9999 -9999 -9999 -9999 -9999 -9999 -9999 -9999 -9999 -9999 -9999 -9999 -9999 -9999 -9999 -9999 -9999 -9999 -9999 -9999 -9999 -9999 -9999 -9999 -9999 -9999 -9999 -9999 10.679046 4.678194 4.678194 9.38944 -9999 -9999 -9999 -9999 10.022599 10.022599 10.40184 10.646622 10.750749 11.096286 11.096286 11.06123 8.727332 8.727332 11.402246 11.402246 11.056375 10.624963 8.600663 6.983602 8.27133 8.586235 8.374847 8.382149 126.958263 947.706773 487.887483 23.732942 23.595558 326.313507 44.738048 38.086056 226.545047 140.618994 12.41279 12.41279 13.148813 18.076897
-9999 -9999 -9999 -9999 -9999 -9999 -9999 -9999 -9999 -9999 -9999 -9999 -9999 -9999 -9999 -9999 -9999 -9999 -9999 -9999 -9999 -9999 -9999 -9999 -9999 -9999 -9999 -9999 -9999 10.679046 10.679046 4.717581 30 -9999 -9999 -9999 -9999 10.022599 10.37581 10.654904 10.654904 10.750749 11.096286 9.271569 11.127482 11.127482 11.126645 11.402246 11.402246 8.97998 8.97998 7.359027 8.292096 8.644184 8.586235 8.077072 101.266899 521.245722 2072.639098 5250 76.335537 29.009642 225.077336 205.137165 22.100947 22.100947 157.337403 49.152697 88.583321 18.099902 17.707542
-9999 -9999 -9999 -9999 -9999 -9999 -9999 -9999 -9999 -9999 -9999 -9999 -9999 -9999 -9999 -9999 -9999 -9999 -9999 -9999 -9999 -9999 -9999 -9999 -9999 -9999 -9999 -9999 -9999 10.106528 10.106528 4.717487 4.717779 -9999 -9999 -9999 -9999 9.759769 10.37581 10.654904 10.676889 11.05434 11.05434 9.271569 11.127482 11.127482 9.00539 9.00539 10.732148 8.97998 8.97998 7.359027 8.68573 7.695863 8.249609 8.691862 82.447984 569.189738 2768.642274 36.110909 36.127477 28.660435 27.345245 314.544764 44.799343 270.58788 16.689184 16.689184 111.838376 42.761444 114.205997
-9999 -9999 -9999 -9999 -9999 -9999 -9999 -9999 -9999 -9999 -9999 -9999 -9999 -9999 -9999 -9999 -9999 -9999 -9999 -9999 -9999 -9999 -9999 -9999 -9999 -9999 -9999 -9999 -9999 -9999 8.36031 4.77111 4.77111 -9999 -9999 -9999 -9999 8.602851 10.632599 10.632599 10.676889 11.05434 7.982335 11.115633 11.115633 10.767604 9.00539 9.00539 11.1358 11.1358 9.34668 8.99546 8.99546 7.695863 8.617201 17.480178 72.477738 2072.85486 4010.249933 79.205329 21.074423 26.156358 26.156358 37.742881 37.742881 394.201086 18.3501 18.350033 10.376075 10.376075 103.190534
-9999 -9999 -9999 -9999 -9999 -9999 -9999 -9999 -9999 -9999 -9999 -9999 -9999 -9999 -9999 -9999 -9999 -9999 -9999 -9999 -9999 -9999 -9999 -9999 -9999 -9999 -9999 -9999 -9999 -9999 9.037592 8.323179 4.765231 30 -9999 -9999 -9999 -9999 10.632599 8.315931 10.010263 10.010263 7.982335 11.115633 11.115633 11.08214 11.08214 9.803577 11.1358 11.1358 9.346762 7.996685 8.897991 8.953093 8.953093 19.029551 31.005352 2271.972985 15.427233 15.427233 22.015722 20.05403 28.948757 33.424714 80.351689 1355.448597 57.623228 18.350033 40.753826 161.630675 19.203678
-9999 -9999 -9999 -9999 -9999 -9999 -9999 -9999 -9999 -9999 -9999 -9999 -9999 -9999 -9999 -9999 -9999 -9999 -9999 -9999 -9999 -9999 -9999 -9999 -9999 -9999 -9999 -9999 -9999 -9999 7.967342 7.967023 2.228614 30 -9999 -9999 -9999 -9999 8.287529 8.315931 10.010263 7.62049 8.454716 8.454716 11.094626 11.08214 11.08214 11.082982 11.082982 11.119462 7.996685 7.996685 8.897991 9.054923 9.365645 54.753039 767.737797 3079.318782 75.602592 86.178052 95.247965 169.243282 28.60065 51.466102 70.678431 46.226169 46.226169 167.809817 255.578176 161.347965 13.345831
-9999 -9999 -9999 -9999 -9999 -9999 -9999 -9999 -9999 -9999 -9999 -9999 -9999 -9999 -9999 -9999 -9999 -9999 -9999 -9999 -9999 -9999 -9999 -9999 -9999 -9999 -9999 -9999 -9999 -9999 7.339732 7.354597 2.224047 2.224047 -9999 -9999 -9999 -9999 9.74392 10.649952 7.62049 7.62049 8.454716 8.300356 8.565451 7.718931 8.452135 11.082982 11.082982 7.668819 7.668819 8.618042 9.054923 9.054923 9.365645 10.120941 41.696754 1285.441718 51.88866 52.501027 52.501027 271.756667 274.66474 373.128901 5250 42.45264 46.226169 31.078842 35.080591 17.852302 13.049156
-9999 -9999 -9999 -9999 -9999 -9999 -9999 -9999 -9999 -9999 -9999 -9999 -9999 -9999 -9999 -9999 -9999 -9999 -9999 -9999 -9999 -9999 -9999 -9999 -9999 -9999 -9999 -9999 -9999 -9999 10.397912 7.70472 2.224047 2.224047 30 -9999 -9999 -9999 9.74392 10.649952 10.66753 11.072224 8.284789 8.284789 8.565451 8.565451 10.786607 11.107862 11.107862 7.668819 7.668819 8.618042 7.374049 7.722508 10.107089 10.107089 41.696754 33.206588 50.455474 5250 457.761241 92.00752 92.00752 524.99143 45.684379 1150.20183 150.437363 60.464637 42.82055 22.797372 23.076192
-9999 -9999 -9999 -9999 -9999 -9999 -9999 -9999 -9999 -9999 -9999 -9999 -9999 -9999 -9999 -9999 -9999 -9999 -9999 -9999 -9999 -9999 -9999 -9999 -9999 -9999 -9999 -9999 -9999 -9999 10.384652 7.704543 7.704543 3.206903 30 -9999 -9999 -9999 10.063972 10.66753 10.66753 11.072224 10.768747 8.363509 10.765401 10.765401 10.786607 10.786607 11.071599 11.160962 11.160962 7.367823 7.367823 7.722508 12.087922 17.511029 42.423698 41.830471 1514.534517 3860.946135 4140.903293 58.202411 58.202411 5250 42.920374 45.684379 27.533669 27.533669 29.06706 22.678105 22.678105
-9999 -9999 -9999 -9999 -9999 -9999 -9999 -9999 -9999 -9999 -9999 -9999 -9999 -9999 -9999 -9999 -9999 -9999 -9999 -9999 -9999 -9999 -9999 -9999 -9999 -9999 -9999 -9999 -9999 -9999 10.41536 7.032142 5.988921 -9999 -9999 -9999 -9999 -9999 10.071193 10.06635 10.664785 10.768747 10.768747 8.363509 8.280481 10.425702 10.768262 10.768262 11.071599 11.071599 11.160962 7.701683 7.701683 8.958699 8.958699 17.511029 35.229859 43.390372 2974.762991 2758.890627 3004.01402 58.202411 27.38472 347.754729 47.066995 38.294111 27.533669 27.533669 79.478155 156.708898 22.03499
-9999 -9999 -9999 -9999 -9999 -9999 -9999 -9999 -9999 -9999 -9999 -9999 -9999 -9999 -9999 -9999 -9999 -9999 -9999 -9999 -9999 -9999 -9999 -9999 -9999 -9999 -9999 -9999 -9999 -9999 10.058299 10.058299 5.62514 -9999 -9999 -9999 -9999 -9999 10.06635 10.06635 10.373545 9.342893 8.980946 7.063045 7.063045 10.425702 10.425702 10.104155 11.071311 11.071311 10.139173 10.139173 7.701683 13.74232 13.74232 19.393984 19.393984 153.241394 94.830279 41.222907 2344.435763 2634.434151 27.38472 192.971226 151.269101 42.729145 42.729145 1825.376706 1425.641482 525.010267 37.874666
