STOTEN_Data/raw/Age_yrs_1600ft.asc
ncols         250
nrows         718
xllcorner     -2256000
yllcorner     1557000
cellsize      1000
NODATA_value  -9999
[rows 310 to 340 of 718, columns 70 to 139 of 250]
1243.288221 1476.126568 2545.178429 3176.456402 4406.419447 5250 5250 5250 5250 5250 5250 5250 5250 5250 4503.069701 3874.943892 3036.920084 2514.997046 2237.07979 2017.005427 1782.589561 1644.20649 1571.71891 1506.389865 1444.827341 1410.2313 1362.486607 1268.735422 1234.375141 1069.626971 965.5656 906.126209 904.744413 907.344965 942.510199 1038.892643 1066.734696 1107.019618 1208.116557 1233.925604 1275.59499 1207.655784 1015.497468 804.995205 743.209886 1358.584499 1358.654268 742.22959 742.331794 318.705891 30 30 30 30 30 30 30 30 -9999 -9999 -9999 -9999 -9999 -9999 -9999 -9999 -9999 -9999 -9999 -9999
984.660399 1340.190392 1611.59659 2009.358239 3448.464175 4755.994678 5250 5250 5250 5250 5250 5250 5250 5071.158547 3499.08147 3037.297805 2677.83991 2298.633547 2167.882808 2035.035853 1839.756986 1771.918637 1636.484672 1509.263675 1421.118175 1395.898903 1269.845648 1137.668101 1036.842051 913.755684 843.790914 842.92967 845.343189 878.249202 941.138648 1004.423783 1037.101702 1105.620192 1205.587939 1206.806563 1185.480483 1175.829135 1076.589993 838.948222 768.680983 769.235376 1358.535062 659.190513 742.09912 187.27543 35.874059 35.874059 30 30 30 30 30 -9999 -9999 -9999 -9999 -9999 -9999 -9999 -9999 -9999 -9999 -9999 -9999 -9999
755.944265 1102.414294 1376.060054 1795.130676 2242.638376 3645.181052 5250 5250 5250 5250 5250 5250 5250 3907.661887 3381.619454 3093.27389 2710.638152 2437.200788 2168.486065 1963.725397 1678.250913 1598.142414 1467.712104 1395.246515 1271.969074 1174.371123 1079.946025 1040.082138 941.59432 845.188476 845.038364 842.302608 840.976475 877.75523 938.387685 964.769647 1037.06047 1105.618107 1206.027616 1206.802547 1175.975387 1173.082571 1077.912419 894.044293 743.415957 729.528849 1373.601799 1372.608349 675.510451 185.475558 35.874059 30 30 30 30 30 30 30 30 -9999 -9999 -9999 -9999 -9999 -9999 -9999 -9999 -9999 -9999 -9999
608.62137 936.640118 1136.30223 1464.450203 1906.647837 2454.801756 4143.029393 5250 5250 5250 5250 5250 4433.219508 3939.004416 3134.061126 2800.464824 2441.093951 2137.44909 1868.653914 1676.56983 1574.013573 1515.32181 1512.898713 1443.176563 1396.193096 1272.967824 1147.76584 1039.734921 941.059208 845.165361 843.99527 842.186982 841.041875 877.418334 938.876286 959.826911 1036.954701 1074.95427 1166.54971 1245.128527 1278.367891 1246.17237 1176.404116 971.473621 767.878175 764.201553 1459.310279 1560.07679 177.165264 288.880095 306.24841 30 30 30 -9999 -9999 -9999 -9999 -9999 -9999 -9999 -9999 -9999 -9999 -9999 -9999 -9999 -9999 -9999 -9999
598.419404 889.380477 1097.057353 1306.255817 1598.305882 2161.11386 2838.615456 5053.643298 5250 5250 5250 5250 4374.442063 3504.595986 2880.053349 2606.168716 2439.261011 2235.269408 2134.540053 1840.732091 1774.220107 1628.952819 1513.541293 1442.471878 1395.161852 1271.452131 1173.008653 1037.458546 939.292724 873.619538 843.362956 878.228889 900.772784 938.39032 941.49978 1025.721111 1061.919083 1105.352309 1210.629047 1278.242398 1280.214385 1248.290464 1178.253788 1071.682653 810.586024 742.339397 1463.692633 1560.250585 168.655883 225.145352 157.11301 157.089148 30 -9999 -9999 -9999 -9999 -9999 -9999 -9999 -9999 -9999 -9999 -9999 -9999 -9999 -9999 -9999 -9999 -9999
737.05742 893.306349 1061.917858 1257.078171 1463.830419 1764.436495 2346.416627 3224.687988 5250 5250 5250 5019.080092 4140.350098 3274.504561 3093.089408 2808.457669 2676.851506 2404.445576 2174.115433 1980.332547 1774.29802 1630.294176 1513.895954 1443.694183 1395.482629 1273.335883 1205.342248 1049.4213 936.908397 909.090335 844.280896 869.737388 908.290746 943.847179 943.178798 1063.341861 1065.362654 1136.623362 1175.411862 1275.454646 1298.054393 1274.592756 1206.233777 1112.177179 893.724052 741.901601 1147.986091 1850.813818 167.95892 167.045323 157.089148 51.915127 30 -9999 -9999 -9999 -9999 -9999 -9999 -9999 -9999 -9999 -9999 -9999 -9999 -9999 -9999 -9999 -9999 -9999
1081.934564 1084.0576 1179.244424 1301.66919 1452.699224 1659.415568 1944.162735 2598.58792 3792.239695 5250 5250 4943.157201 4134.42092 3604.892954 3093.877356 2808.845461 2587.007467 2402.922867 2169.256656 1978.571768 1774.788301 1641.022835 1546.066254 1470.234004 1403.891496 1305.032584 1243.191368 1135.976434 1031.74235 938.95405 869.657156 902.124591 903.862506 938.471461 943.196235 975.82848 1062.362301 1136.296948 1134.206957 1168.723557 1208.412579 1297.449118 1246.011025 1144.58836 1042.598789 899.986955 1079.050489 1850.2503 2250.249676 257.956028 51.915127 51.915127 30 -9999 -9999 -9999 -9999 -9999 -9999 -9999 -9999 -9999 -9999 -9999 -9999 -9999 -9999 -9999 -9999 -9999
1335.498277 1521.288927 1705.918448 1723.37614 1739.743959 1861.125755 1983.182901 2216.24465 3038.506361 5250 5250 4969.808862 4136.264235 3496.149758 3125.531431 2878.822557 2710.89144 2442.540927 2210.100763 2019.72535 1814.781986 1649.235821 1602.073972 1504.797367 1410.151965 1395.622279 1271.680605 1176.754504 1037.809037 939.488323 902.318333 873.905678 903.827787 908.405336 943.19428 943.496442 1032.914383 1040.997405 1130.678865 1137.122547 1231.666748 1332.709363 1308.640911 1237.71445 1109.144321 905.131942 1358.521659 898.856374 1045.923116 265.884719 51.915127 -9999 -9999 -9999 -9999 -9999 -9999 -9999 -9999 -9999 -9999 -9999 -9999 -9999 -9999 -9999 -9999 -9999 -9999 -9999
1311.056373 1479.677409 1688.358143 1891.078962 2091.089594 2330.176458 2622.050718 2958.624851 3032.917155 4107.401801 5250 4779.058864 4105.162326 3543.153991 3141.214116 2901.916401 2738.125515 2477.121002 2210.135912 2070.46936 1938.128189 1839.771716 1777.21316 1707.324069 1607.749208 1596.445316 1500.327095 1398.772811 1147.97423 998.258848 995.448954 994.15496 943.886602 946.066684 942.898919 943.435986 1035.853546 1040.832513 1136.33221 1235.199013 1277.55834 1332.967916 985.174372 899.503954 831.197161 1101.725023 1666.255993 2175.018736 52.501027 219.705984 219.705984 -9999 -9999 -9999 -9999 -9999 -9999 -9999 -9999 -9999 -9999 -9999 -9999 -9999 -9999 -9999 -9999 -9999 -9999 -9999
1869.141264 2080.138084 2363.271672 2606.155562 2910.148465 49.418207 3967.294657 494.182067 5250 5250 5250 4679.039381 4115.909816 3767.604641 3314.688035 3092.703336 2878.233724 2764.497161 2512.203745 2371.002451 2167.765347 1978.266176 1775.807335 1701.740267 1602.427842 1559.023382 1411.597052 1371.945262 1334.614504 1210.584975 1105.573176 1029.365383 971.88189 978.592185 948.438593 1005.827872 1037.772314 1111.56322 1202.459817 1282.585213 1105.898359 1034.778883 1002.876023 839.794959 869.55008 1307.042954 2943.000488 2068.642978 52.501027 275.172008 -9999 -9999 -9999 -9999 -9999 -9999 -9999 -9999 -9999 -9999 -9999 -9999 -9999 -9999 -9999 -9999 -9999 -9999 -9999 -9999
2083.964642 2250.310718 2510.040888 2635.816592 2723.360901 49.418207 5250 5250 5250 5250 5250 4469.84075 4065.434236 3838.287725 3513.863845 3241.398456 3059.16339 2841.084832 2742.022586 2481.890476 2336.768197 2169.772016 1980.710082 1776.519814 1704.526582 1605.428767 1559.554071 1471.565002 1380.438889 1338.403657 1299.824773 1210.073651 1107.821513 1038.623054 1038.088809 1140.615999 1141.775214 1238.960828 1210.886874 1103.673526 1101.986736 869.683787 889.250113 817.848699 954.145823 967.67583 1172.723956 1562.351681 225.25422 275.679232 30 -9999 -9999 -9999 -9999 -9999 -9999 -9999 -9999 -9999 -9999 -9999 -9999 -9999 -9999 -9999 -9999 -9999 -9999 -9999
2034.551477 2227.428494 4276.859197 5250 5250 5250 5250 5250 5250 5250 5250 5119.485255 4272.963732 3979.196646 3636.663454 3370.194109 3196.122174 2998.065507 2807.497241 2735.283907 2473.396305 2335.37725 2170.144486 2013.792044 1930.052505 1804.189372 1742.06572 1680.151254 1663.770934 1632.371235 1537.647064 1529.923256 1532.976831 1536.208583 1498.774454 1438.618469 1238.512067 1231.08253 1270.164582 1382.88798 1059.994046 786.653094 698.367991 689.369491 618.854291 753.848724 1120.786361 1487.169532 1672.179781 247.872222 -9999 -9999 -9999 -9999 -9999 -9999 -9999 -9999 -9999 -9999 -9999 -9999 -9999 -9999 -9999 -9999 -9999 -9999 -9999 -9999
5250 5250 5250 5250 5250 5250 5250 5250 1854.480938 1816.76137 5250 5250 4132.698008 3698.327415 3958.271454 3704.009266 3462.318213 3273.339083 3079.70914 2933.921586 2781.965486 2637.203257 2500.606465 2379.025555 2269.006625 2110.454566 2070.388507 1949.147037 1935.105525 1660.385978 1536.318559 1490.316523 1403.015311 1396.374361 1391.551556 1284.265772 1324.104496 970.9239 840.707766 835.987357 761.150277 758.717482 729.86731 734.565004 1006.005451 1958.658611 1962.491444 767.155413 775.73192 336.148543 30 30 30 -9999 -9999 -9999 -9999 -9999 -9999 -9999 -9999 -9999 -9999 -9999 -9999 -9999 -9999 -9999 -9999 -9999
5250 5250 5250 5250 5250 5250 5250 1593.059557 1433.834375 1501.207241 5250 5250 4330.451504 4116.680178 3394.887619 3118.155106 2871.166636 2828.312296 2728.741731 2658.686305 2529.392798 2336.57506 2097.244472 1966.259136 1868.013631 1773.418801 1644.981761 1597.728727 1588.962367 1358.884508 1491.449622 1325.569991 1266.033482 1001.388095 936.46972 997.672213 1081.146066 1040.91008 1007.623235 963.422398 966.78434 836.781717 841.031437 868.177261 940.480163 1246.023116 1750.042259 661.7065 658.88756 306.97106 186.714607 -9999 -9999 -9999 -9999 -9999 -9999 -9999 -9999 -9999 -9999 -9999 -9999 -9999 -9999 -9999 -9999 -9999 -9999 -9999
5250 5250 5250 5250 5250 5250 1457.197864 1261.68851 1204.031585 1359.041788 4375.376335 5250 4659.173587 4240.340119 2898.6706 3028.988884 3195.880035 3094.636994 2797.522008 2601.565292 2459.013835 2321.19554 2317.137451 2098.318661 2005.304881 1797.479853 1754.775386 1592.240413 1339.838106 1195.013209 1143.625412 1069.823277 1038.59993 1302.388786 1170.537595 1072.459987 1008.499333 978.617905 944.364089 915.858629 879.418089 840.042715 895.180531 900.217747 860.63128 910.137498 1550.171116 1670.499658 558.531567 166.794685 176.325129 -9999 -9999 -9999 -9999 -9999 -9999 -9999 -9999 -9999 -9999 -9999 -9999 -9999 -9999 -9999 -9999 -9999 -9999 -9999
5250 5250 5250 5250 5250 1392.126396 1128.284929 1033.535803 1068.921604 1262.237169 5250 5250 4958.643509 4199.72494 3562.636933 3672.656187 2824.30491 2493.498171 2327.475569 2092.416207 1858.238443 1742.373975 1666.917739 1545.17059 1526.940715 1469.158204 1395.63473 1264.119111 1140.085147 1140.72271 1267.98558 1364.576677 1301.177867 1200.016747 1005.367682 1001.972733 974.879738 950.913565 971.298665 942.648646 940.50559 911.021772 871.279733 867.472944 799.417141 803.977663 1458.7269 1470.63655 525.010267 525.010267 176.325129 -9999 -9999 -9999 -9999 -9999 -9999 -9999 -9999 -9999 -9999 -9999 -9999 -9999 -9999 -9999 -9999 -9999 -9999 -9999
5250 5245.995893 5250 5250 3243.117195 1128.394778 896.039492 869.63702 994.903022 1295.156767 5250 5250 5250 4273.145002 3843.348908 3340.834095 3060.970549 2920.759358 2757.231201 2370.622637 1933.815079 1772.487662 1696.484957 1601.519384 1495.329871 1435.858306 1428.448426 1467.312188 1528.179563 1460.171806 1396.019115 1271.866067 1201.623472 1069.953542 1005.558576 973.939559 970.751458 1004.073546 947.903231 941.296117 940.035281 914.287022 868.597497 864.028758 796.631342 766.794212 1073.510707 1358.521561 525.010267 488.733744 30 30 -9999 -9999 -9999 -9999 -9999 -9999 -9999 -9999 -9999 -9999 -9999 -9999 -9999 -9999 -9999 -9999 -9999 -9999
5245.995893 5250 5250 5250 1167.088218 928.201729 759.465289 789.47105 928.201847 1598.061498 5250 5250 5250 5133.638753 4106.658642 3630.208586 3142.259877 2863.001021 2691.719606 2604.129812 2359.188919 2205.336579 2002.446656 1928.245954 1799.696192 1675.94506 1602.6967 1533.74637 1494.710696 1460.929734 1396.271501 1364.956692 1243.239422 1108.735842 1068.751683 1005.877474 1004.926046 1004.8779 947.44108 975.36345 1000.236965 945.388062 937.151711 891.418038 801.534469 669.58193 725.35426 1174.811773 1562.491444 447.127588 30 4.62423 -9999 -9999 -9999 -9999 -9999 -9999 -9999 -9999 -9999 -9999 -9999 -9999 -9999 -9999 -9999 -9999 -9999 -9999
5250 5250 5250 2476.195011 928.955732 825.557761 694.763934 761.490008 907.510625 2436.563328 5250 5250 5250 5250 4589.052334 4037.352177 3436.008368 3012.06738 2736.625688 2659.703045 2435.522679 2308.345407 2071.128299 1995.14859 1871.76103 1708.572811 1692.582226 1606.968041 1516.174509 1468.553058 1468.581082 1462.746213 1341.931762 1174.211093 1101.474375 1035.177871 1033.572241 1006.656412 1006.446706 1006.650607 979.326453 946.259684 929.049939 773.240665 727.817058 636.976601 677.764497 1174.811773 1358.521561 39.748118 4.62423 4.62423 -9999 -9999 -9999 -9999 -9999 -9999 -9999 -9999 -9999 -9999 -9999 -9999 -9999 -9999 -9999 -9999 -9999 -9999
5250 5250 5250 2083.446262 825.557741 732.026978 658.693175 734.727908 1028.343382 3976.936004 5250 5250 5250 5250 5250 5250 3987.096041 3531.608958 2937.55692 2802.80362 2659.616209 2380.046058 2137.660765 1908.823928 1835.716325 1833.488595 1766.133466 1708.903008 1692.461412 1571.464579 1534.476656 1469.705186 1304.339226 1203.671303 1108.37512 1101.507678 1035.977378 1006.566597 1006.521202 1010.663267 938.282879 868.661774 836.901215 776.36304 717.765183 528.120697 569.582478 1392.499124 1007.093152 47.832991 4.62423 30 -9999 -9999 -9999 -9999 -9999 -9999 -9999 -9999 -9999 -9999 -9999 -9999 -9999 -9999 -9999 -9999 -9999 -9999
5250 5250 5250 2134.186905 730.675927 664.109152 664.133242 702.787372 1480.759066 5250 5250 5250 5250 5250 5250 5250 5250 3476.838972 3435.178979 3163.304345 2823.638547 2568.134487 2402.6961 2298.827747 2104.885359 1912.730228 1865.556664 1742.460511 1711.376521 1667.460694 1569.452783 1467.025433 1363.84851 1208.191467 1141.768737 1175.399188 1142.964818 1046.397068 1006.465818 970.781326 943.580669 859.520632 759.926847 698.094087 615.251626 569.582478 495.692448 630.683006 298.3436 4.62423 4.62423 30 -9999 -9999 -9999 -9999 -9999 -9999 -9999 -9999 -9999 -9999 -9999 -9999 -9999 -9999 -9999 -9999 -9999 -9999
5250 5250 2110.327742 665.02006 664.101704 583.620109 588.879917 730.987886 2604.760773 5250 5250 5250 4491.440293 4667.419154 5250 5250 5250 5250 3679.72275 3347.549299 2975.731756 2914.050677 2731.998079 2636.066092 2441.119318 2336.417742 2142.859122 2060.285593 1879.299658 1777.492774 1635.004079 1641.742106 1470.406959 1396.238769 1210.823204 1172.420244 1109.336449 1048.702221 1007.11865 996.043692 801.099358 764.669789 738.82561 732.918153 648.982555 580.884982 436.376911 499.507187 298.952653 298.3436 77.481177 30 -9999 -9999 -9999 -9999 -9999 -9999 -9999 -9999 -9999 -9999 -9999 -9999 -9999 -9999 -9999 -9999 -9999 -9999
5250 5250 2561.680559 617.317831 543.914655 496.475641 583.6317 822.446986 3170.753312 5250 5250 4181.143869 3573.234291 4671.363268 5250 5250 5250 5250 5250 3616.908598 3001.460187 3034.778192 2764.100334 2585.243021 2406.953474 2261.603571 2130.224857 2001.175624 1904.92588 1800.387554 1676.118915 1602.3602 1463.313744 1426.944596 1335.536777 1238.296789 1173.65023 1092.142805 901.201733 815.214145 800.745561 789.883501 729.656292 659.029894 625.008582 561.168899 387.591011 435.391288 275.865845 308.747433 206.033033 -9999 -9999 -9999 -9999 -9999 -9999 -9999 -9999 -9999 -9999 -9999 -9999 -9999 -9999 -9999 -9999 -9999 -9999 -9999
5250 5250 1947.405944 646.147818 468.881633 468.880971 583.6317 2225.757058 3066.475102 5250 5250 3787.469966 3784.758865 4294.262742 4482.893388 4488.123433 5250 5250 5250 5250 3516.864574 3048.967467 2725.253675 2423.013108 2290.463841 2181.949367 2104.707886 1956.798857 1897.289022 1761.9835 1652.584526 1631.939546 1557.739145 1458.536727 1362.657241 1165.502459 1103.302872 977.523194 907.712765 878.15462 795.765053 764.068705 756.971695 659.43165 507.669046 433.570338 379.485306 383.36018 515.865845 446.625599 -9999 -9999 -9999 -9999 -9999 -9999 -9999 -9999 -9999 -9999 -9999 -9999 -9999 -9999 -9999 -9999 -9999 -9999 -9999 -9999
5250 5250 1894.178706 1287.096596 396.669145 406.309922 738.340229 3050.193967 5250 5250 4508.082213 3769.229381 3189.063334 3841.113897 3829.872857 4384.592011 5250 5250 5250 5250 5250 5250 2958.554621 2872.348354 2361.353472 2269.680961 2131.376609 2057.203586 1972.025775 1770.641089 1640.837982 1531.290577 1432.081983 1363.023926 1257.800273 1180.460325 1112.348487 1057.613857 936.071186 867.614401 837.978946 696.007346 719.690042 515.823651 514.276147 373.288786 339.300625 347.361555 525.010267 355.37275 465.541929 -9999 -9999 -9999 -9999 -9999 -9999 -9999 -9999 -9999 -9999 -9999 -9999 -9999 -9999 -9999 -9999 -9999 -9999 -9999
5250 5250 1516.284291 2620.315969 407.041598 403.218668 1375.679668 3250.107334 5250 5250 5250 3424.597034 3273.427299 3780.545017 4062.018403 4068.440746 4058.606825 4553.961206 5250 5250 5250 5250 5250 4050.102694 2750.17128 2655.897787 2472.839582 2124.315353 1965.167304 1763.968977 1637.280402 1559.707963 1397.216518 1329.890073 1265.25211 1173.291785 1108.190737 1100.744535 891.721113 794.145725 758.384669 758.672898 694.621068 686.42273 453.916852 420.923867 373.062766 432.944245 566.461328 465.764427 417.919233 -9999 -9999 -9999 -9999 -9999 -9999 -9999 -9999 -9999 -9999 -9999 -9999 -9999 -9999 -9999 -9999 -9999 -9999 -9999
5250 5250 5250 4177.434937 611.763027 701.898409 4061.083021 3372.174341 5250 5250 5250 3680.334422 3666.092497 3529.187171 3783.553946 3782.380204 3624.712615 4172.430822 5250 5250 5250 5250 5250 5250 5250 3750.217058 2823.713051 2629.489089 2220.810981 1927.743939 1729.934084 1658.380321 1519.689712 1406.31882 1427.231044 1325.675421 1223.732824 1193.461605 1065.686438 924.806611 826.532384 755.567781 726.844838 690.497681 584.313892 480.083331 447.56963 542.452443 566.461328 6.10275 6.10275 5.70705 5.70705 30 -9999 -9999 -9999 -9999 -9999 -9999 -9999 -9999 -9999 -9999 -9999 -9999 -9999 -9999 -9999 -9999
5250 5250 5250 5250 5250 5079.177884 5250 5250 5250 5250 5250 3767.75895 3216.420542 3310.139577 3585.4538 3629.255433 3629.420932 3680.74973 4335.533156 5250 5250 5250 5250 5250 5165.110947 5250 5250 4737.356061 3001.326593 2750.442114 2190.217341 1927.999447 1861.655836 1698.823151 1553.613484 1455.807609 1360.136316 1259.60188 1103.595479 997.370089 965.294781 799.829774 801.173925 739.61755 701.613567 563.407719 530.997472 787.0095 658.726899 974.948665 6.10275 30 30 30 -9999 -9999 -9999 -9999 -9999 -9999 -9999 -9999 -9999 -9999 -9999 -9999 -9999 -9999 -9999 -9999
5250 5250 5250 5250 5250 5250 5250 5250 5250 5250 5250 3630.28289 3216.510698 3316.60713 3318.932337 3704.148015 3170.148417 3319.50567 4036.64674 4576.062324 5250 5250 5250 5250 5250 5179.742477 5099.337091 5250 5250 5180.316262 4434.726695 2950.929229 2825.171061 2219.983863 2050.102679 1850.565798 1592.19076 1465.818075 1243.431699 1170.967169 1006.432102 878.415786 809.305739 809.48402 845.654732 787.135053 949.468474 1138.058662 242.359518 252.063942 5.664613 5.664613 30 -9999 -9999 -9999 -9999 -9999 -9999 -9999 -9999 -9999 -9999 -9999 -9999 -9999 -9999 -9999 -9999 -9999
5250 5250 5250 5250 5250 5250 5250 5250 5250 5250 5250 4284.95917 3621.036602 3279.73875 3322.187578 3277.833734 3278.956028 3278.390291 4030.248812 4077.491616 5250 5250 5250 5250 5250 5250 5250 4871.309831 4775.78639 5007.284641 5164.124521 4652.701694 3891.384886 3833.264102 3072.982155 3194.551616 2248.691388 1995.82744 1826.329058 1424.172541 1342.33616 1201.473061 950.963662 973.307669 902.22908 840.08534 706.386138 822.682087 597.326033 292.51936 8.704997 50.587269 -9999 -9999 -9999 -9999 -9999 -9999 -9999 -9999 -9999 -9999 -9999 -9999 -9999 -9999 -9999 -9999 -9999 -9999
5250 5250 5250 5250 5250 5250 5250 5250 5250 5250 4179.875599 5250 3624.370392 3320.440455 3319.263726 3307.560241 3316.344544 3275.021057 3679.688103 3712.169951 5250 5250 5250 5250 5250 5250 5064.935774 5036.631501 4646.506415 4536.147165 4535.47583 4881.403119 5164.549027 4056.021908 3373.956893 2949.091088 3028.367959 3324.26226 2097.102441 1553.734201 1288.360849 1424.65608 1367.362469 1212.444144 977.61811 669.23686 535.987141 462.438638 575.5604 369.683592 397.905544 295.996158 30 -9999 -9999 -9999 -9999 -9999 -9999 -9999 -9999 -9999 -9999 -9999 -9999 -9999 -9999 -9999 -9999 -9999
