STOTEN_Data/raw/Age_yrs_300ft.asc
ncols         250
nrows         718
xllcorner     -2256000
yllcorner     1557000
cellsize      1000
NODATA_value  -9999
[rows 186 to 216 of 718, columns 69 to 137 of 250]
32.428119 30.104973 19.369346 19.803656 366.544005 232.835956 177.301067 153.829043 163.077514 173.772287 177.427073 214.270666 207.441013 234.274661 180.981914 160.887544 163.22989 216.817133 250.596422 356.016411 320.021698 402.938224 227.204633 189.804198 146.116148 107.977039 86.946444 74.444372 72.180726 73.910639 52.859002 55.157747 35.315521 52.039672 64.991102 65.360597 81.505053 -9999 -9999 -9999 -9999 -9999 -9999 -9999 -9999 -9999 -9999 -9999 -9999 -9999 -9999 -9999 -9999 -9999 -9999 -9999 -9999 -9999 -9999 -9999 -9999 -9999 -9999 -9999 -9999 -9999 -9999 -9999 -9999
53.787873 62.748811 22.84397 19.797406 319.540626 273.402581 196.520672 200.150719 197.788127 197.025314 220.681392 250.902145 256.607441 247.975751 164.437099 154.061213 167.835555 240.19532 314.981171 380.202475 373.049847 447.839582 212.907969 135.238968 95.911997 88.998369 83.067585 17.991461 13.365563 47.332904 44.49962 23.089519 10.7138 8.390828 48.665438 30.038828 28.134952 28.134952 -9999 -9999 -9999 -9999 -9999 -9999 -9999 -9999 -9999 -9999 -9999 -9999 -9999 -9999 -9999 -9999 -9999 -9999 -9999 -9999 -9999 -9999 -9999 -9999 -9999 -9999 -9999 -9999 -9999 -9999 -9999
97.903883 97.731583 40.263549 29.575504 29.575504 327.69866 251.122698 253.877973 247.236464 253.919313 292.200424 304.614055 300.525688 237.729856 167.470912 148.091227 191.148362 256.255073 387.049192 430.402021 423.571432 363.767493 160.772364 104.938709 32.581495 29.01579 36.41204 21.372976 13.365563 33.733894 11.061457 10.424874 10.008518 8.369961 10.434796 18.768342 29.151127 -9999 -9999 -9999 -9999 -9999 -9999 -9999 -9999 -9999 -9999 -9999 -9999 -9999 -9999 -9999 -9999 -9999 -9999 -9999 -9999 -9999 -9999 -9999 -9999 -9999 -9999 -9999 -9999 -9999 -9999 -9999 -9999
120.67401 125.201304 64.943999 31.951085 38.328768 360.11864 320.888033 314.571366 307.710037 320.506348 347.277756 327.719597 310.454317 213.496743 176.980002 160.728651 208.64629 233.63536 416.819626 436.584677 468.119666 386.363415 79.691294 50.840859 30.355473 25.383992 12.712353 11.999647 19.400019 15.084955 11.063532 11.044078 13.000674 15.965629 21.639209 32.718181 48.317585 -9999 -9999 -9999 -9999 -9999 -9999 -9999 -9999 -9999 -9999 -9999 -9999 -9999 -9999 -9999 -9999 -9999 -9999 -9999 -9999 -9999 -9999 -9999 -9999 -9999 -9999 -9999 -9999 -9999 -9999 -9999 -9999
146.963304 133.308273 107.248223 55.69518 109.664905 510.295861 278.405242 340.623961 341.658248 412.597979 399.587236 363.995848 267.920079 238.43954 200.783886 191.424522 214.010779 282.487971 370.560971 495.119136 548.779946 332.180119 82.423695 22.035189 18.754164 13.739831 13.319665 11.999647 20.112643 19.960912 18.309689 20.42763 23.239189 32.438613 43.297132 4.62423 4.62423 -9999 -9999 -9999 -9999 -9999 -9999 -9999 -9999 -9999 -9999 -9999 -9999 -9999 -9999 -9999 -9999 -9999 -9999 -9999 -9999 -9999 -9999 -9999 -9999 -9999 -9999 -9999 -9999 -9999 -9999 -9999 -9999
156.832933 136.417123 116.723844 126.948455 354.882183 773.840309 633.779783 453.284578 465.747994 499.565618 451.477622 360.051694 237.752808 263.672788 229.937832 224.213873 224.290798 320.096475 360.140635 584.092193 536.281723 175.89839 35.043558 24.991737 19.309823 18.722097 20.341527 21.646299 31.714214 28.596883 29.663005 30.372422 33.343478 39.049691 61.935351 16.651608 -9999 -9999 -9999 -9999 -9999 -9999 -9999 -9999 -9999 -9999 -9999 -9999 -9999 -9999 -9999 -9999 -9999 -9999 -9999 -9999 -9999 -9999 -9999 -9999 -9999 -9999 -9999 -9999 -9999 -9999 -9999 -9999 -9999
169.973084 149.839207 139.992245 143.775795 367.683785 844.875091 807.728647 601.318781 542.832598 525.010267 473.904934 370.945234 270.355951 271.26605 253.470444 236.947252 289.681388 418.183678 492.061424 738.303238 525.010267 90.829213 40.523719 34.964284 31.975481 30.977213 30.013564 32.708975 40.031837 37.615038 37.702589 38.310714 56.505308 83.523284 65.499364 -9999 -9999 -9999 -9999 -9999 -9999 -9999 -9999 -9999 -9999 -9999 -9999 -9999 -9999 -9999 -9999 -9999 -9999 -9999 -9999 -9999 -9999 -9999 -9999 -9999 -9999 -9999 -9999 -9999 -9999 -9999 -9999 -9999 -9999
204.665327 163.168297 160.02697 202.730496 607.018298 976.217688 1266.630957 761.442449 579.877974 541.517419 490.37871 341.33254 271.073612 261.077915 292.88889 303.337249 441.555289 496.882431 686.267814 746.827826 215.643755 104.428724 75.010744 52.963129 52.098254 48.527343 42.325543 43.091678 48.822606 48.712917 48.429427 42.777912 61.8665 124.175673 83.959692 -9999 -9999 -9999 -9999 -9999 -9999 -9999 -9999 -9999 -9999 -9999 -9999 -9999 -9999 -9999 -9999 -9999 -9999 -9999 -9999 -9999 -9999 -9999 -9999 -9999 -9999 -9999 -9999 -9999 -9999 -9999 -9999 -9999 -9999
245.807229 206.744314 236.259011 299.754398 815.222286 1177.56413 1047.890832 947.866554 611.000401 525.010267 504.857157 346.874344 291.048427 280.936896 334.15765 367.222798 542.895054 635.338641 764.131428 705.013883 185.855319 130.374748 95.795665 79.099817 72.076467 59.523154 56.20608 55.162362 54.876118 54.581378 54.57856 56.462424 76.75288 153.091909 92.734199 82.334552 -9999 -9999 -9999 -9999 -9999 -9999 -9999 -9999 -9999 -9999 -9999 -9999 -9999 -9999 -9999 -9999 -9999 -9999 -9999 -9999 -9999 -9999 -9999 -9999 -9999 -9999 -9999 -9999 -9999 -9999 -9999 -9999 -9999
272.435929 237.00014 268.75249 518.775807 1130.028535 1173.34637 1005.906391 872.017481 637.25932 525.010267 525.010267 377.993516 292.964983 333.563789 369.992871 376.530195 544.633295 1097.056815 881.194903 524.179786 185.110816 179.75935 130.138641 97.938631 85.494188 79.05173 74.326088 72.616974 68.223367 68.035509 71.191717 70.472907 79.186752 106.228726 95.741241 30 -9999 -9999 -9999 -9999 -9999 -9999 -9999 -9999 -9999 -9999 -9999 -9999 -9999 -9999 -9999 -9999 -9999 -9999 -9999 -9999 -9999 -9999 -9999 -9999 -9999 -9999 -9999 -9999 -9999 -9999 -9999 -9999 -9999
366.898618 317.145483 336.894392 1012.507811 1393.109908 1349.329199 981.147464 873.061982 606.430872 525.010267 525.010267 492.694963 294.29331 327.704284 320.041603 504.408724 685.064415 1057.652601 695.046503 367.842034 259.60581 201.876591 136.725366 117.206582 98.194187 84.036895 84.97366 90.267941 76.142272 74.701176 75.28488 78.909363 97.139603 92.330252 83.273034 81.024082 38.177549 -9999 -9999 -9999 -9999 -9999 -9999 -9999 -9999 -9999 -9999 -9999 -9999 -9999 -9999 -9999 -9999 -9999 -9999 -9999 -9999 -9999 -9999 -9999 -9999 -9999 -9999 -9999 -9999 -9999 -9999 -9999 -9999
444.177913 427.01376 423.560622 1440.48941 1464.389952 1358.901481 972.741656 806.308583 680.942582 559.759402 525.010267 442.234284 314.403548 310.297421 303.295555 456.221125 1004.598291 1086.231735 536.199738 279.950602 299.044069 217.971399 149.253173 123.904791 104.675285 96.080235 89.496888 94.833568 81.00556 78.438356 83.98461 91.471518 106.496217 85.663945 110.282985 124.022576 37.703109 30 30 -9999 -9999 -9999 -9999 -9999 -9999 -9999 -9999 -9999 -9999 -9999 -9999 -9999 -9999 -9999 -9999 -9999 -9999 -9999 -9999 -9999 -9999 -9999 -9999 -9999 -9999 -9999 -9999 -9999 -9999
467.461976 467.773052 1627.659842 1565.814824 1557.020773 1354.686841 977.77816 911.328849 727.108179 577.372736 525.010267 443.037064 323.60966 297.172843 501.906801 449.527591 1200.85367 905.683111 523.764545 339.589888 328.354376 240.000907 159.079076 130.575273 108.104769 107.943633 123.376952 100.720879 88.192887 80.782344 86.993639 89.115457 88.09706 93.988352 226.187788 233.659673 37.088106 37.219821 -9999 30 -9999 -9999 -9999 -9999 -9999 -9999 -9999 -9999 -9999 -9999 -9999 -9999 -9999 -9999 -9999 -9999 -9999 -9999 -9999 -9999 -9999 -9999 -9999 -9999 -9999 -9999 -9999 -9999 -9999
1661.434983 2064.071117 2005.857721 2424.150381 2163.867007 1415.823733 1057.236891 1080.594059 739.788696 579.288833 524.91439 352.943011 330.270604 211.3209 430.783826 711.326937 1235.729414 600.697134 518.529517 349.048662 313.04363 203.291427 169.805216 148.161428 115.56728 134.046575 127.110678 107.77571 86.472104 79.590332 82.773926 77.493983 85.08544 100.63714 106.527657 341.865037 46.271876 10.417539 4.5859 4.5859 -9999 -9999 -9999 -9999 -9999 -9999 -9999 -9999 -9999 -9999 -9999 -9999 -9999 -9999 -9999 -9999 -9999 -9999 -9999 -9999 -9999 -9999 -9999 -9999 -9999 -9999 -9999 -9999 -9999
2465.320104 2601.607677 2875.916054 2911.757324 962.166232 1026.929759 724.459586 1204.682295 775.757794 525.010267 525.010267 336.168648 217.549433 296.257252 451.423716 860.46469 992.498668 558.521678 386.625735 432.883931 336.318663 222.230993 189.782113 186.796541 180.640329 157.574141 152.243923 114.24643 87.473703 83.867386 80.272624 76.406293 82.757999 113.342568 100.600675 72.152179 45.02085 14.375102 4.5859 4.5859 30 -9999 -9999 -9999 -9999 -9999 -9999 -9999 -9999 -9999 -9999 -9999 -9999 -9999 -9999 -9999 -9999 -9999 -9999 -9999 -9999 -9999 -9999 -9999 -9999 -9999 -9999 -9999 -9999
3331.70691 3301.828146 225.454916 273.543014 160.195222 1074.055445 794.264975 696.797434 525.010267 525.010267 425.650677 419.211289 256.799726 300.04255 487.472054 1395.788638 1389.33994 558.521561 407.670464 376.951875 377.203855 264.187074 224.208181 226.503314 206.02293 160.378237 119.958907 94.650082 86.096049 83.371785 79.894346 81.195501 86.812588 96.928837 83.686743 63.982241 73.967343 29.544148 7.748118 7.748118 -9999 -9999 -9999 -9999 -9999 -9999 -9999 -9999 -9999 -9999 -9999 -9999 -9999 -9999 -9999 -9999 -9999 -9999 -9999 -9999 -9999 -9999 -9999 -9999 -9999 -9999 -9999 -9999 -9999
2736.090021 1071.194015 299.919883 162.662139 85.787608 28.325434 28.325434 431.695927 359.507187 525.010267 346.96173 264.634705 323.174632 320.208884 545.170975 1361.283024 974.689404 558.521608 426.006973 463.019045 411.883649 405.904399 292.845446 210.526891 189.885322 147.655392 107.635784 95.429 93.993796 113.211107 99.720987 90.639021 86.102829 78.012248 58.025729 80.630162 55.660576 35.002053 13.585216 30 -9999 -9999 -9999 -9999 -9999 -9999 -9999 -9999 -9999 -9999 -9999 -9999 -9999 -9999 -9999 -9999 -9999 -9999 -9999 -9999 -9999 -9999 -9999 -9999 -9999 -9999 -9999 -9999 -9999
256.330621 164.898367 128.442328 109.288922 86.99786 39.5858 71.6097 174.434638 299.641255 267.937024 275.22497 264.007825 330.446859 333.602572 661.002005 1176.706964 825.263751 559.550473 512.377756 487.034503 395.590351 415.780131 275.608474 253.491962 186.430017 164.880086 118.331298 108.078963 118.354175 132.798995 116.961339 95.360608 75.856793 71.797437 63.164486 139.358978 137.189959 111.527138 96.473851 30 -9999 -9999 -9999 -9999 -9999 -9999 -9999 -9999 -9999 -9999 -9999 -9999 -9999 -9999 -9999 -9999 -9999 -9999 -9999 -9999 -9999 -9999 -9999 -9999 -9999 -9999 -9999 -9999 -9999
307.987365 173.633953 175.051829 163.216729 154.775954 105.521227 70.024274 166.68016 241.603542 227.698278 240.664162 258.614884 343.584223 339.323026 763.983838 1109.123243 751.40649 570.011576 525.010267 550.739114 558.521601 293.84648 248.522116 236.371223 191.149539 180.399152 165.027645 164.855733 186.218015 183.786026 131.221924 95.006621 78.189089 65.473707 54.711288 63.841982 39.318061 77.382489 65.628125 -9999 -9999 -9999 -9999 -9999 -9999 -9999 -9999 -9999 -9999 -9999 -9999 -9999 -9999 -9999 -9999 -9999 -9999 -9999 -9999 -9999 -9999 -9999 -9999 -9999 -9999 -9999 -9999 -9999 -9999
183.995189 176.647946 160.04386 163.219198 156.612717 113.337407 68.005183 572.027548 177.800578 261.167798 247.633304 267.899045 349.585158 419.081199 832.187515 1088.236732 748.255606 658.726899 525.010267 631.471539 446.952049 279.695413 253.211296 245.802237 235.585014 227.136289 187.26193 199.721841 214.125854 214.328655 100.464718 82.6747 69.207876 60.1391 64.711728 94.552267 62.237843 35.84739 36.543463 68.37426 -9999 -9999 -9999 -9999 -9999 -9999 -9999 -9999 -9999 -9999 -9999 -9999 -9999 -9999 -9999 -9999 -9999 -9999 -9999 -9999 -9999 -9999 -9999 -9999 -9999 -9999 -9999 -9999 -9999
217.230296 177.238929 170.283411 163.401828 149.720558 82.464592 20.468253 76.474265 34.632659 35.972005 217.546331 339.65216 337.489728 419.248205 1213.196061 1036.075093 613.198682 659.393052 560.986089 663.797629 551.853079 402.871111 276.322855 253.33815 237.008897 226.785794 226.798758 226.300111 211.824998 135.462857 99.135284 82.780344 75.76444 70.534711 83.63712 71.872974 15.624914 4.5859 13.667351 68.20596 -9999 -9999 -9999 -9999 -9999 -9999 -9999 -9999 -9999 -9999 -9999 -9999 -9999 -9999 -9999 -9999 -9999 -9999 -9999 -9999 -9999 -9999 -9999 -9999 -9999 -9999 -9999 -9999 -9999
203.981437 262.813945 174.299811 159.191803 150.657459 153.918308 81.847765 163.266129 83.695278 121.648745 192.843091 299.776398 325.641578 437.222484 1214.950356 1365.857443 891.732119 676.645317 627.506229 723.588929 597.645719 296.829372 252.132555 226.876228 224.562206 224.527557 224.743624 227.099875 218.863607 119.370912 98.45662 89.038715 80.1276 133.582738 183.058513 92.628337 42.124572 4.5859 4.5859 30 -9999 -9999 -9999 -9999 -9999 -9999 -9999 -9999 -9999 -9999 -9999 -9999 -9999 -9999 -9999 -9999 -9999 -9999 -9999 -9999 -9999 -9999 -9999 -9999 -9999 -9999 -9999 -9999 -9999
191.178999 306.171721 180.764883 166.398814 156.005247 156.346542 91.438438 71.458096 27.041416 19.85298 80.81756 299.252774 303.268315 795.105467 1416.079028 1262.292237 958.522047 747.32056 730.45323 496.330409 293.647472 258.767259 239.334752 233.468299 223.262705 227.967642 231.144361 230.270047 164.606297 126.150694 117.460579 227.964997 247.271516 307.526177 224.599981 181.670148 26.832991 25.791923 74.351129 -9999 -9999 -9999 -9999 -9999 -9999 -9999 -9999 -9999 -9999 -9999 -9999 -9999 -9999 -9999 -9999 -9999 -9999 -9999 -9999 -9999 -9999 -9999 -9999 -9999 -9999 -9999 -9999 -9999 -9999
198.284813 243.161202 222.285545 169.511833 133.477425 153.138627 153.490968 89.989435 64.010555 35.736306 35.736306 119.541043 1194.768699 972.150711 1534.280793 971.747341 959.072952 671.819566 811.206035 503.089866 280.421133 239.998055 226.909591 224.616732 222.792511 229.449213 224.962515 208.021523 175.75014 153.843615 150.410478 399.769721 80.860393 74.354995 74.413676 75.787818 37.833676 14.291581 9.290897 -9999 -9999 -9999 -9999 -9999 -9999 -9999 -9999 -9999 -9999 -9999 -9999 -9999 -9999 -9999 -9999 -9999 -9999 -9999 -9999 -9999 -9999 -9999 -9999 -9999 -9999 -9999 -9999 -9999 -9999
301.266528 224.698614 300.456609 147.34177 133.460608 156.117684 153.393782 136.520625 70.757259 35.736306 22.625329 29.120913 85.292318 1932.687995 2401.866138 1424.57993 873.33688 747.180396 715.328576 275.558665 253.039134 242.993799 233.735061 235.729194 215.561896 215.587755 217.959686 220.792521 208.021394 154.871005 179.261762 84.720185 78.635002 74.458872 71.83136 112.196181 1168.96679 24.333333 9.290897 -9999 -9999 -9999 -9999 -9999 -9999 -9999 -9999 -9999 -9999 -9999 -9999 -9999 -9999 -9999 -9999 -9999 -9999 -9999 -9999 -9999 -9999 -9999 -9999 -9999 -9999 -9999 -9999 -9999 -9999
317.035118 201.367123 170.993405 174.241964 170.244031 155.746089 155.88508 149.332666 38.917636 21.802081 11.824768 26.602629 81.180006 295.678059 520.693589 1460.039469 958.522047 787.663905 838.656808 477.203129 259.647326 242.81421 240.038593 236.260273 100.902652 218.971256 217.842832 219.339693 230.262486 220.929916 215.271752 98.545418 100.996279 95.039415 85.594764 88.58713 80.206708 27.812457 4.62423 -9999 -9999 -9999 -9999 -9999 -9999 -9999 -9999 -9999 -9999 -9999 -9999 -9999 -9999 -9999 -9999 -9999 -9999 -9999 -9999 -9999 -9999 -9999 -9999 -9999 -9999 -9999 -9999 -9999 -9999
253.826189 201.029723 177.593707 193.997458 172.111439 156.871642 155.982706 122.021151 44.057485 26.129309 16.830803 16.830803 39.155957 121.182245 349.606471 1478.17689 974.323385 863.7007 1081.604729 578.591904 260.246775 243.116639 239.102344 227.52409 227.184392 223.353258 219.900969 219.231145 222.780278 218.824781 126.235881 159.727628 188.237205 221.626954 168.104025 78.070071 85.859453 39.686516 4.62423 5.70705 -9999 -9999 -9999 -9999 -9999 -9999 -9999 -9999 -9999 -9999 -9999 -9999 -9999 -9999 -9999 -9999 -9999 -9999 -9999 -9999 -9999 -9999 -9999 -9999 -9999 -9999 -9999 -9999 -9999
269.817284 220.569625 241.085588 204.847676 179.773268 156.716364 152.098607 125.964963 46.094059 29.080615 16.830803 16.830803 33.443097 81.294545 315.060667 1553.96629 1146.985339 1207.55701 829.580483 537.195463 262.825999 248.876478 235.798098 233.091013 224.338845 224.796479 224.680797 223.186407 219.415956 218.61106 215.957615 210.577777 467.714353 566.147157 214.720003 102.113157 101.960582 39.227242 14.685147 5.70705 30 -9999 -9999 -9999 -9999 -9999 -9999 -9999 -9999 -9999 -9999 -9999 -9999 -9999 -9999 -9999 -9999 -9999 -9999 -9999 -9999 -9999 -9999 -9999 -9999 -9999 -9999 -9999 -9999
376.229042 344.168323 307.982987 220.800266 189.845034 159.708547 155.43991 126.731246 75.780258 35.775747 20.313556 20.312649 28.338573 78.418314 298.132714 1212.674881 1237.108724 1274.813333 942.128208 691.25975 246.21839 236.693133 226.89721 224.616835 224.225731 224.663145 223.557009 220.789303 220.607892 219.818022 219.844971 219.82296 111.828325 930.093913 79.283601 79.445641 91.26404 69.977413 33.667351 14.086242 14.086242 -9999 -9999 -9999 -9999 -9999 -9999 -9999 -9999 -9999 -9999 -9999 -9999 -9999 -9999 -9999 -9999 -9999 -9999 -9999 -9999 -9999 -9999 -9999 -9999 -9999 -9999 -9999 -9999
525.010267 462.79865 343.339575 267.394478 182.853668 166.300084 152.777262 142.580082 88.769703 38.033491 23.098783 20.31118 19.668455 76.479924 303.902742 1204.012701 1343.531229 1099.173694 764.921048 301.404491 246.585496 239.858341 227.18055 224.937222 224.430507 223.971113 223.236863 223.229167 220.828902 220.101323 220.115033 219.907388 219.907388 229.673743 99.613335 106.056769 116.897886 127.134219 43.663244 14.086242 11.585216 -9999 -9999 -9999 -9999 -9999 -9999 -9999 -9999 -9999 -9999 -9999 -9999 -9999 -9999 -9999 -9999 -9999 -9999 -9999 -9999 -9999 -9999 -9999 -9999 -9999 -9999 -9999 -9999
1261.718056 456.130836 416.0854 307.568125 216.279309 177.710235 162.04695 150.265157 129.480954 60.736012 27.347566 19.355851 19.355851 73.053911 341.561709 1358.521561 1241.958106 1547.892244 792.970986 323.755818 240.492894 235.913605 232.836756 229.867578 224.430507 224.170715 223.652895 208.780675 208.456026 220.12257 220.114939 146.003758 110.025137 106.235463 99.876003 103.829258 111.237392 121.066819 121.825708 37.192388 35.660796 -9999 -9999 -9999 -9999 -9999 -9999 -9999 -9999 -9999 -9999 -9999 -9999 -9999 -9999 -9999 -9999 -9999 -9999 -9999 -9999 -9999 -9999 -9999 -9999 -9999 -9999 -9999 -9999
