STOTEN_Data/raw/Age_yrs_150ft.asc
ncols         250
nrows         718
xllcorner     -2256000
yllcorner     1557000
cellsize      1000
NODATA_value  -9999
[rows 186 to 216 of 718, columns 0 to 69 of 250]
-9999 -9999 -9999 -9999 -9999 -9999 -9999 -9999 -9999 -9999 -9999 -9999 -9999 -9999 -9999 -9999 -9999 -9999 -9999 -9999 -9999 -9999 -9999 -9999 -9999 -9999 -9999 -9999 -9999 -9999 56.400335 51.019809 51.019809 67.35591 67.35591 70.439925 70.569937 70.832858 77.06163 77.127857 73.896975 71.048276 40.323873 45.667692 45.791756 46.876628 49.172544 47.974188 48.743873 48.477106 52.640814 56.08883 70.066275 173.752262 839.500295 2722.412908 73.371541 73.244734 65.993372 63.441831 371.628464 410.192985 304.945864 185.419682 142.790459 96.134315 93.847382 96.428883 75.656742 22.76275
-9999 -9999 -9999 -9999 -9999 -9999 -9999 -9999 -9999 -9999 -9999 -9999 -9999 -9999 -9999 -9999 -9999 -9999 -9999 -9999 -9999 -9999 -9999 -9999 -9999 -9999 -9999 -9999 -9999 -9999 56.400335 63.424785 54.065823 70.035812 70.12694 70.439925 70.439925 66.201634 62.093101 61.841652 54.599913 49.191662 40.129152 41.781335 45.066455 42.303641 40.357557 45.001299 48.672878 48.694435 52.602922 54.541945 83.37823 123.377871 1258.682901 4855.068224 124.556413 66.16166 62.605336 62.495801 72.30239 326.721694 345.981971 306.353202 160.244992 136.189415 136.177907 100.028798 76.829676 46.782714
-9999 -9999 -9999 -9999 -9999 -9999 -9999 -9999 -9999 -9999 -9999 -9999 -9999 -9999 -9999 -9999 -9999 -9999 -9999 -9999 -9999 -9999 -9999 -9999 -9999 -9999 -9999 -9999 -9999 -9999 65.896514 65.896514 54.065823 54.065823 60.523293 63.820759 63.842081 66.201634 66.201634 61.841652 59.802931 45.095912 45.338859 45.617806 41.790097 41.66594 40.007002 43.375132 49.615504 49.205115 52.604559 52.474358 71.513775 97.310129 772.510884 5237.645448 217.621 66.055129 65.64072 100.677834 154.218629 449.575667 364.036227 305.45236 185.47913 159.58255 136.342394 126.857076 83.343064 86.008885
-9999 -9999 -9999 -9999 -9999 -9999 -9999 -9999 -9999 -9999 -9999 -9999 -9999 -9999 -9999 -9999 -9999 -9999 -9999 -9999 -9999 -9999 -9999 -9999 -9999 -9999 -9999 -9999 -9999 -9999 55.939225 66.606788 60.379814 60.415292 60.523293 60.523293 49.572134 53.288591 53.658691 70.848978 71.162443 43.3406 46.180968 48.618047 43.027171 43.017624 41.538351 43.661511 51.895447 52.17203 52.414748 51.744172 55.366326 90.884583 572.286663 5250 198.158935 66.233791 66.175301 251.735141 286.752259 271.145851 397.281131 323.713531 291.116222 192.103938 159.511531 140.643677 120.549988 63.247773
-9999 -9999 -9999 -9999 -9999 -9999 -9999 -9999 -9999 -9999 -9999 -9999 -9999 -9999 -9999 -9999 -9999 -9999 -9999 -9999 -9999 -9999 -9999 -9999 -9999 -9999 -9999 -9999 -9999 55.917398 55.917398 66.606788 66.551235 58.741615 59.873276 59.873276 49.572134 49.572134 53.657491 53.958265 52.501027 58.922688 59.145499 56.920464 50.140439 47.76485 47.476344 48.078958 52.116634 52.508711 51.608906 49.361087 42.616538 176.329196 468.431039 4382.856353 298.15407 83.84021 90.768333 167.103247 187.934081 183.972364 436.872652 395.759787 305.526139 273.894111 156.210163 150.374836 111.182066 87.08939
-9999 -9999 -9999 -9999 -9999 -9999 -9999 -9999 -9999 -9999 -9999 -9999 -9999 -9999 -9999 -9999 -9999 -9999 -9999 -9999 -9999 -9999 -9999 -9999 -9999 -9999 -9999 -9999 -9999 45.32537 44.64692 47.274433 47.274433 58.741615 59.22249 49.063862 64.669465 64.669465 70.13546 70.187257 52.501027 62.475338 62.993152 65.473325 65.958377 56.342441 53.010983 53.025485 59.330418 62.10667 40.333376 40.654358 46.120795 180.781169 1595.145973 467.62737 257.107707 123.849384 120.780015 197.235758 356.801216 419.43125 480.749126 436.879658 356.632597 305.601954 236.032205 156.416796 87.620282 118.341381
-9999 -9999 -9999 -9999 -9999 -9999 -9999 -9999 -9999 -9999 -9999 -9999 -9999 -9999 -9999 -9999 -9999 -9999 -9999 -9999 -9999 -9999 -9999 -9999 -9999 -9999 -9999 -9999 -9999 30 44.64495 47.274433 53.880802 48.111511 48.111511 49.260243 52.346828 63.787979 64.640856 64.640856 71.010901 74.084574 57.641785 59.067449 54.031085 52.069076 51.392072 54.907225 55.472104 56.993105 40.689301 38.7353 62.687643 147.177573 1457.922369 276.50735 143.455536 114.634804 96.722376 76.409099 391.549628 938.588543 582.559203 506.798413 428.48941 396.263621 276.292555 176.331759 124.498058 147.702504
-9999 -9999 -9999 -9999 -9999 -9999 -9999 -9999 -9999 -9999 -9999 -9999 -9999 -9999 -9999 -9999 -9999 -9999 -9999 -9999 -9999 -9999 -9999 -9999 -9999 -9999 -9999 -9999 -9999 45.16651 45.817574 45.817574 53.838494 48.111511 52.395009 54.356122 54.356122 59.614379 63.751553 64.640856 65.692581 57.870885 45.108034 45.028918 49.288781 44.968111 45.340826 47.836115 50.92154 42.7453 38.530299 39.152012 59.099051 88.160366 1463.785235 661.891915 101.300434 62.90369 73.404395 77.740127 185.463315 93.214887 167.474967 410.088073 506.000397 434.53079 396.947583 305.539304 163.646623 156.273856
-9999 -9999 -9999 -9999 -9999 -9999 -9999 -9999 -9999 -9999 -9999 -9999 -9999 -9999 -9999 -9999 -9999 -9999 -9999 -9999 -9999 -9999 -9999 -9999 -9999 -9999 -9999 -9999 -9999 45.16651 51.868357 51.671413 51.686248 51.686248 51.37323 54.292537 53.982873 48.95103 48.954146 50.239113 53.895635 57.870885 44.460014 41.887239 45.375403 45.088228 47.159662 49.821472 43.329726 39.155351 39.74847 43.376263 62.090983 80.135953 980.855186 548.740882 93.74058 62.631656 77.718415 87.808237 72.724382 73.952646 150.792428 154.23369 742.933927 555.266031 467.596982 396.702663 231.527483 156.053158
-9999 -9999 -9999 -9999 -9999 -9999 -9999 -9999 -9999 -9999 -9999 -9999 -9999 -9999 -9999 -9999 -9999 -9999 -9999 -9999 -9999 -9999 -9999 -9999 -9999 -9999 -9999 -9999 -9999 51.684882 51.684882 51.671413 51.686248 45.055156 51.741507 51.741507 53.994501 48.954146 48.954146 64.273295 64.278901 51.428588 40.551183 39.885499 41.047136 40.130698 46.099272 43.034791 40.404068 40.383573 42.082598 41.741117 53.097163 90.676675 360.344712 1833.482297 126.822106 78.466878 101.729104 117.209021 90.580294 87.87425 131.811945 118.695131 751.602811 703.773783 689.539094 466.580994 323.243781 176.376192
-9999 -9999 -9999 -9999 -9999 -9999 -9999 -9999 -9999 -9999 -9999 -9999 -9999 -9999 -9999 -9999 -9999 -9999 -9999 -9999 -9999 -9999 -9999 -9999 -9999 -9999 -9999 -9999 -9999 45.14708 45.14708 51.47556 51.47556 45.055156 51.739432 51.262073 53.853147 53.853147 60.287049 64.200879 64.278901 67.507033 64.81227 38.907997 39.019393 38.918415 43.750648 43.017917 39.45549 38.721043 43.749817 41.746088 41.626095 80.530332 159.961915 2909.389697 469.407388 131.826933 137.937259 133.972784 111.316329 137.063685 127.675833 73.371224 1040.87318 742.933927 743.076009 743.076007 434.382067 295.63973
-9999 -9999 -9999 -9999 -9999 -9999 -9999 -9999 -9999 -9999 -9999 -9999 -9999 -9999 -9999 -9999 -9999 -9999 -9999 -9999 -9999 -9999 -9999 -9999 -9999 -9999 -9999 -9999 -9999 45.14708 44.326374 50.884017 50.912838 49.948367 49.9441 51.257951 53.834753 53.617244 47.677919 47.677919 49.601901 67.507033 67.507033 37.734903 37.050588 38.436232 38.445318 39.299241 37.023302 36.532015 40.014925 40.071856 44.720194 74.332861 101.069579 1561.052971 1496.036731 525.010267 167.071883 141.281569 120.703645 183.198114 91.549591 91.236807 525.010267 912.80211 756.832041 743.076009 487.18358 413.919028
-9999 -9999 -9999 -9999 -9999 -9999 -9999 -9999 -9999 -9999 -9999 -9999 -9999 -9999 -9999 -9999 -9999 -9999 -9999 -9999 -9999 -9999 -9999 -9999 -9999 -9999 -9999 -9999 -9999 39.746672 40.024778 40.110047 50.889779 49.908615 50.48306 45.950973 47.342104 54.131961 47.677919 47.677919 59.525267 54.499391 55.048813 36.673943 36.636001 38.907676 38.418948 38.351088 40.819547 42.360005 37.367683 37.66079 43.467366 67.069695 107.172272 745.703893 5250 1516.769336 204.237645 131.105521 125.309197 70.182771 62.809775 120.861207 134.227784 250.516083 114.780047 743.076009 963.780441 447.007353
-9999 -9999 -9999 -9999 -9999 -9999 -9999 -9999 -9999 -9999 -9999 -9999 -9999 -9999 -9999 -9999 -9999 -9999 -9999 -9999 -9999 -9999 -9999 -9999 -9999 -9999 -9999 -9999 -9999 32.446716 39.697347 42.729655 40.41976 -9999 -9999 45.643987 46.99429 56.78758 49.606399 49.611457 59.504741 59.504741 42.486992 36.406317 36.382233 38.051373 38.038607 38.251479 37.49766 38.929837 38.988233 36.754248 39.733948 41.71725 103.26075 310.77413 3271.519387 3803.004375 218.634635 160.886476 201.571005 86.68673 90.669809 137.122573 114.624904 80.972095 88.332119 1069.935932 1469.131177 2063.239375
-9999 -9999 -9999 -9999 -9999 -9999 -9999 -9999 -9999 -9999 -9999 -9999 -9999 -9999 -9999 -9999 -9999 -9999 -9999 -9999 -9999 -9999 -9999 -9999 -9999 -9999 -9999 -9999 -9999 28.758404 29.354599 42.780595 40.793916 39.695928 -9999 -9999 -9999 56.792919 56.792919 56.913909 59.333801 59.351399 42.486992 42.486992 36.38908 36.443986 36.774335 36.298936 35.874136 38.802107 38.108549 35.281103 39.754954 41.038135 94.697837 153.528085 575.958027 5250 3775.4037 274.435564 111.051699 100.473308 127.071475 108.47323 73.114442 74.668141 141.49706 1364.179929 2174.235737 2450.29825
-9999 -9999 -9999 -9999 -9999 -9999 -9999 -9999 -9999 -9999 -9999 -9999 -9999 -9999 -9999 -9999 -9999 -9999 -9999 -9999 -9999 -9999 -9999 -9999 -9999 -9999 -9999 -9999 30 13.707929 13.707929 36.002502 -9999 39.695928 30 30 52.134243 54.546956 54.546956 56.913909 56.913909 49.088917 39.392936 39.392936 36.39864 36.38616 36.440377 36.517469 37.28524 39.714255 42.442264 36.061159 37.992937 40.422139 54.781635 56.02841 199.619671 1506.290761 5250 191.385019 109.160606 131.085165 157.6993 121.571107 66.137984 84.096118 1299.931554 1554.438317 2974.975768 3265.478619
-9999 -9999 -9999 -9999 -9999 -9999 -9999 -9999 -9999 -9999 -9999 -9999 -9999 -9999 -9999 -9999 -9999 -9999 -9999 -9999 -9999 -9999 -9999 -9999 -9999 -9999 -9999 -9999 -9999 13.623226 13.656949 39.743364 -9999 -9999 -9999 -9999 52.134243 52.134243 53.933771 59.051871 59.051871 49.088917 49.088917 36.374216 35.158241 35.003779 36.328635 35.994999 37.056711 38.036503 44.423979 36.345595 34.974362 40.780676 46.283106 53.187868 70.171221 83.576873 5250 88.137997 127.361032 280.70316 374.644063 156.93665 133.23412 157.701107 1454.084958 2703.239056 3461.609368 2336.258912
-9999 -9999 -9999 -9999 -9999 -9999 -9999 -9999 -9999 -9999 -9999 -9999 -9999 -9999 -9999 -9999 -9999 -9999 -9999 -9999 -9999 -9999 -9999 -9999 -9999 -9999 -9999 -9999 -9999 30 14.026465 29.760928 39.742384 -9999 -9999 -9999 -9999 51.36664 53.933771 53.933771 59.22249 59.821791 59.821791 36.372669 36.372669 34.739935 35.652806 35.404022 38.441055 39.390924 44.944671 40.468387 36.119928 43.449116 43.483126 49.922365 62.306895 84.528982 1870.652224 1458.210382 1358.532381 773.195784 498.715369 450.253937 444.04795 1397.034358 3470.756977 3336.974296 3256.618212 120.497269
-9999 -9999 -9999 -9999 -9999 -9999 -9999 -9999 -9999 -9999 -9999 -9999 -9999 -9999 -9999 -9999 -9999 -9999 -9999 -9999 -9999 -9999 -9999 -9999 -9999 -9999 -9999 -9999 -9999 30 15.010858 15.674587 18.920633 -9999 -9999 -9999 -9999 42.99853 56.305041 56.305041 59.22249 59.22249 60.296985 36.690721 36.690721 34.397709 34.397709 35.204194 38.018035 42.063737 42.438493 43.411579 39.587688 42.069424 44.984691 54.641718 54.674031 189.28115 596.066793 5250 1460.12589 981.553073 553.594616 593.851378 593.851378 1677.222617 354.247545 284.687359 296.913681 157.301465
-9999 -9999 -9999 -9999 -9999 -9999 -9999 -9999 -9999 -9999 -9999 -9999 -9999 -9999 -9999 -9999 -9999 -9999 -9999 -9999 -9999 -9999 -9999 -9999 -9999 -9999 -9999 -9999 -9999 30 14.999819 14.993818 18.920633 -9999 -9999 -9999 -9999 42.99853 53.389786 59.103732 59.493239 59.493239 60.296985 36.690721 36.690721 40.374332 40.374332 40.102555 40.089583 39.518956 39.237942 40.504862 35.709191 35.119284 45.018233 52.238396 56.034646 303.572536 636.764737 5250 1842.02601 1550.171116 184.551521 1009.924938 1100.499691 4434.000497 436.850356 266.52995 105.695683 127.90772
-9999 -9999 -9999 -9999 -9999 -9999 -9999 -9999 -9999 -9999 -9999 -9999 -9999 -9999 -9999 -9999 -9999 -9999 -9999 -9999 -9999 -9999 -9999 -9999 -9999 -9999 -9999 -9999 -9999 42.782344 15.027266 15.043635 39.411356 -9999 -9999 -9999 -9999 54.068379 54.068379 59.103732 59.493239 60.031923 61.671193 61.671193 60.080007 40.374332 40.374332 57.006765 63.746032 39.559349 39.068825 35.409005 35.050502 36.406263 41.768594 40.855032 55.503493 397.057332 1497.491612 5250 117.680314 117.321751 1758.540582 1359.297751 2627.610645 411.314761 167.564865 107.664679 108.025089 105.314908
-9999 -9999 -9999 -9999 -9999 -9999 -9999 -9999 -9999 -9999 -9999 -9999 -9999 -9999 -9999 -9999 -9999 -9999 -9999 -9999 -9999 -9999 -9999 -9999 -9999 -9999 -9999 -9999 -9999 42.782344 40.721285 15.684441 30 -9999 -9999 -9999 -9999 54.068379 56.630735 59.46842 59.46842 60.031923 61.671193 50.884247 63.788586 63.788586 60.065788 63.746032 63.746032 40.955597 49.285605 34.3939 35.275321 39.405462 40.384466 41.660403 186.924639 523.755419 2072.843137 5250 2906.531615 204.716026 2771.693658 3109.233049 46.823362 46.823362 184.029726 126.810903 152.996092 127.967663
-9999 -9999 -9999 -9999 -9999 -9999 -9999 -9999 -9999 -9999 -9999 -9999 -9999 -9999 -9999 -9999 -9999 -9999 -9999 -9999 -9999 -9999 -9999 -9999 -9999 -9999 -9999 -9999 -9999 33.359387 31.990188 15.696993 15.703919 -9999 -9999 -9999 -9999 53.902632 56.630735 59.46842 59.096947 60.393287 60.393287 50.884247 63.788586 63.788586 40.302215 40.302215 58.628142 49.285605 49.285605 34.297808 35.668418 39.2894 41.76041 43.809713 319.829439 582.741203 2675.083847 450.445378 404.283763 274.808388 291.265186 3049.598281 4460.347654 365.175749 66.126135 148.854265 184.160091 150.904145
-9999 -9999 -9999 -9999 -9999 -9999 -9999 -9999 -9999 -9999 -9999 -9999 -9999 -9999 -9999 -9999 -9999 -9999 -9999 -9999 -9999 -9999 -9999 -9999 -9999 -9999 -9999 -9999 -9999 -9999 32.376873 16.057087 15.667434 -9999 -9999 -9999 -9999 50.431059 56.692675 56.692675 59.096947 60.393287 45.675283 63.27939 63.27939 51.574707 40.302215 40.302215 62.690123 62.690123 41.056424 36.064996 36.064996 39.348623 41.133368 90.613857 409.036757 2070.686385 3777.490286 5250 114.378125 167.657724 97.320674 48.699767 3143.518681 525.010267 73.884623 74.019416 62.921863 134.943749
-9999 -9999 -9999 -9999 -9999 -9999 -9999 -9999 -9999 -9999 -9999 -9999 -9999 -9999 -9999 -9999 -9999 -9999 -9999 -9999 -9999 -9999 -9999 -9999 -9999 -9999 -9999 -9999 -9999 -9999 30.676049 17.167448 13.516313 30 -9999 -9999 -9999 -9999 56.096168 50.950873 56.021081 56.021081 45.675283 63.27939 63.319081 63.297839 63.297839 56.002753 62.690123 62.690123 41.056855 36.413676 40.659611 42.399002 42.399002 97.161242 219.630221 1944.350007 144.016337 150.636042 114.378125 120.905817 208.022556 143.503496 379.146767 1354.658189 499.249255 74.59758 94.775548 214.268671
-9999 -9999 -9999 -9999 -9999 -9999 -9999 -9999 -9999 -9999 -9999 -9999 -9999 -9999 -9999 -9999 -9999 -9999 -9999 -9999 -9999 -9999 -9999 -9999 -9999 -9999 -9999 -9999 -9999 -9999 29.434537 29.662038 13.516313 30 -9999 -9999 -9999 -9999 50.359519 50.950873 56.021081 46.973985 40.030592 40.030592 60.290946 63.297839 63.297839 60.128796 60.128796 59.938002 36.447413 36.447413 41.091919 42.295891 55.416084 157.107939 775.461887 3052.53643 402.642525 337.952031 264.074929 372.485837 298.268679 293.72079 387.669979 1388.468473 525.010267 525.010267 341.927538 197.56398
-9999 -9999 -9999 -9999 -9999 -9999 -9999 -9999 -9999 -9999 -9999 -9999 -9999 -9999 -9999 -9999 -9999 -9999 -9999 -9999 -9999 -9999 -9999 -9999 -9999 -9999 -9999 -9999 -9999 -9999 34.099279 30.697583 14.113164 14.113164 -9999 -9999 -9999 -9999 53.394357 56.730033 46.973985 46.973985 40.030592 40.008561 48.62608 48.603022 39.457103 60.128796 60.128796 44.087969 38.632628 38.685515 42.309988 42.309988 55.891184 56.63267 901.280325 3371.599677 5168.338745 5250 5250 5250 406.206607 417.708934 5250 1102.893412 1333.333333 453.529638 180.556601 121.997745
-9999 -9999 -9999 -9999 -9999 -9999 -9999 -9999 -9999 -9999 -9999 -9999 -9999 -9999 -9999 -9999 -9999 -9999 -9999 -9999 -9999 -9999 -9999 -9999 -9999 -9999 -9999 -9999 -9999 -9999 43.014919 29.077933 14.113164 14.113164 30 -9999 -9999 -9999 53.394357 56.702506 56.592262 57.372728 39.989065 39.989065 48.62608 48.62608 59.834198 59.793243 59.70496 44.087969 44.087969 38.685515 34.26353 39.166979 44.765812 44.765812 659.489618 49.795473 5250 5250 5250 474.776228 447.463464 518.999586 5250 1796.632374 1341.732499 254.340202 173.819752 117.774964
-9999 -9999 -9999 -9999 -9999 -9999 -9999 -9999 -9999 -9999 -9999 -9999 -9999 -9999 -9999 -9999 -9999 -9999 -9999 -9999 -9999 -9999 -9999 -9999 -9999 -9999 -9999 -9999 -9999 -9999 36.653434 27.748195 26.36369 15.528177 30 -9999 -9999 -9999 53.35607 56.592262 56.592262 57.25098 53.324378 40.857182 50.010123 58.851997 59.834198 59.834198 59.708367 62.817028 62.817028 33.455836 33.455836 39.166979 44.255524 46.384459 200.000546 4358.787217 4057.909814 3858.830133 3974.618513 453.007702 435.865845 5250 50.698214 5250 802.220169 318.704425 167.847182 144.960221
-9999 -9999 -9999 -9999 -9999 -9999 -9999 -9999 -9999 -9999 -9999 -9999 -9999 -9999 -9999 -9999 -9999 -9999 -9999 -9999 -9999 -9999 -9999 -9999 -9999 -9999 -9999 -9999 -9999 -9999 46.063142 19.658054 17.820402 -9999 -9999 -9999 -9999 -9999 48.938252 48.419799 53.030188 53.324378 53.295257 40.857182 35.37985 40.017029 47.761702 58.684742 59.708367 59.708367 62.010243 37.763495 37.763495 40.445096 40.445096 46.384459 183.70399 2072.140831 2871.497222 2756.236679 2977.108923 403.615649 391.791583 1408.55731 2391.267272 49.46764 415.251944 637.722001 298.101602 369.892256
-9999 -9999 -9999 -9999 -9999 -9999 -9999 -9999 -9999 -9999 -9999 -9999 -9999 -9999 -9999 -9999 -9999 -9999 -9999 -9999 -9999 -9999 -9999 -9999 -9999 -9999 -9999 -9999 -9999 -9999 33.004791 33.004791 17.338297 -9999 -9999 -9999 -9999 -9999 48.419799 48.365419 42.448602 41.341596 38.688197 33.726587 34.067929 40.017029 40.017029 53.325742 56.767657 59.464026 53.67198 53.67198 37.763495 45.989264 45.989264 67.265967 68.098918 408.938531 566.940377 1483.378176 2346.330573 2576.987111 417.693099 417.366066 445.973924 953.279927 1456.551168 2763.351015 1427.921631 1004.544561
