STOTEN_Data/raw/Age_yrs_1400ft.asc
ncols         250
nrows         718
xllcorner     -2256000
yllcorner     1557000
cellsize      1000
NODATA_value  -9999
[rows 620 to 650 of 718, columns 138 to 206 of 250]
5250 5250 5250 5250 5250 5250 5250 5250 5250 5250 5250 2162.257899 5250 5250 5250 4542.484679 4471.005878 4468.448264 4604.375612 4882.033031 5250 5250 5250 5250 5250 5250 5250 5250 5250 5250 5250 5250 5250 5250 4408.213552 5250 5250 5250 5250 5250 5250 5250 5250 5250 5250 5250 5250 5250 5250 5216.70089 5250 5250 3046.091123 5250 5165.715079 1840.140899 3409.352412 2951.126449 2298.080491 2276.503165 2236.619513 1801.674789 1606.0937 1566.353837 1595.41931 1667.762408 1668.482194 1666.826785 1607.710169
5250 5250 5250 5250 5250 5250 5250 5250 5250 5250 5250 5250 4467.942203 4511.3057 4472.630029 4468.706058 4467.94288 4536.619914 5250 5250 5250 5250 5250 5250 5250 5250 5250 5250 5250 5250 5250 5250 5250 4112.388775 5250 5250 5250 5250 5250 5250 5250 5250 5250 5250 5250 5250 5250 5250 4974.948665 5212.457221 5250 2732.036463 3170.405722 2664.35115 4071.780665 522.9295 1766.013509 2131.319614 3517.167988 3269.901129 2171.132363 2084.135653 1605.519337 1633.597772 1671.007211 1671.171698 1669.616157 1667.579163 1667.361068
5250 5250 5250 5250 5250 5250 5250 5250 2162.257899 2252.522066 5250 3278.464946 4572.084011 4469.562924 4467.942206 4468.134922 4471.614918 5250 5250 5250 5250 5250 5250 5250 5250 5250 5250 5250 5250 5250 5250 5250 5250 5250 5250 5250 5250 5250 2447.600055 5250 5250 5250 5250 5250 5250 2708.623158 5250 4596.239745 5212.457221 5250 2070.616317 1822.474616 2783.655514 2942.369057 2737.713895 2658.59339 52.29295 2255.609109 3567.945808 3165.654296 2923.171978 2137.158005 1763.696422 1673.962378 1671.555111 1671.147586 1669.090499 1777.081457 1969.907751
5250 5250 5250 5250 5250 5250 5250 5250 5250 4469.098393 2976.252421 4471.794049 4270.690456 4468.134913 4467.942206 4614.981087 5250 5250 5250 5250 5250 5250 5250 5250 5250 5250 5250 5250 4770.568104 4764.629326 5250 5250 5250 5250 5250 5250 2438.917506 2344.11248 2460.745236 5250 5250 2916.922973 1798.561776 1782.827776 1833.538672 1978.033437 1973.762263 1955.198281 2031.322685 1838.092179 1690.43872 2009.357037 1718.725766 1783.618357 2947.695653 2322.290668 2575.474442 2938.07085 5250 5250 3470.791305 2882.468857 1865.461303 1733.053394 1704.97517 1704.013366 1975.821796 1976.320909 1909.915165
5250 5250 5250 5250 5250 5250 5250 5250 3730.11996 3972.481232 4172.275091 4170.93091 4469.593916 4469.822507 5250 5250 5250 5250 5250 5250 5250 5250 5250 5250 5250 5250 5250 5250 4917.922843 5250 5250 5250 5250 5250 5250 5250 2018.589026 2228.268323 5250 5250 5229.295003 1790.262219 1758.555406 1771.760131 1759.700866 2118.984727 1785.52133 1796.477853 1796.106979 1650.381734 1585.373392 1574.994296 1574.994296 1648.960105 2994.89532 1786.954963 524.599589 2570.704997 2683.501086 5250 5250 4007.660778 2783.020464 2948.410698 2668.125917 2163.442323 1979.498522 1880.118585 1853.765554
5250 5250 5250 5250 5250 5250 5250 4472.262868 3875.654649 4465.815166 4270.987536 4469.597975 4505.424016 5250 5250 5250 5250 5250 5250 5250 5250 5250 5250 5250 5250 5250 5250 4809.266357 5161.984622 5250 5250 5250 5250 5250 5250 5250 2083.973188 1994.515041 5250 5250 4303.535675 2157.659089 1724.74209 1705.498517 1682.042629 1614.190433 1648.414253 1681.12699 1614.010353 1514.887458 1471.694335 1516.175134 1602.737851 1702.627705 1774.760709 1711.837463 1759.555208 2169.735952 2589.122418 2941.17557 4798.539138 4507.787052 5250 4406.02262 3563.758536 3560.237557 3468.380264 1962.212822 1327.969079
5250 5250 2163.875722 5250 5250 4472.516226 4459.958783 4470.614215 4465.957317 4467.942876 4468.143137 4590.200688 5250 5250 5250 5250 5250 5250 5250 5250 5250 5166.079206 5250 5250 5250 4507.714341 5072.893757 4774.870439 5250 5250 5250 5250 5250 5250 5250 5250 2067.936686 1954.212506 5250 1731.723107 4700.068446 1786.475878 1703.350428 1632.442439 1525.165412 1521.189728 1533.287702 1539.016318 1562.497917 1442.54812 1544.752328 1670.955966 1518.454182 1568.102371 2029.932168 1558.838546 1669.085914 1861.329813 2128.687195 2750.759538 3870.39165 4491.048807 3258.98324 4528.130907 5187.405886 5250 4206.219394 1678.780718 4264.336272
5250 5250 4470.070625 3433.342268 2480.6944 4467.942203 4467.942203 4467.94355 4469.895112 4471.971596 5250 5250 5250 5250 5250 5250 5250 5250 2069.505356 5250 5250 5250 5250 4215.232198 4204.273468 4801.205332 5250 5250 5250 5162.524048 5250 5250 5250 5250 5250 5250 1988.042938 1825.362674 1733.286059 1664.258055 2915.110717 1760.633691 1603.033883 1534.976044 1496.289934 1482.358831 1482.371449 1482.357179 1443.248807 1575.401252 1583.428529 1519.205761 1509.817976 1616.992063 1747.581852 1491.61349 1579.203333 1716.847477 1815.947767 1944.969672 3534.157308 3803.967692 3061.561486 3560.581048 5250 5250 5250 5250 5250
2480.6944 2480.6944 2979.246788 3193.13835 3999.591566 4467.942203 4467.931732 4472.64149 4818.118347 5250 5250 5250 5250 5250 5250 5250 5250 5250 5250 5250 5250 4072.093811 3806.933084 3778.617804 4603.251941 5250 5250 5250 4812.025768 5250 5250 5250 5250 5250 5250 5250 1864.014125 1733.295407 1737.577002 1661.549533 1715.168608 1667.230362 1554.570297 1496.90419 1844.538215 1476.948669 1478.697796 1623.464062 1505.064866 1514.745971 1513.966616 1508.597494 1473.961097 1639.060979 1671.040587 1407.118412 1520.2637 1600.235121 1669.373425 2443.656093 2968.79231 3306.451466 2892.62083 2988.328024 3825.116352 5250 5250 366.05065 5250
2841.785457 2670.542788 3071.378309 3105.553919 4467.942203 4468.136185 4747.838296 5250 5250 5250 5250 5250 5250 5250 5250 5250 5250 5250 5250 5250 5250 3634.945038 3628.769751 4082.302627 4876.760681 5250 5250 4666.42455 5250 5250 5250 5250 5250 5250 5250 1997.950597 1737.577002 1735.437442 1655.358884 1672.073051 1794.776443 1547.181104 1573.422436 1505.959856 1502.461625 1489.928369 1486.179994 1363.80364 1533.426339 1518.879677 1525.938453 1469.579867 1452.05924 1539.734471 1466.253984 1412.504005 989.69864 1551.704993 1641.283033 2496.604638 2948.167816 3093.784081 2785.555086 2601.013171 3143.26222 5250 5250 52.29295 5250
2809.842218 3001.28336 3304.196312 3571.222577 4468.136259 5250 5250 5250 5250 2789.337149 5250 5250 5250 5250 5250 5250 5250 5250 5250 5250 4507.591563 3657.898739 4128.251962 4811.372971 4459.295567 4585.220799 4932.028915 4697.284545 5250 5250 5250 5250 5250 5250 5250 1950.351407 5164.703961 1659.329701 1657.923256 1683.230664 1594.207508 1564.892009 1060.836589 1062.605521 1069.527595 1193.578437 1048.793231 1043.145318 1275.677186 1519.862455 1383.793948 1409.072637 1452.269127 1504.657169 1466.394035 1399.738379 1461.010767 1491.116546 1528.058803 1211.906 1807.262332 2931.190972 1301.063355 2368.550278 2694.816833 4148.789589 5250 5250 523.340178
2777.293329 3409.674314 3537.492306 4467.942873 5250 5250 5250 5250 5250 5250 5250 5250 5250 5250 5250 5250 5250 5250 5250 4563.422861 4562.77262 4641.285107 4819.745168 4431.994255 4464.964349 4349.157141 3673.671363 4468.618213 5250 5250 5250 5250 5250 4584.583146 3872.971634 1916.727711 1737.577002 1658.194463 1709.110201 1668.671488 1698.919621 1059.902807 1028.854852 1039.047818 1018.047555 1036.923485 1024.520606 873.967779 1123.458226 1485.010725 1165.273289 1449.132083 1461.952707 1469.579867 1466.394049 1333.080417 1395.657838 1455.625174 1481.914394 1154.520708 2421.280879 2772.723624 1338.267481 2343.581488 2421.115877 2821.751557 4303.561818 523.340178 523.340178
3543.139625 4171.860739 5250 5250 5250 5250 2513.576211 5250 5250 5250 5250 5250 5250 5250 5250 5250 4974.99856 5250 5250 4439.833703 5068.224296 5159.493739 4215.844091 4325.957578 4077.862439 2838.148183 3714.980381 4474.003495 5250 5250 5250 5250 5250 5250 1860.269533 2040.56751 1734.946219 1736.161218 1712.046475 3644.626968 1062.235037 886.371923 860.182216 778.038403 768.883332 860.474113 729.580105 744.633041 934.902447 972.504128 956.186533 1306.839182 1452.765021 1429.214858 1467.266565 1333.080417 1327.583888 1394.297316 1475.34849 2138.811633 2250.258518 2513.97724 2222.35944 2414.028426 2250.246872 2487.286347 3498.938355 3157.540118 522.094456
5250 5250 5250 5250 5250 5250 5250 5250 5250 5250 5250 5250 5250 5250 5250 5164.469907 5250 5250 4075.347288 4090.038143 5250 5250 4543.78223 4377.285757 2879.238838 3045.071139 4013.064483 4326.473618 5250 5250 5250 5250 4814.358787 5250 5161.499007 5250 1737.577002 1486.700768 1660.86515 2716.106377 1044.799196 755.368377 737.071787 726.96159 734.971868 761.054472 719.786573 718.67762 779.284381 772.67444 796.156859 1148.88814 1347.138882 1445.110915 1451.571088 1333.080417 1331.017975 1327.584003 1480.357085 2213.266914 2090.967385 2322.595098 2103.833462 2584.38211 2250.250527 2250.246873 2960.966658 2512.225898 2914.556358
5250 5250 5250 2683.883096 5250 5250 5250 5250 5250 5250 5250 5250 5250 5250 5178.11278 4072.353498 5250 3668.567675 3864.236961 4969.206843 5250 5158.71405 4525.631149 4041.487401 3177.451336 4231.728942 4104.219738 5250 4181.17179 5250 5250 4776.492156 5250 5250 3449.709109 5250 1633.173172 1372.559642 1659.264608 1650.664921 778.779853 715.333957 708.614021 705.800979 725.559437 713.943106 719.740447 724.55745 758.994144 755.344153 903.034451 918.660667 1417.262287 1178.11335 1254.337143 1018.874752 1299.777987 1327.583847 1497.148622 2310.909053 1876.894045 2250.258518 2530.024484 2738.27678 2250.253191 1977.344387 2333.535573 2008.579465 2389.842827
487.492585 485.840748 5250 5250 5250 5250 5250 5250 5250 5250 5250 5250 5250 5250 3471.042658 5250 3565.83219 3427.822521 4008.952809 5250 5250 4587.547929 4803.958483 5165.356631 4270.106673 4068.215618 3967.406012 4321.584485 5250 5250 5250 5250 5250 1208.213552 1472.895277 1711.69473 1319.682051 1408.472124 1653.148697 1648.688113 745.530795 703.458057 702.410674 709.699918 709.684115 710.892379 737.759525 741.957563 744.695414 741.957563 741.957563 906.346785 1266.631799 1017.241899 1050.011408 1266.422454 1300.003519 1327.599333 1466.392888 2216.024895 1753.857834 2066.264281 2290.692208 2620.735397 2323.003612 1936.612505 1933.417406 2253.030363 1898.469002
193.675565 485.840748 5250 5250 5250 5250 5250 5250 5250 5250 5250 5250 3881.371185 3090.250054 5250 5250 3139.741758 3228.429418 4478.108792 5250 4671.331306 4734.60511 4812.028368 5250 4218.582647 4327.845137 3578.566844 4312.088098 5250 5250 5250 5250 1208.213552 875.463028 1273.67932 1420.796833 1160.43723 1318.047 1575.356566 1477.175883 717.927827 700.182472 697.297934 697.570961 711.36643 719.905857 765.154717 741.957563 741.957563 741.957563 773.853525 996.864291 991.317352 778.229747 999.77592 1336.493425 1333.459466 1266.257439 1517.331929 2014.653776 1687.496208 1851.600545 2013.474833 2250.258518 2465.16646 2014.891995 1712.842387 1856.481802 2066.264449
2517.965061 5250 5250 5250 5250 5250 5250 5250 5250 5250 5250 3560.038296 2923.656716 2477.043747 2174.960457 2811.872132 2911.107312 3430.069323 4873.302827 4499.187525 4607.639589 4280.851881 5250 5250 4466.631536 3869.714843 3928.134552 4178.78423 5250 5250 5250 5250 5250 1032.622808 1412.102618 1509.983612 1048.294685 1411.133927 1552.908966 1414.562107 722.19679 753.546959 697.155208 710.315709 729.36345 726.091655 741.957563 741.957563 741.957563 757.98071 1062.032303 1383.966155 729.073538 726.691855 764.583063 1128.224364 1271.181496 1272.247192 1466.396274 1568.848176 1672.554396 1551.430886 1831.01503 1888.836237 2279.153106 2155.997743 1747.342784 1541.957563 1588.833415
5250 5250 5250 5250 5250 5250 5250 5250 5250 5250 3171.034409 2528.823395 2073.74664 2324.783653 2572.856475 2601.981895 3301.04597 4570.026926 4401.539391 3876.009477 3998.40947 4328.716025 5250 4623.139547 5250 3578.95825 4286.593945 4378.686632 5159.459646 5250 5250 5250 5250 1668.525525 1558.277818 1319.772434 1318.047 1564.869852 1768.315301 785.626591 792.262687 728.745566 716.164085 747.64043 744.512891 727.898329 741.957563 741.957563 757.56883 1000.319517 1092.735153 1015.799043 686.862645 685.948815 725.698199 1022.882137 1131.537875 1137.850132 1455.625174 1247.949859 1640.812904 1457.370689 1666.255989 1666.255989 1933.522778 2016.943391 1741.820671 1481.247427 1312.269621
5250 5250 5250 5250 5250 5250 5250 5250 5250 5250 2628.527634 2374.831803 2171.771042 2780.91332 2540.923992 3055.785654 3866.569669 4017.031262 3742.857771 3803.104562 3733.262264 4697.09466 4603.614773 4474.064634 4477.335382 4462.986972 4179.96445 3933.661268 4677.313184 4469.098415 4967.897417 5250 5250 1719.461556 1548.918269 1358.404798 1208.213552 1532.146931 1982.314354 763.77935 614.191596 618.167064 584.022852 729.248375 704.21004 706.240505 727.973644 760.272362 746.241516 1129.4052 1027.01944 745.035275 664.6449 664.41583 682.650972 788.933178 996.596032 994.73622 1388.911704 1237.875165 1479.911616 1303.580135 1352.802357 1541.957563 1572.665108 1667.956478 1643.450597 1434.4344 1226.75958
476.249144 47.624914 5250 5250 5250 5250 5250 5250 5183.097351 3633.204148 2126.858119 2326.665559 5250 2266.993875 2663.959421 3234.99896 4414.849711 3698.916028 3370.087338 3275.183236 3701.470118 4931.624831 3969.874623 5165.664711 5250 4181.607478 4183.379748 4669.334234 4471.361672 4469.348406 4458.744486 5250 5250 1693.619055 1318.047 1208.213552 1277.72114 1654.045592 1002.874743 597.326032 581.233919 580.533881 585.502032 593.127995 591.725649 728.867634 742.693792 761.010934 935.278616 896.205138 980.743783 737.089628 661.978255 644.76386 650.830085 747.361837 800.679173 837.645448 1138.600025 1214.13589 1410.859241 1347.129019 1259.812348 1449.122512 1339.011838 1388.740931 1403.049476 1305.088746 1125.290419
47.624914 47.624914 5250 5250 5250 5250 5250 5250 5163.182891 2076.672203 2579.675715 5250 2329.957103 2499.220129 3030.813607 4009.801304 3608.704922 3142.433415 2807.552371 3271.601472 4131.716776 3671.515749 4031.851076 4175.271966 5250 5250 4042.887016 4521.494498 4516.653844 4314.164641 4470.683287 5250 5250 1686.122866 1307.543215 1208.213552 1537.713895 1002.874743 980.072139 525.010267 525.010267 525.010267 525.010267 582.914179 580.533881 696.100858 630.237181 657.784801 963.516046 728.050935 815.383723 753.694876 690.774055 620.101204 626.146171 678.002873 761.422528 776.855391 848.933576 1316.636282 1285.883065 1195.585857 1177.724915 1201.403929 1204.24679 1196.239676 1128.408023 1119.511218 966.808479
-9999 -9999 5250 5250 509.597783 5250 5250 3570.83095 3067.982622 2668.620617 5250 2512.813954 2571.69664 2954.154218 3968.021598 3469.198137 2742.809413 2440.353251 2482.251561 3097.947186 3573.41754 3495.172364 4013.224419 3807.158828 5250 5250 4206.243766 4622.824961 4105.997921 4003.460431 5250 5250 1737.104127 1660.228327 1318.047 1208.213552 1578.723325 962.060179 629.221994 525.010267 525.010267 525.010267 525.010267 525.010267 525.010267 929.199179 525.010267 525.010267 613.268393 711.111111 756.892137 752.705891 664.614063 602.60931 588.380838 642.331416 696.282325 738.468714 778.743537 1294.57119 913.621893 984.728051 916.576706 1035.942388 1112.426729 993.28945 921.054412 902.969108 793.055445
-9999 -9999 -9999 48.418891 481.542323 5250 2168.396088 2249.030459 2629.250716 5250 2904.021518 2993.611536 2970.073796 3798.309009 4037.993431 2836.916898 2313.728749 2013.05402 2307.275076 3409.923241 3496.565523 3400.717919 3536.343878 3529.792655 4050.198464 5250 4432.987403 4784.554296 3649.524961 4080.36445 5250 5250 1752.148575 1358.464859 1208.213552 1208.213552 1454.483231 609.691992 525.010267 525.010267 525.010267 430.143737 525.010267 525.010267 525.010267 525.010267 525.010267 525.010267 525.010267 728.646942 811.272504 694.547818 634.346359 600.3425 574.152366 588.164124 671.757165 731.869978 752.019483 897.012565 876.285571 832.042623 812.234113 933.765041 1009.892389 846.782318 759.029057 691.435562 622.093769
-9999 -9999 -9999 48.418891 -9999 30 2225.483463 3526.483762 5250 5250 3502.715263 3121.085616 3507.067286 4565.755 2968.217816 2579.621082 2374.953639 2336.452903 2439.036988 2837.642094 3221.754725 3222.841437 3238.591566 3465.349658 3738.079705 5250 4346.622596 5176.256013 4015.824773 5250 5250 5250 1675.141002 1208.213552 1208.213552 1208.213552 1720.876112 525.010267 525.010267 199.954161 180.721246 182.103582 525.010267 525.010267 525.010267 525.010267 525.010267 525.010267 525.010267 580.533881 799.059267 693.774941 572.451362 574.152366 574.152366 573.881141 605.663178 643.301978 744.700073 856.95939 822.086671 749.299418 714.109602 824.86834 837.645448 744.081645 627.2271 539.668478 525.010267
-9999 -9999 -9999 -9999 -9999 -9999 3559.545837 5250 5250 2175.937772 2640.504699 3351.730072 4275.961363 3231.913104 2546.513795 2271.270692 2239.585581 2501.770082 2400.043113 2541.970498 3293.710031 3002.090989 3398.01931 3706.557216 3705.029418 5250 4473.519547 5164.219539 4276.037708 5250 5250 1774.523837 1468.999337 1208.213552 1208.213552 1208.213552 763.967975 525.010267 525.010267 165.757006 157.49943 161.387178 190.70128 297.239334 323.791625 525.010267 525.010267 306.798996 421.936866 525.010267 829.295003 545.726164 463.514564 486.576552 554.723529 574.152366 573.101319 607.414811 679.004961 778.400592 831.51403 741.683778 679.350115 722.336299 695.041656 640.20098 525.010267 525.010267 525.010267
1930.978537 3603.963458 -9999 -9999 -9999 -9999 30 5250 5250 2209.155744 2494.763204 3509.457789 3199.886225 2373.916326 2072.947715 2005.322034 2006.070424 2470.202131 2410.867972 2775.084563 2606.969273 2574.814892 3241.031846 3673.386971 3668.851987 3908.478802 4220.43357 5250 5158.941946 5250 5250 1736.117294 1659.696392 1208.213552 1068.662182 1085.66953 750.501487 525.010267 525.010267 150.988211 145.288615 156.789932 158.895734 164.727356 290.983954 302.368241 525.010267 444.872797 306.374629 525.010267 815.999446 350.624214 298.818874 393.390791 482.175487 554.723526 554.354462 557.397405 626.216965 750.850158 1067.845665 719.018839 645.007448 619.517037 557.211918 539.322797 525.010267 456.713743 319.413747
1905.178354 2367.991509 2572.542125 -9999 -9999 -9999 30 477.05681 477.05681 2273.921575 2456.65057 3629.656702 2304.591092 2074.691647 2003.042231 2003.256065 2007.434244 2074.085423 2348.078346 2772.529683 2565.642995 2642.711764 3048.708594 3365.690647 3530.264396 3567.155729 3902.871357 5250 5250 5250 5250 1736.151148 1659.513462 1208.213552 1059.768487 1163.906 750.004753 723.338421 193.386542 80.796222 79.752377 294.720511 151.077948 153.830545 172.869796 525.010267 525.010267 515.865871 293.803965 525.010267 357.973773 282.943227 257.071515 285.944876 374.097823 432.885758 439.407901 442.245055 514.632371 741.393736 862.156436 616.831312 568.276142 493.479352 525.010267 525.010267 525.010267 333.453157 248.684205
-9999 2834.098226 2434.341798 -9999 -9999 -9999 -9999 477.05681 47.624914 2404.955893 2193.61102 2740.188851 2266.59294 2073.716358 2003.541076 2066.819674 2038.334783 2046.916671 2343.498968 2348.9093 2366.747872 2950.912848 2578.891619 3237.00395 3498.432671 3541.138055 4024.534925 5250 5250 5250 5250 1716.491644 1658.79181 1208.213552 1224.684682 1358.404863 755.646817 768.1953 166.194745 64.551076 52.501027 77.007886 79.099901 230.206466 184.210559 525.010267 184.313301 503.189762 448.611415 521.962719 305.949832 215.167693 214.154905 220.155145 286.885532 349.570091 349.973999 349.974848 379.456993 625.842176 776.560445 593.231819 524.190326 415.67227 428.921566 434.859983 340.064133 266.203298 197.773215
-9999 -9999 3188.38548 2794.023834 30 -9999 -9999 -9999 47.624914 2493.61532 2303.428628 2408.393876 2179.798497 2074.099819 2004.643211 2340.528791 2039.906401 2137.940038 2132.904358 2242.089933 2432.489633 2846.931562 2805.684711 2896.437611 3472.3502 3502.635523 3582.326011 3931.687357 4585.794836 5250 5250 1701.34611 1658.881381 1208.213552 1208.213552 1208.213552 1002.874743 776.591376 525.010267 41.853202 41.748399 103.278013 58.353422 71.917743 177.395741 525.010267 142.637463 270.187135 525.010267 531.628356 198.921119 176.819017 170.875976 209.698589 287.72796 305.949238 306.138325 316.103126 333.053931 512.741645 647.05453 558.084268 349.978006 328.062971 298.576837 284.024641 276.960986 194.561839 149.58146
-9999 -9999 -9999 2708.532419 2673.282859 3230.253258 -9999 -9999 -9999 2732.138198 2365.72443 2415.454852 2171.623324 2042.026923 2098.714893 2404.255589 2015.709963 2135.447246 2067.262291 2173.289491 2492.024712 2573.230399 2646.833627 2634.290294 2877.674804 3175.201648 3769.571106 3701.165344 5161.035537 5250 5250 1738.747169 1242.740124 362.394656 612.594114 1208.213552 1668.035592 802.371019 525.010267 52.501027 41.748399 52.501027 41.58339 52.501027 525.010267 59.732603 59.732603 149.176311 482.50057 328.731592 185.448323 160.450665 162.347308 174.708261 212.720218 232.762948 232.763283 233.301392 273.301392 419.712526 419.712526 726.803307 311.384987 267.759604 209.719453 189.633604 185.848603 152.657231 146.63932
