STOTEN_Data/raw/Age_yrs_250ft.asc
ncols         250
nrows         718
xllcorner     -2256000
yllcorner     1557000
cellsize      1000
NODATA_value  -9999
[rows 465 to 495 of 718, columns 69 to 137 of 250]
-9999 -9999 -9999 -9999 -9999 -9999 -9999 -9999 -9999 430.927323 443.753425 470.848117 540.004891 523.352769 403.41925 480.562427 453.830709 559.35189 732.362901 965.373886 1076.668614 1564.621998 369.885461 193.26251 190.082675 187.087324 186.698161 186.658933 187.009155 207.061656 199.829274 160.068076 155.767664 172.568893 179.472789 166.760686 169.754545 202.60548 147.129249 166.830023 151.974117 149.552944 155.722307 159.782071 156.319051 125.010267 85.715538 73.662035 52.501027 38.459084 52.501027 48.042155 48.923149 106.808799 187.430043 164.4158 130.657279 109.721204 90.636312 61.841788 48.570386 33.851975 24.903491 24.903491 57.61855 146.181079 190.913549 274.203927 286.917615
-9999 -9999 -9999 -9999 -9999 -9999 -9999 -9999 -9999 430.927323 433.718796 366.621596 370.325977 324.492828 370.567244 464.081012 575.663904 30 30 -9999 30 1337.442636 1673.814142 424.957463 367.489793 186.945043 186.813479 186.95997 186.706497 187.309034 267.788086 156.291409 159.907024 149.529413 153.460805 160.774532 166.583472 171.038239 159.064829 153.678048 155.704882 153.275739 166.170156 150.395059 157.013902 133.333333 111.040297 74.478361 76.944385 53.900714 52.501027 48.985614 27.558293 54.109868 157.393313 140.13106 117.704488 97.300813 77.018088 63.436852 43.291353 31.359268 25.89003 24.903491 107.153831 154.008727 151.171418 240.947274 283.752579
-9999 -9999 -9999 -9999 -9999 -9999 -9999 -9999 -9999 408.389611 408.389611 366.621596 366.636723 402.97499 -9999 -9999 -9999 -9999 -9999 -9999 -9999 1562.654672 1565.154872 1561.976118 1673.108716 341.215517 186.417563 203.362349 186.984806 186.300991 373.644652 159.612606 156.226838 143.042048 151.823648 153.311918 158.786 167.497882 166.818299 170.136551 172.530404 165.877607 166.272724 149.382725 175.937404 165.67995 136.424292 90.936965 87.049205 56.888996 54.068886 41.459274 31.016655 44.588558 65.291736 108.088603 100.430505 80.359658 63.576317 38.551586 23.136335 17.193013 17.193013 81.755162 110.550296 166.452076 156.167787 217.612661 189.826822
-9999 -9999 -9999 -9999 -9999 -9999 -9999 -9999 -9999 30 371.341824 436.885991 445.012148 402.97499 -9999 -9999 -9999 -9999 -9999 -9999 -9999 -9999 30 1668.50188 1564.929289 1563.943986 483.920837 384.735158 193.502179 186.420804 457.239003 166.36796 153.740128 143.678875 159.42195 152.079628 153.420004 49.585216 49.585216 177.2048 156.824475 166.649678 159.826734 159.377743 176.878641 167.002022 135.988683 115.017112 86.792965 76.75335 83.908849 41.489524 35.01483 42.710929 52.501027 52.501027 97.310473 76.978122 63.457468 39.985398 27.859457 17.193013 16.205441 42.504718 133.506789 147.244713 176.242146 247.072494 189.634813
-9999 -9999 -9999 -9999 -9999 -9999 -9999 -9999 404.2683 404.2683 371.341824 374.229057 368.111343 30 -9999 -9999 -9999 -9999 -9999 -9999 -9999 -9999 -9999 1636.896663 1566.321686 1562.283081 1564.714485 525.010267 326.893064 267.41846 286.7696 183.920403 145.621709 139.43501 152.83057 152.072734 136.529381 202.860822 49.585216 44.914442 44.914442 172.598347 149.321202 159.667664 146.803754 139.796271 164.533997 115.171296 92.73798 76.807665 77.604342 45.876797 36.79625 42.710929 45.400699 52.501027 96.907344 81.288941 58.269655 44.472736 31.957563 19.808171 16.305727 19.891421 89.232763 146.706705 166.480088 267.250127 276.960484
-9999 -9999 -9999 -9999 -9999 -9999 -9999 -9999 -9999 357.748673 366.748842 366.748842 368.111343 -9999 -9999 -9999 -9999 -9999 -9999 -9999 -9999 -9999 -9999 -9999 1368.221164 525.010267 1567.241948 498.91132 467.136531 460.195339 160.7515 219.598622 139.374113 136.776723 139.940126 151.484182 108.114865 202.455534 48.914442 48.914442 44.914442 142.470151 139.232689 158.942204 151.716883 143.507782 167.237541 130.226247 107.586385 76.842286 81.052326 56.663659 87.530749 50.262158 46.307925 35.123387 60.995045 87.147465 61.03666 49.041752 31.186732 18.705282 10.330779 10.330779 51.751768 130.091462 160.274693 183.439694 271.45284
-9999 -9999 -9999 -9999 -9999 -9999 -9999 -9999 -9999 357.748673 333.070884 306.062434 30 -9999 -9999 -9999 -9999 -9999 -9999 -9999 -9999 -9999 -9999 -9999 1636.858723 1581.195066 540.222906 497.535076 246.893959 457.227065 177.238904 468.613958 143.513486 137.778296 135.761795 145.829616 131.58995 134.266464 48.914442 140.34377 176.290866 92.157848 130.783882 159.250409 137.967635 155.923406 145.841604 154.023936 121.037321 97.731321 87.58853 77.059577 80.071175 38.467323 30.428424 23.613963 50.176231 77.09663 52.702388 40.78686 29.082364 22.32216 10.330779 10.330779 45.459731 117.04315 153.799852 161.195047 187.399878
-9999 -9999 -9999 -9999 -9999 -9999 -9999 -9999 -9999 321.149189 321.149189 306.062434 30 -9999 -9999 -9999 -9999 -9999 -9999 -9999 -9999 -9999 -9999 -9999 1999.277803 1570.229317 1367.63151 480.588355 220.370865 499.953554 189.494683 525.010267 144.073636 146.028019 110.539213 136.298632 153.045085 120.250189 124.233111 146.416573 129.02137 101.762936 149.525297 136.74623 133.159518 147.064985 136.048276 149.463219 139.804214 117.652525 86.812933 73.640426 84.643825 41.779603 18.848734 27.887705 70.436286 76.530599 55.501572 30.444444 10.984275 7.422007 7.422007 33.173911 52.501027 96.638798 146.074691 129.792499 163.697147
-9999 -9999 -9999 -9999 -9999 -9999 -9999 -9999 -9999 -9999 30 260.525835 260.525835 -9999 -9999 -9999 -9999 -9999 -9999 -9999 -9999 -9999 -9999 -9999 -9999 1571.838058 1601.621805 409.971323 154.051317 386.984252 189.442139 525.010267 155.042886 145.754715 117.108896 127.630789 144.449193 98.491088 127.224899 164.078676 99.236784 121.538361 142.182394 139.310223 130.459325 131.843985 152.558706 146.363244 140.101767 115.017112 88.034207 76.847423 38.939993 34.544832 18.042893 27.474333 52.501027 72.507415 36.279261 23.08482 13.87389 7.422007 7.422007 52.501027 61.503824 81.014768 137.828083 146.590174 160.93783
-9999 -9999 -9999 -9999 -9999 -9999 -9999 -9999 -9999 -9999 -9999 260.525835 233.576631 -9999 -9999 -9999 -9999 -9999 -9999 -9999 -9999 -9999 -9999 -9999 -9999 1573.291198 281.251596 187.305226 124.487226 187.354099 182.426337 365.555176 149.169711 149.257852 152.451656 166.121254 113.128886 106.579425 126.632828 99.637705 93.874056 128.180906 150.39099 146.928011 123.667627 152.641867 155.280423 146.320193 139.985517 124.188912 76.649366 76.824245 46.253251 34.911797 48.75911 52.501027 57.087046 52.6422 39.941373 25.324544 15.656303 7.347023 7.347023 17.168011 52.501027 92.214213 116.654827 139.611905 159.750825
-9999 -9999 -9999 -9999 -9999 -9999 -9999 -9999 -9999 -9999 -9999 -9999 233.576631 -9999 -9999 -9999 -9999 -9999 -9999 -9999 -9999 -9999 -9999 -9999 -9999 873.024627 144.021886 97.507179 116.904277 163.582346 189.518436 276.690897 153.029377 179.318647 183.061843 155.768877 97.094187 131.413519 134.372351 88.031926 141.270506 161.867277 168.892552 157.334809 160.250848 152.779609 155.899266 149.548593 133.333333 117.705353 80.73638 76.649403 76.653287 56.777751 56.849122 87.456127 68.085257 52.501027 42.535625 30.07086 18.250326 10.51361 6.5333 8.123672 52.501027 100.574436 109.093591 127.461794 136.78036
-9999 -9999 -9999 -9999 -9999 -9999 -9999 -9999 -9999 -9999 -9999 -9999 30 -9999 -9999 -9999 -9999 -9999 -9999 -9999 -9999 -9999 -9999 -9999 246.900827 185.420032 84.385617 133.231066 130.003597 153.74582 159.701439 275.44665 166.743952 229.744843 209.388134 131.835287 105.908772 139.944036 117.272587 133.981152 166.017485 170.232256 168.67911 166.651735 157.747848 159.891245 156.18825 152.925226 146.742077 133.460946 153.02436 133.236151 139.132123 100.264558 100.105539 85.434634 64.871747 54.138001 47.974491 33.819302 21.01616 12.083611 7.103385 7.103385 52.501027 116.321368 108.288436 87.416044 83.635096
-9999 -9999 -9999 -9999 -9999 -9999 -9999 -9999 -9999 -9999 -9999 -9999 30 -9999 -9999 -9999 -9999 -9999 -9999 -9999 -9999 -9999 -9999 -9999 274.231762 140.569714 83.546787 129.497204 132.757355 130.052143 172.744142 270.482771 182.348297 236.213397 161.769733 153.161653 132.814046 144.026319 126.570644 159.664935 156.084184 166.412452 167.108534 169.413415 166.651427 153.095796 146.196012 152.879163 152.663015 156.566468 153.1511 136.573542 139.257286 126.548363 80.223125 84.116413 70.433684 61.405238 56.646133 38.681807 26.404762 17.3759 12.690162 16.061021 56.646153 60.767558 100.451873 77.146431 37.694153
-9999 -9999 -9999 -9999 -9999 -9999 -9999 -9999 -9999 -9999 -9999 -9999 -9999 -9999 -9999 -9999 -9999 -9999 -9999 -9999 -9999 -9999 -9999 -9999 277.918125 107.245127 91.220107 135.114001 136.432606 102.309455 176.430902 260.168919 202.792964 241.257161 160.218639 154.609042 149.527978 148.559351 159.792127 156.198709 156.128266 149.346227 152.706275 159.802102 127.754609 122.864308 130.69713 92.243701 140.023367 156.054249 156.189692 143.006747 142.93172 126.625599 83.654458 95.852156 74.265098 69.582478 56.646135 51.591688 36.332087 32.691633 28.121482 45.390207 49.983442 61.742712 32.745092 55.183243 45.015319
-9999 -9999 -9999 -9999 -9999 -9999 -9999 -9999 -9999 -9999 -9999 -9999 -9999 -9999 -9999 -9999 -9999 -9999 -9999 -9999 -9999 -9999 -9999 -9999 244.937877 149.619934 94.535819 152.87371 108.782734 103.234915 169.54766 153.415 157.338797 210.945721 186.54451 161.436356 163.742342 173.181431 176.947586 159.862202 151.834032 144.981871 156.135377 132.467605 82.333918 102.823118 107.491368 96.628055 152.531868 143.113526 139.655141 139.803813 140.72291 128.350572 117.48118 97.823517 86.625655 76.63308 72.685346 56.646133 56.646133 48.766282 49.419744 66.520542 108.050177 59.335551 42.037718 70.002196 73.193728
-9999 -9999 -9999 -9999 -9999 -9999 -9999 -9999 -9999 -9999 -9999 -9999 -9999 -9999 -9999 -9999 -9999 -9999 -9999 -9999 -9999 -9999 -9999 -9999 -9999 155.757283 87.453042 136.529494 110.604609 149.437047 153.349439 163.860809 170.178783 176.088367 199.659298 171.397504 183.892393 206.521672 173.685265 157.942432 143.46496 148.978263 104.902192 95.688053 85.551477 120.98486 148.116504 143.807928 151.658652 146.532117 133.254108 133.012713 135.761977 126.867229 123.892906 117.481179 97.870668 86.628985 76.670221 76.63308 76.63308 63.688717 76.63308 74.360387 126.813495 76.681359 83.413216 86.805917 104.268443
-9999 -9999 -9999 -9999 -9999 -9999 -9999 -9999 -9999 -9999 -9999 -9999 -9999 -9999 -9999 -9999 -9999 -9999 -9999 -9999 -9999 -9999 -9999 -9999 -9999 167.259274 93.799832 103.21372 126.603409 161.95691 163.627179 198.636296 227.4875 170.680298 187.002251 166.445857 199.876345 204.786842 199.441035 155.903185 144.040598 128.987613 119.670816 159.991256 152.083912 142.575971 146.070337 129.002738 135.9402 155.264605 146.375491 136.179519 136.674909 146.051169 156.068784 135.852156 117.481209 107.488023 95.852167 86.625996 86.625612 82.518823 79.967569 96.561492 86.630322 86.662127 155.866085 151.676934 140.255309
-9999 -9999 -9999 -9999 -9999 -9999 -9999 -9999 -9999 -9999 -9999 -9999 -9999 -9999 -9999 -9999 -9999 -9999 -9999 -9999 -9999 -9999 -9999 -9999 -9999 -9999 134.902008 92.216068 174.894809 174.678423 167.068712 243.922991 179.952111 176.609576 111.174849 87.645445 192.559968 250.785188 156.736872 166.422965 155.051669 159.901657 149.35371 134.917177 84.009612 108.578634 140.327248 139.995452 132.617141 163.802691 159.731071 159.452464 153.066939 117.168563 114.186009 149.970941 135.852445 126.646133 126.625599 117.784467 117.481181 149.766763 140.170576 156.170528 146.285346 155.89099 167.205503 118.824214 114.739033
-9999 -9999 -9999 -9999 -9999 -9999 -9999 -9999 -9999 -9999 -9999 -9999 -9999 -9999 -9999 -9999 -9999 -9999 -9999 -9999 -9999 -9999 -9999 -9999 -9999 -9999 164.431396 80.969612 191.388366 177.469843 193.560893 208.876898 180.002509 148.411265 95.840235 88.065418 305.986896 191.390955 168.175585 153.711521 145.767779 102.282382 102.679589 88.52744 79.47393 99.578516 155.607307 157.783109 159.812902 161.769411 149.640588 182.670042 156.182877 133.354229 110.751189 166.913425 155.901413 155.868832 155.875281 155.927497 155.868315 155.87069 163.525453 155.865914 166.738386 186.138198 150.228486 128.26689 153.968184
-9999 -9999 -9999 -9999 -9999 -9999 -9999 -9999 -9999 -9999 -9999 -9999 -9999 -9999 -9999 -9999 -9999 -9999 -9999 -9999 -9999 -9999 30 30 30 30 -9999 52.251882 52.251882 186.294706 239.682375 200.356255 193.642482 101.415176 96.917154 142.456862 293.038422 212.551554 191.35381 145.37497 121.756344 99.559477 92.67714 148.216802 177.573375 160.571881 156.708186 141.338982 112.815323 166.930719 244.081192 206.20544 156.179653 136.31425 127.45375 147.040181 179.454679 166.653873 182.512369 181.738549 182.063696 182.70215 181.988228 184.620858 258.512749 201.552445 151.652412 177.439751 205.267545
-9999 -9999 -9999 -9999 -9999 -9999 -9999 -9999 -9999 -9999 -9999 -9999 -9999 -9999 -9999 -9999 -9999 -9999 -9999 -9999 -9999 -9999 -9999 30 30 -9999 -9999 52.251882 197.762055 284.234203 236.946826 203.635322 141.302547 126.768275 141.389871 256.158392 224.434613 206.282954 172.440066 155.120836 149.534631 119.648395 101.944164 137.078337 136.043149 104.727886 88.328099 111.12061 105.464312 158.906424 275.892351 216.15499 185.965791 155.979892 143.760766 143.41035 160.746506 187.054798 169.845403 139.270551 189.233986 213.226062 190.452783 232.129479 238.43995 172.931696 217.828014 256.526458 174.865316
-9999 -9999 -9999 -9999 -9999 -9999 -9999 -9999 -9999 -9999 -9999 -9999 -9999 -9999 -9999 -9999 -9999 -9999 -9999 -9999 -9999 -9999 -9999 30 30 30 -9999 167.374091 163.100842 269.466141 183.204589 183.01025 176.071892 153.170136 151.107274 146.699327 190.329387 182.886824 176.798927 188.688664 162.864152 132.105547 117.18563 129.141779 141.745162 111.431138 82.215291 119.246483 183.078254 170.483159 217.044671 240.907054 207.297263 163.651731 155.899449 160.333851 181.057655 197.300411 140.921962 206.570741 147.263956 163.103547 202.480041 225.506728 174.00738 169.944546 267.926853 256.471135 168.027871
-9999 -9999 -9999 -9999 -9999 -9999 -9999 -9999 -9999 -9999 -9999 -9999 -9999 -9999 -9999 -9999 -9999 -9999 -9999 -9999 -9999 -9999 -9999 30 30 200.033839 155.907282 164.324281 126.250469 236.717317 196.814489 207.776269 162.545211 155.506154 153.429146 146.752508 186.664618 180.622893 176.88384 202.560622 179.560854 141.813579 123.036238 199.272081 192.287333 176.653233 164.757831 151.551462 186.890759 149.009719 201.127137 256.025474 213.437163 179.419818 156.004487 211.931035 160.835167 166.658171 161.645068 147.748493 133.161854 223.862752 214.80324 161.650035 161.853718 206.89199 216.577959 233.710914 169.936665
-9999 -9999 -9999 -9999 -9999 -9999 -9999 -9999 -9999 -9999 -9999 -9999 -9999 -9999 -9999 -9999 -9999 -9999 -9999 -9999 -9999 -9999 30 -9999 30 200.033839 209.667515 156.151818 136.780282 218.254457 190.28826 176.590661 166.376212 167.343695 152.486845 152.967257 191.609431 188.039137 161.72922 179.734367 149.134373 107.623466 109.107443 182.72312 164.166257 157.546336 141.855164 104.260907 80.200791 132.065888 157.401958 156.732944 256.469461 199.914278 170.21021 157.677826 152.621269 175.796111 137.536873 142.103997 178.65376 150.587031 163.843549 167.068529 146.351064 148.022247 160.879427 170.832591 160.89246
-9999 -9999 -9999 -9999 -9999 -9999 -9999 -9999 -9999 -9999 -9999 -9999 -9999 -9999 -9999 -9999 -9999 -9999 -9999 -9999 -9999 -9999 -9999 -9999 -9999 -9999 30 157.147885 147.19594 167.820331 292.776748 169.59283 182.781132 153.464753 109.4729 134.623556 186.691702 86.57556 174.957617 171.37572 157.203334 110.574521 134.196646 109.250285 151.144647 157.399614 152.832961 114.246578 142.325955 145.970016 152.958965 156.604547 253.422318 216.7535 227.133944 200.194748 159.826103 152.860564 129.98107 160.969014 126.833669 127.698319 151.650727 156.633888 150.732496 144.876147 153.100524 163.267052 173.996514
-9999 -9999 -9999 -9999 -9999 -9999 -9999 -9999 -9999 -9999 -9999 -9999 -9999 -9999 -9999 -9999 -9999 -9999 -9999 -9999 -9999 -9999 -9999 -9999 -9999 -9999 -9999 -9999 136.769445 236.271268 256.844364 164.334937 161.83916 146.414995 92.228414 122.301832 114.617129 84.212158 177.898081 181.542628 196.629816 180.824526 146.696824 112.034412 152.856776 153.187312 118.441612 144.78662 143.000673 144.19603 159.208951 157.115073 153.400634 217.432122 169.311962 159.741735 144.913943 125.588696 145.64673 139.920757 130.821478 119.209355 110.947513 153.249657 168.936068 134.131926 154.735974 147.498099 144.62971
-9999 -9999 -9999 -9999 -9999 -9999 -9999 -9999 -9999 -9999 -9999 -9999 -9999 -9999 -9999 -9999 -9999 -9999 -9999 -9999 -9999 -9999 -9999 -9999 -9999 -9999 -9999 -9999 -9999 30 227.290016 182.581977 154.733031 114.533071 97.567811 130.504815 78.524731 146.020708 202.511198 181.822159 174.214794 152.916282 145.115358 146.825491 149.023079 153.034517 118.775976 140.364774 119.055287 136.705211 152.81 147.633462 169.674522 174.9697 161.655924 157.736813 139.343332 140.291617 136.268841 129.750217 136.83076 125.760105 123.336518 202.225859 160.968307 123.323605 150.151361 137.780885 142.259766
-9999 -9999 -9999 -9999 -9999 -9999 -9999 -9999 -9999 -9999 -9999 -9999 -9999 -9999 -9999 -9999 -9999 -9999 -9999 -9999 -9999 -9999 -9999 -9999 -9999 -9999 -9999 -9999 -9999 -9999 218.040409 289.761938 209.55696 142.261379 149.258077 107.857594 83.387525 135.336636 118.529996 179.101982 178.289336 153.283566 136.217837 132.858847 137.153321 149.530106 139.775545 135.045673 119.019743 146.305554 144.630433 149.520877 159.873251 188.178059 198.032693 157.10057 106.233067 113.857643 118.701831 117.851979 153.132059 143.191257 138.698807 181.699022 132.747506 143.028672 160.891732 156.416836 240.293933
-9999 -9999 -9999 -9999 -9999 -9999 -9999 -9999 -9999 -9999 -9999 -9999 -9999 -9999 -9999 -9999 -9999 -9999 -9999 -9999 -9999 -9999 -9999 -9999 -9999 -9999 -9999 -9999 -9999 -9999 -9999 155.928685 203.367532 179.817304 207.766209 170.272331 152.437225 109.519047 103.962367 198.83332 172.016137 122.90378 106.507856 118.116292 137.274607 142.967689 136.346836 96.595618 110.329173 147.305277 146.813169 153.031292 166.747645 166.938642 141.291493 110.960572 86.663498 94.106988 102.07912 107.196499 155.939334 129.911442 119.097856 113.534215 145.849903 180.530405 183.014737 161.818478 146.478969
-9999 -9999 -9999 -9999 -9999 -9999 -9999 -9999 -9999 -9999 -9999 -9999 -9999 -9999 -9999 -9999 -9999 -9999 -9999 -9999 -9999 -9999 -9999 -9999 -9999 -9999 -9999 -9999 -9999 -9999 -9999 -9999 156.249144 155.07917 209.82826 192.327038 219.442307 150.44984 183.364934 240.548408 181.320669 140.506742 81.671651 112.906674 130.133624 127.76174 137.960287 111.909591 101.380593 136.722893 191.521473 186.58892 170.806235 166.751378 159.853141 126.752049 130.058279 107.740093 102.13294 152.725608 112.473083 126.777277 112.639649 143.271108 143.643945 148.000884 168.950759 163.776109 141.199072
-9999 -9999 -9999 -9999 -9999 -9999 -9999 -9999 -9999 -9999 -9999 -9999 -9999 -9999 -9999 -9999 -9999 -9999 -9999 -9999 -9999 -9999 -9999 -9999 -9999 -9999 -9999 -9999 -9999 -9999 -9999 -9999 -9999 216.92103 210.133086 140.163013 134.601779 196.952108 160.054432 232.262284 198.127569 146.028541 81.671651 96.12616 182.302229 160.533702 161.2455 157.633376 113.356142 96.024908 121.87756 145.890339 151.501262 148.492885 151.850541 154.153903 137.870503 107.121776 87.797118 123.354753 96.164801 120.519099 145.427811 129.072265 154.016119 167.883278 166.373906 188.666164 196.554542
