STOTEN_Data/raw/Age_yrs_150ft.asc
ncols         250
nrows         718
xllcorner     -2256000
yllcorner     1557000
cellsize      1000
NODATA_value  -9999
[rows 620 to 650 of 718, columns 140 to 209 of 250]
5250 5250 5250 5250 5250 5250 478.699277 407.872368 5250 143.599744 151.392607 118.631606 158.974243 162.575922 153.039724 83.657175 66.048357 72.887418 76.41315 127.187371 152.900031 117.779905 46.099231 122.340654 124.967176 105.251275 103.977972 159.121633 179.900716 72.509784 75.750034 127.759809 136.220729 97.081804 72.846488 70.223463 119.506818 127.513545 112.404648 121.467301 138.326859 184.618747 199.308403 130.172988 80.931325 79.630348 81.688247 119.857827 98.472272 81.444946 80.960102 92.809443 160.993124 159.539805 159.790956 107.517793 93.628408 95.262792 112.22477 156.755968 149.62743 238.832228 412.754901 357.167467 615.878993 599.03657 498.255021 352.734555 299.472552 733.389212
5250 5250 5250 5250 5250 5250 5250 346.117159 5250 150.085862 147.918376 148.54837 151.80366 163.041469 154.227433 111.360506 66.124623 99.165733 104.300955 141.301326 132.826351 166.845606 170.813895 160.902204 152.773602 110.315917 148.204818 143.740042 134.782396 65.235417 80.612833 126.849148 126.849148 118.958232 120.606191 84.784785 109.778101 126.079344 156.626407 204.028241 187.25821 180.447719 189.506166 175.775554 70.921426 83.105201 75.990361 127.21806 82.430149 82.740827 90.375491 83.823319 85.924523 101.481516 117.54427 124.114375 143.386699 173.414747 183.203631 169.86684 161.029655 190.414006 200.57673 403.434713 727.218016 597.740022 480.224626 599.825525 687.300703 801.285896
5250 5250 5250 5250 5250 5250 5250 308.707235 853.473492 93.643783 111.170597 134.389462 127.293232 129.871231 136.677591 146.499606 115.938807 127.70374 196.270586 176.122439 158.32119 177.136557 180.53809 167.39992 161.133518 146.432195 140.296822 41.39792 159.735435 176.886118 118.098183 126.871792 139.237404 130.080992 130.080992 101.274948 95.670223 165.314057 168.123911 134.5401 133.359968 169.22395 156.60443 143.127097 153.148841 153.642621 113.940059 132.999502 80.248907 81.263291 93.472342 103.198909 127.395614 101.093069 123.874238 130.301402 160.014605 174.483719 170.512377 167.262522 160.671711 160.394575 174.405937 160.847147 280.606691 414.048413 623.505503 603.253415 650.911402 612.248016
5250 5250 5250 5250 5250 5250 5250 2072.773726 814.970704 164.93037 98.434015 122.251747 133.072272 148.990147 143.029337 156.913627 107.663898 174.43075 201.742454 143.657424 138.454257 167.143603 158.869769 156.100194 155.647293 106.230529 95.245721 41.39792 150.576051 69.666834 98.428515 123.954411 123.239607 145.836011 156.281253 25.418207 25.418207 135.658856 145.055205 157.510358 152.271235 144.146251 134.338887 115.487234 133.727739 167.321634 162.572573 107.155004 90.111181 83.487557 100.381131 127.558102 81.668445 85.151319 100.482126 153.480111 170.127021 174.251934 170.539201 174.722789 163.270873 156.926248 137.046752 153.093136 153.317522 150.594313 403.934422 456.081483 511.400698 502.251361
5250 5250 5250 5250 5250 1857.998868 2071.358437 2760.731151 1711.779958 221.970401 118.061044 119.983725 143.105488 143.058414 143.074327 449.333632 224.123772 152.290646 94.663349 94.008539 115.940885 132.944314 145.302186 161.528845 182.839983 228.717558 143.597441 92.39569 100.865928 112.029461 85.27571 92.375912 104.953064 102.473637 130.050537 25.418207 123.091589 124.37934 126.255788 131.333501 134.179494 134.716055 152.363367 132.265457 196.799525 160.244306 156.342724 139.976277 96.968602 120.251151 129.086871 135.008011 143.988133 146.041766 119.582105 136.641165 136.281887 107.48996 157.209605 174.757881 163.270873 220.331162 166.916575 101.014575 93.840807 127.590937 177.392804 304.226664 386.894878 413.522744
5250 5250 5250 5250 1863.426736 1827.269026 4570.920723 3123.300452 3137.472635 516.547605 114.353499 132.962989 166.513419 142.869576 468.669697 256.511468 144.042584 103.020836 96.179964 96.752334 98.677235 128.85786 154.710566 172.324362 226.849555 258.063558 164.948132 119.806616 109.974115 143.101407 128.641677 123.443046 87.594761 74.55078 45.405598 46.507865 141.613794 112.549781 107.975175 128.902479 122.318157 131.354908 143.866128 169.644855 154.663263 139.77704 176.301436 166.498031 100.56346 96.742262 89.651174 94.2279 136.68446 146.33787 160.034407 164.01219 160.378742 161.007255 160.415912 163.764728 159.546008 220.331162 166.916575 183.734498 187.071085 167.584295 166.420305 166.494132 221.334584 280.806757
5250 5250 1864.099428 1855.316535 3812.756928 4504.085035 4472.067012 4505.465914 3498.787252 3043.304753 270.130197 240.747611 144.501264 284.676405 407.652726 145.106785 102.264142 143.102102 93.554121 127.751485 155.127275 183.6748 193.339252 181.287408 210.621116 292.292724 199.083863 109.589523 126.608577 143.614929 160.591283 114.921861 117.196459 110.767196 100.077159 126.427412 156.828529 124.630704 111.289207 130.639821 131.553229 104.674864 141.734934 152.668037 124.178903 149.422168 173.720034 130.123276 107.069845 100.333102 111.25043 88.377408 92.149919 129.839055 143.011471 144.305469 153.30345 134.124847 143.054106 143.179437 143.167039 167.183159 167.22186 167.22186 187.071085 177.679473 170.46679 166.64082 160.79208 166.788646
1867.950769 1857.668018 2101.56956 4509.138857 4470.667575 4687.701511 4472.059432 4512.341727 5250 297.772474 281.222262 177.554542 240.676837 462.395784 214.18864 132.673989 154.354407 115.948236 81.658221 126.61367 138.95231 110.657079 131.032652 172.870934 211.32183 269.116886 120.777715 104.056424 132.30634 152.800605 132.431233 115.214662 94.588421 115.050299 98.698529 124.361312 150.389023 92.886549 96.833541 107.918417 93.308593 102.570097 135.62065 145.122865 157.024163 166.120743 160.085371 110.430145 86.381953 86.640352 95.597732 103.178341 92.015754 97.536634 100.593303 126.09153 143.111556 126.764633 149.198097 153.542249 91.236781 186.50035 199.588723 213.315377 187.551774 187.207773 171.169172 161.006761 160.591902 166.344894
4467.728352 4508.711111 4469.99595 4546.807721 4509.953881 4805.680096 5165.670083 5250 376.452337 382.671294 292.461697 665.592155 1220.311784 378.779504 152.271247 81.763598 162.218385 101.852107 112.364521 108.207525 120.729974 126.765278 108.671847 164.972682 441.872699 95.055576 112.077612 70.994008 124.593411 86.51386 127.22698 123.594624 107.629627 116.895326 83.440967 84.497309 45.152388 121.706118 135.449988 71.99172 108.143142 124.665732 118.326923 121.792952 142.951669 150.207827 102.959443 87.613223 87.293197 87.084238 89.985822 87.647752 90.585512 94.359974 118.527711 118.172071 90.391914 127.123706 163.330566 196.764642 98.367742 105.029743 202.785256 203.485031 190.840998 187.343579 171.457468 167.281664 166.508946 166.733303
4467.764545 4471.480223 4846.335122 4512.53123 5250 5250 5250 5250 1862.913866 188.181187 223.506368 1268.204103 222.995161 113.311755 135.483863 119.275565 84.254847 92.643118 176.884798 126.869916 151.671009 130.972465 98.576843 188.084023 180.775754 126.730984 140.889196 146.100633 148.820141 92.587875 39.748118 39.748118 74.088991 131.558009 151.260433 85.82191 95.749355 109.775527 97.360047 100.432295 143.444419 107.501425 101.29213 137.986072 125.523604 114.328841 96.250572 117.659738 124.579637 96.85922 124.090504 121.902746 109.975367 123.189058 135.911291 96.559858 92.437801 89.726626 147.880185 163.85134 180.545153 199.690038 253.090032 200.502385 197.703655 183.95654 170.92539 167.498975 187.253953 186.837012
4467.94288 4468.239539 4508.529371 5250 5250 5250 5250 2232.231029 1176.029503 871.949084 1123.230282 233.49209 122.488404 112.471402 135.65338 150.60827 85.504067 93.918982 226.773218 115.480157 134.510177 152.840034 163.497952 147.485058 97.084347 116.953813 128.771543 123.175538 136.542712 156.809951 39.748118 39.748118 65.599243 94.550325 153.354508 143.524338 107.944182 97.225869 101.406189 125.780319 125.074182 99.851512 118.671218 126.750397 135.258489 103.052387 90.295046 129.80983 104.144246 121.289832 137.697704 133.578473 103.635021 122.126894 120.380036 142.967895 143.351839 169.731818 190.415032 143.724981 209.483342 231.384609 250.80943 254.774489 197.609269 187.962673 187.257167 181.359954 297.706546 313.247782
4467.753152 4509.106204 5250 5250 5250 5250 2630.12212 5250 2888.261665 1573.222499 2167.405686 211.44178 120.226891 145.307098 145.194038 160.734329 128.957056 126.635514 87.17107 108.600922 115.749507 137.794055 143.504815 119.284921 126.822192 104.77203 137.213999 127.449391 115.680287 141.82872 105.872526 42.86089 44.698996 44.698996 148.825071 126.914557 106.698401 103.846222 114.270573 128.288937 91.467985 98.957975 110.436715 104.846859 128.439346 116.522722 116.540676 94.548537 108.998714 110.210637 128.096787 119.846436 123.986752 113.501254 110.815406 140.595443 146.415431 159.685983 156.834954 132.803098 127.044932 347.391537 261.61759 274.40175 190.753312 210.62062 234.651002 273.878924 257.777901 357.400854
4472.47341 5250 5250 5250 2547.87205 3068.058493 5250 5250 5250 5250 5250 168.203316 367.116259 136.893027 147.7573 1069.487888 302.391928 117.405185 83.709826 143.619727 63.564303 131.330068 145.018868 150.559832 138.210719 133.965995 132.866081 156.590929 156.52835 149.731576 147.424884 117.718919 153.088294 115.381082 152.735664 126.121438 116.508177 150.138024 153.518559 123.129883 115.176689 117.23412 117.282313 95.76084 103.094932 103.53972 120.848285 103.822076 111.078781 97.413604 99.645775 101.264046 130.714738 97.310578 96.408885 139.567631 149.644247 153.025827 127.491761 127.044932 127.452265 367.526775 303.629436 326.692921 423.986009 430.200301 437.360187 446.80487 456.741116 384.901678
5250 5250 5250 2482.159674 5250 5250 5250 5250 5250 5250 5250 307.108778 132.913114 144.231497 1725.812053 1512.412324 483.041653 291.603837 335.726218 114.182617 67.113133 74.543118 127.996162 129.172253 151.819393 135.559248 128.418822 185.667495 180.149957 132.076835 119.031794 156.678411 93.997803 114.019165 144.417024 118.437068 141.749086 119.411011 80.795403 106.698134 106.944115 123.86808 115.529543 96.71249 87.724495 96.502459 105.598759 121.197895 119.899071 92.106962 87.115332 83.950159 106.986316 85.214886 89.967575 131.479428 149.322223 162.975023 133.530659 132.962022 132.962022 380.65309 388.63478 401.028283 985.843545 984.760078 618.961753 484.007657 519.99268 371.629162
5250 5250 5250 5250 2977.201903 3165.3071 5250 5250 5250 5250 5250 181.675266 178.591412 1799.5797 3671.099564 1575.270703 672.605254 446.519982 342.735355 92.01812 122.657516 100.598829 69.255593 133.684599 113.230517 79.753337 138.696272 199.911896 149.895825 105.430267 141.702675 152.978292 44.071338 105.098927 156.629107 142.803519 105.338362 44.27764 44.58021 81.34842 83.316391 127.105503 116.584858 124.023522 108.316151 94.639405 91.097171 90.241846 95.773843 102.372615 73.071359 96.884941 106.072894 88.431804 113.360525 134.257813 149.522402 157.012824 141.13624 197.21471 368.050006 420.339176 420.18595 377.544496 498.717203 725.797976 824.088554 762.84076 561.415823 562.016052
5250 869.651602 5250 5250 2279.267167 5250 5250 5250 5250 5250 41.296977 1606.398374 2477.72494 2972.639689 3459.90484 1844.359868 987.619117 364.393184 133.656028 105.987583 124.386659 102.342402 94.541594 126.842745 132.97465 93.973878 133.431277 192.066292 116.849253 101.923011 120.157062 132.685264 88.814929 91.815133 153.031379 103.916439 73.469823 104.400787 108.366718 47.387348 47.117069 74.368049 99.378928 134.245993 125.7597 96.852633 100.889082 72.464512 89.653216 97.338831 57.914307 99.85694 102.189823 80.835256 110.141337 120.38301 153.209563 227.662884 380.900618 387.697822 426.861132 410.135042 364.796701 333.976877 371.470223 635.951407 613.171631 612.697989 537.719723 558.020802
426.387867 661.870952 1559.27581 5250 5250 5250 5250 5250 5250 5250 5250 2546.369266 2614.15886 5163.980219 2782.505421 1579.441554 1567.994246 1094.03295 654.883388 149.570351 396.704371 99.305627 69.675753 101.117358 152.354818 82.783655 168.279245 227.495737 96.564964 170.226311 98.46525 110.472193 152.780154 41.745831 100.892518 118.685087 96.627736 106.476253 128.053836 43.373171 70.593005 102.442606 118.657187 119.592464 119.97591 129.819238 150.975374 74.85509 83.440431 86.455261 98.956373 110.384447 100.66042 108.832263 102.306332 127.107307 153.733764 226.436264 237.440434 404.572214 360.569137 360.301801 364.029627 410.03166 436.220609 486.291143 479.662331 540.186772 533.317944 502.619571
479.310948 650.561574 1269.083736 5250 5250 5250 5250 5250 5250 5250 2931.358008 2476.020718 2885.270871 5250 1846.741912 1559.786438 1667.77499 1640.673259 956.122712 520.67034 219.507674 69.660937 71.98432 101.613032 122.312655 103.712979 182.141203 191.607204 139.792483 144.936184 106.781629 175.537186 205.188535 63.953862 121.248136 140.485599 104.635357 105.02934 114.822903 101.540233 139.542723 126.546905 139.668923 143.856489 120.78388 121.054605 122.735061 85.066129 112.94617 120.186395 102.773513 129.841786 96.334147 104.094335 100.628863 120.72965 156.90458 222.971586 247.017282 411.18282 357.289171 277.838889 439.930775 439.526981 446.842409 442.589782 411.178432 460.362513 446.963385 450.265415
471.111501 551.712018 774.390243 5250 5250 5250 5250 5250 5250 3269.163064 2401.977287 3970.94375 5250 2175.941388 1562.970803 1614.700364 1668.133295 1069.877738 1112.562869 523.148251 175.078639 101.549609 93.713976 102.436211 130.269183 138.075613 145.937316 173.000558 152.671805 150.790983 157.784384 164.960241 191.917143 205.053461 120.444988 187.166388 116.0964 85.14995 111.303778 297.916867 159.867346 210.956391 187.728185 200.745674 137.819283 112.576463 122.771737 107.190268 108.387947 128.795587 100.812213 121.615808 91.314542 96.255356 113.717254 113.520611 143.166636 180.997747 360.960837 407.835591 388.559209 296.447069 400.884371 439.995007 397.488954 387.872096 363.500323 433.819267 423.754076 486.162392
528.790659 774.213447 706.663988 5250 5250 5250 2585.275471 5250 3067.943601 2329.191732 3405.979309 5250 2715.930484 1576.162208 1562.359838 1604.821233 1579.982163 1773.012033 2036.861302 626.245357 206.532065 219.863528 70.656049 65.298438 154.766129 111.430947 124.245053 161.737282 159.373037 296.712818 126.029942 156.432154 150.952889 139.976269 124.771435 399.008037 247.029648 130.042782 260.582705 303.43894 70.99932 143.036735 129.517157 313.60745 222.286195 162.814288 135.364321 98.826805 109.989483 120.245636 104.32744 105.782281 92.409188 92.871265 90.057387 106.419972 128.560764 162.613385 358.127909 404.065299 388.454573 347.681913 340.821352 427.229875 357.334383 308.517919 293.756661 293.474925 367.305248 449.866988
1210.192588 1070.136338 739.8955 5250 5250 5250 2987.41223 3269.592527 2476.67646 2177.1496 5250 3117.085362 1584.31436 1563.370184 1574.071865 1577.301769 1802.771396 2067.012842 2776.951173 1470.398231 631.93395 452.697488 206.051218 77.229027 72.853792 96.783302 108.172837 147.525798 158.604824 196.103922 171.759301 142.267089 139.036002 266.534628 525.010267 131.902342 201.283933 298.701613 229.608536 79.831956 55.123087 167.883847 109.643525 109.650005 277.646121 228.719532 215.611756 111.023992 125.990945 121.459915 121.405132 98.116951 96.590413 167.237067 140.511726 119.324614 94.036604 160.033802 370.792589 361.407604 384.594455 344.306403 344.350673 350.811341 340.670832 289.999742 287.229126 281.004641 333.696251 307.554485
1320.071884 5250 916.611779 866.619481 5250 1975.694948 3366.034321 2174.619991 2077.193091 2868.913213 3524.67644 1838.441548 1531.696963 1564.769317 1574.148188 1678.511847 1846.564588 2573.315548 2445.178702 1697.566169 826.087356 124.287973 220.083913 77.55181 68.587138 89.535846 88.72725 201.595458 112.48879 154.494408 142.273683 133.14385 265.847726 270.962496 525.010267 125.747544 137.17053 229.731089 78.450315 78.017757 169.772901 55.921184 79.079527 82.02974 135.686256 226.100632 125.102051 118.065555 131.266706 138.431452 117.188391 97.516757 140.176415 167.474333 176.607782 176.405153 111.431807 157.180936 370.659355 370.592023 366.944545 357.402976 344.688004 354.003592 337.826063 267.573109 277.380971 270.643493 293.802157 267.78675
5250 5250 978.725647 463.521755 1176.91239 3210.126619 2476.538763 2072.364691 2638.611406 3732.893916 1539.692105 1469.833475 1599.205575 1563.563029 1640.230683 1826.284591 2065.891747 2299.633054 1974.725906 1767.444261 976.298515 842.321906 493.224305 90.332807 68.755112 121.385329 156.780068 81.50437 89.04649 144.067625 130.578969 121.690119 262.908693 137.58105 525.010267 279.060527 179.387566 77.647984 78.895734 226.027768 76.457236 63.95425 78.493913 78.555364 230.633231 310.914876 93.844419 63.396363 68.497503 117.08367 116.117723 150.048608 155.865845 155.865845 155.86694 155.866403 132.892611 159.807019 191.27985 334.450254 347.213099 330.749451 340.446193 308.627465 320.620466 280.824568 277.901984 254.537956 253.860318 221.973842
-9999 5250 770.928721 440.333122 1309.346896 899.393227 1821.36959 2227.271974 5250 1559.615541 1079.389892 1430.15973 1333.17394 1604.748462 1809.778881 2136.571196 2306.69603 1971.024738 1711.205398 1577.675786 2209.650118 2574.911676 308.435457 603.441919 130.195911 94.216546 63.105047 100.56471 97.980438 115.639886 169.240988 133.549493 127.222363 525.010267 399.000767 149.903724 129.510608 173.757446 259.669793 72.055165 294.130008 226.125052 404.802348 76.688035 74.551959 81.525928 81.776655 103.473354 110.337517 147.495862 155.865845 124.341378 146.69582 146.639288 146.639363 149.920153 102.316563 170.258594 155.865845 297.310483 296.576582 330.574712 337.359818 330.893497 283.494113 260.68877 277.757501 244.049104 227.65787 143.746213
-9999 5250 -9999 30 608.553067 608.396302 1876.666231 1171.355326 1609.02411 1236.161683 1112.673727 1267.416256 1272.576328 1937.413545 2411.661348 3276.9419 2042.196019 1812.636139 1606.403433 2099.070374 2333.183027 2681.249953 396.271582 1364.156832 235.36328 112.368436 79.181335 116.57249 111.753906 121.019191 130.183464 136.108989 122.308986 525.010267 157.112913 201.708027 146.938247 69.76333 52.501027 52.501027 69.448626 277.657363 377.89359 115.293886 74.195756 75.720983 109.787907 82.103876 104.929712 152.590785 147.800162 145.280683 146.639288 146.639414 146.641613 146.639288 153.04464 176.573278 146.639531 277.114937 271.616298 311.629814 324.10443 307.273909 257.852479 236.978295 259.893772 220.982662 203.830575 167.106854
-9999 -9999 -9999 -9999 527.121831 520.972136 871.373605 900.697417 1307.072964 1039.770319 1267.04191 1402.267551 1665.395403 1834.558245 2175.805218 2445.90369 1663.941004 1562.043393 2063.88166 2334.694914 2540.2162 2571.68428 494.237432 1840.3267 1804.40859 510.872637 63.149408 62.726154 90.182059 104.964195 265.340324 117.376364 525.010267 525.010267 147.307449 125.960011 162.368241 52.501027 52.501027 52.501027 52.501027 52.501027 74.217179 377.960809 171.782462 74.752453 74.752453 81.245722 91.723209 144.34289 138.429998 142.20397 146.639288 146.640536 146.641663 146.63929 146.639288 155.865845 146.648779 163.75865 164.090069 284.228273 301.361018 260.869453 247.752128 235.981514 218.025747 180.540019 160.207311 120.430057
-9999 -9999 -9999 -9999 30 501.162207 532.261423 457.270737 1072.397215 1272.032646 1468.108996 1336.344619 1465.21684 1641.18222 1538.192008 1933.503545 1807.009272 1700.507152 2245.339951 2465.552894 2605.551957 2617.697728 656.236472 538.9806 2287.728743 278.453544 82.528919 44.415638 72.886659 77.293121 79.572497 239.556833 525.010267 525.010267 148.109236 180.03942 52.501027 52.501027 52.501027 52.501027 52.501027 52.501027 52.501027 58.399426 342.505231 74.752453 74.195756 144.547346 122.86493 145.023956 145.023956 114.479979 126.840396 126.625634 126.625757 146.639288 146.639291 147.032484 155.865845 146.639288 146.639288 186.736364 284.987659 247.404206 260.163775 231.744588 164.736233 146.639288 100.835044 76.084687
263.567409 -9999 -9999 -9999 30 467.636986 467.835752 498.56476 738.856543 1202.892974 845.171181 940.281663 1142.247694 1168.908887 1169.572905 1104.814954 868.668178 2209.221827 2304.434895 2166.806074 2478.821633 822.2393 654.471622 1106.958151 496.930715 2112.510266 424.101978 202.498538 44.981775 64.037374 60.74692 229.450148 525.010267 525.010267 143.613263 244.313606 52.501027 52.501027 41.83436 52.501027 52.501027 52.501027 52.501027 52.501027 328.264342 86.49804 82.502106 106.765303 82.9295 80.051578 80.211519 82.9295 86.626222 86.625599 126.662017 126.625599 126.625601 146.639437 146.641167 146.639288 146.639288 146.639288 146.640025 177.65096 190.447342 176.875433 146.639288 86.625606 71.252567 52.501027
213.48394 -9999 -9999 -9999 -9999 642.65768 969.204944 490.383708 477.489992 772.437976 733.999263 768.59137 773.0566 735.918029 738.477537 594.665732 868.140263 1469.217998 1409.23224 2416.224597 2781.223107 669.532192 939.741766 1910.16296 869.768948 1354.412346 1026.136957 232.083623 43.506729 44.441338 45.978667 525.010267 525.010267 525.010267 136.541249 207.245118 52.501027 17.639624 17.63906 52.501027 41.762441 52.501027 51.676749 52.104769 52.501027 52.501027 133.553217 105.769591 73.894897 71.656006 72.751087 75.188145 86.626853 86.625599 86.625614 86.626315 86.625599 146.639294 146.639291 146.63951 86.625599 86.62563 86.625599 86.625599 156.058969 146.639302 86.625599 71.252567 44.585901 27.460643
183.561146 183.561146 30 -9999 -9999 -9999 969.204944 431.168362 391.08134 513.007432 512.816295 609.483879 641.814484 471.462142 397.396177 427.968663 671.435107 899.491318 1036.672168 2473.845807 1701.993515 843.73099 2132.749568 910.161634 1471.19605 2645.534951 605.771887 662.55989 45.611138 204.004434 203.944444 525.010267 408.406671 174.423356 146.797245 267.20802 186.796019 14.54086 12.541954 52.501027 17.484512 52.501027 52.501027 18.083504 18.083504 52.501027 84.02782 126.6291 67.438954 66.424935 67.234585 70.178502 85.010267 86.625599 86.626946 86.625599 86.625599 126.625599 146.640529 86.625599 86.625624 86.626813 86.625599 51.586585 86.625599 86.625715 86.625599 27.08282 18.083504 14.66393
-9999 269.360394 307.498164 407.637879 -9999 -9999 -9999 436.7096 367.366389 404.162806 390.832028 500.613864 498.006883 454.458113 425.93983 423.79143 456.858819 467.761568 671.310402 903.546522 1334.259431 1269.987359 3071.054983 769.4364 2350.942033 2882.68812 525.010267 693.318471 612.594114 125.155166 71.944454 407.926078 355.437828 173.7577 525.010267 152.90595 133.333333 14.794428 172.525001 14.542551 14.398768 30.194844 47.670298 8.124572 8.124572 18.806297 52.501027 83.033366 65.87269 65.87269 65.87269 66.791422 85.025778 86.625621 86.627606 86.625614 86.626307 86.625599 86.625599 86.84745 44.586081 30.664415 30.663929 30.663929 30.663929 17.040825 20.662619 14.663929 8.66256 2.091715
