STOTEN_Data/raw/Age_yrs_600ft.asc
ncols         250
nrows         718
xllcorner     -2256000
yllcorner     1557000
cellsize      1000
NODATA_value  -9999
[rows 434 to 464 of 718, columns 69 to 137 of 250]
-9999 -9999 -9999 -9999 -9999 -9999 -9999 -9999 -9999 -9999 -9999 -9999 -9999 -9999 30 446.598056 354.330018 388.684774 1563.462805 1596.60595 1692.822611 2339.024215 1634.215923 2140.736373 2200.045727 2396.229821 3054.483231 3160.591051 4538.091198 5250 5250 5250 5250 5250 5250 5250 5250 4900.365338 4890.405495 5250 5250 5250 5250 5250 5250 5250 3848.164579 2237.16513 1434.63389 1278.363493 1208.030905 1112.922506 1089.572703 961.294346 820.077807 734.765249 499.345238 409.3532 423.704911 556.833143 828.378989 801.587753 751.495786 664.678154 448.090837 441.068888 451.559461 504.306579 541.36665
-9999 -9999 -9999 -9999 -9999 -9999 -9999 -9999 -9999 -9999 -9999 -9999 -9999 -9999 -9999 227.013256 227.013256 1011.126879 1498.866604 1563.787681 1642.051698 2188.370635 2799.373425 2058.685029 2156.581714 2396.229821 3054.483231 3160.591051 4538.091179 5250 5250 5250 5250 5250 5250 5250 5226.77642 4628.699441 4706.573552 5250 5250 5250 5250 5250 5250 5250 5250 2384.991658 1667.270046 1229.945904 1126.849014 1073.287783 1057.076489 990.291419 824.553507 861.765703 634.975299 433.175207 425.094034 473.193414 761.750135 696.656564 669.479419 557.30934 447.78784 406.700962 403.493154 349.743155 393.637164
-9999 -9999 -9999 -9999 -9999 -9999 -9999 -9999 -9999 -9999 -9999 -9999 -9999 -9999 -9999 514.513414 878.002765 1536.197717 1596.164728 1663.056104 1561.948035 1369.072807 2058.680197 2058.680197 2129.904103 2654.483231 3054.483231 3055.4617 4465.8026 5250 5250 5250 5250 5250 5250 5250 5109.899695 4571.559055 4315.494457 4927.415283 5250 5250 5250 5250 3060.59555 2489.040771 2660.111154 2276.875195 1719.501225 1269.030088 1425.632209 1340.689603 1990.428026 1777.788375 1462.839332 1277.462808 952.434173 875.047179 767.522435 659.585971 584.045151 673.430781 710.370617 617.301961 652.403656 518.069588 422.515216 346.617612 361.08822
-9999 -9999 -9999 -9999 -9999 -9999 -9999 -9999 -9999 -9999 -9999 -9999 30 574.394763 594.011738 698.223812 1189.014079 1564.459782 1633.566082 1631.277676 1403.115841 1367.903455 1405.415606 1729.553492 2058.680198 2325.356526 3054.483231 3054.483231 4843.78412 5250 5250 5250 5250 5250 5250 5250 4916.712555 4288.932214 3946.576673 4167.916076 4560.868782 5250 5250 5250 4030.69191 3747.894127 3090.721044 2208.482348 1456.131028 985.800339 1258.051244 1358.616462 1139.545175 1721.882752 1243.920775 1259.332288 1129.527156 1131.238557 1131.493925 1102.42372 905.770924 834.442403 666.266669 703.88505 710.53633 528.118647 531.633505 477.192332 495.033157
-9999 -9999 -9999 -9999 -9999 -9999 -9999 -9999 -9999 -9999 -9999 -9999 -9999 -9999 574.394075 1268.803949 1003.884806 521.002552 677.39118 982.153005 982.153005 1175.096958 1367.903473 1632.008761 2058.680197 2325.356526 3054.483231 3160.591051 4878.71897 5250 5250 5250 5250 5250 5250 5237.526454 4740.378638 4212.858106 3722.025435 3777.838747 3802.44968 4013.714888 4629.228833 5250 4642.122151 3329.976587 2584.42865 2318.520118 1550.371421 1225.390688 1211.602926 1118.973831 1182.248962 1652.913814 1371.631962 1254.758809 965.812447 1192.974626 1528.393887 1390.674042 1201.884848 999.267595 878.399853 868.345884 731.372826 631.335912 669.048019 517.206882 510.444601
-9999 -9999 -9999 -9999 -9999 -9999 -9999 -9999 -9999 -9999 -9999 30 947.613961 -9999 1079.649894 591.530975 313.524829 207.822557 525.010267 982.153005 982.153005 1367.903455 1175.028572 1598.139487 1632.002683 2325.356526 3054.483231 3266.698871 5166.015308 5250 5250 5250 5250 5250 5250 5077.778203 4395.894459 4206.217918 3804.878916 3521.732958 3381.961814 3578.474842 3616.429672 2859.229086 2326.323442 2686.111448 2290.155693 2003.050798 1764.687072 1689.374474 1444.819204 1455.524799 1562.400128 2129.747113 1739.048828 1377.054019 1191.522877 893.612757 1654.945556 1568.241162 1422.435066 1138.688271 1021.784255 995.556698 922.398166 871.964429 772.941518 640.173484 519.84101
-9999 -9999 -9999 -9999 -9999 -9999 -9999 -9999 -9999 -9999 -9999 1178.385294 1072.13364 1010.930211 30 207.781305 207.781305 207.781321 419.324395 982.153005 982.153005 982.154163 1367.903473 1560.77868 1632.002587 2396.229821 3054.483231 3436.823777 5250 5250 5250 5250 5250 5250 5250 4631.704121 4525.979952 4043.98646 3784.853545 3452.340135 3264.431659 3641.592742 3095.527328 2415.694073 2173.712539 1967.846993 1788.744875 1652.92327 1526.273555 1229.357333 1058.630675 1180.906414 1672.907614 1821.478921 1564.494406 1345.156535 1257.274575 1228.32305 1391.228816 1232.561208 1142.030199 929.759597 814.503711 1127.837384 1073.142477 1070.560015 857.66408 923.75812 1332.372686
-9999 -9999 -9999 -9999 -9999 -9999 -9999 -9999 -9999 -9999 1108.01913 1111.936401 -9999 -9999 -9999 207.781305 207.781305 333.077431 677.39118 982.153016 982.15302 1175.02823 1560.77868 1560.77868 1742.988914 2725.382896 3054.483231 3669.630777 5250 5250 5250 5250 5250 5250 5041.755559 4493.789861 4361.564879 3941.61909 3691.60183 3465.663722 3149.904158 3327.020207 2984.921024 2383.138874 2151.56547 1949.965211 1795.13814 1798.491543 1451.123616 1234.116236 994.065152 1063.703184 990.761948 864.976276 1414.517608 1476.534265 1433.563116 1561.237886 1487.636375 1372.290286 1145.403552 1171.089337 962.964328 1135.697733 1322.711898 1325.363925 1200.964289 1300.793938 2010.145521
-9999 -9999 -9999 -9999 -9999 -9999 30 -9999 -9999 1431.38789 2106.860981 1176.015904 -9999 30 1201.252349 1201.252349 326.980327 677.39118 982.153008 1560.77868 1561.363395 1664.613664 1560.77868 1632.002586 1908.690229 3054.483231 3330.715902 4674.874947 5250 5250 5250 5250 5250 5250 4838.26726 4668.220201 4222.717246 3993.055796 3608.347069 3336.683276 3172.66299 2824.451355 2649.337145 2503.728169 2108.075638 1948.461906 1825.211751 1561.556451 1363.802318 1254.698756 1134.852484 1034.656581 807.464855 868.004296 953.245785 1048.216468 1616.63319 1742.293628 1556.306869 1419.596977 1318.228021 1350.680252 1500.591539 1393.208139 1400.038289 1278.418075 1116.514929 974.858794 769.075629
-9999 -9999 -9999 -9999 -9999 -9999 30 30 30 1431.38789 -9999 1110.446606 30 30 1201.252349 1201.251978 1173.360919 1495.585054 521.670089 521.670089 868.14227 1559.592034 1561.725964 3082.983676 3065.189407 2731.208103 3732.92167 2158.39607 4058.596338 5250 5250 5250 5250 5156.155857 4915.950767 4575.104338 4194.928625 3892.535896 3590.432571 3162.845141 3101.093331 2747.196152 2586.112046 2384.795307 2176.974837 1967.340708 1826.865733 1462.945553 1211.017777 1114.399661 951.970886 929.141202 1022.731698 1377.225596 1056.803176 1355.168013 1768.609671 1647.241565 1293.520606 1250.857429 1216.038805 1321.458581 1504.643325 1633.728477 1536.274798 1327.931625 1171.332144 924.670138 649.292413
-9999 -9999 -9999 -9999 -9999 -9999 -9999 -9999 -9999 -9999 30 1077.117181 1041.892302 30 401.289819 -9999 587.596325 692.102009 1113.679262 1188.005924 1310.447743 1431.327201 1563.164772 2072.797056 3228.595093 3178.306468 2881.925445 3023.444634 3261.264499 5036.331681 5250 5250 5042.589799 4844.007785 4703.475076 4443.714166 4175.011026 3815.113657 3468.632554 3334.886368 2919.297472 2725.544906 2584.501811 2383.532762 2174.296592 2020.189363 2010.882068 1521.761736 1394.868495 1222.749498 1123.740279 1100.099693 1004.329642 1289.354317 1263.646247 1298.351179 1336.080609 1307.614816 916.518665 779.504771 945.826113 1122.493622 1294.858639 1679.251007 1624.503918 1404.873508 1200.8662 832.05102 695.283599
-9999 -9999 -9999 -9999 -9999 -9999 -9999 30 -9999 -9999 -9999 1041.892302 1041.892302 -9999 -9999 383.293801 394.50448 619.131749 1051.240765 224.51369 277.944736 424.187921 967.581794 1666.876178 3736.632469 3536.68627 1463.350926 2130.718161 3537.244233 4985.302959 5250 4533.770885 3854.079332 3944.047908 4051.849348 4229.608594 4285.615437 4272.09936 3564.273163 3293.034351 2874.680284 2657.013709 2617.533353 2450.765554 2319.726494 2100.692614 1944.328409 1722.788074 1651.023946 1248.140512 1065.629186 1034.495903 1014.039212 1133.511607 1155.219099 1063.518955 1112.381501 1209.61347 874.554708 716.314549 812.38016 854.865454 1459.985317 1999.884397 1689.93604 1470.154112 1199.625453 1033.871245 962.444963
-9999 -9999 -9999 -9999 -9999 -9999 -9999 -9999 -9999 -9999 -9999 -9999 30 -9999 -9999 -9999 -9999 -9999 -9999 173.371773 173.687236 361.828245 609.8135 1101.862358 1402.43941 2236.577551 1693.784386 1808.504649 2197.29891 3585.751387 3354.001333 3397.694007 3671.93125 3907.491706 2150.514997 3721.031251 4498.593301 4232.997275 3156.614593 2954.344061 2795.344433 2608.162907 2516.578256 2388.720242 2320.76114 2078.211548 1937.906764 1986.672235 1435.035194 1071.342616 996.124325 892.080451 735.864 743.718132 704.668475 800.135363 849.805099 999.858418 1003.86153 804.738583 842.638096 754.909602 1252.418825 1530.830588 1495.938157 1453.694894 1251.833783 1180.375802 919.210384
-9999 -9999 -9999 -9999 -9999 -9999 -9999 -9999 -9999 -9999 -9999 -9999 -9999 -9999 -9999 -9999 -9999 -9999 -9999 -9999 331.544463 571.041869 839.506394 1135.505184 1302.411836 2032.960205 3368.436803 1321.557449 1739.989623 2400.778057 2348.459592 3126.398856 3440.237719 2981.039805 2850.642897 4131.232358 3322.033358 3720.018869 3318.719146 2908.793612 2625.442354 2400.071494 2353.479152 2223.431329 2090.624655 2025.469631 2041.753077 1416.673008 1489.568206 1025.81343 963.571326 850.734567 715.097401 574.979155 549.739955 562.915849 736.074622 983.8897 1105.589206 1066.563188 1144.463575 1037.961795 1178.142313 1318.734382 1552.42314 1528.956321 1514.132023 1361.289739 1218.675522
-9999 -9999 -9999 -9999 -9999 -9999 -9999 -9999 -9999 -9999 -9999 -9999 -9999 -9999 -9999 -9999 -9999 -9999 -9999 -9999 30 1241.213134 1301.650896 1277.296655 1466.23683 1957.136294 4601.153714 1033.863862 1147.286018 1335.957746 1948.038917 2468.566552 2318.330971 2828.120379 3121.604577 2552.609682 3183.019507 3466.202798 2864.940841 2253.348857 2331.484906 2250.736163 2317.425356 2186.59966 2125.560747 2034.292288 1852.753151 1456.306382 1270.218774 1435.807177 962.201584 758.277397 723.469688 575.288361 490.25781 444.072426 579.831801 713.322097 918.920943 1297.968521 1093.090167 1159.338042 1154.55112 1154.24623 1212.798224 1302.821827 1244.764258 1297.073301 1586.31933
-9999 -9999 -9999 -9999 -9999 -9999 -9999 -9999 -9999 -9999 -9999 -9999 -9999 -9999 -9999 -9999 -9999 -9999 -9999 -9999 -9999 2063.250003 1761.187362 1861.247695 1620.10334 2466.308441 978.690343 1323.453576 1237.109472 1240.311776 1916.936505 1418.713534 1853.804641 2219.041413 2755.238089 2529.869873 2903.156526 2182.216197 2066.420263 2261.856771 2286.322966 2190.000895 2327.20981 2246.608439 2154.118543 2085.026497 1569.807949 1549.844451 1164.20001 1127.126558 1072.642821 857.073702 700.907979 581.064263 500.804854 438.306001 431.606407 591.591454 680.110467 1096.213923 1064.186852 1156.068478 1103.092314 1120.358654 1087.533538 1271.648117 1495.496915 1629.840535 1436.670551
-9999 -9999 -9999 -9999 -9999 -9999 -9999 -9999 -9999 -9999 -9999 -9999 -9999 -9999 -9999 -9999 -9999 -9999 -9999 -9999 -9999 1130.829617 1170.251814 1166.693043 1362.221151 3415.019244 899.746922 958.635263 2925.96103 2425.807306 2461.739501 1331.418094 1325.222899 1695.693347 1785.090176 2415.108917 1870.217004 1975.70142 2067.967084 2029.084112 2161.887643 2130.732467 2338.812921 2163.489233 1980.018547 2063.346046 1496.927229 1720.305694 1167.531659 972.120599 1261.537228 938.051504 751.724003 678.186783 514.282598 425.193214 372.211148 410.608568 511.590795 741.444816 791.588688 882.731423 936.112995 1086.087825 1112.061311 1225.870327 1184.966436 1197.965383 525.010267
-9999 -9999 -9999 -9999 -9999 -9999 -9999 -9999 -9999 -9999 -9999 -9999 -9999 -9999 -9999 -9999 -9999 -9999 -9999 -9999 -9999 931.215458 967.519612 1163.359607 1565.851051 1567.530855 2628.040256 2669.318073 3151.940628 663.975616 1128.186749 1012.090796 974.114522 1161.649605 1363.200022 2358.861397 2427.021788 2323.118339 1964.61461 1900.831869 2287.5208 2026.087263 2183.292973 2118.836353 2057.289766 1730.046741 1692.352969 1626.049962 1233.873677 1107.521892 1455.096367 959.045854 831.613853 632.830504 512.873155 423.492862 327.49341 312.894263 342.699856 374.295723 614.555002 701.276507 786.158112 931.413296 1691.476741 1521.451249 1727.428018 1716.082746 525.010267
-9999 -9999 -9999 -9999 -9999 -9999 -9999 -9999 -9999 -9999 -9999 -9999 -9999 -9999 -9999 -9999 -9999 -9999 -9999 -9999 -9999 -9999 1146.695222 1071.382626 1567.530855 1561.424371 1561.15026 2266.497214 1875.336888 630.289932 1116.403896 883.781104 1350.124931 1855.975787 2388.816728 2850.293083 2764.490149 2611.317611 2735.944204 2166.463503 2100.035348 2028.193093 2040.373239 1980.773966 1911.423766 1701.828281 1514.551479 1784.130089 1259.739938 1659.865648 1168.783951 1059.294042 914.138993 704.198477 573.153668 463.552356 369.593415 312.15908 269.198227 259.018937 302.911248 412.211662 729.756871 831.236549 1092.293086 2287.396809 3180.862224 857.710676 525.010267
-9999 -9999 -9999 -9999 -9999 -9999 -9999 -9999 -9999 -9999 -9999 -9999 -9999 -9999 -9999 -9999 -9999 -9999 -9999 -9999 -9999 -9999 1567.530855 1467.535063 1433.262442 1496.453435 1375.900301 1466.266878 1563.362509 2168.218227 697.710955 746.395903 2756.222997 1158.82022 2178.41248 2734.735906 2450.627794 2932.066566 2502.634856 2100.882729 2097.854398 2034.209742 2027.536362 1915.374667 1746.16089 1782.58806 1595.653429 1517.840635 1456.365414 1413.326061 1181.593466 1064.234158 976.383381 902.095386 978.626457 664.775058 420.385349 360.406115 282.462141 263.406368 246.493475 380.37745 773.143243 1102.557698 1528.035305 1557.052726 1859.899375 1622.145393 2099.204404
-9999 -9999 -9999 -9999 -9999 -9999 -9999 -9999 -9999 -9999 -9999 -9999 -9999 -9999 -9999 -9999 -9999 -9999 -9999 -9999 -9999 -9999 1567.530855 1374.906133 1164.768984 1504.920907 1505.508049 1497.387192 1169.965826 1160.431615 518.212512 538.192903 622.060446 1189.435208 569.705854 2813.185844 2553.285057 1338.54578 1826.24075 2094.146503 1918.357113 1936.219352 1605.872015 1715.503904 1833.345632 1630.677189 1549.75102 1359.855534 1171.723033 1376.428703 1173.392032 1133.16196 1039.941199 834.549865 830.374256 687.454619 474.486165 415.959693 375.430219 331.941593 285.040711 342.479942 752.175086 1037.422368 1194.42929 1069.806788 1159.919079 1665.653085 1769.414168
-9999 -9999 -9999 -9999 -9999 -9999 -9999 -9999 -9999 -9999 -9999 -9999 -9999 -9999 -9999 -9999 -9999 -9999 -9999 -9999 -9999 -9999 1080.654824 342.094456 422.645317 419.092408 1199.950783 1472.861902 1370.526371 1153.162598 490.581668 493.62783 532.770389 808.129569 686.336656 1612.125687 2277.203778 1293.558577 1799.325568 1867.834769 1820.38331 1668.783292 1601.937531 1707.741367 1453.636645 1499.204312 1447.144665 1235.124998 1352.233083 1103.475831 1120.527105 999.178447 987.683769 892.711248 846.268242 771.03511 510.574746 425.918374 384.980776 336.842834 267.08647 256.238538 368.008469 759.647802 1163.613481 1070.342778 1000.626527 1632.628752 1813.771974
-9999 -9999 -9999 -9999 -9999 -9999 -9999 -9999 -9999 -9999 -9999 -9999 -9999 -9999 -9999 -9999 -9999 -9999 -9999 -9999 30 236.229252 376.326523 372.983414 342.235911 753.041516 782.046791 1505.182967 1338.839653 1561.395212 774.81188 419.316329 483.90775 1662.10875 720.661349 1619.723044 2220.986777 1469.809615 1407.346286 1718.339913 1614.386098 1395.456826 1293.795543 1422.120184 1408.412423 1336.386255 1058.92603 1088.663384 1023.204673 924.061389 986.852875 892.834999 869.131406 916.708656 849.728271 768.688852 577.413476 426.588597 388.774355 310.618875 289.313256 249.087225 324.015289 430.604325 974.196229 1335.769664 1229.622489 1415.17979 1523.228588
-9999 -9999 -9999 -9999 -9999 -9999 -9999 -9999 -9999 -9999 -9999 -9999 -9999 -9999 -9999 -9999 -9999 -9999 -9999 30 308.637919 315.017112 308.496464 369.709494 361.556012 619.909819 1145.14497 1037.940643 1152.361156 1365.780061 1145.963978 491.068555 567.706521 848.437661 748.476409 1937.764864 1436.711504 1425.771869 1626.520751 1467.042109 1218.648547 1059.150555 1151.105087 830.170813 882.194545 1017.608367 935.475575 955.200803 695.917607 742.438254 824.096347 892.581995 873.13918 949.241607 782.390963 809.23741 581.225633 471.59546 404.362983 338.374982 290.175119 227.276496 260.096916 417.977339 730.884665 1023.929723 874.510808 1055.168508 1417.004271
-9999 -9999 -9999 -9999 -9999 -9999 -9999 -9999 -9999 -9999 -9999 -9999 -9999 -9999 -9999 -9999 -9999 -9999 -9999 -9999 308.637919 308.637919 281.688341 308.637919 339.093804 158.710896 287.548682 364.017058 806.748996 1071.374947 884.10149 805.296931 787.912328 638.9041 698.000224 1532.124799 1382.565221 1232.745913 1214.758232 1090.179007 1237.740205 943.56964 807.496722 732.978357 727.56139 573.496726 712.644675 608.5883 645.155521 719.053242 828.985309 828.159867 979.364005 866.199072 713.280289 717.136305 541.868747 470.98869 395.050778 361.748191 291.8069 251.564096 275.491233 426.091923 537.876464 1085.154881 1041.421323 1050.851155 951.413738
-9999 -9999 -9999 -9999 -9999 -9999 -9999 -9999 -9999 -9999 -9999 -9999 -9999 -9999 -9999 -9999 -9999 -9999 -9999 -9999 -9999 -9999 203.350358 161.449801 158.704321 158.706269 326.55985 260.537119 457.111713 525.010267 626.037992 1145.450013 786.565332 920.852177 656.652429 1475.884066 1374.354018 1058.135294 946.890348 893.01837 1132.015208 896.368566 559.413031 657.629027 636.039158 533.189866 627.17223 553.342017 531.140794 571.187701 722.208525 705.455645 813.820458 723.478918 651.612842 569.135369 525.368144 468.420455 421.100781 346.545841 278.815375 254.781904 250.466809 398.048222 659.379275 672.705168 765.567868 999.975966 1012.926442
-9999 -9999 -9999 -9999 -9999 -9999 -9999 -9999 -9999 -9999 -9999 -9999 -9999 -9999 -9999 -9999 -9999 30 30 -9999 -9999 -9999 158.704321 158.704321 260.537081 480.503827 357.794656 257.344123 443.663325 525.010267 968.799841 905.497206 781.671395 902.905062 657.66599 1579.452173 1356.436497 779.3455 701.125031 1141.638218 595.670175 559.413231 665.916522 611.148337 569.428478 396.544167 413.433635 472.881125 476.610944 573.603588 651.821465 682.593911 700.195807 615.689289 551.668832 505.631868 467.744916 449.173731 411.178332 344.330216 268.822954 220.172317 271.867003 358.861515 568.502793 634.314723 862.75572 1058.545485 1592.520225
-9999 -9999 -9999 -9999 -9999 -9999 -9999 -9999 -9999 -9999 30 30 -9999 -9999 -9999 30 -9999 1265.522615 -9999 -9999 -9999 -9999 30 337.253177 344.226183 267.237966 337.851624 339.597935 346.966582 525.010267 683.40328 601.029938 791.529043 678.974758 673.778743 1479.640812 750.584775 736.326065 739.723659 940.336765 566.931884 648.719654 416.36187 412.744469 412.681672 403.48092 384.60637 385.970043 439.600159 559.431398 599.204053 576.090611 530.076185 569.864733 476.228762 476.689979 417.690523 366.390458 327.159186 289.601065 241.419365 212.567234 263.531415 532.90545 659.558701 656.381951 802.05578 900.269658 1203.740687
-9999 -9999 -9999 -9999 -9999 -9999 -9999 -9999 -9999 -9999 399.377357 30 30 763.723293 840.589017 -9999 1334.36577 -9999 964.240757 1425.638631 1271.951084 1078.34891 323.420458 340.344728 337.655287 324.138232 296.877568 405.261821 334.91491 499.593153 686.059952 547.905373 558.951959 605.785313 832.952441 797.758898 779.021026 672.921957 651.893515 562.991671 761.112745 530.523019 416.268073 390.855578 352.39374 358.996817 371.804885 364.625169 432.517008 521.659674 512.785785 595.341199 510.143792 466.879334 403.714986 390.765519 373.820175 356.925837 329.790291 273.079065 229.558059 173.418852 317.668222 628.492025 591.271776 707.734846 773.272688 792.503548 937.462303
-9999 -9999 -9999 -9999 -9999 -9999 -9999 -9999 -9999 -9999 410.255489 456.575832 477.004248 762.439328 842.873534 1269.935114 1560.718619 1601.244613 1585.854732 1563.660285 1565.342759 561.429553 360.293518 357.783991 369.806635 400.903656 675.841054 261.756106 293.612805 506.73455 641.070304 621.237538 544.385824 549.597998 594.791214 846.263686 713.6286 634.57482 590.799457 549.813804 579.402687 505.383049 578.670611 376.600085 336.412242 383.4401 405.68905 408.806776 432.614534 523.17631 519.582577 482.910687 480.280253 446.436795 407.246701 393.356131 366.838343 363.469009 323.023784 276.703247 238.597391 182.219125 237.528221 562.517008 560.781685 699.471548 736.996859 899.196754 1165.923449
-9999 -9999 -9999 -9999 -9999 -9999 -9999 -9999 -9999 -9999 456.624131 456.624131 909.201168 1042.589431 1076.167618 1109.854605 1047.669999 1395.471705 1559.806285 1567.394973 1675.797956 1675.090632 752.489106 313.591363 193.747685 200.602959 484.294012 287.410173 304.07232 491.231935 669.629636 605.553432 469.614252 366.648039 512.969473 853.351769 652.464761 535.394066 531.070039 515.579494 415.390736 502.480058 374.878444 330.146904 326.975125 382.815458 403.888449 435.919346 489.195006 484.046456 469.603877 450.281816 479.939238 380.936097 352.198247 359.566009 345.084458 344.276081 307.362382 272.252427 233.585875 201.187409 214.149824 389.74782 496.321224 741.275134 798.091456 930.126968 992.846685
