STOTEN_Data/raw/Age_yrs_400ft.asc
ncols         250
nrows         718
xllcorner     -2256000
yllcorner     1557000
cellsize      1000
NODATA_value  -9999
[rows 186 to 216 of 718, columns 0 to 68 of 250]
-9999 -9999 -9999 -9999 -9999 -9999 -9999 -9999 -9999 -9999 -9999 -9999 -9999 -9999 -9999 -9999 -9999 -9999 -9999 -9999 -9999 -9999 -9999 -9999 -9999 -9999 -9999 -9999 -9999 -9999 140.040256 143.671931 147.795326 170.185492 214.349605 254.494824 260.662485 271.218261 297.639442 324.290497 213.76628 217.534045 194.549872 171.333069 171.286818 169.605617 163.74811 156.980906 159.910966 156.693205 157.103761 164.375745 200.492514 357.739964 1339.531411 3471.485779 732.445871 543.077625 522.556191 648.532867 517.740998 399.590472 301.181408 186.044888 156.008563 142.789209 149.385444 136.340774 74.254527
-9999 -9999 -9999 -9999 -9999 -9999 -9999 -9999 -9999 -9999 -9999 -9999 -9999 -9999 -9999 -9999 -9999 -9999 -9999 -9999 -9999 -9999 -9999 -9999 -9999 -9999 -9999 -9999 -9999 -9999 140.040256 140.09142 195.089574 241.144271 256.478751 264.030622 257.663745 213.756568 217.509881 269.922555 267.848876 210.019293 190.674951 159.823768 162.964087 167.464192 154.245486 156.898428 154.310658 157.025481 163.677629 167.687259 214.874963 303.403 1529.487142 3436.858929 985.138084 542.393098 382.628396 1545.715388 2836.766069 431.193704 310.177642 306.364702 173.263039 155.990381 163.423641 149.454271 117.102418
-9999 -9999 -9999 -9999 -9999 -9999 -9999 -9999 -9999 -9999 -9999 -9999 -9999 -9999 -9999 -9999 -9999 -9999 -9999 -9999 -9999 -9999 -9999 -9999 -9999 -9999 -9999 -9999 -9999 -9999 144.283921 144.283921 204.840785 217.368528 200.498361 191.30343 204.486801 208.145769 214.169842 254.156184 261.334823 207.513909 190.948155 170.806176 153.451568 156.454251 154.205593 156.377814 157.634022 157.406997 161.478059 173.447223 214.174289 276.600631 1363.741298 3718.755017 2322.960294 402.972594 386.262826 348.147934 488.309416 445.032444 367.314144 317.095492 275.943144 179.559305 163.340723 156.106029 136.807621
-9999 -9999 -9999 -9999 -9999 -9999 -9999 -9999 -9999 -9999 -9999 -9999 -9999 -9999 -9999 -9999 -9999 -9999 -9999 -9999 -9999 -9999 -9999 -9999 -9999 -9999 -9999 -9999 -9999 -9999 143.859324 160.157924 166.872521 187.893198 187.438893 187.289492 184.593439 184.165795 204.169475 240.258086 286.784146 230.307873 195.780362 181.268742 178.738367 160.600281 159.330632 159.456613 162.61484 160.791085 163.779191 173.427136 199.975602 267.258955 1005.430977 4362.729845 1409.297453 412.635035 419.229365 2064.670974 1972.092174 491.724701 412.540061 383.617241 300.805522 279.2058 203.304921 156.210168 149.622808
-9999 -9999 -9999 -9999 -9999 -9999 -9999 -9999 -9999 -9999 -9999 -9999 -9999 -9999 -9999 -9999 -9999 -9999 -9999 -9999 -9999 -9999 -9999 -9999 -9999 -9999 -9999 -9999 -9999 143.859324 143.859324 160.158124 160.143115 197.826268 200.658108 201.27109 173.754963 174.358691 203.743089 224.627071 254.112847 260.52004 217.673355 206.6565 197.22869 176.578455 174.906752 177.623879 176.941552 177.597554 173.280213 174.572096 183.993764 370.838969 994.550135 3442.745917 2819.309438 452.438793 455.984806 496.38267 3071.483812 1892.286613 447.289198 443.167591 310.061157 305.607251 253.221824 200.003791 159.669128
-9999 -9999 -9999 -9999 -9999 -9999 -9999 -9999 -9999 -9999 -9999 -9999 -9999 -9999 -9999 -9999 -9999 -9999 -9999 -9999 -9999 -9999 -9999 -9999 -9999 -9999 -9999 -9999 -9999 150.455031 184.093433 224.040674 224.064874 197.258065 197.132094 198.217691 210.72981 223.072327 243.559448 250.16828 254.782107 277.692112 247.51584 230.491879 220.936873 204.485339 202.843841 217.144206 207.666951 203.811366 181.612785 177.281729 184.78826 387.679354 1337.531978 4394.392614 1110.802211 778.094002 722.600068 847.960887 2477.172787 673.045855 576.115502 661.401608 395.25507 350.28305 295.703441 256.1063 185.215866
-9999 -9999 -9999 -9999 -9999 -9999 -9999 -9999 -9999 -9999 -9999 -9999 -9999 -9999 -9999 -9999 -9999 -9999 -9999 -9999 -9999 -9999 -9999 -9999 -9999 -9999 -9999 -9999 -9999 30 189.921961 259.524712 335.931759 272.069293 287.452562 218.067749 226.669486 237.223004 291.520075 302.963066 304.702118 351.240369 266.861425 240.026245 223.984132 220.952177 216.646382 243.979227 228.031926 220.692036 194.596103 180.302488 204.074847 364.898221 1598.168331 4426.861844 1079.879895 730.685782 450.060021 763.630716 2185.976289 716.925008 731.296635 752.331702 436.853214 391.470054 313.678504 295.810344 295.901989
-9999 -9999 -9999 -9999 -9999 -9999 -9999 -9999 -9999 -9999 -9999 -9999 -9999 -9999 -9999 -9999 -9999 -9999 -9999 -9999 -9999 -9999 -9999 -9999 -9999 -9999 -9999 -9999 -9999 97.565932 547.102552 685.210796 579.600181 614.967159 432.141975 406.231914 347.295784 283.884726 314.055951 267.240942 284.811462 350.167542 257.67647 244.668942 207.67007 219.788687 223.231198 217.096107 223.21438 226.654608 193.500333 176.940308 210.453235 280.054752 1530.896648 4801.51974 1060.089311 467.550332 725.01356 738.113449 1299.720203 703.802343 686.221539 754.547232 566.872238 438.611732 407.62333 324.157258 298.318661
-9999 -9999 -9999 -9999 -9999 -9999 -9999 -9999 -9999 -9999 -9999 -9999 -9999 -9999 -9999 -9999 -9999 -9999 -9999 -9999 -9999 -9999 -9999 -9999 -9999 -9999 -9999 -9999 -9999 1808.351729 1718.034048 1910.447948 2175.008908 2237.401362 1774.572358 1342.019128 779.871227 541.174818 423.455422 399.824844 419.778787 297.05122 285.957419 233.733372 206.696263 203.899094 216.950687 216.575424 206.94312 187.907164 170.316604 170.314337 194.433465 250.337184 1280.149199 5250 861.494802 422.741789 529.688922 499.185825 1219.09944 549.507578 790.140649 718.531319 717.040567 683.301636 453.280259 403.864326 330.896499
-9999 -9999 -9999 -9999 -9999 -9999 -9999 -9999 -9999 -9999 -9999 -9999 -9999 -9999 -9999 -9999 -9999 -9999 -9999 -9999 -9999 -9999 -9999 -9999 -9999 -9999 -9999 -9999 -9999 876.630909 678.21746 774.661097 779.471148 746.671026 942.526652 1104.749746 2625.950077 1863.468689 1078.54139 658.619509 784.61711 157.092955 237.459248 220.32021 205.070588 194.04845 207.857229 213.788735 200.09335 176.885247 156.402702 154.459607 163.143473 252.796522 937.826792 3668.663821 1150.749014 425.998348 548.141494 416.235965 515.800608 418.887937 607.4059 601.079318 746.766239 700.686616 707.910154 467.597238 408.832036
-9999 -9999 -9999 -9999 -9999 -9999 -9999 -9999 -9999 -9999 -9999 -9999 -9999 -9999 -9999 -9999 -9999 -9999 -9999 -9999 -9999 -9999 -9999 -9999 -9999 -9999 -9999 -9999 -9999 512.110421 396.524961 447.809689 485.189326 512.819063 613.569125 750.699339 1008.496393 1277.513957 1925.227596 2318.895607 1952.881998 1896.990085 2130.979285 214.173893 199.910405 186.410044 196.43436 207.57485 194.262522 180.324443 153.766448 150.508048 152.813965 223.294856 462.704212 2769.883253 1398.46467 800.656212 547.959703 764.538404 1272.567378 733.719922 619.852578 412.652209 939.376448 749.394186 743.076009 747.146914 447.218602
-9999 -9999 -9999 -9999 -9999 -9999 -9999 -9999 -9999 -9999 -9999 -9999 -9999 -9999 -9999 -9999 -9999 -9999 -9999 -9999 -9999 -9999 -9999 -9999 -9999 -9999 -9999 -9999 -9999 341.018108 240.337151 313.711531 382.540751 414.295865 536.1259 613.716053 747.865719 942.219268 1207.087153 1838.055336 2394.151306 2852.065615 2560.127629 213.630477 199.725584 169.238007 170.699702 186.898796 186.701646 172.817751 152.671284 149.39437 153.051158 191.455015 306.430658 1669.425635 1546.447552 1220.734518 855.596623 1628.033965 425.278819 742.311986 725.865255 509.29537 836.678769 932.189124 743.076009 743.605453 1379.676885
-9999 -9999 -9999 -9999 -9999 -9999 -9999 -9999 -9999 -9999 -9999 -9999 -9999 -9999 -9999 -9999 -9999 -9999 -9999 -9999 -9999 -9999 -9999 -9999 -9999 -9999 -9999 -9999 -9999 190.109757 170.036092 212.817225 252.770096 348.054255 390.77111 469.870312 578.606963 814.482324 1033.441892 1342.098972 2156.757856 2885.501819 2957.938444 178.442468 178.211232 155.738118 153.372584 165.666429 176.838687 169.371124 122.095409 121.373792 121.963091 194.526655 327.16808 1461.544077 5250 1532.917379 950.680816 1472.391569 719.513219 722.875652 373.272356 505.805803 525.010267 879.490989 670.572697 814.901927 1044.245233
-9999 -9999 -9999 -9999 -9999 -9999 -9999 -9999 -9999 -9999 -9999 -9999 -9999 -9999 -9999 -9999 -9999 -9999 -9999 -9999 -9999 -9999 -9999 -9999 -9999 -9999 -9999 -9999 -9999 100.70905 103.456854 136.652348 207.305968 -9999 -9999 481.803908 537.10906 678.192881 972.649912 1339.321117 2053.03263 2745.468011 127.288448 183.38749 147.138532 150.47404 153.12218 156.123663 162.954175 159.67955 154.420077 122.031899 159.6101 177.124735 335.452667 789.040486 3308.922728 5250 2678.45509 1906.110733 460.118139 677.573318 402.842718 498.797848 525.010267 739.391856 707.031262 1283.953323 1903.943159
-9999 -9999 -9999 -9999 -9999 -9999 -9999 -9999 -9999 -9999 -9999 -9999 -9999 -9999 -9999 -9999 -9999 -9999 -9999 -9999 -9999 -9999 -9999 -9999 -9999 -9999 -9999 -9999 -9999 68.039387 67.160862 100.130326 147.220115 778.530273 -9999 -9999 -9999 715.439945 945.353404 1366.369625 2044.499487 2706.193896 127.577857 2418.612382 143.205334 143.169051 147.972752 148.261348 153.18061 150.535569 146.979899 142.310881 143.844166 159.571038 249.103927 405.638267 1667.120445 5250 2496.182839 2087.197174 772.921936 804.204509 453.564904 431.402565 390.308504 633.793138 984.146139 1529.973834 2840.579996
-9999 -9999 -9999 -9999 -9999 -9999 -9999 -9999 -9999 -9999 -9999 -9999 -9999 -9999 -9999 -9999 -9999 -9999 -9999 -9999 -9999 -9999 -9999 -9999 -9999 -9999 -9999 -9999 30 47.944404 48.002985 85.549657 -9999 774.515437 30 30 811.029409 818.136721 1109.421517 1554.008238 2024.256227 2711.86786 207.234882 207.24711 134.975445 136.889152 143.697454 146.807902 147.68828 150.239033 149.711612 134.297061 127.032227 141.963227 164.104566 213.266779 541.222448 2070.78382 5250 1449.86326 1106.830883 838.771669 528.322531 534.773059 386.336661 469.047898 1349.80891 1590.048547 3035.20638
-9999 -9999 -9999 -9999 -9999 -9999 -9999 -9999 -9999 -9999 -9999 -9999 -9999 -9999 -9999 -9999 -9999 -9999 -9999 -9999 -9999 -9999 -9999 -9999 -9999 -9999 -9999 -9999 -9999 52.447241 54.245043 101.86875 -9999 -9999 -9999 -9999 1441.763246 1036.862378 1238.838157 1751.249644 2098.16014 3081.788853 88.523941 276.570523 134.441112 133.642284 143.770161 147.320859 147.27584 150.273955 150.329205 142.028673 127.943724 133.943586 152.199654 190.957494 326.019185 553.473674 5250 1405.42903 1230.832839 888.582398 608.56632 595.854208 803.013566 790.133447 1494.708951 2226.05217 3432.53314
-9999 -9999 -9999 -9999 -9999 -9999 -9999 -9999 -9999 -9999 -9999 -9999 -9999 -9999 -9999 -9999 -9999 -9999 -9999 -9999 -9999 -9999 -9999 -9999 -9999 -9999 -9999 -9999 -9999 30 58.295177 83.848968 733.428113 -9999 -9999 -9999 -9999 1517.500868 1691.4109 1865.284739 2331.886822 2638.179712 1149.603733 393.263873 393.263873 129.872793 133.187765 150.07317 147.734168 147.166674 150.864485 153.642284 134.174276 133.658481 142.00325 174.515228 213.53327 427.820493 2265.256738 2748.653086 1391.994566 1071.938979 1037.481136 923.271422 880.799288 1383.741197 3530.215766 3339.133976 3447.315085
-9999 -9999 -9999 -9999 -9999 -9999 -9999 -9999 -9999 -9999 -9999 -9999 -9999 -9999 -9999 -9999 -9999 -9999 -9999 -9999 -9999 -9999 -9999 -9999 -9999 -9999 -9999 -9999 -9999 30 62.264176 71.424411 438.491744 -9999 -9999 -9999 -9999 1949.634409 1954.262464 2225.079112 2928.412287 2677.132672 2454.9501 461.9135 461.740251 130.043389 129.931307 143.730331 163.110899 150.483106 154.237047 160.130181 149.654304 140.348524 154.06249 181.002729 209.726239 462.155825 1337.984672 5250 1656.183803 1534.08983 1290.786218 1263.942562 1237.84021 1755.640631 2822.651119 1348.33624 549.435517
-9999 -9999 -9999 -9999 -9999 -9999 -9999 -9999 -9999 -9999 -9999 -9999 -9999 -9999 -9999 -9999 -9999 -9999 -9999 -9999 -9999 -9999 -9999 -9999 -9999 -9999 -9999 -9999 -9999 30 82.862832 64.556217 270.299781 -9999 -9999 -9999 -9999 2493.878837 2283.933157 2808.029937 108.8998 108.8998 116.909444 461.740251 461.740251 310.303833 398.989487 156.589029 179.826165 163.312117 153.549974 159.735712 147.239832 133.921977 163.23225 191.105758 229.68101 539.137845 1336.295547 5250 3098.201014 1629.851815 1635.231793 1577.19608 1739.021941 4631.261897 1685.59931 643.125169 316.736401
-9999 -9999 -9999 -9999 -9999 -9999 -9999 -9999 -9999 -9999 -9999 -9999 -9999 -9999 -9999 -9999 -9999 -9999 -9999 -9999 -9999 -9999 -9999 -9999 -9999 -9999 -9999 -9999 -9999 2329.64275 148.410975 71.442174 144.147517 -9999 -9999 -9999 -9999 3375.193436 2915.653433 108.21487 108.8998 117.531324 63.707605 63.707605 1752.182246 690.244909 854.713004 316.794143 451.468761 173.592046 169.659967 146.665238 139.970738 133.039916 153.4645 193.937785 332.512467 539.220045 1863.293521 5250 2719.912311 1697.582228 1806.953375 2150.487189 3235.683306 4096.444145 1354.504979 306.460382 314.144376
-9999 -9999 -9999 -9999 -9999 -9999 -9999 -9999 -9999 -9999 -9999 -9999 -9999 -9999 -9999 -9999 -9999 -9999 -9999 -9999 -9999 -9999 -9999 -9999 -9999 -9999 -9999 -9999 -9999 271.309071 282.020399 98.41566 30 -9999 -9999 -9999 -9999 107.721602 107.916975 3508.478235 3191.982684 117.531324 63.707605 2672.289687 126.055507 126.055507 2316.958649 2028.46811 955.541694 200.075908 386.351177 150.695473 143.302384 144.23351 157.286745 191.603618 525.010267 558.760049 2103.671771 5250 3066.289341 2840.995859 2908.263736 3127.977668 5163.431367 1941.938993 487.429569 309.64624 330.1818
-9999 -9999 -9999 -9999 -9999 -9999 -9999 -9999 -9999 -9999 -9999 -9999 -9999 -9999 -9999 -9999 -9999 -9999 -9999 -9999 -9999 -9999 -9999 -9999 -9999 -9999 -9999 -9999 -9999 196.048337 131.272396 98.078288 67.945709 -9999 -9999 -9999 -9999 107.59465 2658.065264 109.0076 108.097375 49.566653 49.566653 98.583482 126.055507 126.055507 97.812532 2671.904213 2023.6383 554.442221 683.86462 141.013339 143.574855 163.959118 184.165786 306.350856 525.010267 1068.314508 2666.688544 5250 3675.523001 2988.783883 2983.045108 3238.246397 4664.668401 1330.134616 344.490271 389.54098 386.320483
-9999 -9999 -9999 -9999 -9999 -9999 -9999 -9999 -9999 -9999 -9999 -9999 -9999 -9999 -9999 -9999 -9999 -9999 -9999 -9999 -9999 -9999 -9999 -9999 -9999 -9999 -9999 -9999 -9999 -9999 120.615036 105.009476 59.787136 -9999 -9999 -9999 -9999 87.647535 107.869307 107.869307 3516.662164 49.566653 1381.150917 2120.8808 2227.437442 2521.744207 2486.242381 97.812532 117.777695 117.833172 285.566713 164.352782 176.119052 180.476618 259.725461 421.910036 539.457105 1772.597832 3381.205649 5250 428.374857 2635.385281 1734.059547 5250 3983.671887 822.736141 410.67706 411.011075 275.688962
-9999 -9999 -9999 -9999 -9999 -9999 -9999 -9999 -9999 -9999 -9999 -9999 -9999 -9999 -9999 -9999 -9999 -9999 -9999 -9999 -9999 -9999 -9999 -9999 -9999 -9999 -9999 -9999 -9999 -9999 114.825401 111.357367 74.924917 30 -9999 -9999 -9999 -9999 87.923681 3201.059873 2911.625237 1883.386194 951.521431 1383.287799 1549.703168 1826.955362 2160.877412 2803.716155 117.833172 117.833172 283.321444 271.907397 260.632334 269.301213 283.392503 525.010267 556.732806 1939.88085 4538.924847 5250 407.857745 2402.692823 4242.182305 5250 4030.375646 1354.536504 546.555499 364.028096 347.819754
-9999 -9999 -9999 -9999 -9999 -9999 -9999 -9999 -9999 -9999 -9999 -9999 -9999 -9999 -9999 -9999 -9999 -9999 -9999 -9999 -9999 -9999 -9999 -9999 -9999 -9999 -9999 -9999 -9999 -9999 127.579489 113.804337 81.17548 30 -9999 -9999 -9999 -9999 2237.51768 2198.951128 2104.425929 2005.359785 1121.114195 1189.332764 1200.949012 2150.563973 2553.540326 2714.673444 2640.176446 3522.677954 256.648925 256.648925 263.214768 263.699905 399.69784 540.028086 1867.802551 3029.029474 4874.931009 5250 5250 5250 4410.607474 5250 4689.862839 1451.390649 827.152309 604.394138 434.215182
-9999 -9999 -9999 -9999 -9999 -9999 -9999 -9999 -9999 -9999 -9999 -9999 -9999 -9999 -9999 -9999 -9999 -9999 -9999 -9999 -9999 -9999 -9999 -9999 -9999 -9999 -9999 -9999 -9999 -9999 59.105259 110.120909 70.140962 70.140962 -9999 -9999 -9999 -9999 1573.717733 1652.13209 1531.553599 1438.595701 316.061187 60.288222 1511.306092 1779.018841 1972.117913 2214.796741 2618.908347 87.247252 306.128759 259.557569 269.21247 280.099026 409.896763 448.761836 1685.866023 3374.256699 5094.151029 5250 5250 5250 5250 5237.645448 5250 1708.300545 1408.811061 944.663087 524.602726
-9999 -9999 -9999 -9999 -9999 -9999 -9999 -9999 -9999 -9999 -9999 -9999 -9999 -9999 -9999 -9999 -9999 -9999 -9999 -9999 -9999 -9999 -9999 -9999 -9999 -9999 -9999 -9999 -9999 -9999 313.368543 91.829702 70.140962 70.140962 30 -9999 -9999 -9999 1346.672037 1111.586166 1007.199193 1048.866751 60.284352 60.284352 311.744345 1238.245343 1542.331387 1850.073173 2120.036646 3013.938453 87.247252 259.552983 256.368689 278.891793 389.157427 447.501465 1069.523613 5250 5250 5250 5250 5250 5250 5250 5250 2661.033187 1385.066418 821.895227 502.466271
-9999 -9999 -9999 -9999 -9999 -9999 -9999 -9999 -9999 -9999 -9999 -9999 -9999 -9999 -9999 -9999 -9999 -9999 -9999 -9999 -9999 -9999 -9999 -9999 -9999 -9999 -9999 -9999 -9999 -9999 44.985614 111.636373 79.53025 208.987548 30 -9999 -9999 -9999 1276.906355 816.589213 713.331921 678.419038 592.08332 644.386768 750.093226 947.903347 1115.795495 1444.772934 1808.791661 2218.014323 2580.843211 252.816308 252.816308 272.312982 386.333569 505.212285 1371.014792 4115.495244 3969.116827 3861.703885 3869.856262 4289.543459 5250 5250 5250 5218.139615 1426.018751 1099.735728 669.527396
-9999 -9999 -9999 -9999 -9999 -9999 -9999 -9999 -9999 -9999 -9999 -9999 -9999 -9999 -9999 -9999 -9999 -9999 -9999 -9999 -9999 -9999 -9999 -9999 -9999 -9999 -9999 -9999 -9999 -9999 43.224624 111.575007 70.055378 -9999 -9999 -9999 -9999 -9999 1078.586965 552.741528 478.868278 443.265824 401.50534 423.724054 476.542809 655.465068 820.867912 1110.36899 1609.965055 1696.261528 1871.136689 1820.292143 95.882148 316.515547 1663.943694 1896.100547 2497.394846 2629.402328 2757.659104 2761.874885 2976.47279 3002.290712 3481.54006 3361.876828 3896.567876 5250 1676.754593 1332.917338 822.28284
-9999 -9999 -9999 -9999 -9999 -9999 -9999 -9999 -9999 -9999 -9999 -9999 -9999 -9999 -9999 -9999 -9999 -9999 -9999 -9999 -9999 -9999 -9999 -9999 -9999 -9999 -9999 -9999 -9999 -9999 124.419163 124.276046 66.535483 -9999 -9999 -9999 -9999 -9999 814.5674 484.683996 353.660504 274.937101 210.486402 210.280639 342.636 507.807665 648.733179 943.076594 1209.735124 1378.685994 1472.950741 1799.73213 2710.208188 2386.72495 1763.91258 954.221255 817.428421 1424.046801 1391.849021 1730.544415 2340.455684 2577.475851 2593.884704 2571.060703 2770.62861 2928.856439 5250 3099.388839 1425.09184
