STOTEN_Data/raw/Age_yrs_200ft.asc
ncols         250
nrows         718
xllcorner     -2256000
yllcorner     1557000
cellsize      1000
NODATA_value  -9999
[rows 465 to 495 of 718, columns 70 to 139 of 250]
-9999 -9999 -9999 -9999 -9999 -9999 -9999 -9999 321.710313 340.752695 357.512147 404.25346 460.333745 323.75674 377.816456 307.908734 341.127141 367.24338 440.52336 621.923754 1125.375287 444.006778 186.578201 186.865679 187.051623 186.295881 186.656077 187.194763 184.565482 176.49329 153.029185 146.079209 152.993987 153.10624 146.514525 146.150391 166.456028 123.339932 146.3583 127.665917 123.020838 130.988769 137.13844 143.030257 122.706829 83.904991 72.744418 48.49255 31.043577 30.343259 37.501859 36.73752 54.183357 176.482089 150.28063 117.842283 96.677994 82.875264 60.013689 40.828964 26.564157 15.452321 15.452321 52.501027 119.332622 150.120372 197.244916 200.762062 226.272051 226.546532
-9999 -9999 -9999 -9999 -9999 -9999 -9999 -9999 321.710313 321.710313 271.271131 283.39759 223.88804 297.32657 367.861203 310.895431 30 30 -9999 30 890.094821 1605.415139 437.333374 360.852213 186.847698 193.528857 193.443538 186.82348 306.678978 160.079318 146.324889 149.591756 120.151545 135.669911 146.522646 147.219298 152.965959 137.390985 136.077112 132.609672 130.868158 142.760188 126.96067 133.664669 128.642345 104.32124 73.564238 76.943478 52.501027 48.047545 39.182267 17.293634 29.601388 115.388639 123.78055 111.128574 88.003309 76.978075 56.656961 36.72188 23.297925 17.803741 15.452321 100.909993 130.125437 123.390846 186.984093 199.369865 226.347316 149.80334
-9999 -9999 -9999 -9999 -9999 -9999 -9999 -9999 317.997071 317.997071 271.271131 271.271131 294.423255 -9999 -9999 -9999 -9999 -9999 -9999 -9999 1467.259266 1531.690671 1563.903026 1675.996464 373.653295 196.64195 187.042157 187.012484 176.669014 260.791253 143.159683 135.823454 121.004723 124.237255 136.932106 136.375568 152.767251 144.051961 152.583857 148.97063 146.094743 145.181371 126.781559 159.837758 166.987471 136.018922 84.099023 80.518062 53.884914 45.470598 33.738079 24.002738 19.055966 52.501027 79.51936 94.342869 76.978075 55.009681 33.462954 19.582021 10.240136 10.240136 70.362714 102.534017 136.865453 126.616707 187.116 163.694735 68.725716 107.556166
-9999 -9999 -9999 -9999 -9999 -9999 -9999 -9999 30 283.520068 346.980346 356.498975 294.423255 -9999 -9999 -9999 -9999 -9999 -9999 -9999 -9999 30 1674.442369 1568.364427 1563.113797 1287.569245 426.518854 266.691376 256.625594 223.776985 156.011961 133.643883 119.737842 138.964925 135.710357 136.848142 49.585216 49.585216 153.060124 122.262432 152.235586 139.407219 141.897298 153.562621 156.538817 132.948701 112.751687 85.534314 76.75066 54.091566 34.761984 33.333333 38.377823 42.793854 52.501027 94.338474 76.978075 52.510625 36.041068 21.68727 10.240136 9.000228 37.087228 113.588252 117.161238 149.779475 177.473844 166.510189 149.079798 193.712884
-9999 -9999 -9999 -9999 -9999 -9999 -9999 311.322899 311.322899 283.520068 283.582599 274.40432 30 -9999 -9999 -9999 -9999 -9999 -9999 -9999 -9999 -9999 1569.493023 1572.286353 1565.038262 1565.507157 433.555207 411.678529 317.200624 156.138298 166.72997 126.231558 109.640881 127.027053 133.257727 86.264447 169.525641 49.585216 44.914442 71.68698 148.980161 114.861806 142.085686 127.308213 117.275972 130.463136 121.690649 87.983858 76.777832 63.871663 45.542779 33.333333 38.377823 34.547494 37.067139 86.367681 77.1773 56.761142 38.86151 26.748802 16.046578 9.08319 13.50789 84.16372 116.994081 146.070613 180.617573 233.911751 221.225339 199.918898
-9999 -9999 -9999 -9999 -9999 -9999 -9999 -9999 264.089539 271.065247 271.065247 274.40432 -9999 -9999 -9999 -9999 -9999 -9999 -9999 -9999 -9999 -9999 -9999 921.515107 1055.020029 1563.503304 246.58592 236.22728 366.867256 155.192982 200.239085 123.460098 110.588768 111.029714 127.420443 89.181422 162.535209 48.914442 48.914442 75.187575 105.744679 91.357587 136.284828 130.601346 103.406904 137.743995 136.245888 101.182249 76.778343 77.606306 53.931357 61.17312 47.460643 44.317634 17.77869 39.624924 78.123528 57.586243 43.722564 27.173506 12.44942 6.95101 6.95101 49.123888 103.967597 136.742676 146.393116 187.261106 157.041615 147.357747
-9999 -9999 -9999 -9999 -9999 -9999 -9999 -9999 264.089539 240.27025 192.376457 30 -9999 -9999 -9999 -9999 -9999 -9999 -9999 -9999 -9999 -9999 -9999 1570.539766 1639.378862 525.010267 360.928466 127.677401 343.419145 160.186413 240.96863 126.399903 117.045276 109.824759 122.045459 112.704685 90.804752 91.056593 93.922335 156.071218 60.901809 94.025278 111.520037 93.684714 84.280606 126.721175 140.363592 123.972526 97.268851 87.18488 76.976785 75.483536 34.78668 26.662842 15.805647 23.89529 77.072418 52.221025 39.080601 26.953604 17.408613 6.95101 6.95101 39.24555 102.192614 135.289454 102.732648 147.079228 149.878589 140.97182
-9999 -9999 -9999 -9999 -9999 -9999 -9999 -9999 230.56938 230.56938 192.376457 30 -9999 -9999 -9999 -9999 -9999 -9999 -9999 -9999 -9999 -9999 -9999 1804.05858 1703.668136 1209.824958 297.309219 120.473539 300.931685 163.711761 246.939177 123.911596 121.118517 87.178287 100.567185 137.963726 85.737185 90.518924 132.133202 115.059086 86.578049 103.50033 99.497822 114.125911 88.789864 94.029925 103.778117 136.665101 111.181962 86.726837 72.733673 73.953546 38.410144 14.889345 16.494447 46.810474 72.954165 52.697983 25.664613 8.445813 5.138946 5.138946 29.359799 52.501027 80.314963 123.634249 81.800583 136.68467 139.572287 146.674053
-9999 -9999 -9999 -9999 -9999 -9999 -9999 -9999 -9999 30 189.342935 189.342935 -9999 -9999 -9999 -9999 -9999 -9999 -9999 -9999 -9999 -9999 -9999 -9999 1842.807437 353.20332 216.891765 100.247871 167.289836 166.016027 356.911948 140.76937 112.118331 101.433901 104.001088 117.170646 75.133158 109.590874 156.371323 81.418134 106.962315 129.671099 127.182805 111.477165 91.537081 139.160558 101.292666 136.444845 110.133686 87.683879 76.717235 35.293634 30.240767 12.828793 15.096729 37.287159 65.720864 32.88794 20.268695 10.454828 5.138946 5.138946 52.501027 61.259411 62.979317 110.558254 114.2358 130.556174 136.860762 149.206965
-9999 -9999 -9999 -9999 -9999 -9999 -9999 -9999 -9999 -9999 189.342935 180.951238 -9999 -9999 -9999 -9999 -9999 -9999 -9999 -9999 -9999 -9999 -9999 -9999 1670.957794 147.361467 124.13649 97.812192 159.577909 159.457497 241.059309 119.755863 125.053935 133.126159 152.358006 84.954034 79.993412 73.642538 80.540103 76.971418 113.152344 140.542604 134.938066 108.027845 143.755475 145.543655 127.092887 136.011918 116.740204 76.649329 76.824037 42.593673 34.714203 37.457283 52.208896 56.678635 52.501027 36.529381 22.319416 13.166324 5.400697 5.414358 13.472051 52.501027 83.696363 99.696157 111.001134 132.577863 149.514302 145.619739
-9999 -9999 -9999 -9999 -9999 -9999 -9999 -9999 -9999 -9999 -9999 180.951238 -9999 -9999 -9999 -9999 -9999 -9999 -9999 -9999 -9999 -9999 -9999 -9999 185.420032 87.799097 79.674369 96.224776 142.519871 153.375219 246.819369 136.084756 163.67956 167.21322 127.726408 85.397163 117.408895 68.185968 73.708204 117.222405 151.618597 157.682018 149.468918 152.00425 141.586228 146.26942 129.226434 131.31411 111.250745 76.839303 76.64933 76.649404 56.651986 56.652998 82.879447 67.006279 52.501027 40.251882 28.034465 15.356426 7.055656 5.014414 5.694163 52.501027 93.12216 97.227293 97.799174 90.355054 97.357561 149.715266
-9999 -9999 -9999 -9999 -9999 -9999 -9999 -9999 -9999 -9999 -9999 30 -9999 -9999 -9999 -9999 -9999 -9999 -9999 -9999 -9999 -9999 -9999 155.865845 15.624914 75.88636 97.682179 100.370705 106.593406 141.849939 213.168478 154.915677 192.979762 180.732574 123.005929 94.246478 127.10623 105.102554 101.737939 149.810445 149.423762 152.993934 156.018147 148.772948 149.594587 146.521474 133.42257 108.313056 105.766712 136.445408 120.804205 110.799747 86.80543 88.102263 83.856594 63.595765 53.415386 44.870571 30.983561 20.124572 9.778318 5.014414 5.014414 52.501027 108.540255 87.648783 69.734071 76.678424 89.722169 156.370267
-9999 -9999 -9999 -9999 -9999 -9999 -9999 -9999 -9999 -9999 -9999 30 -9999 -9999 -9999 -9999 -9999 -9999 -9999 -9999 -9999 -9999 -9999 199.841192 62.370127 75.970979 104.289241 105.844587 87.318105 139.977242 179.700449 160.067759 199.468386 153.361091 146.65823 111.652221 139.115254 115.726235 139.717583 133.456137 121.224156 149.846289 140.491472 156.059009 130.527749 122.811117 135.81733 111.329685 81.20436 80.182907 103.693042 113.558738 107.705166 76.668136 82.934619 69.663319 56.912724 56.646133 35.69474 22.93179 15.419385 10.413613 13.958074 52.324333 49.737166 77.158758 53.022179 30.616474 25.162655 41.305687
-9999 -9999 -9999 -9999 -9999 -9999 -9999 -9999 -9999 -9999 -9999 -9999 -9999 -9999 -9999 -9999 -9999 -9999 -9999 -9999 -9999 -9999 -9999 204.10513 94.138564 80.263492 110.807116 100.842072 81.387968 149.029398 173.565331 172.524956 190.304328 151.998095 148.667827 140.492637 140.580048 152.528843 146.624247 146.296146 140.42833 81.469711 113.883856 117.462135 107.631022 113.222106 72.425726 74.058096 82.52159 47.350051 130.046785 130.448363 107.507292 76.770983 87.677952 73.426597 69.582478 56.646133 49.09668 34.990383 29.45334 25.064686 41.665016 36.518401 52.501027 26.526591 36.992163 39.568213 30.402089 37.209674
-9999 -9999 -9999 -9999 -9999 -9999 -9999 -9999 -9999 -9999 -9999 -9999 -9999 -9999 -9999 -9999 -9999 -9999 -9999 -9999 -9999 -9999 -9999 190.467677 134.137226 83.706861 135.735186 90.192556 88.646953 149.572303 146.225604 150.834708 170.219369 159.634237 153.276076 156.192202 156.207883 159.642309 149.818336 143.622396 134.909168 82.108119 96.868813 58.775082 86.234096 95.590131 82.617726 140.671955 123.589522 101.759838 98.043627 98.813212 102.79557 110.459478 94.117 86.625614 76.63308 72.716019 56.646133 56.646133 46.769915 46.416341 45.763559 79.826999 41.390828 32.724618 52.501027 72.610334 72.525667 73.347023
-9999 -9999 -9999 -9999 -9999 -9999 -9999 -9999 -9999 -9999 -9999 -9999 -9999 -9999 -9999 -9999 -9999 -9999 -9999 -9999 -9999 -9999 -9999 -9999 154.82844 67.286245 117.062674 94.69735 123.456796 141.516251 153.360092 157.964657 136.966713 156.116791 156.079393 160.653564 180.548988 159.802405 152.072497 138.383392 120.256172 88.222393 71.08078 65.00109 111.376267 123.151798 108.598903 139.994291 129.666947 116.444431 120.809153 92.480397 98.582739 91.971267 110.43034 97.180657 86.625758 76.634069 76.63308 76.63308 56.820641 76.63308 74.195756 94.143083 76.633004 76.68925 80.120416 83.97236 90.469081 74.063309
-9999 -9999 -9999 -9999 -9999 -9999 -9999 -9999 -9999 -9999 -9999 -9999 -9999 -9999 -9999 -9999 -9999 -9999 -9999 -9999 -9999 -9999 -9999 -9999 157.328441 84.783447 86.162384 101.093962 153.255244 154.698467 181.961038 159.721464 152.501959 156.318584 129.927047 140.344005 196.07789 175.666791 149.230441 133.892275 117.35995 105.318492 146.266327 136.858991 105.208543 117.916985 115.892928 111.70057 136.658474 129.463123 123.899337 98.671552 107.751499 127.643522 120.850678 114.261871 107.488022 95.852156 83.458161 77.057864 76.874255 74.351825 83.243664 77.276306 83.425477 139.552237 138.282743 104.031367 142.722023 129.928556
-9999 -9999 -9999 -9999 -9999 -9999 -9999 -9999 -9999 -9999 -9999 -9999 -9999 -9999 -9999 -9999 -9999 -9999 -9999 -9999 -9999 -9999 -9999 -9999 -9999 129.813074 85.224691 156.879442 161.355937 156.227869 190.212651 159.864733 156.49728 101.265617 60.311945 133.806806 212.54959 149.971327 152.239784 147.298222 151.998023 136.750239 86.780172 65.791377 76.573115 104.725613 123.185035 108.152804 145.20754 146.12701 149.382955 139.919243 92.459396 90.770053 133.63404 132.917012 126.626166 123.749909 117.51373 117.481177 129.643383 133.033324 142.815189 132.970576 149.554511 146.838786 93.885807 93.674575 127.475967 153.400379
-9999 -9999 -9999 -9999 -9999 -9999 -9999 -9999 -9999 -9999 -9999 -9999 -9999 -9999 -9999 -9999 -9999 -9999 -9999 -9999 -9999 -9999 -9999 -9999 -9999 161.170787 75.9299 169.631075 162.564125 177.842738 176.383885 159.91684 127.935731 78.5591 73.380143 266.873207 179.063097 157.313833 146.564662 134.505837 80.584858 78.988885 68.759324 61.731115 84.477787 147.538356 149.626688 147.000954 151.752108 111.764247 163.792152 155.952221 124.054964 90.957539 149.583527 139.86485 139.80266 146.771907 155.868289 152.970579 155.866032 152.855963 146.741638 159.675826 166.519981 128.925704 104.046503 134.790281 152.052254 149.46253
-9999 -9999 -9999 -9999 -9999 -9999 -9999 -9999 -9999 -9999 -9999 -9999 -9999 -9999 -9999 -9999 -9999 -9999 -9999 -9999 -9999 30 30 30 30 -9999 52.251882 52.251882 163.846688 189.97129 169.992278 150.112634 86.909635 83.342105 90.443191 190.666601 192.808124 163.040252 120.989663 110.194138 83.571192 77.417457 134.760054 166.145483 153.965839 148.86681 124.839022 88.143919 148.72551 148.362327 186.408896 155.919719 123.981981 107.793532 100.737504 157.187593 136.706875 160.533103 159.527274 163.475225 163.499913 166.117143 176.256376 205.529271 167.468573 134.593382 162.374385 180.164485 200.084741 156.018498
-9999 -9999 -9999 -9999 -9999 -9999 -9999 -9999 -9999 -9999 -9999 -9999 -9999 -9999 -9999 -9999 -9999 -9999 -9999 -9999 -9999 -9999 30 30 -9999 -9999 52.251882 156.461617 232.095664 173.140365 139.580969 122.367966 111.275277 125.449859 159.842221 173.71264 172.60645 149.009393 130.886049 126.10882 98.597106 86.940922 111.026513 100.42539 80.307852 63.270542 96.509992 88.766465 108.545412 190.610025 177.38666 176.857854 152.87623 129.861864 107.630173 114.170554 138.114914 113.723404 88.618899 160.912034 169.433333 144.62379 176.576391 186.50371 153.919351 179.100051 176.869746 129.169372 151.162449 153.085396
-9999 -9999 -9999 -9999 -9999 -9999 -9999 -9999 -9999 -9999 -9999 -9999 -9999 -9999 -9999 -9999 -9999 -9999 -9999 -9999 -9999 -9999 30 30 30 -9999 157.236915 143.167141 209.199532 149.37026 149.414381 149.445211 135.160211 141.184276 123.42535 159.567197 164.164547 155.775733 156.043288 139.38832 111.542953 94.112569 81.705126 106.424395 84.419607 62.889954 107.199768 149.744577 118.228466 156.580438 167.416773 193.649158 156.127629 146.486366 130.05107 134.11573 143.331803 96.840425 163.647387 100.988853 103.555209 153.16986 160.594581 154.840326 152.687008 170.60563 176.601046 143.866266 146.863513 151.425035
-9999 -9999 -9999 -9999 -9999 -9999 -9999 -9999 -9999 -9999 -9999 -9999 -9999 -9999 -9999 -9999 -9999 -9999 -9999 -9999 -9999 -9999 30 30 182.964646 163.596889 156.575487 110.695775 172.780895 167.46889 172.931926 142.766675 136.529172 136.329479 123.439487 146.342195 159.576124 158.638785 169.717646 159.806485 126.40532 98.526624 169.290536 162.614226 155.67031 149.394754 141.884329 159.041734 97.679522 153.313799 172.767382 170.259791 163.503958 152.907804 157.773456 133.221354 127.038831 143.599838 131.27199 108.794844 153.938771 144.194026 133.308442 143.175562 153.379297 156.86801 166.596453 145.989625 136.72204 152.889068
-9999 -9999 -9999 -9999 -9999 -9999 -9999 -9999 -9999 -9999 -9999 -9999 -9999 -9999 -9999 -9999 -9999 -9999 -9999 -9999 -9999 30 -9999 30 182.964646 187.332618 151.420468 129.585202 188.713783 166.71798 152.025564 146.34446 152.61916 133.387503 130.09311 149.40134 176.954047 153.47583 153.706058 130.383001 81.814609 59.252462 120.150463 156.651887 149.020333 130.211142 91.361613 65.685093 81.50625 145.870466 146.668967 177.338044 169.871666 156.211745 152.033863 145.509735 139.919471 103.99445 100.58451 150.806419 123.257914 140.055919 150.310814 125.769657 123.565315 144.007468 142.556359 130.097625 146.179166 179.70285
-9999 -9999 -9999 -9999 -9999 -9999 -9999 -9999 -9999 -9999 -9999 -9999 -9999 -9999 -9999 -9999 -9999 -9999 -9999 -9999 -9999 -9999 -9999 -9999 -9999 30 156.05768 136.031086 148.932938 258.123278 149.162525 159.835428 127.266199 92.175831 101.60359 153.217547 57.809333 155.384531 157.322084 141.568738 96.110078 120.575907 93.056395 105.467315 148.632184 139.878814 101.185056 110.494273 123.25457 130.393855 141.607796 169.933782 171.402695 194.031766 185.890685 155.948267 136.499938 117.280057 130.301035 97.978508 98.672956 121.191715 112.803788 133.069262 121.254449 136.053413 139.249156 143.404838 124.64215 143.53403
-9999 -9999 -9999 -9999 -9999 -9999 -9999 -9999 -9999 -9999 -9999 -9999 -9999 -9999 -9999 -9999 -9999 -9999 -9999 -9999 -9999 -9999 -9999 -9999 -9999 -9999 -9999 126.88989 215.861296 217.941618 156.045757 148.341132 131.653161 60.678176 101.96552 92.999475 64.205754 138.887969 167.588998 162.578776 162.568496 134.653943 96.472321 112.049043 110.731339 106.871891 129.454773 122.922183 122.90446 105.37077 146.598067 144.784057 156.960956 148.339593 151.301738 130.169502 106.916462 133.019823 123.902313 107.428556 97.752031 80.992849 101.559066 152.080814 112.92891 136.689162 129.229653 125.035052 111.053532 130.564599
-9999 -9999 -9999 -9999 -9999 -9999 -9999 -9999 -9999 -9999 -9999 -9999 -9999 -9999 -9999 -9999 -9999 -9999 -9999 -9999 -9999 -9999 -9999 -9999 -9999 -9999 -9999 -9999 30 192.833939 170.67397 146.69252 100.294768 74.739334 114.515864 56.300293 70.976653 186.470429 169.766334 161.731556 141.404051 131.755656 106.621662 110.355407 112.413336 107.537177 105.577464 85.383104 87.884657 113.970086 137.483294 152.750164 153.471683 151.697739 148.570476 120.436111 118.641773 112.462822 105.780072 117.564541 106.036926 91.425063 150.2475 137.827534 85.627418 134.06518 120.531684 123.615451 137.381628 205.921542
-9999 -9999 -9999 -9999 -9999 -9999 -9999 -9999 -9999 -9999 -9999 -9999 -9999 -9999 -9999 -9999 -9999 -9999 -9999 -9999 -9999 -9999 -9999 -9999 -9999 -9999 -9999 -9999 -9999 179.664903 234.305521 183.515407 134.875425 137.469095 92.951542 63.896747 101.060669 87.380306 167.329512 166.8405 142.244857 122.04078 94.262716 101.149798 110.983281 126.927727 123.762732 85.581824 97.127125 104.571491 104.129372 111.462557 160.406137 169.955501 131.559689 82.760611 90.317554 97.759365 92.580855 136.709748 117.169608 100.998525 118.337322 78.150146 106.956796 130.850336 138.045241 169.82934 179.882444 206.863071
-9999 -9999 -9999 -9999 -9999 -9999 -9999 -9999 -9999 -9999 -9999 -9999 -9999 -9999 -9999 -9999 -9999 -9999 -9999 -9999 -9999 -9999 -9999 -9999 -9999 -9999 -9999 -9999 -9999 -9999 155.931516 194.656518 171.044388 180.619003 161.876079 128.970762 96.842012 87.380306 180.246057 158.460993 97.118607 76.727069 87.2509 101.920186 94.383356 113.167659 84.593276 88.402237 134.267972 105.041105 104.840857 152.83044 152.958688 125.127818 96.354726 72.690633 79.815822 87.049299 78.101336 139.771662 104.497859 96.110008 90.292941 110.487828 136.769481 139.882408 143.06298 124.968771 156.180099 159.784857
-9999 -9999 -9999 -9999 -9999 -9999 -9999 -9999 -9999 -9999 -9999 -9999 -9999 -9999 -9999 -9999 -9999 -9999 -9999 -9999 -9999 -9999 -9999 -9999 -9999 -9999 -9999 -9999 -9999 -9999 -9999 167.514161 140.185578 175.356428 182.683458 196.687803 136.793933 149.709265 217.478203 167.827999 117.797766 61.227858 64.464803 94.015941 110.78566 119.866234 96.749236 82.10797 91.387156 162.629694 159.735515 155.794191 152.882195 114.051235 110.920905 116.029683 93.193365 80.284716 105.123207 94.044297 100.695444 94.080098 113.64246 107.311441 107.429867 149.783142 145.5101 120.110515 186.301817 159.838104
-9999 -9999 -9999 -9999 -9999 -9999 -9999 -9999 -9999 -9999 -9999 -9999 -9999 -9999 -9999 -9999 -9999 -9999 -9999 -9999 -9999 -9999 -9999 -9999 -9999 -9999 -9999 -9999 -9999 -9999 -9999 -9999 180.790072 187.479826 133.179056 97.038621 179.273161 147.423127 172.769267 184.824272 130.311935 61.227858 62.809656 147.131485 151.660056 150.837685 144.544463 93.828511 69.693111 106.7541 101.032806 113.278331 111.289595 112.872192 142.059747 108.927783 93.391804 76.380356 95.791559 76.412083 87.41718 121.322277 108.479199 117.65599 141.120311 126.999194 147.215261 147.884352 148.981596 159.895828
