STOTEN_Data/raw/Age_yrs_700ft.asc
ncols         250
nrows         718
xllcorner     -2256000
yllcorner     1557000
cellsize      1000
NODATA_value  -9999
[rows 465 to 495 of 718, columns 69 to 137 of 250]
-9999 -9999 -9999 -9999 -9999 -9999 -9999 -9999 -9999 941.782814 941.760132 949.103179 941.119079 804.259555 702.286401 801.705119 876.483051 877.979851 878.820899 967.713469 1141.04086 1565.818165 1227.734265 354.011339 417.580536 652.132512 654.49618 756.448484 629.226251 867.28965 1246.678339 701.744302 556.4106 388.158437 1330.948247 2486.969889 1025.502302 784.180035 670.886395 744.574709 839.958974 853.091956 705.992611 619.795788 537.259103 443.37634 492.910108 525.010267 432.676686 500.701332 477.925514 500.239579 471.262638 448.882311 441.283633 412.117185 401.778292 404.441419 362.621454 336.974461 289.442965 257.707479 269.668407 370.023791 557.310595 739.138458 1064.440907 1098.689955 1194.962639
-9999 -9999 -9999 -9999 -9999 -9999 -9999 -9999 -9999 940.467365 942.031041 771.575733 672.404449 803.406317 773.635802 809.28202 970.286397 30 30 -9999 30 1299.951195 1599.005373 1533.307984 844.515654 1237.560095 765.37989 299.612282 427.212218 525.010267 1069.515421 621.304871 621.253289 399.332382 1330.111106 1464.796992 1034.761287 830.947495 694.652816 818.264587 791.812559 613.816235 579.597859 453.516109 533.963317 449.880805 525.010267 391.858401 425.12942 449.336894 436.363043 474.248827 452.386751 444.129376 423.768716 411.13945 397.923818 365.554394 327.173474 305.425198 273.493041 262.498209 256.806158 314.552371 568.246759 704.019061 937.76108 1095.229711 1190.417778
-9999 -9999 -9999 -9999 -9999 -9999 -9999 -9999 -9999 943.764634 939.736535 803.808602 946.176037 1074.755546 -9999 -9999 -9999 -9999 -9999 -9999 -9999 1431.637751 1467.625917 1532.638888 1707.079518 1676.930412 1262.137221 321.966837 760.14784 539.003657 705.096646 621.327877 525.010267 394.920707 531.190512 568.177258 1052.833757 762.093912 659.611016 517.317964 391.468668 409.921681 378.528369 374.558937 392.150771 344.888982 399.701938 353.147182 385.62372 394.491792 376.526514 401.825018 436.472076 422.841615 368.086133 361.429925 347.979349 331.941017 288.142389 227.971643 178.090985 170.548369 244.57685 340.850025 552.814769 681.667332 972.136835 1172.412563 1025.797607
-9999 -9999 -9999 -9999 -9999 -9999 -9999 -9999 -9999 30 1043.937318 1042.651187 1076.945074 978.308144 -9999 -9999 -9999 -9999 -9999 -9999 -9999 -9999 30 1609.265909 1566.071344 1561.793209 1039.714093 809.348183 383.070704 538.960671 540.791922 621.30706 525.010267 491.74246 426.555202 509.323766 851.346922 937.754797 597.006437 424.305339 386.357181 402.818939 343.337055 321.088538 342.672781 353.058639 362.955525 356.464948 362.587742 339.928396 359.979915 351.223272 370.632107 366.788576 335.66365 325.385409 305.016894 266.962564 253.876009 213.606514 184.176692 158.254208 163.300488 282.237439 412.988131 777.205952 1066.290041 1107.564632 985.70512
-9999 -9999 -9999 -9999 -9999 -9999 -9999 -9999 1273.946152 1273.946152 1011.419888 980.676258 1080.054617 30 -9999 -9999 -9999 -9999 -9999 -9999 -9999 -9999 -9999 1569.699359 1601.940831 1465.172938 1675.893201 923.228151 360.692442 525.010267 552.77144 621.305973 532.487798 409.733007 393.478868 422.131723 1039.940862 671.042083 561.443363 421.860345 400.968241 383.806706 331.118893 305.508925 398.087436 366.450319 329.013267 309.295151 322.658671 307.737996 319.771769 349.805339 348.526882 318.160746 295.562554 285.431878 278.351178 272.788825 250.530042 201.212052 167.964499 121.285444 104.338175 265.652993 349.926666 636.084181 677.867138 884.640418 968.811659
-9999 -9999 -9999 -9999 -9999 -9999 -9999 -9999 -9999 1272.256026 1071.671155 977.003081 1078.877941 -9999 -9999 -9999 -9999 -9999 -9999 -9999 -9999 -9999 -9999 -9999 1352.4116 1608.563013 1564.299339 1636.252959 1663.784423 498.772291 538.833104 541.215931 449.186671 369.342602 359.636065 495.086639 1073.665007 520.299777 436.52426 402.441959 386.183463 379.098332 362.098837 323.649885 322.768376 312.835987 278.399564 293.045077 302.829511 312.559301 338.808017 330.929085 323.975131 314.581065 305.839777 280.246529 226.348481 229.839965 237.167514 210.190282 178.853175 129.029322 88.066931 136.217602 256.433807 543.845203 671.553139 1099.119968 1141.887634
-9999 -9999 -9999 -9999 -9999 -9999 -9999 -9999 -9999 1271.589542 1133.758299 1133.775798 30 -9999 -9999 -9999 -9999 -9999 -9999 -9999 -9999 -9999 -9999 -9999 1570.229317 1226.321277 1564.199363 1602.630487 1405.193312 792.237159 552.744137 525.010267 452.962395 359.369476 355.215517 356.877226 373.216255 503.842889 409.186742 395.558834 376.727737 369.644307 366.586703 306.55425 289.746749 264.660565 268.303117 313.202978 326.674272 380.357631 341.461189 357.813227 241.006471 237.008499 244.15842 220.292578 220.146643 226.571281 186.675795 173.645959 154.481947 120.633471 88.066931 100.894299 241.321896 522.733881 663.392141 1067.60128 1088.741388
-9999 -9999 -9999 -9999 -9999 -9999 -9999 -9999 -9999 1303.143991 1302.545154 1134.056956 30 -9999 -9999 -9999 -9999 -9999 -9999 -9999 -9999 -9999 -9999 -9999 1838.167723 1639.539346 951.210936 1433.730072 1599.030264 1264.898541 554.634748 789.277133 384.106591 345.315127 339.767344 353.235386 374.695726 388.70431 364.756929 365.383655 355.448365 343.30735 325.697821 302.869457 300.512249 263.357807 296.610582 329.286881 360.126339 391.051601 304.741164 283.041659 234.338783 270.260417 246.809218 225.939048 214.559894 203.172129 182.424188 168.579654 142.048614 99.983505 116.781841 140.424409 274.012852 412.595642 617.961738 938.061225 952.284855
-9999 -9999 -9999 -9999 -9999 -9999 -9999 -9999 -9999 -9999 30 1203.543475 1203.543475 -9999 -9999 -9999 -9999 -9999 -9999 -9999 -9999 -9999 -9999 -9999 -9999 1705.076232 1572.353411 1568.244631 1599.42739 1263.974021 538.912425 621.329272 469.360845 335.032914 333.165709 332.642736 334.017611 358.961752 324.78109 332.18693 313.292394 313.359486 280.276252 310.049241 280.512996 267.080103 274.983954 280.643252 288.071942 288.864717 289.540599 283.107521 250.086213 260.012551 235.015515 223.669714 209.573352 187.09019 166.81037 144.326266 119.088712 97.515088 131.02179 144.890573 256.874459 351.682821 571.474543 862.155416 855.83816
-9999 -9999 -9999 -9999 -9999 -9999 -9999 -9999 -9999 -9999 -9999 1238.091978 1331.726246 -9999 -9999 -9999 -9999 -9999 -9999 -9999 -9999 -9999 -9999 -9999 -9999 1941.143298 1570.479482 1569.052229 840.929522 741.644085 540.791922 644.006128 470.83462 344.84617 358.186588 342.551548 278.057931 354.714207 287.281572 281.949301 315.040276 294.457768 281.009342 312.386372 229.161081 266.737055 263.992208 253.847212 278.162841 286.496423 290.024063 266.550983 249.669287 264.265676 258.379886 232.6576 212.850445 193.27667 178.617654 141.588849 127.720549 96.56434 120.095782 171.487628 211.148282 303.988334 510.69581 789.487661 716.822909
-9999 -9999 -9999 -9999 -9999 -9999 -9999 -9999 -9999 -9999 -9999 -9999 1331.726246 -9999 -9999 -9999 -9999 -9999 -9999 -9999 -9999 -9999 -9999 -9999 -9999 1897.810257 1572.452208 430.317475 260.576594 708.158106 540.791922 540.791922 422.91798 333.443215 336.400991 330.59461 268.365738 318.242395 269.553732 292.456861 297.005035 304.4251 310.356572 316.946845 269.713188 286.097617 240.091823 204.644547 263.381026 293.622387 251.831766 279.130247 306.848408 285.124387 250.851729 237.275348 216.104947 193.802393 175.790236 161.90682 142.173485 109.441076 88.185027 147.914123 228.8262 361.014619 502.581141 670.650315 734.261434
-9999 -9999 -9999 -9999 -9999 -9999 -9999 -9999 -9999 -9999 -9999 -9999 30 -9999 -9999 -9999 -9999 -9999 -9999 -9999 -9999 -9999 -9999 -9999 860.795842 1385.422267 1607.672138 299.902145 260.638447 525.010267 540.791922 516.503264 480.518895 382.623611 346.56773 289.934232 253.485318 263.249995 293.717289 339.333311 322.733184 336.196241 317.790542 333.072041 290.733454 276.970112 221.277631 192.816837 213.459126 244.733764 314.725074 309.071908 297.221082 285.092799 266.385831 247.860717 222.653695 207.515851 185.253235 168.007061 124.4151 101.454487 85.124347 116.798202 212.799013 399.430877 544.648661 561.832393 471.608007
-9999 -9999 -9999 -9999 -9999 -9999 -9999 -9999 -9999 -9999 -9999 -9999 30 -9999 -9999 -9999 -9999 -9999 -9999 -9999 -9999 -9999 -9999 -9999 1362.088048 907.247439 770.539419 182.797454 762.899351 484.967214 556.573578 506.71309 412.750489 386.549251 352.065725 312.24116 300.970443 279.503223 320.521832 327.576049 353.10879 348.908831 322.589372 332.606823 316.467224 283.742636 274.195656 275.04429 292.573109 274.04883 284.156767 299.444439 300.106372 281.23729 279.99544 258.470368 253.115465 217.90573 189.034908 166.370162 126.234202 113.749757 126.673565 192.433767 276.315386 390.132745 427.877393 430.391582 317.375655
-9999 -9999 -9999 -9999 -9999 -9999 -9999 -9999 -9999 -9999 -9999 -9999 -9999 -9999 -9999 -9999 -9999 -9999 -9999 -9999 -9999 -9999 -9999 -9999 469.274054 411.681497 156.936477 169.359622 443.32173 583.782369 483.24774 708.105943 547.531136 408.8518 368.075945 338.902138 320.397238 289.89194 328.863608 345.237587 367.069056 324.328709 295.590427 336.844609 287.684816 244.746272 245.042983 218.954241 257.418516 293.068674 279.722124 291.594619 300.029555 297.070689 306.659254 276.667848 255.099074 222.601594 203.741185 180.175522 166.45442 156.456676 152.817949 222.417921 350.647552 425.4183 289.404243 280.087942 227.754817
-9999 -9999 -9999 -9999 -9999 -9999 -9999 -9999 -9999 -9999 -9999 -9999 -9999 -9999 -9999 -9999 -9999 -9999 -9999 -9999 -9999 -9999 -9999 -9999 462.305702 421.84467 172.546264 190.037377 295.724532 395.53245 802.546 408.597148 495.529898 433.985525 376.143112 361.391416 303.448526 325.403085 327.24392 364.825811 318.756249 266.887542 293.974537 295.623804 222.173518 240.61871 232.992989 216.201346 284.674234 269.260851 271.59917 302.99799 294.090558 313.326569 283.052989 280.10382 274.324344 262.318919 237.265758 195.638944 189.450247 199.504296 276.994878 363.915727 368.244747 273.20785 290.006163 289.351594 298.914202
-9999 -9999 -9999 -9999 -9999 -9999 -9999 -9999 -9999 -9999 -9999 -9999 -9999 -9999 -9999 -9999 -9999 -9999 -9999 -9999 -9999 -9999 -9999 -9999 -9999 418.948973 299.49971 202.26027 251.079892 352.100804 414.242377 437.323421 524.786288 397.581716 382.935214 354.957159 315.451779 365.503472 326.569192 337.281931 264.294545 287.266004 290.183313 275.98398 234.965986 252.846188 289.183926 267.573879 300.859712 289.427334 275.581483 260.839509 283.232126 302.222228 296.982963 295.295488 279.996593 276.457009 282.563188 266.14907 256.921955 266.286624 316.38995 410.562224 302.909577 281.574432 269.585856 299.122669 311.988576
-9999 -9999 -9999 -9999 -9999 -9999 -9999 -9999 -9999 -9999 -9999 -9999 -9999 -9999 -9999 -9999 -9999 -9999 -9999 -9999 -9999 -9999 -9999 -9999 -9999 435.808472 418.633275 159.761449 191.833613 366.651301 430.852751 558.55391 515.492909 408.333177 375.749613 326.085452 353.681693 358.283437 316.109455 266.420274 309.745372 338.36612 339.190082 279.949591 253.014539 261.778059 279.920831 287.300649 300.022106 312.248911 283.293409 272.904293 296.358274 299.759132 289.353016 296.371085 313.160265 320.551105 313.327926 289.853044 326.406792 357.211184 436.327652 393.779248 335.750074 346.051126 311.317658 331.183167 401.592493
-9999 -9999 -9999 -9999 -9999 -9999 -9999 -9999 -9999 -9999 -9999 -9999 -9999 -9999 -9999 -9999 -9999 -9999 -9999 -9999 -9999 -9999 -9999 -9999 -9999 -9999 421.820207 140.261421 191.539717 368.847056 443.62242 470.249542 449.79909 411.598105 353.937159 337.752326 391.278126 358.400618 293.326775 317.829139 365.529919 321.047891 311.062557 271.147355 317.536391 300.613663 291.105479 272.625358 296.82952 319.678033 316.288032 316.185831 323.96494 293.020308 297.442057 349.675447 360.512045 339.699437 339.393902 374.959233 425.208704 438.049864 476.584125 373.587506 391.948441 381.836447 367.274798 496.77681 533.063489
-9999 -9999 -9999 -9999 -9999 -9999 -9999 -9999 -9999 -9999 -9999 -9999 -9999 -9999 -9999 -9999 -9999 -9999 -9999 -9999 -9999 -9999 -9999 -9999 -9999 -9999 827.547668 75.633954 132.615104 166.150622 454.964746 660.311064 617.159666 428.276914 344.600815 390.968382 432.67081 353.587814 311.114239 370.311131 305.698173 296.092258 297.279083 284.056489 330.173915 285.135672 332.993778 321.170355 303.002277 327.760336 333.234646 316.349965 316.125846 307.115514 349.970941 366.639675 396.45778 376.16023 393.309535 410.641561 439.672115 385.63074 569.921365 506.95144 558.540773 539.488763 658.717143 665.475702 826.134556
-9999 -9999 -9999 -9999 -9999 -9999 -9999 -9999 -9999 -9999 -9999 -9999 -9999 -9999 -9999 -9999 -9999 -9999 -9999 -9999 -9999 -9999 30 30 30 30 -9999 147.017177 52.251882 153.056926 424.638225 526.438313 559.07146 400.461628 377.056713 428.961991 404.296511 367.289308 339.21617 308.444025 297.551891 273.845526 274.729876 347.667451 330.743897 337.151802 323.652558 318.026187 330.347036 343.878337 346.773649 333.57448 316.498594 326.140934 360.103544 389.842731 501.695472 411.902296 390.8671 374.810918 440.154195 532.121009 499.485472 666.503173 673.378659 766.324435 870.654148 739.027912 799.390267
-9999 -9999 -9999 -9999 -9999 -9999 -9999 -9999 -9999 -9999 -9999 -9999 -9999 -9999 -9999 -9999 -9999 -9999 -9999 -9999 -9999 -9999 -9999 30 30 -9999 -9999 937.148985 52.251882 381.934077 401.180158 645.677938 512.386447 368.799512 445.261658 422.142649 407.962007 369.038815 349.430639 338.437211 328.375277 316.635177 262.026694 312.53531 317.275485 325.838868 327.456948 308.844202 353.708762 344.136456 390.48792 473.892571 409.252077 390.261111 373.266995 487.513962 416.763017 451.771458 516.920578 562.727365 506.88373 488.305524 604.033564 652.354206 799.634956 912.627511 747.94156 1315.883419 2602.739818
-9999 -9999 -9999 -9999 -9999 -9999 -9999 -9999 -9999 -9999 -9999 -9999 -9999 -9999 -9999 -9999 -9999 -9999 -9999 -9999 -9999 -9999 -9999 30 30 30 -9999 792.616752 145.800787 352.461883 480.852963 522.259768 441.768147 386.546595 435.976968 393.987422 392.38331 360.129941 346.90628 313.921809 315.194166 287.837742 358.373634 335.09373 315.884693 326.482719 307.85358 341.801253 386.911528 436.510619 409.796632 439.763322 413.418877 508.418792 453.212106 433.166281 526.522226 548.748701 533.629972 523.415618 529.210836 549.961252 653.042543 667.911958 672.960232 1296.936081 766.324514 1502.537192 676.306777
-9999 -9999 -9999 -9999 -9999 -9999 -9999 -9999 -9999 -9999 -9999 -9999 -9999 -9999 -9999 -9999 -9999 -9999 -9999 -9999 -9999 -9999 -9999 30 30 281.670089 1534.16841 433.208298 329.825306 386.383229 495.400957 475.132634 410.755096 342.142875 428.340604 433.089716 406.998995 308.228571 306.914487 326.399284 310.620247 292.720651 350.328431 405.52017 333.146816 330.10446 319.084126 317.705567 403.891993 478.665188 413.503492 429.567307 457.376955 531.490442 573.715929 470.309848 514.762641 554.004116 521.867697 555.286701 670.667672 651.452054 774.274151 1049.388854 1324.466192 4467.361294 2855.854329 1439.588364 908.870244
-9999 -9999 -9999 -9999 -9999 -9999 -9999 -9999 -9999 -9999 -9999 -9999 -9999 -9999 -9999 -9999 -9999 -9999 -9999 -9999 -9999 -9999 30 -9999 30 281.670089 1577.69294 432.967167 374.061049 437.162887 424.881273 450.250577 413.492786 470.901887 408.710963 428.869729 332.677364 327.857481 303.714479 314.701742 289.728337 285.447923 354.199286 321.037542 339.024529 323.60511 303.646929 319.860033 344.273263 389.488184 394.098118 441.051822 432.705116 469.6306 522.420225 546.476957 589.910676 606.003152 687.309289 693.156633 691.607597 737.459697 1033.1752 1330.450195 5250 1994.975623 1525.632413 1467.738203 1437.454696
-9999 -9999 -9999 -9999 -9999 -9999 -9999 -9999 -9999 -9999 -9999 -9999 -9999 -9999 -9999 -9999 -9999 -9999 -9999 -9999 -9999 -9999 -9999 -9999 -9999 -9999 30 522.518823 437.094319 341.155483 559.358881 349.483905 420.554542 488.763484 380.658814 343.336708 336.363314 353.59654 324.920109 284.113191 266.399641 269.513115 342.319344 316.671881 335.229886 326.726986 308.574071 316.663142 328.877251 387.862333 394.28693 438.753662 490.541986 540.770195 635.784199 666.768025 657.069714 689.58437 721.196858 742.239193 888.682037 991.283858 1383.735257 1364.364981 2158.659702 1136.635896 1192.888598 1510.702275 1180.588079
-9999 -9999 -9999 -9999 -9999 -9999 -9999 -9999 -9999 -9999 -9999 -9999 -9999 -9999 -9999 -9999 -9999 -9999 -9999 -9999 -9999 -9999 -9999 -9999 -9999 -9999 -9999 -9999 658.289174 733.978249 931.311089 399.993108 425.892516 308.520959 270.946821 336.881664 357.290947 359.554979 349.031106 363.246742 325.478104 332.505013 346.181117 325.473874 306.510852 357.501392 315.971373 346.39455 329.103684 370.236183 420.537745 516.833564 624.251025 603.910552 536.999899 415.082043 497.830306 666.13685 690.738882 1064.588311 1000.145 1201.653888 1380.077439 1539.33418 1680.186521 1245.962666 1585.204423 1944.695414 1363.290206
-9999 -9999 -9999 -9999 -9999 -9999 -9999 -9999 -9999 -9999 -9999 -9999 -9999 -9999 -9999 -9999 -9999 -9999 -9999 -9999 -9999 -9999 -9999 -9999 -9999 -9999 -9999 -9999 -9999 30 2087.310992 350.664141 313.092164 288.614834 284.43411 312.752261 344.126846 375.325359 406.239502 337.688979 322.12728 315.488303 300.689859 332.40163 353.070237 338.482132 305.127102 313.066824 319.215097 309.896272 513.26446 563.627035 409.468253 416.871906 405.816853 518.327308 632.037443 556.707629 586.468457 943.311568 1077.522367 745.243868 1090.864199 1280.188412 1198.028494 1677.617579 1763.416662 1934.10756 1519.496885
-9999 -9999 -9999 -9999 -9999 -9999 -9999 -9999 -9999 -9999 -9999 -9999 -9999 -9999 -9999 -9999 -9999 -9999 -9999 -9999 -9999 -9999 -9999 -9999 -9999 -9999 -9999 -9999 -9999 -9999 3166.36952 658.659624 995.527535 248.630255 328.699679 315.532151 351.710633 362.437078 358.643291 340.887804 329.577687 308.344047 284.499188 270.658054 289.243593 264.161726 290.784657 295.790163 343.529044 344.147179 363.040731 362.077135 386.921582 428.078762 441.858604 435.068307 424.429813 520.827185 742.297495 778.842464 1125.247482 712.664691 828.130082 694.831068 1274.747748 2041.991994 1933.378401 2021.256713 1932.551631
-9999 -9999 -9999 -9999 -9999 -9999 -9999 -9999 -9999 -9999 -9999 -9999 -9999 -9999 -9999 -9999 -9999 -9999 -9999 -9999 -9999 -9999 -9999 -9999 -9999 -9999 -9999 -9999 -9999 -9999 -9999 1532.771029 1076.808153 257.879057 748.217864 334.287147 375.670798 356.773036 368.046983 350.354525 337.034935 301.014283 293.617168 264.419348 289.728171 284.621578 311.730986 310.658448 281.560019 305.108635 348.925128 363.738471 393.944411 439.850419 437.812482 403.294551 389.986871 386.580798 707.574106 790.806672 898.881068 716.330839 676.740567 1184.264244 1642.701967 1683.719327 2012.225674 1956.338334 2358.658453
-9999 -9999 -9999 -9999 -9999 -9999 -9999 -9999 -9999 -9999 -9999 -9999 -9999 -9999 -9999 -9999 -9999 -9999 -9999 -9999 -9999 -9999 -9999 -9999 -9999 -9999 -9999 -9999 -9999 -9999 -9999 -9999 2132.801178 855.955382 634.808043 396.951475 483.165189 324.274904 368.694182 367.278747 346.612141 307.367666 292.798031 300.294014 312.138098 323.04521 309.84699 303.78955 270.196475 320.317362 356.149517 407.22006 396.320657 391.802248 394.265926 384.365134 373.878307 382.484877 356.716849 386.145497 769.220209 746.204047 1546.30472 1736.1344 1691.500086 2345.606377 2032.419368 2358.659317 2430.758035
-9999 -9999 -9999 -9999 -9999 -9999 -9999 -9999 -9999 -9999 -9999 -9999 -9999 -9999 -9999 -9999 -9999 -9999 -9999 -9999 -9999 -9999 -9999 -9999 -9999 -9999 -9999 -9999 -9999 -9999 -9999 -9999 -9999 2294.634601 1512.497888 725.380689 588.70277 386.005865 419.873394 377.055639 350.752451 320.964907 294.04586 304.777004 332.651386 350.990133 361.425026 341.433161 287.315165 299.886155 282.858932 309.783912 581.952181 400.422752 401.725334 404.487757 380.045947 386.316486 351.555104 343.90283 378.81879 760.505951 1570.22042 1240.778902 1848.495433 2145.55929 2091.903318 2058.514961 2078.602784
