STOTEN_Data/raw/Age_yrs_300ft.asc
ncols         250
nrows         718
xllcorner     -2256000
yllcorner     1557000
cellsize      1000
NODATA_value  -9999
[rows 248 to 278 of 718, columns 69 to 137 of 250]
439.957934 425.258671 525.010267 204.87235 28.390799 31.044736 112.470071 254.285185 1371.45846 2706.903658 2257.70055 1610.355347 2050.269285 5250 5250 2528.464818 1598.180804 242.591956 581.506328 549.770913 701.30465 466.694849 85.657685 163.214057 176.650821 116.562212 116.481204 92.268713 92.146455 110.083624 159.711459 153.857419 107.867744 213.503916 229.461458 216.015836 104.558944 65.667251 62.374647 32.16564 6.587269 6.587269 -9999 -9999 -9999 -9999 -9999 -9999 -9999 -9999 -9999 -9999 -9999 -9999 -9999 -9999 -9999 -9999 -9999 -9999 -9999 -9999 -9999 -9999 -9999 -9999 -9999 -9999 -9999
509.095348 541.400774 536.182265 537.697187 38.746789 86.173598 306.68739 466.688489 3142.319118 2672.48546 1818.067854 406.576269 3106.943057 4641.702804 4796.908939 3227.040072 2397.076383 2076.272206 2025.68195 1089.075669 1220.892658 589.624459 319.534283 221.152958 183.134184 122.878813 123.200421 110.680632 110.577098 108.767438 109.421437 109.990124 92.243865 92.243865 98.973343 105.830178 107.954915 62.403724 76.60163 42.247775 7.790554 4.62423 -9999 -9999 -9999 -9999 -9999 -9999 30 -9999 -9999 -9999 -9999 -9999 -9999 -9999 -9999 -9999 -9999 -9999 -9999 -9999 -9999 -9999 -9999 -9999 -9999 -9999 -9999
412.822307 541.100776 618.136465 272.526689 753.957231 1029.553575 982.707574 1797.537312 2767.263574 2913.164082 3333.697698 1335.014325 4799.772549 5250 3319.45766 2662.33737 2054.914888 1043.283989 637.789685 403.816842 323.110354 292.017301 224.029402 186.107611 167.057561 140.361426 123.978425 110.742844 110.862814 92.571699 92.571699 92.147331 92.031749 92.259118 91.095194 86.912008 95.635122 62.78698 60.545438 56.306247 29.345801 28.164956 28.164956 30 -9999 -9999 -9999 -9999 -9999 -9999 -9999 -9999 -9999 -9999 -9999 -9999 -9999 -9999 -9999 -9999 -9999 -9999 -9999 -9999 -9999 -9999 -9999 -9999 -9999
412.322142 436.173142 617.902967 29.614554 29.162466 124.677611 324.965455 1615.291034 2098.255122 3039.257475 3878.396298 5071.254028 3137.932091 1859.64919 2141.856372 1203.04655 562.51338 292.829589 264.352113 267.386739 369.886993 243.330145 245.530597 246.262881 202.730731 173.390836 111.335954 111.331215 111.69542 64.971199 36.433351 67.998589 67.998589 91.751346 81.147465 57.179377 88.336472 74.795754 44.336235 40.666352 25.710562 28.164956 28.164956 30 30 30 30 30 -9999 -9999 -9999 -9999 -9999 -9999 -9999 -9999 -9999 -9999 -9999 -9999 -9999 -9999 -9999 -9999 -9999 -9999 -9999 -9999 -9999
309.019291 310.40005 382.722455 29.235815 29.197434 77.801754 126.921071 158.444292 2150.197951 2273.651346 2419.129288 1685.8193 1013.655186 829.089693 574.72224 508.752935 333.937081 243.555078 185.268514 160.729746 129.79576 129.971071 173.410505 172.997805 179.789227 170.323147 110.780196 106.511064 108.30129 42.979394 21.328478 47.280441 67.998589 16.736389 13.964674 27.048634 83.798117 58.581821 32.755954 34.360962 22.438708 52.062971 64.006395 30 30 30 30 -9999 -9999 -9999 -9999 -9999 -9999 -9999 -9999 -9999 -9999 -9999 -9999 -9999 -9999 -9999 -9999 -9999 -9999 -9999 -9999 -9999 -9999
299.69587 290.809706 495.481696 37.245834 38.40508 81.511812 163.910434 255.60631 1426.930279 194.430498 181.732441 615.277016 534.241613 437.277367 170.507538 248.154529 148.982773 118.079491 139.152074 129.438041 116.265108 111.077468 103.931647 136.340135 116.64232 111.204523 110.37533 103.575597 91.030055 40.092124 16.548832 16.70851 15.362306 13.031003 13.031003 27.048634 13.013779 12.089624 11.650521 31.13171 27.715383 47.819266 44.643395 30 30 -9999 -9999 -9999 -9999 -9999 -9999 -9999 -9999 -9999 -9999 -9999 -9999 -9999 -9999 -9999 -9999 -9999 -9999 -9999 -9999 -9999 -9999 -9999 -9999
402.068513 434.739096 323.143884 390.013287 88.764496 80.94637 213.494076 343.262932 2060.280133 1474.69592 581.756965 554.455466 477.674398 209.82546 170.124908 100.440678 88.073727 86.361525 81.20819 97.755896 102.540526 86.717749 74.304563 117.614409 114.082046 82.445788 62.781446 81.522645 36.341924 23.608036 16.788034 16.714083 16.663314 21.275342 17.085527 14.313168 13.297227 12.362893 90.920175 77.863217 47.705681 25.188227 26.604381 9.749487 -9999 -9999 -9999 -9999 -9999 -9999 -9999 -9999 -9999 -9999 -9999 -9999 -9999 -9999 -9999 -9999 -9999 -9999 -9999 -9999 -9999 -9999 -9999 -9999 -9999
399.565676 511.7189 354.148242 442.874686 192.374265 93.762495 207.090893 326.738527 2309.945101 2218.184942 597.885325 247.637688 197.926908 182.58682 150.080481 91.126702 75.502052 58.655813 61.401586 68.124094 77.486631 59.79363 41.828059 37.649066 119.420698 64.99641 58.603233 81.529159 58.461747 24.468259 22.79765 30.588634 27.99065 22.095608 18.095363 17.644876 21.050342 117.721557 93.986383 78.541225 49.916496 15.482756 4.62423 -9999 -9999 -9999 -9999 -9999 -9999 -9999 -9999 -9999 -9999 -9999 -9999 -9999 -9999 -9999 -9999 -9999 -9999 -9999 -9999 -9999 -9999 -9999 -9999 -9999 -9999
365.040766 424.035319 422.602132 478.434441 135.090047 200.081932 213.88689 259.710114 2922.754809 1182.619104 377.95773 257.025895 206.62507 143.160258 120.242917 94.516924 66.275458 51.039906 34.386011 33.168396 53.227092 51.942837 32.248483 29.73465 90.718574 48.797099 35.765496 35.713354 31.323795 33.108289 40.047969 34.982921 30.366263 31.75121 41.951445 126.376687 117.306393 102.530058 81.515577 36.720659 50.620041 27.79624 6.42047 30 -9999 -9999 -9999 -9999 -9999 -9999 -9999 -9999 -9999 -9999 -9999 -9999 -9999 -9999 -9999 -9999 -9999 -9999 -9999 -9999 -9999 -9999 -9999 -9999 -9999
447.657581 38.451657 37.552432 486.081761 133.222054 176.12853 253.479932 277.367052 3186.01602 1063.989281 486.939776 232.075251 173.860468 142.865132 114.30669 91.01909 55.777326 31.144851 30.145471 33.064413 31.103724 28.430469 28.400343 27.73544 30.385496 35.058772 42.059998 53.756371 58.197127 47.364321 42.672651 42.023268 44.129728 117.480253 148.084688 146.118795 126.672712 85.229619 92.197505 323.352552 278.110883 111.581131 96.703665 30 -9999 -9999 -9999 -9999 -9999 -9999 -9999 -9999 -9999 -9999 -9999 -9999 -9999 -9999 -9999 -9999 -9999 -9999 -9999 -9999 -9999 -9999 -9999 -9999 -9999
35.415815 35.320664 36.726219 137.355298 135.679135 179.712731 220.901306 253.058754 257.506264 577.570325 323.035286 233.875075 186.416671 130.824627 110.590833 87.933396 60.47165 34.104966 53.727295 37.304678 30.794651 27.67046 28.018295 28.023717 41.912619 59.127709 69.644007 65.523736 62.888452 60.799155 64.161294 114.456689 125.244015 156.96687 160.07664 150.260988 114.323469 88.844136 59.265095 282.792608 39.163587 8.66256 4.5859 30 -9999 -9999 -9999 -9999 -9999 -9999 -9999 -9999 -9999 -9999 -9999 -9999 -9999 -9999 -9999 -9999 -9999 -9999 -9999 -9999 -9999 -9999 -9999 -9999 -9999
479.270051 481.274363 133.611279 189.500939 266.303756 256.885908 313.238376 1414.476909 1699.231873 755.492033 318.350698 220.069622 173.386224 136.927412 117.362618 123.404313 83.455054 73.72274 61.668605 39.790189 32.148509 68.187593 72.710138 43.173906 77.30022 76.638131 70.258039 69.773688 71.185835 117.084299 140.428954 154.511659 120.864004 157.857681 164.467158 157.253881 140.335227 107.968708 74.89573 51.266861 24.521622 10.002799 4.5859 30 -9999 -9999 -9999 -9999 -9999 -9999 -9999 -9999 -9999 -9999 -9999 -9999 -9999 -9999 -9999 -9999 -9999 -9999 -9999 -9999 -9999 -9999 -9999 -9999 -9999
483.243433 187.096704 134.962987 200.645756 266.47003 293.352986 1166.726334 2683.276419 1233.631778 1131.283646 278.004826 223.908008 184.267291 171.877535 153.003981 134.243793 117.210674 99.334544 105.995879 90.401293 86.916593 99.73008 92.968417 92.274361 94.78218 96.675447 85.058545 117.920241 127.029443 141.017241 187.680488 144.162767 127.364108 150.053664 157.322346 153.979728 140.699693 126.855254 84.907529 73.693459 24.62566 30 30 30 -9999 -9999 -9999 -9999 -9999 -9999 -9999 -9999 -9999 -9999 -9999 -9999 -9999 -9999 -9999 -9999 -9999 -9999 -9999 -9999 -9999 -9999 -9999 -9999 -9999
574.170901 177.324215 172.533183 206.828592 287.129566 354.794968 2562.56768 2383.162867 1391.95455 758.43521 384.207044 310.136049 268.44595 205.605258 169.259071 139.872648 124.298262 133.827474 127.194087 113.645259 123.495128 120.380955 104.811164 101.127811 109.232778 124.086853 133.250597 156.34981 156.35777 207.287015 197.834433 172.664759 147.943062 154.190701 147.246507 143.948731 132.956833 118.101858 118.065169 63.370594 30.889345 30 30 -9999 -9999 -9999 -9999 -9999 -9999 -9999 -9999 -9999 -9999 -9999 -9999 -9999 -9999 -9999 -9999 -9999 -9999 -9999 -9999 -9999 -9999 -9999 -9999 -9999 -9999
908.018878 252.826339 182.326207 181.401608 334.175798 1126.533863 3378.651775 4653.869483 1234.363926 699.524126 427.548362 349.230744 497.043341 332.88923 183.069133 152.895298 156.713741 162.033182 140.692522 142.947849 133.758128 126.687454 120.841641 143.414494 144.185231 166.70249 174.624785 249.824381 312.792502 265.267581 223.101794 177.222278 150.428612 147.107203 143.67241 137.335696 126.849748 110.497014 86.964868 39.306411 13.721729 4.5859 4.5859 -9999 -9999 -9999 -9999 -9999 -9999 -9999 -9999 -9999 -9999 -9999 -9999 -9999 -9999 -9999 -9999 -9999 -9999 -9999 -9999 -9999 -9999 -9999 -9999 -9999 -9999
889.59954 256.228911 246.338827 205.045971 314.85809 1302.426406 2916.15679 4957.867125 1258.634024 429.290448 390.993436 342.036455 526.238887 339.471289 213.070065 180.913926 172.843467 165.819693 159.054099 149.706488 143.176097 169.745251 156.959415 176.490084 180.502968 177.732548 267.127299 350.243756 313.068252 268.400184 211.069489 174.278517 152.923193 146.675051 143.455397 130.716003 117.189707 97.652565 129.035425 67.507352 18.523614 4.5859 30 -9999 -9999 -9999 -9999 -9999 -9999 -9999 -9999 -9999 -9999 -9999 -9999 -9999 -9999 -9999 -9999 -9999 -9999 -9999 -9999 -9999 -9999 -9999 -9999 -9999 -9999
1172.751696 259.222552 267.219316 229.926752 347.102971 2249.671329 2802.665343 2395.747741 1286.983454 459.227842 394.594928 360.860126 326.644393 362.422038 285.396633 226.358536 275.954867 200.058653 166.234331 173.572178 180.229283 177.157925 186.733393 194.768151 227.692022 282.815063 378.265321 437.363818 336.838548 269.072304 213.952991 178.386361 148.427929 143.563766 143.291153 130.94193 122.805251 94.466172 83.621097 141.289448 79.775656 183.119908 30 -9999 -9999 -9999 -9999 -9999 -9999 -9999 -9999 -9999 -9999 -9999 -9999 -9999 -9999 -9999 -9999 -9999 -9999 -9999 -9999 -9999 -9999 -9999 -9999 -9999 -9999
595.131128 282.091341 978.846305 1198.182814 1329.755508 2652.35575 2203.060833 1682.059447 556.448159 453.749043 413.614876 387.441983 364.446205 324.491701 319.137278 292.28433 355.247339 308.114395 176.522301 181.820532 184.176488 189.911053 197.84922 350.753206 393.191728 567.420084 567.634045 441.394913 337.252576 268.809481 217.558973 180.62268 154.127649 143.616056 140.564717 130.404173 123.806076 94.826569 126.205626 51.902806 151.314394 79.492391 -9999 -9999 -9999 -9999 -9999 -9999 -9999 -9999 -9999 -9999 -9999 -9999 -9999 -9999 -9999 -9999 -9999 -9999 -9999 -9999 -9999 -9999 -9999 -9999 -9999 -9999 -9999
686.041996 1118.955494 999.208127 1017.280667 2071.565492 2713.971099 1376.621782 1932.089374 923.627218 512.643063 446.76552 413.370299 404.200053 362.595926 334.12238 307.78455 307.702545 251.32479 233.229153 196.906075 197.489387 200.44387 207.705967 311.396869 583.35114 697.868906 537.307502 470.901233 360.532787 301.176562 230.549585 177.936092 143.847609 143.835077 140.549303 130.90764 126.658739 126.900581 55.017632 29.276948 79.558194 68.829951 -9999 -9999 -9999 -9999 -9999 -9999 -9999 -9999 -9999 -9999 -9999 -9999 -9999 -9999 -9999 -9999 -9999 -9999 -9999 -9999 -9999 -9999 -9999 -9999 -9999 -9999 -9999
1178.799024 1926.194496 1014.438237 1010.951586 2140.500858 2311.777198 3200.647311 1213.658637 992.591747 522.505543 465.142896 742.172023 442.56478 437.251723 424.478558 353.316251 310.512577 257.906677 234.353303 230.911308 227.211726 210.210997 256.435709 310.821806 897.760361 703.19207 595.972195 474.948458 401.965089 302.226794 253.159523 200.838555 141.063188 141.640838 146.6763 146.055305 124.093688 87.48002 89.634093 29.276948 184.8282 140.922551 100.062787 115.55785 30 30 -9999 -9999 -9999 -9999 -9999 -9999 -9999 -9999 -9999 -9999 -9999 -9999 -9999 -9999 -9999 -9999 -9999 -9999 -9999 -9999 -9999 -9999 -9999
979.637766 1790.983082 1830.444068 1859.510335 2838.348139 3331.738743 2466.256584 1223.101209 1042.230459 892.833433 803.440111 797.736441 553.850841 463.598688 386.407432 356.16307 315.43843 287.893865 265.717813 294.795176 294.633918 358.532065 330.706884 628.183592 948.376076 691.974086 606.483656 509.819999 437.667161 333.52389 250.046649 248.546356 147.473079 147.690384 150.922252 147.078886 127.572897 189.185722 165.97116 361.948304 179.831622 145.862843 125.290565 111.047228 30 -9999 -9999 -9999 -9999 -9999 -9999 -9999 -9999 -9999 -9999 -9999 -9999 -9999 -9999 -9999 -9999 -9999 -9999 -9999 -9999 -9999 -9999 -9999 -9999
1523.319482 1663.921697 1853.959845 1860.434829 3286.902392 1509.680363 934.778095 1229.675203 1501.448427 588.996731 541.74281 529.015505 527.532292 468.283052 415.83651 385.917138 323.514581 293.559292 317.204813 390.934292 425.366309 663.131642 1041.891649 985.622383 890.33891 754.773606 640.540125 533.951733 419.283177 333.697554 266.37172 250.707307 160.832278 157.361493 150.475225 143.149355 130.738786 201.258638 166.328945 225.012061 122.831358 155.899202 115.626283 69.574949 4.5859 -9999 -9999 -9999 -9999 -9999 -9999 -9999 -9999 -9999 -9999 -9999 -9999 -9999 -9999 -9999 -9999 -9999 -9999 -9999 -9999 -9999 -9999 -9999 -9999
1622.074359 1780.53261 1902.886416 1986.727517 2171.465064 1841.849961 838.014532 1281.443438 688.77627 657.696388 566.779232 536.881524 590.862208 488.352252 431.211655 426.128809 326.086228 291.98848 324.96324 460.095085 874.470991 1363.079459 1101.272171 1027.249818 895.842423 713.786794 609.726769 542.389085 455.071485 357.258346 268.17085 210.890802 173.54335 157.668306 147.458687 143.07738 164.168592 162.914042 130.261922 97.261519 118.640089 132.971607 29.791923 4.5859 4.5859 -9999 -9999 -9999 -9999 -9999 -9999 -9999 -9999 -9999 -9999 -9999 -9999 -9999 -9999 -9999 -9999 -9999 -9999 -9999 -9999 -9999 -9999 -9999 -9999
1729.924549 1772.314222 1985.473186 1148.85257 1251.586163 1111.90612 830.946376 792.698882 659.662544 594.31575 551.555106 554.533486 523.847014 494.240932 495.592193 462.540336 392.090321 352.295082 496.829732 528.450149 1262.905083 1058.335012 953.602993 923.523744 758.808288 702.416846 596.217198 541.715511 539.248294 410.563444 297.852959 253.076132 117.369227 83.822535 117.49441 167.829296 170.177399 100.492549 140.950736 123.475241 142.421592 97.645927 39.874059 11.748118 -9999 -9999 -9999 -9999 -9999 -9999 -9999 -9999 -9999 -9999 -9999 -9999 -9999 -9999 -9999 -9999 -9999 -9999 -9999 -9999 -9999 -9999 -9999 -9999 -9999
997.64639 1003.033999 2093.710627 2223.347009 1414.104977 980.592467 864.930824 814.893098 664.310355 584.741794 548.176392 521.371385 547.340056 524.684223 491.222483 466.562855 433.749517 431.735141 551.877918 1333.545253 1077.805094 1041.05276 920.712918 394.297606 462.519558 629.81277 555.919747 449.591479 367.239458 329.219535 220.407587 184.498217 127.804438 85.128189 116.523059 145.911064 146.446127 100.186828 147.655524 131.350626 142.250321 153.082338 5250 5250 30 30 -9999 -9999 -9999 -9999 -9999 -9999 -9999 -9999 -9999 -9999 -9999 -9999 -9999 -9999 -9999 -9999 -9999 -9999 -9999 -9999 -9999 -9999 -9999
2025.79939 1134.029494 1148.590245 1207.940192 3402.441895 955.78411 895.28207 737.122315 680.008431 593.784059 578.716588 545.173775 543.801448 520.631361 522.218154 506.002743 471.357907 470.98933 589.009036 1001.461008 834.346442 527.084709 360.19649 327.446243 324.518278 316.077239 325.176271 196.726178 196.804061 160.971664 154.234742 143.977073 196.833464 187.24639 143.993183 146.279786 134.775684 139.777203 137.145306 140.689004 140.912617 329.061405 54.852607 200.353884 312.712735 277.387993 260.828789 241.870937 232.282597 -9999 -9999 -9999 -9999 -9999 -9999 -9999 -9999 -9999 -9999 -9999 -9999 -9999 -9999 -9999 -9999 -9999 -9999 -9999 -9999
1091.997306 1225.545705 1271.060228 1405.404056 1346.257809 972.019917 1119.065718 779.664047 708.32951 596.416426 631.085044 603.158732 599.987728 592.407226 555.779519 562.276797 233.578677 222.890843 60.910727 968.778534 605.722059 364.195978 263.854941 262.019927 240.037377 220.038384 249.821948 256.814156 282.673226 306.203925 280.93259 251.061046 234.574057 164.472364 137.398879 140.003609 134.414589 137.878519 139.78595 139.73553 130.158754 126.540613 166.14553 270.193703 158.848443 102.924025 195.665876 185.89996 176.874541 -9999 -9999 -9999 -9999 -9999 -9999 -9999 -9999 -9999 -9999 -9999 -9999 -9999 -9999 -9999 -9999 -9999 -9999 -9999 -9999
1253.166197 1251.941098 1438.671938 1719.849174 1117.258914 1008.644594 1039.498345 891.248918 723.759628 649.840769 648.650971 637.507214 603.334013 590.574357 598.030226 598.05521 220.581119 307.041009 280.969414 302.631213 268.864365 265.882618 268.941339 293.28822 224.31336 223.174614 238.395146 269.691246 234.364955 477.17053 443.150016 310.601618 259.296926 183.5182 140.575628 141.02315 141.099198 143.532318 142.862351 134.761887 134.503531 127.457972 140.593676 71.737647 229.621152 115.064233 190.759891 135.494992 130.292364 116.221081 -9999 -9999 -9999 -9999 -9999 -9999 -9999 -9999 -9999 -9999 -9999 -9999 -9999 -9999 -9999 -9999 -9999 -9999 -9999
1407.545594 1415.948224 1582.609296 137.128429 1071.433287 1070.930181 1033.534597 961.051466 737.104053 719.464477 704.244092 643.3906 594.707263 591.866988 894.676791 518.807443 443.589489 402.351058 216.464239 313.188357 331.504819 233.47253 231.212727 226.767067 291.458592 262.955603 308.025686 406.859225 441.082871 440.846243 409.374093 312.212983 259.082879 183.641728 150.623993 140.842652 140.961386 146.19046 143.213726 134.462519 126.456501 123.42923 110.88266 71.423684 127.301903 196.296862 241.025905 176.149428 116.008898 21.667351 -9999 -9999 -9999 -9999 -9999 -9999 -9999 -9999 -9999 -9999 -9999 -9999 -9999 -9999 -9999 -9999 -9999 -9999 -9999
1410.973943 1546.709685 153.980109 1358.21194 1078.537047 1082.748104 1072.035136 965.34732 798.105822 728.988946 702.41858 691.626053 710.105912 736.643457 550.754755 488.106495 422.367174 334.438649 340.232558 338.320881 331.251534 233.634628 304.421953 271.308318 347.451007 571.61414 537.198894 474.958879 524.725798 504.363909 427.279883 333.982031 276.475489 256.703093 253.109835 180.405815 150.56121 146.896148 146.367683 140.237292 126.348628 126.454604 126.532224 80.371371 97.834922 200.020534 94.885118 118.762691 22.544832 21.667351 -9999 -9999 -9999 -9999 -9999 -9999 -9999 -9999 -9999 -9999 -9999 -9999 -9999 -9999 -9999 -9999 -9999 -9999 -9999
1574.491661 1651.512492 142.83158 1249.758911 1167.947223 1073.074296 1048.479579 876.303469 770.898288 750.725126 710.712493 943.319104 609.287804 526.725735 572.655871 447.806891 443.045218 362.20633 370.666683 323.702488 325.421349 301.591447 399.435804 578.913429 610.443241 592.761832 565.168953 533.674114 500.963403 246.353668 235.963453 350.743785 342.592464 274.130397 253.145188 187.352806 170.33966 170.435697 151.062433 144.252494 130.005436 126.356389 130.098973 103.663469 93.914339 140.105523 147.511323 104.307571 21.585216 21.166324 -9999 -9999 -9999 -9999 -9999 -9999 -9999 -9999 -9999 -9999 -9999 -9999 -9999 -9999 -9999 -9999 -9999 -9999 -9999
