STOTEN_Data/raw/Age_yrs_1600ft.asc
ncols         250
nrows         718
xllcorner     -2256000
yllcorner     1557000
cellsize      1000
NODATA_value  -9999
[rows 465 to 495 of 718, columns 140 to 209 of 250]
5250 5250 5250 5250 5250 5250 5250 5250 5250 5250 5250 5250 4481.80564 4460.860633 5250 3360.36961 3012.594334 2872.301709 2922.746366 2751.350127 2313.098903 2038.096525 1835.141813 1703.665534 1642.850855 1609.710156 1509.403194 1366.301369 1156.45277 887.860055 822.19155 1281.474813 1552.631484 967.822288 858.590007 5250 206.460729 523.494674 525.010267 525.010267 30 30 30 30 30 30 30 -9999 -9999 -9999 -9999 -9999 -9999 -9999 -9999 -9999 -9999 -9999 -9999 -9999 -9999 -9999 -9999 -9999 -9999 -9999 -9999 -9999 -9999 -9999
5250 5250 5250 5250 5250 5250 5250 5250 5250 5250 5162.491444 5250 4562.255755 4073.476959 5250 3336.006409 2971.647482 2963.323551 3037.924239 2608.961443 2246.323169 2014.804082 1798.516949 1704.575284 1601.082676 1631.003707 1659.604188 1511.397571 1103.009092 980.876529 826.695506 936.501552 1181.844362 2266.982891 1569.410532 5250 5250 377.511593 309.138992 356.627497 225.728202 356.214719 30 30 30 30 30 -9999 -9999 -9999 -9999 -9999 -9999 -9999 -9999 -9999 -9999 -9999 -9999 -9999 -9999 -9999 -9999 -9999 -9999 -9999 -9999 -9999 -9999 -9999
5250 15.000684 5250 5250 5250 5250 5250 5250 5250 5250 5250 5250 5250 4279.123888 5250 3085.581159 2974.950781 2968.516234 2929.057965 2556.691452 2194.368043 2004.823831 1804.588471 1698.775183 1616.982495 1618.046214 1659.763858 1683.577396 1121.760523 941.932539 792.42656 864.546146 789.881856 893.140859 2370.788502 525.010267 881.421448 5250 5250 381.504075 466.229735 422.671927 30 30 30 30 30 -9999 -9999 -9999 -9999 -9999 -9999 -9999 -9999 -9999 -9999 -9999 -9999 -9999 -9999 -9999 -9999 -9999 -9999 -9999 -9999 -9999 -9999 -9999
15.000684 15.000684 5250 5250 5250 5250 5250 5250 5250 5250 5250 4570.489438 5250 5250 3576.571695 3020.173333 2866.80378 2865.352857 2943.995954 2533.546003 2249.106794 2032.745448 1804.353944 1673.468833 1597.764258 1593.078177 1662.015133 1557.168419 1502.938178 965.813353 819.914094 819.99978 819.70532 1546.30877 1241.129213 1868.557205 5250 5250 5250 5250 266.089706 323.249418 30 30 30 30 30 -9999 -9999 -9999 -9999 -9999 -9999 -9999 -9999 -9999 -9999 -9999 -9999 -9999 -9999 -9999 -9999 -9999 -9999 -9999 -9999 -9999 -9999 -9999
524.188912 524.188912 5250 5250 5250 5250 5250 5250 5250 5250 5158.658453 4470.499658 4447.334037 5250 3806.519476 2974.952455 2866.80378 2868.236975 2634.655915 2451.468674 2271.327348 2035.429949 1814.000189 1684.455353 1588.764935 1567.015373 1486.184775 1546.345283 1506.126611 989.918693 836.784377 771.068497 698.495776 791.041661 861.637308 1101.850549 5250 306.740901 362.293142 409.981971 341.870638 229.393179 255.945789 30 30 30 30 30 -9999 -9999 -9999 -9999 -9999 -9999 -9999 -9999 -9999 -9999 -9999 -9999 -9999 -9999 -9999 -9999 -9999 -9999 -9999 -9999 -9999 -9999
5250 5250 5250 5250 5250 5250 5250 5250 5250 5250 5250 4556.574233 5250 5250 3567.460701 3218.351677 2976.168836 2839.439094 2627.738691 2395.180288 2127.062599 1935.656404 1812.063882 1703.52151 1596.276166 1473.395333 1397.694163 1281.718809 1128.301849 964.625761 825.829074 781.390306 703.100097 596.595623 854.189015 861.208205 5250 305.721151 308.57088 315.075785 166.646834 341.351057 220.061857 500.527118 365.445846 252.837372 -9999 30 30 30 -9999 -9999 -9999 -9999 -9999 -9999 -9999 -9999 -9999 -9999 -9999 -9999 -9999 -9999 -9999 -9999 -9999 -9999 -9999 -9999
5250 5250 5250 5250 5250 5250 5250 5250 5250 5250 4622.061311 4473.284482 5250 5250 3373.180044 3382.557348 3112.119292 2849.022766 2586.215968 2321.118097 2121.25913 1966.57479 1799.684612 1749.499418 1587.137287 1520.241756 1430.17957 1303.876139 1189.189475 1034.417525 887.824059 846.816535 681.311439 1034.680666 759.503802 861.721898 1870.831567 5250 516.615916 525.010267 475.792417 525.010267 378.605021 379.838464 41.024967 25.945974 25.945974 30 -9999 -9999 -9999 -9999 -9999 -9999 -9999 -9999 -9999 -9999 -9999 -9999 -9999 -9999 -9999 -9999 -9999 -9999 -9999 -9999 -9999 -9999
5250 5250 5250 5250 5250 5250 5250 5250 5250 5162.491444 4767.228278 4182.155089 5250 3566.126942 3192.105797 2974.948804 2917.431357 2721.850901 2497.156846 2283.589423 2076.766513 1963.132721 1851.773776 1747.259768 1665.248068 1535.238126 1474.799845 1298.765566 1161.12383 1006.463584 897.714326 870.442665 787.384749 612.583017 1116.307855 862.118264 890.207014 898.645397 259.589322 265.023956 525.010267 525.010267 5250 1570.744748 6.706366 25.945974 25.945974 -9999 -9999 -9999 -9999 -9999 -9999 -9999 -9999 -9999 -9999 -9999 -9999 -9999 -9999 -9999 -9999 -9999 -9999 -9999 -9999 -9999 -9999 -9999
5250 5250 5250 5250 5250 5250 5250 5250 5250 4570.167367 4568.45223 4358.316222 3966.330831 3300.736631 3158.206259 2995.384309 2792.206331 2618.031001 2413.507342 2262.165429 2110.158321 1886.773106 1829.029746 1736.133181 1662.386714 1540.345849 1425.081724 1275.212007 1122.184038 1045.51008 935.255836 839.020085 771.354654 722.064423 601.944567 651.802713 695.769605 772.594511 862.344327 225.87269 525.010267 525.010267 5250 5250 5250 52.501027 52.501027 -9999 -9999 -9999 -9999 -9999 -9999 -9999 -9999 -9999 -9999 -9999 -9999 -9999 -9999 -9999 -9999 -9999 -9999 -9999 -9999 -9999 -9999 -9999
5250 5250 5250 5250 5250 5250 5250 5250 5250 4556.967914 3358.533716 3530.495716 3266.531001 2970.955372 2875.518175 2692.173286 2613.597132 2286.465217 2227.881264 2120.234572 1947.351278 1862.328308 1774.018396 1631.931097 1597.584963 1487.033343 1465.090542 1267.87016 1143.68563 1028.280062 926.081095 817.171612 785.949051 820.322456 663.155741 586.40661 654.709557 962.491444 755.482109 209.659024 216.646133 767.211599 5250 5250 2474.780828 2257.152997 -9999 -9999 -9999 -9999 -9999 -9999 -9999 -9999 -9999 -9999 -9999 -9999 -9999 -9999 -9999 -9999 -9999 -9999 -9999 -9999 -9999 -9999 -9999 -9999
5250 5250 5250 5250 5250 5250 5250 4987.533358 3831.117092 3180.853768 3308.980446 3055.812795 3067.018847 2694.149888 2449.541452 2231.893447 2104.085337 1926.211751 1810.901475 1632.421041 1642.358234 1661.500876 1546.612976 1494.936742 1439.034494 1374.812645 1366.664871 1171.110354 1069.240006 971.962282 932.356381 835.63002 788.262401 734.277996 704.740363 598.1018 360.89765 392.299795 274.561363 516.249144 189.158111 199.541385 306.775072 736.271396 2075.928365 5250 -9999 -9999 -9999 -9999 -9999 -9999 -9999 -9999 -9999 -9999 -9999 -9999 -9999 -9999 -9999 -9999 -9999 -9999 -9999 -9999 -9999 -9999 -9999 -9999
5250 5250 5250 5250 5250 5250 3517.337008 2833.41543 2863.507108 2927.949759 3030.714535 2227.760925 2213.326183 2234.707749 2121.577818 1758.339046 1578.705352 1612.290123 1555.278683 1591.877752 1557.681595 1498.641256 1330.340558 1285.931426 1292.99453 1286.702545 1186.588005 972.825482 924.694061 939.751618 942.406814 857.497132 811.504323 754.578572 758.507471 552.1013 394.712899 315.79538 281.506088 344.53525 275.037817 239.034627 373.684315 443.166764 1358.523187 5250 -9999 -9999 -9999 -9999 -9999 -9999 -9999 -9999 -9999 -9999 -9999 -9999 -9999 -9999 -9999 -9999 30 -9999 -9999 -9999 -9999 -9999 -9999 -9999
5250 5250 5250 5250 5250 4299.341249 2223.826718 2657.874264 3030.815641 3112.159152 2231.021137 2055.854148 2055.853453 1994.526165 1592.045038 1553.000712 1533.325385 1348.422828 1312.312939 1324.978498 1289.828325 1249.764121 1240.152014 1137.420994 1145.590856 1205.84502 1075.196987 898.416358 841.69158 853.670253 886.208034 836.972682 791.9829 761.314413 707.366083 579.192334 5250 281.252731 201.814978 189.149603 303.016199 254.642438 376.119092 5250 5250 5250 5250 -9999 -9999 -9999 -9999 -9999 -9999 -9999 -9999 -9999 -9999 -9999 -9999 30 30 30 -9999 -9999 -9999 -9999 -9999 -9999 -9999 -9999
730.126407 5250 5250 5250 3910.973327 2873.845236 3091.981888 3369.352842 3342.08805 2774.721676 2279.244467 2129.255491 1814.674985 1326.388128 1568.296359 1555.829825 1555.487628 1542.907226 1543.505088 1324.29557 1294.759182 1250.240025 1471.939384 1375.932283 1321.605585 1161.185821 1011.507457 971.054343 969.525278 876.035569 879.184515 842.673151 833.059136 759.210602 780.337276 5250 5250 525.010267 570.056949 5250 5250 547.31643 645.057976 870.499658 5250 5250 -9999 -9999 30 30 -9999 -9999 -9999 -9999 -9999 -9999 -9999 -9999 30 30 30 30 -9999 -9999 -9999 -9999 -9999 -9999 -9999 -9999
5250 5250 5250 4427.26507 3319.644083 3059.017705 3570.615823 3679.531394 2527.948894 2466.622452 2226.296872 1904.409961 1594.524782 1594.52593 1655.853883 1613.842777 1578.705338 1532.163845 1541.935135 1519.812316 1612.127419 1577.079843 1493.558044 1418.45272 1248.79263 1321.219611 1260.963536 1146.313876 1011.60017 941.742422 937.354828 898.545388 919.480858 994.546981 757.713254 763.844779 817.151738 877.074817 861.130725 1022.760881 1072.754801 1110.654918 5250 5250 5250 5250 5250 5250 5250 8.704997 8.704997 30 -9999 -9999 -9999 -9999 -9999 30 30 30 -9999 -9999 -9999 -9999 -9999 -9999 -9999 -9999 -9999 -9999
5250 5250 5250 2792.208999 2961.259411 3645.32312 4005.725607 3094.596651 2527.948902 2161.299307 1691.718501 1767.629695 1883.51199 1765.271219 1823.438017 1642.006173 1578.705348 1591.25717 1609.460529 1678.72938 1624.181888 1544.383247 1478.850446 1510.260918 1469.678971 1306.628085 1354.565199 1294.033657 1208.347725 1196.939604 1225.242202 1126.570488 864.923412 877.065595 973.969934 5250 5250 1367.64372 1206.923669 1069.908564 941.569955 885.697786 805.9445 1067.700734 1470.092048 824.295179 525.010267 5250 5250 525.010267 371.380337 5250 30 30 -9999 7.373309 3.874059 3.874059 30 30 -9999 -9999 -9999 -9999 -9999 -9999 -9999 -9999 -9999 -9999
5250 5250 2223.943192 3022.498317 3570.833862 3371.915417 3102.807845 3119.693493 2597.586377 1994.890701 1994.525664 2162.033569 2045.975652 1964.549617 1823.789369 1692.285152 1739.701594 1762.554913 1691.71971 1601.742318 1626.685951 1640.648813 1533.431867 1524.849748 1612.663208 1594.45214 1541.076599 1504.970928 1358.860661 1398.02819 1097.145211 1105.675601 1190.440559 1183.793671 2251.709455 1472.927476 1353.852548 1207.232076 1143.827411 1117.909236 1022.135474 912.284825 864.55256 806.733206 826.030986 720.626956 643.672846 788.373542 786.006213 331.546074 269.208173 1743.19093 3250.779604 303.07437 7.373309 7.373309 3.874059 355.693253 -9999 -9999 -9999 -9999 -9999 -9999 -9999 -9999 -9999 -9999 -9999 -9999
5250 2981.846538 2625.471356 3361.260778 2855.854366 2961.447899 3102.812597 2455.852989 2266.494217 2195.408835 2334.331473 2161.169449 2190.696856 2121.74198 1957.212189 2043.187876 1800.283478 1763.194699 1691.71971 1679.513522 1678.72865 1620.794679 1651.405907 1732.229429 1791.866109 1807.279254 1680.111596 1556.614656 1336.893699 1534.81511 1769.082457 1955.379156 1464.573286 1778.529794 1657.919888 1448.339998 1401.777269 1304.032153 2359.941443 1873.627035 3320.534892 3295.8191 2464.116826 2101.533136 1980.121664 1995.607749 1076.750775 1211.586382 2087.096255 1269.091171 1234.870911 1870.63655 2256.619236 448.323066 988.158596 44.832307 355.693253 355.693253 -9999 -9999 -9999 -9999 -9999 -9999 -9999 -9999 -9999 -9999 -9999 -9999
3712.525675 3094.594457 3486.324212 3327.993297 2927.95009 2935.603013 2517.722158 2455.852156 2525.373682 2525.317186 2334.089227 2198.433559 2255.150462 2511.936736 2242.191176 1972.561268 1821.975126 1905.792972 1681.694504 1679.333512 1709.484048 1817.176797 1936.739161 1859.186026 1801.888443 1743.125896 1608.002289 1620.250371 1895.602124 1905.288774 2004.095534 2010.625093 1962.109948 1782.084738 1657.283204 2511.745281 2583.995796 3583.052099 2769.752689 1692.048477 1666.099095 1661.754298 1628.538272 1561.081094 1139.61557 1030.679428 976.618409 1188.469486 1052.079871 866.504681 722.389497 1052.877319 1302.760649 1063.397558 966.311563 44.832307 1589.890239 397.035151 30 -9999 -9999 -9999 -9999 -9999 -9999 -9999 -9999 -9999 -9999 -9999
2761.213867 4428.418709 4255.811675 3561.435523 3191.788962 2597.399042 2601.618 2830.756161 2902.852845 2830.756922 2525.304215 2631.13414 2786.7241 2459.376547 2252.356696 2245.021034 2052.740526 1945.249739 1905.091291 1921.646603 2086.6973 1916.018185 1894.646073 1845.536886 1793.3294 1936.071319 2009.212006 1916.947217 5250 2383.587071 2142.744613 2074.741411 1932.312601 3599.472344 3142.307955 2162.754145 2094.410325 1965.672641 1891.345507 2134.09182 2505.377215 2496.709241 2432.934979 1174.299939 1260.503792 1056.912746 1068.068159 818.757937 818.197996 635.344906 686.428781 717.287707 884.91009 715.321298 961.289614 973.824268 1169.002869 409.001127 385.023956 30 -9999 -9999 -9999 -9999 -9999 -9999 -9999 -9999 -9999 -9999
2815.426584 4024.295814 3716.1057 3466.860692 2882.538493 2928.132743 3102.809393 3121.403263 2922.532969 2830.757038 2984.03657 2828.977561 2771.379298 2803.120422 2583.735836 2530.902287 2507.838066 2314.817943 2118.328067 2001.395717 2011.612804 1953.725093 1989.938259 2057.239091 2080.093644 2258.011887 2378.859233 2371.456936 2284.556645 2232.69194 2167.607756 4483.230664 2874.560976 2947.288381 2591.593056 2054.715909 2666.575423 1732.692695 1658.200017 1601.153422 1528.009353 1493.221486 1459.759805 1359.720593 1251.646712 1103.590589 963.099943 892.793264 834.763326 713.69542 700.591308 700.915039 567.749698 549.36916 959.320641 940.705086 866.373026 385.448323 385.448323 -9999 -9999 -9999 -9999 -9999 -9999 -9999 -9999 -9999 -9999 -9999
4216.043381 3589.368818 3352.960934 3592.919828 3196.113022 3561.093178 3560.901311 3311.346268 3127.908666 3041.753947 2983.401207 3223.683412 3066.565522 3103.811449 3006.246462 5250 2603.902392 2386.086914 2326.946957 2206.890749 2032.722246 2078.828741 5250 2773.124223 2671.543852 2490.987688 2425.920573 2344.351137 2994.437529 4483.230664 2923.651778 3065.989383 2557.024296 2022.088609 2193.222784 1964.073082 1925.212404 1803.974065 1727.609347 1571.616685 1576.271952 1453.551013 1363.558639 1211.931611 1097.7377 998.958837 1044.483383 870.357293 801.251514 741.14089 679.831439 603.620915 525.010267 514.878009 958.955195 938.128805 525.010267 10.706366 385.448323 -9999 -9999 -9999 -9999 -9999 -9999 -9999 -9999 -9999 -9999 -9999
3319.647659 3034.752919 3004.533705 3153.001547 3352.960127 3630.209678 3631.265357 3314.454245 3325.917148 3216.592323 3182.828878 3458.726899 5250 5250 3085.997028 3188.482083 3570.568104 5250 3196.505561 5250 3213.303395 2849.095647 2736.487467 2688.875605 2602.675747 3115.655824 4483.230664 3780.493614 3170.984425 2998.19831 2592.316299 2660.159969 2588.74525 2533.015235 2332.136994 2037.317174 1859.939848 1738.480997 1579.511362 1428.404409 1348.110151 1291.112766 1205.854954 1110.201024 1025.37628 946.735446 987.119791 827.321731 869.424818 790.431817 704.206798 608.248948 451.365626 553.750684 930.652559 960.270221 10.706366 10.706366 385.448323 385.448323 30 -9999 -9999 -9999 -9999 -9999 -9999 -9999 -9999 -9999
3099.977471 3097.192127 3127.904514 3535.324776 3659.213934 4000.719735 3723.619864 3576.133841 3362.433638 3320.238937 3823.892481 5250 5250 5250 3587.82119 3733.035116 3476.4172 3252.123948 3134.980222 3033.724873 2977.333313 2853.940481 3409.65608 3875.032058 3601.729669 3207.521015 3530.059683 4009.482999 2910.220269 2892.481567 3090.72277 2561.463939 2280.00026 2113.034682 1925.192656 1817.617451 1810.766542 1811.194287 1738.718393 1628.010448 1579.49557 1482.827667 1448.397101 1361.515612 1244.381088 1203.787129 1157.74975 1151.409788 1082.248394 997.147899 929.651419 767.507732 557.88535 544.329131 643.133783 1077.884445 241.523806 225.73398 -9999 -9999 -9999 -9999 -9999 -9999 -9999 -9999 -9999 -9999 -9999 -9999
3361.260738 3511.701528 3680.441958 3971.444339 4201.893383 3454.356842 3358.521561 3552.587796 5250 5250 4022.793779 4348.165949 3952.073775 3760.196281 3565.711007 3489.75452 3399.787885 3287.295767 3755.728228 4585.630842 3397.878839 4040.53277 3424.754006 3475.795982 4003.633696 3053.770571 3029.197619 3059.14604 2964.27824 2522.774344 2357.862807 2206.26543 2462.930152 2292.457438 2161.286956 1996.071373 1807.127216 1659.468087 1623.233283 1555.806046 1616.759932 1438.950489 1641.866685 979.224158 1230.383469 938.798382 995.169498 917.380843 924.560228 855.650651 868.377523 627.084368 517.591655 511.780001 559.379285 488.440068 487.453993 166.703217 30 -9999 -9999 -9999 -9999 -9999 -9999 -9999 -9999 -9999 -9999 -9999
3454.349803 3767.79285 4098.842701 4061.745577 4158.000336 3549.642835 4011.625454 5250 4184.43338 4436.144353 4255.772779 4082.657051 3824.290651 3721.51133 3641.205506 4483.230664 4483.230664 4026.741527 4200.882832 3541.936577 3634.857789 3112.589861 3096.437666 3267.650651 3012.346945 2995.824217 2755.661743 2504.451797 2394.546679 2486.281707 2496.48027 2404.187137 2090.109896 1998.000296 1909.763464 1789.51296 1706.670569 1606.473741 1607.770036 1661.332475 1517.024428 1602.283118 1673.54984 1399.548628 2507.648514 1034.668176 1897.849868 965.495973 952.520893 2168.595093 2126.368611 819.530684 2228.136831 1889.700872 2594.203849 5250 5250 136.017604 136.433318 30 -9999 -9999 -9999 -9999 -9999 -9999 -9999 -9999 -9999 -9999
4542.052057 4448.267153 5158.658629 5162.491444 5250 5250 5250 4383.28931 4541.450329 4402.788985 4180.411678 3994.824652 4317.869788 4483.230664 4580.08404 4439.258126 4077.216809 3875.481332 3503.807612 3286.945162 3262.211389 3264.880678 3230.935234 2898.831125 2653.651234 2638.21725 2704.393953 2550.855907 2492.856862 2322.294107 2254.060565 2216.50989 2036.913756 2425.709303 2045.544333 1849.28669 1634.137715 1482.161343 1462.224488 1265.594778 1143.115787 1103.269835 1005.199616 993.287121 933.277235 931.65082 859.06088 827.650174 752.620986 660.786251 659.656565 549.98075 581.578281 508.242756 742.906693 745.140357 5250 118.079656 108.571464 30 -9999 -9999 -9999 -9999 -9999 -9999 -9999 -9999 -9999 -9999
5250 5164.863339 5250 5250 5250 5250 5250 4623.038402 4374.553338 4332.305245 4483.230664 4483.230664 4872.280862 4536.508261 4363.871047 3789.261107 3695.96632 4008.836711 3900.350444 3376.965651 3225.194009 2896.899583 2886.558375 2766.423254 2921.734645 2621.178334 4244.095889 5171.784098 2360.485566 2953.712585 2256.622787 2053.277333 1866.484988 1760.003428 1675.285372 1530.478783 1414.515902 1310.883217 1231.810586 1134.699115 1051.262902 1013.865495 958.455648 876.081817 833.353822 851.330951 717.323753 684.232387 585.031719 552.23741 530.351391 447.494584 386.774706 343.165547 198.29722 206.818676 5250 87.149822 86.077077 -9999 -9999 -9999 -9999 -9999 -9999 -9999 -9999 -9999 -9999 30
5250 5250 5250 5250 5095.845191 4918.788188 4813.022095 4646.816534 4568.860361 4607.069114 4703.620158 4334.19473 4572.573799 4777.90322 4601.203163 4393.235185 3696.839857 3473.771413 3236.255713 3117.440988 3011.002214 3128.626688 2872.243225 2749.537318 4213.918466 3110.532068 2823.215305 2701.850501 2079.737753 2011.084609 1871.245532 1798.177588 1648.204648 1627.846299 1551.716911 1442.548112 1359.369667 1292.795722 1219.98731 1086.256636 1038.495217 983.571846 904.039556 831.056771 827.627463 762.509981 683.025484 630.717757 593.972767 509.515134 457.702255 394.277296 314.797009 280.774431 369.561459 206.805316 5250 77.309588 65.934561 -9999 30 30 30 30 -9999 -9999 30 30 30 -9999
5250 5250 5250 5250 5250 4856.29135 4701.718273 4960.869676 4575.983583 4483.991748 4348.360246 4397.412184 4427.895887 4464.329965 4232.923219 3657.147492 3333.291493 3218.442419 3330.338402 3139.138127 3041.615161 3769.40678 3139.227105 2943.533038 2443.524447 2301.864471 2138.939095 2001.699489 1925.729319 1859.962997 1771.310579 1676.791258 1627.996659 1520.303039 1468.76738 1384.533165 1298.867332 1212.067812 1138.902549 1057.36343 972.684485 925.906494 859.929223 766.457031 732.805045 688.719661 654.270432 586.444721 558.836911 490.882086 426.362593 352.772888 329.033649 229.526967 266.323235 166.633681 75.392127 95.472101 55.99284 56.623814 30 30 30 30 30 6.226387 0.220855 30 -9999 -9999
5250 5250 5250 5250 5204.106776 5250 5250 4803.749009 4466.353634 4600.071089 4728.466306 4464.555628 4370.980897 3822.956043 3593.799051 3590.227063 3617.151922 3316.783315 3136.058365 3233.607208 2814.290295 2622.363221 2467.101593 2313.00825 2214.416005 2138.536655 2061.741492 1942.49485 1829.940321 1763.709519 1695.787999 1626.240528 1564.907034 1528.056498 1466.149276 1396.528761 1340.19191 1274.632597 1208.363995 1123.212061 995.298359 907.410805 833.517699 768.634129 718.351833 691.921297 620.406021 593.76626 529.431457 491.818244 450.023568 396.293557 407.953343 261.645159 231.351505 135.908047 110.025029 52.251882 52.501027 52.501027 30 5.743668 5.723163 10.817192 9.795802 7.874606 1.980447 3.587972 -9999 -9999
