STOTEN_Data/raw/Age_yrs_1600ft.asc
ncols         250
nrows         718
xllcorner     -2256000
yllcorner     1557000
cellsize      1000
NODATA_value  -9999
[rows 403 to 433 of 718, columns 70 to 139 of 250]
-9999 -9999 -9999 -9999 -9999 -9999 30 746.565114 1329.171886 1263.629774 1769.643783 2165.148258 2280.700954 2858.087061 3350.034223 3716.506525 4068.323714 4404.488969 5195.900299 5250 5250 5250 5250 5250 5250 5250 5250 5250 5175.961186 4529.279078 4418.837903 4615.199615 4060.27972 4061.597243 4178.40887 4177.775095 5250 5250 5250 5250 5250 5250 5250 5250 5250 5250 5250 5250 5250 5250 5250 5250 5250 5250 5250 5250 5250 4788.20871 4766.664548 4420.563769 4263.192347 4375.151792 3995.375362 3574.390271 3369.120261 3126.533646 2912.353609 2800.923603 2610.391732 2441.751422
-9999 -9999 -9999 -9999 -9999 -9999 830.987922 823.425404 907.950882 1601.354755 1667.334711 1733.723834 2324.693258 2858.089645 3350.034223 3715.621784 3829.34978 4198.154675 4720.920855 5250 5250 5250 5250 5250 5250 5250 5250 5250 4775.02329 4775.352581 4479.022688 4060.46947 4061.526126 4062.825752 3075.371519 3168.915308 4774.156291 5250 5250 5250 5250 5250 5250 5250 5250 5250 5250 5250 5250 5250 5250 5250 5250 5250 5250 5250 5073.903652 4585.38059 4423.48302 4272.395641 4420.216052 4470.276022 3998.748182 3572.357911 3472.076599 3136.377287 2937.481816 2802.077425 2630.832385 2470.100756
-9999 -9999 30 -9999 -9999 30 915.259742 960.167838 1007.061108 2105.361953 2105.361943 2174.366915 2263.300757 2858.087061 3350.034223 3713.912755 3697.281702 4068.996642 4542.712373 5250 5250 5250 5250 5250 5250 5250 5250 4780.605461 4473.657771 4775.35262 4977.161312 4060.372374 4057.224463 3268.02037 3273.169335 3490.9237 4372.488669 5250 5250 5250 5250 5250 5250 5250 5250 5250 5250 4175.845176 5250 5250 5250 5250 5250 5250 5250 5250 5073.385545 4482.285324 4483.067221 4461.618074 4474.318127 4374.779424 3962.864902 3571.736797 3463.990796 3100.928362 2939.567706 2780.100848 2540.185943 2203.866218
-9999 -9999 -9999 30 955.703049 955.703049 1003.384022 1082.41885 1565.354831 2067.274624 2170.971218 2261.197129 2367.79274 2855.641428 3468.700899 3334.354529 3618.272619 4056.901666 4330.963681 5003.706595 5250 5250 5250 5250 5250 5250 5250 4781.356089 4767.828113 4479.417517 4885.7222 3576.477567 3922.57703 3269.833368 3669.034801 3368.338015 5250 5250 5250 5250 5250 5250 5250 5250 5250 5250 5250 5250 5250 5250 5250 5250 5250 5250 4789.527511 4673.737021 4265.244944 4262.398263 4265.43436 4458.620721 4428.615311 4402.64664 3993.293367 3527.415477 3179.838065 3066.038612 2898.207094 2630.493473 2329.091522 2107.825568
-9999 -9999 -9999 -9999 30 1129.929014 1268.156071 1551.217375 1564.913586 1564.658755 2303.366677 2260.656365 2429.952054 2857.487187 3442.448864 3197.124147 3486.087268 3995.756331 4255.426882 4955.394286 5250 5250 5250 5250 5250 5250 5250 5250 4089.542021 4486.922394 5250 4478.126319 3801.464256 4078.178668 3075.996621 5250 5250 5250 5250 5250 5250 5250 5250 5250 5250 5250 5250 5250 5250 5250 5250 5250 5250 5250 4890.217579 4827.355059 4487.295427 4421.279068 4501.898081 4473.844895 4336.939668 4202.736787 3795.564416 3433.935881 3095.16779 2598.867568 2447.378006 2473.83339 2439.971811 2142.970697
-9999 -9999 -9999 -9999 -9999 1318.440855 1325.847715 1552.04925 2106.007018 2262.971156 2261.413088 2260.552986 2396.408038 3350.034223 3296.590615 3114.065796 3676.431668 3995.756331 4200.045631 5200.183328 5250 5250 5250 5250 5250 5250 5250 5250 5074.704938 5250 4271.896793 4678.28418 4988.404013 5250 5250 5250 5250 5250 5250 5250 5250 5250 4676.384472 5250 5250 5250 5250 5250 5250 5250 5250 5250 4529.361519 4538.244667 4146.393688 4406.059154 4498.774686 4463.161927 4432.611635 4034.433745 3461.693231 3179.922918 3098.910655 2943.724602 2783.067145 2625.705308 2405.094533 2473.196917 2240.34638 2033.391299
-9999 -9999 -9999 -9999 -9999 1556.335713 1564.910452 1566.174589 2199.191715 2261.691218 2261.328371 2396.680568 2804.129545 3150.171116 2977.59657 3313.712069 3753.651746 4154.842464 4253.286132 5250 5250 5250 5250 5250 5250 5250 5250 5250 5250 5250 5250 5250 5250 5250 5250 5250 5250 5250 5250 5250 4879.700635 5250 5250 5250 5250 5250 5250 5250 5250 5250 5250 5250 12.633107 2497.759141 3319.646902 4005.19828 3932.287934 3838.985159 3734.365667 3572.361929 3467.173952 3264.252788 3036.403216 3100.59809 2912.454545 2809.440078 2633.322466 2502.433537 2370.748443 2173.222939
-9999 -9999 -9999 -9999 -9999 1566.463185 1567.351399 1567.351432 1567.351432 2162.645295 2160.787778 3192.352689 3126.484579 2546.339486 3281.302524 3511.547161 3671.497031 4391.454746 4880.306062 5250 5250 5250 5250 5250 5250 5250 5250 5250 5250 5250 5250 5250 5250 5250 5250 5250 5250 5250 5250 5250 5250 5250 5250 5250 5250 5250 5250 5250 5250 5250 5250 5250 12.633107 2547.294238 5025.634496 4625.033286 2987.287586 3870.669904 3912.058114 3861.884358 3595.974391 3469.560357 3329.541316 3167.646784 2949.725654 2896.906165 2778.551873 2601.534116 2536.041702 2435.219077
-9999 -9999 -9999 -9999 -9999 -9999 1567.351432 1567.351432 1567.351432 2265.961016 3184.082727 2971.188632 2305.598282 2905.188925 2869.613819 3299.668498 3368.027342 5250 4804.399481 5250 5250 5250 5250 5250 5250 5250 5250 5250 5250 5250 5250 5250 5250 5250 5250 5250 5250 5250 5250 5250 5250 5250 5250 5250 5250 5160.541723 5250 5250 5250 5250 5250 5250 5250 5250 5179.087239 4873.655257 3138.205647 3110.477149 4199.272844 3938.585123 3862.031251 3663.426087 3542.964205 3335.111655 3170.179734 2984.49104 2910.585824 2805.162235 2707.873039 2495.400425
-9999 -9999 -9999 -9999 -9999 -9999 1567.351432 1567.351432 1567.351432 2402.745354 2885.479043 2643.37448 2905.188925 2369.12969 2485.283271 4060.708654 4779.798148 4342.276854 4297.38314 5250 5250 5250 5250 5250 5250 5250 5250 5250 5250 5250 5250 5250 5250 5250 5250 5250 5250 5250 5250 5250 5250 5250 5250 5080.23902 5250 5250 5250 5250 5250 5250 5250 5250 5250 5250 5250 5180.431745 3363.152728 3190.50358 3092.599422 2852.84904 3827.054524 3667.241107 3505.50772 3362.882832 3196.00366 3133.844724 3032.449895 2912.922207 2781.326219 2587.38336
-9999 -9999 -9999 -9999 -9999 -9999 1567.351432 1566.747036 1630.619264 1733.605243 3113.708548 2871.740919 2336.680125 2334.177092 3778.602733 4424.734677 3535.011801 4415.537031 4470.14017 5250 5250 5250 5250 5250 5250 5250 5250 5250 5250 5250 5250 5250 5250 5250 5250 5250 5250 5250 5250 5250 5250 5250 5250 5250 5250 5250 5250 5250 5250 5250 5250 5250 5250 5250 5250 5250 3386.605038 3224.352386 2992.915303 2913.005782 3872.996533 3858.660364 3736.227489 3451.820154 3333.944647 3268.722606 3097.445364 3007.663553 2878.027418 2780.016789
-9999 -9999 -9999 -9999 -9999 -9999 -9999 1668.096593 1733.931812 1735.610518 2467.291479 2704.080988 1820.680626 3327.124342 3464.29905 3272.607471 3896.916104 4358.418274 5250 5250 5250 5250 5250 5163.732374 5250 5250 5250 5250 5250 5250 5250 5250 5250 5250 5250 5250 5250 5250 5250 5250 5250 5250 5250 5250 5250 5250 5250 5250 5250 5250 5250 5250 5250 5250 5250 5250 5250 3232.97208 3087.109125 2953.013186 4272.455745 4113.944685 4069.57799 3972.006798 3769.851859 3501.813852 3300.389044 3072.241164 3000.817365 2845.817473
-9999 -9999 -9999 -9999 -9999 -9999 30 2172.57827 1735.610518 1731.785996 2656.906108 2657.813131 2684.887868 2617.337479 3004.836709 3374.021954 3807.081986 4082.610409 5159.011225 5250 4372.223231 4737.453848 4788.907981 4734.178846 5250 5250 5250 5250 5250 5250 5250 5250 5250 5250 5250 5250 5250 5250 5250 5250 5250 5250 5250 5250 5250 5250 5250 5250 5250 5250 5250 5250 5250 5250 5250 45.621695 31.87837 27.580538 3356.391771 3230.169419 3287.305046 3095.695415 4206.109172 4081.251208 4007.342581 3837.020721 3629.563551 3405.38915 3073.882888 2946.443751
-9999 -9999 -9999 -9999 -9999 -9999 -9999 2334.760657 2082.885092 2336.336943 2633.57016 2621.086365 2515.250495 3026.373692 3153.75968 3616.824184 3916.168285 4624.480207 5250 4428.861209 4170.68408 4736.935302 4539.079423 4769.478121 5164.204059 5250 5250 5250 5250 5250 5250 5250 5250 5250 5250 5250 5250 5250 5250 5250 5250 5250 5250 5250 5250 5250 5250 5250 5250 5250 5250 5250 5250 5250 5250 5250 35.758326 30.869714 25.788711 2600.95171 2542.658694 3322.523101 4266.552674 4144.366119 3897.700182 3806.56078 3499.775852 3302.924447 3056.792847 2885.47829
-9999 -9999 -9999 -9999 -9999 30 2342.736379 2867.506333 1755.385833 2690.750224 2939.480757 3209.820592 2924.190422 3018.885545 3449.970535 3842.024227 4074.35691 4464.678957 4428.862566 3902.470541 3902.474454 4803.58088 4211.505296 4696.508194 5162.501999 5250 5250 5250 5250 5250 5250 5250 5250 5250 5250 5250 5250 5250 5250 5250 5250 5250 5250 5250 5250 5250 5250 5250 5250 5250 5250 5250 5250 5250 5250 5250 30.771756 27.625082 10.754748 10.889676 2591.871596 2397.576107 3125.468649 4133.436071 3867.037259 3803.867118 3429.276469 3263.971925 2996.880004 2811.88482
-9999 -9999 -9999 -9999 -9999 -9999 2233.15278 2303.372298 2327.562321 2890.501738 3179.786932 3330.359582 3326.888765 3470.063046 3608.797003 3966.071134 4084.856127 4015.848049 3505.233696 3437.698598 4409.986916 3669.537958 4179.711929 4404.727661 5094.229072 5250 5250 5250 5250 5250 5250 5250 5250 5250 5250 5250 5250 5250 5250 5250 5250 5250 5250 5250 5250 5250 5250 5250 5250 5250 5250 5250 5250 5250 5250 5250 10.824318 10.812185 10.757981 10.910549 10.889676 2542.024373 3314.182669 3124.090872 3089.74695 4001.294715 3842.496724 3327.526003 3049.904008 2937.521744
-9999 -9999 -9999 -9999 -9999 -9999 2692.499061 2672.290071 2472.438699 2378.590459 3249.920896 3399.422028 3516.740707 3608.758778 3965.425287 4163.793824 3868.883471 3405.056453 3172.658546 3505.075535 3629.693083 3635.382012 3909.278986 4278.967305 5070.991848 5250 5250 5250 5250 5250 5250 5250 5250 5250 5250 5250 5250 5250 5250 5250 5250 5250 5250 5250 5250 5250 5250 5250 5250 5250 5250 5250 5250 5250 5250 5250 10.824318 10.778048 15.647557 15.626609 14.847778 7.776777 7.765983 7.759569 7.759569 5.724505 8.857993 4804.724016 4674.436121 4143.074622
-9999 -9999 -9999 3554.125633 3554.125633 -9999 30 2853.356432 3757.110755 3830.457983 4207.347253 4205.911569 3939.330604 3964.571848 4145.157351 3505.109038 3072.628509 3072.627559 3072.627557 3332.896581 3069.649783 3332.52836 3904.634558 4184.733637 4866.901605 5223.784001 5250 5250 5250 5250 3516.769336 5250 5250 5250 5250 5250 5250 5250 5250 5250 5250 5250 5250 5250 5250 5250 5250 5250 5250 5250 5250 5250 5250 5250 5250 5250 5250 10.778048 15.647557 15.647578 15.536939 12.690501 8.816557 7.759569 7.759569 5.715037 5.686439 7.579901 4339.380828 4375.436761
-9999 -9999 -9999 3554.125633 3749.899431 3205.700511 3214.26013 3110.496321 3334.378562 4521.006634 3724.440771 4016.026116 3827.697649 3981.495466 2902.519234 2737.486474 2737.56293 2737.485456 3031.427146 3074.866976 3076.227051 3204.148757 3741.552959 4185.242841 5250 5179.445705 5250 5250 5250 5250 5250 5250 351.676934 35.167693 5250 5250 5250 5250 5250 5250 5250 5250 5250 5250 5250 5250 5250 5250 5250 5250 5250 5250 5250 5250 5250 5250 5250 5250 5250 12.698074 15.536939 15.536939 2582.979211 2442.113827 2539.950726 2442.205182 5.686439 2496.459468 2394.556271 2235.362961
-9999 -9999 -9999 -9999 -9999 3931.417369 3606.827531 4084.920079 5250 5250 4084.462085 4270.34339 3444.872077 2738.417168 2336.231613 2671.202527 2638.44899 2639.019737 2670.712399 2764.569419 3074.866976 3337.28338 3666.541208 4207.548855 5121.2758 5250 5250 5250 5250 5250 5250 5250 35.167693 35.167693 5250 5250 5250 5250 5250 5250 5250 5250 5250 5250 5250 5250 5250 5250 5250 5250 5250 5250 5250 5250 5250 5250 5250 5250 5250 12.745848 8.167009 8.167009 3.252567 2493.811694 2439.829905 2397.72234 2584.801425 2437.384201 2336.028297 3211.70976
-9999 -9999 -9999 -9999 -9999 3268.020569 3765.917402 5250 3567.948413 3735.602073 3735.178944 2897.409294 2069.365884 1831.943132 1799.076871 1833.538546 2377.603239 2265.228106 2275.054064 2676.879074 3072.218824 3209.265027 3666.541252 4806.616282 4838.370107 5250 5250 5250 5250 5250 5250 5250 5250 5250 5250 5250 5250 5250 5250 5250 5250 5250 5250 5250 5250 5250 5250 5250 5250 5250 5250 5250 5250 5250 5250 5250 5250 5250 5250 12.745848 12.724766 12.707432 7.21013 2442.89092 2442.970733 2443.983984 2295.548734 3087.363368 3146.464846 3211.830622
-9999 -9999 -9999 -9999 5250 5250 3054.39914 2738.233546 3118.382786 2866.634761 2800.573382 1941.976798 1565.420767 1531.767926 2036.947395 1962.903854 1604.150733 1671.014226 2228.389931 2675.496045 3074.866976 3138.828957 3709.116746 4995.305979 5250 5250 5250 5250 5250 5250 5250 5250 5250 5250 5250 5250 5250 5250 5250 5250 5250 5250 5250 5250 5250 5250 5250 5250 5250 5250 5250 5250 5250 5250 5250 5250 5250 5250 5250 5250 5250 12.707432 2587.679134 5162.633828 4773.698936 4090.527718 3081.575832 2045.448305 3048.902973 4576.61444
-9999 -9999 -9999 -9999 -9999 5250 2473.622017 3062.623425 3105.033244 2900.801312 1703.206025 1333.027542 1642.802163 1598.950303 1501.002889 1305.025645 1496.537495 1607.120911 1899.050241 2733.818673 3084.764117 3141.402296 4420.801202 4297.515152 5250 5250 5250 5250 5250 5250 5250 5250 5250 5250 5250 5250 5250 5250 5250 5250 5250 5250 5250 5250 5250 5250 5250 5250 5250 5250 5250 5250 5250 5250 5250 5250 5250 5250 5250 5250 5250 5170.189733 4785.075583 4779.9487 4470.023273 4470.013897 4566.678542 4167.585892 4211.323811 4067.602631
-9999 -9999 -9999 30 -9999 5250 2669.260401 2480.054317 2017.558713 1718.281775 1725.947878 1913.708224 1390.950376 980.938657 1107.433838 1272.917379 1431.73109 1567.840039 2529.587234 2735.525548 2912.224974 3576.185072 4484.519737 4680.970193 5250 5250 5250 5250 5250 5250 5250 5250 5250 5250 5250 5250 5250 5250 5250 5250 5250 5250 5250 5250 5250 5250 5250 5250 5250 5250 5250 5250 5250 5250 5250 5250 5250 5250 5250 5250 5250 5173.563126 4826.312576 4821.10654 4782.888669 4821.788831 4671.18692 4717.24653 15.252567 15.252567
-9999 -9999 -9999 30 5250 3571.709465 2303.603826 2339.470337 1472.477708 2243.418541 1355.948358 1177.98099 961.181434 1067.667434 1045.053397 1215.153252 1496.537352 1735.578797 2600.056873 2746.674122 3575.680252 4468.516538 4631.827371 4631.827371 5250 5250 5250 5250 5250 5250 5250 5250 5250 5250 5250 5250 4820.944559 5250 5250 5250 5250 5250 5250 5250 5250 5250 5250 5250 5250 5250 5250 5250 5250 5250 5250 5250 5250 5250 5250 5250 5250 5250 5173.563126 4775.565522 1525.256674 1525.256674 1504.175222 1504.175222 152.525667 15.252567
-9999 -9999 -9999 30 5250 5250 2174.377159 2571.596373 1150.739053 2042.769701 1658.287287 1095.496843 786.972842 977.988591 1168.903722 1369.714949 1533.250752 1735.17471 2371.754939 3068.353712 3917.270407 4420.398335 4631.827371 4631.827371 5250 5250 5250 5250 5250 5250 5250 5250 5250 5250 5250 5250 5250 3416.837782 5250 5250 5250 5250 5250 5250 5250 5250 5250 5250 5250 5250 5250 5250 5250 5250 5250 5250 5250 5250 5250 3029.431896 3029.431896 3004.243669 3004.243669 3487.430846 1525.256674 1525.256674 1504.175222 1504.175222 1504.175222 1000.616825
-9999 -9999 -9999 -9999 -9999 30 2210.293525 2206.484644 1156.623651 2126.68386 1800.076556 1159.961658 779.470489 1005.142223 1175.957556 1365.423301 1571.192825 1829.10332 2177.279344 3575.680252 4028.420245 4340.249693 4340.269463 4631.827371 5250 5250 5250 5250 5250 5250 5250 5250 5250 5250 5250 5250 5250 5250 3116.769336 5250 5250 5250 5250 5250 5250 5250 5250 5250 5250 5250 5250 5250 5250 5250 5250 5250 5250 5250 5250 5250 3029.431896 3029.431896 3004.243669 3492.091051 3350.990047 3281.587388 3421.402836 4417.959416 4530.684522 3087.112688
-9999 -9999 -9999 -9999 -9999 -9999 2210.293525 -9999 -9999 -9999 734.98574 1017.519477 1096.117593 1069.226756 1164.484296 1371.319336 1554.724161 1803.643903 3575.680252 3872.349901 4340.249693 4167.23166 4631.827371 5250 5250 5004.928971 5250 5250 5250 5250 5250 5250 5250 5250 5250 5250 5250 5250 5250 2712.525667 1912.525667 5250 5250 5250 5250 5250 5250 5250 5250 5250 5250 5250 5250 5250 5250 5250 5250 5250 5250 5250 5250 5250 5173.563437 4556.927378 3739.759327 4054.325914 3289.106617 3282.593954 4227.372318 4461.370401
-9999 -9999 -9999 -9999 -9999 -9999 -9999 -9999 -9999 -9999 -9999 -9999 1299.391292 1560.894015 1560.894015 1560.894015 1902.183908 3575.680252 3920.091646 3850.276539 3850.27563 4340.249693 4631.827371 5250 4376.948079 4878.688513 5250 5250 5250 5250 5250 5250 5250 5250 5250 5250 5250 5250 5250 5250 2116.632444 1912.525667 612.594114 422.949473 525.010267 5250 5250 5250 5250 5250 5250 5250 5250 5250 5250 5250 5250 5250 5250 5250 5250 5250 5250 4556.839771 3857.771461 3829.101699 4323.124107 4326.980948 4375.269327 4763.297402
-9999 -9999 -9999 -9999 -9999 -9999 -9999 -9999 -9999 -9999 -9999 -9999 30 1560.894015 1560.894076 1902.184547 3575.680274 3850.277798 3360.301567 3360.301567 3558.697951 4194.460854 4631.827371 5250 3838.420778 4645.285185 5250 5250 5250 5250 5250 5250 5250 5250 5250 5250 5250 5250 5250 5250 5250 5250 5250 0.167009 0.167009 5250 5250 5250 5250 5250 5250 5250 5250 5250 5250 5250 5250 5250 4015.250332 5250 5250 5250 5250 4883.040237 4556.839771 3914.82161 3868.43113 4056.463463 4574.385379 4368.633126
-9999 -9999 -9999 -9999 -9999 -9999 -9999 -9999 -9999 -9999 -9999 -9999 -9999 30 3575.680255 4296.18183 3360.301567 3161.905182 3161.905182 3360.301567 5250 5250 4631.827371 3330.715696 3738.621516 4478.854832 5166.015308 5250 5250 5250 5250 5250 5250 5250 5250 5250 5250 5250 5250 5250 5250 5250 5250 5229.295003 5250 5250 5250 5250 5250 5250 5250 5250 5250 5250 5250 5250 5250 5250 4685.415048 4611.783078 5250 5250 5250 5250 5250 5250 5250 4556.839783 4556.839771 5250
