STOTEN_Data/raw/Age_yrs_900ft.asc
ncols         250
nrows         718
xllcorner     -2256000
yllcorner     1557000
cellsize      1000
NODATA_value  -9999
[rows 465 to 495 of 718, columns 69 to 137 of 250]
-9999 -9999 -9999 -9999 -9999 -9999 -9999 -9999 -9999 1206.848387 1206.835826 1206.017582 1080.406244 975.599285 874.149099 906.348605 807.39929 877.464968 906.102976 935.240613 945.243199 1365.465094 1679.796219 781.01563 1258.652722 1241.336422 1438.598492 1407.081163 1397.653485 1608.926273 1706.752844 1363.461018 1037.282218 1002.622792 3393.147679 4345.060329 2284.842398 1702.434263 1060.13365 1531.789975 1912.773612 1771.026197 1617.241105 1229.930147 1034.708999 853.141347 686.200991 750.669087 724.705277 752.555252 605.654931 664.078403 624.273017 623.139052 623.611312 579.427647 571.326026 560.189083 513.791668 482.830745 459.166311 447.764153 535.102249 738.498702 1065.073226 1166.769922 1463.742009 1585.599232 1698.021596
-9999 -9999 -9999 -9999 -9999 -9999 -9999 -9999 -9999 1143.563667 1272.993597 1108.387458 977.127959 1043.178732 943.946709 1007.612921 971.205763 30 30 -9999 30 1077.23139 1401.808786 1642.700739 1676.081658 1678.980988 1674.483128 1286.217255 1271.654999 1263.600178 1638.73827 1365.098726 1136.622177 1263.901134 3906.958313 3880.954696 2526.314645 1554.435801 1805.179046 2093.792533 1912.822234 1463.817977 1432.167803 1000.073446 972.400317 757.458653 755.658005 660.734036 630.276117 630.832566 609.023922 569.582478 574.622073 567.835711 602.458931 559.765313 530.703744 514.814896 476.707129 454.213284 418.40132 420.94402 463.636574 622.413114 1027.78019 1140.234434 1567.002731 1625.595799 1671.979372
-9999 -9999 -9999 -9999 -9999 -9999 -9999 -9999 -9999 1274.326255 1271.836681 1239.136611 1239.814176 1306.51326 -9999 -9999 -9999 -9999 -9999 -9999 -9999 1205.688644 1176.964497 1429.719076 1638.602774 1639.683797 1642.18054 1291.520839 1480.99896 1306.336951 1310.393004 1335.617989 905.491164 1362.133429 2726.278055 3193.382783 2593.592331 1771.436146 1965.229466 1600.971125 1319.079838 1231.5759 1015.616764 918.84616 725.855507 714.368428 651.611417 582.160612 610.921218 587.760204 550.052475 562.755649 551.565402 544.380696 519.666258 511.582718 526.251546 498.795346 426.219908 344.266172 307.223334 315.340421 370.438195 587.658427 966.421225 1103.512585 1525.918252 1595.367859 1598.077248
-9999 -9999 -9999 -9999 -9999 -9999 -9999 -9999 -9999 30 1438.236692 1336.541919 1368.90957 1273.540999 -9999 -9999 -9999 -9999 -9999 -9999 -9999 -9999 30 1371.38496 1497.344339 1498.167363 1437.966834 1675.114814 1294.610003 1307.064018 1004.817189 1138.966411 608.158554 1643.993967 2585.935837 2865.239003 2970.682167 2253.071033 1926.983393 1131.844648 981.721772 881.590409 761.879351 786.523283 731.708495 638.803324 658.520437 634.550448 478.576041 506.195971 521.963736 505.706893 510.485975 525.81337 485.081833 478.022542 426.542405 386.228649 364.041954 316.568131 323.619971 330.811351 313.391126 256.682 401.324355 305.908288 1567.67712 1568.364474 1528.254079
-9999 -9999 -9999 -9999 -9999 -9999 -9999 -9999 1600.706742 1600.706742 1439.242447 1397.181112 1440.799059 30 -9999 -9999 -9999 -9999 -9999 -9999 -9999 -9999 -9999 1600.067053 1498.77235 1234.927018 1666.272245 1673.526784 984.545168 923.361053 937.588058 939.508203 769.237186 1534.83303 2028.066922 1996.097188 3350.415131 2081.001248 1526.647121 926.824403 826.730708 652.37349 640.832742 758.351527 846.936293 774.195524 610.341471 566.01716 501.49635 495.700243 495.685219 491.98516 493.009392 432.874975 420.099493 417.975349 402.952081 387.863352 357.766209 274.972126 237.257346 194.669975 229.836164 250.213464 378.37325 1089.903301 1260.158174 1501.371527 1558.477049
-9999 -9999 -9999 -9999 -9999 -9999 -9999 -9999 -9999 1764.294079 1465.557253 1399.109737 1369.338741 -9999 -9999 -9999 -9999 -9999 -9999 -9999 -9999 -9999 -9999 -9999 1502.815257 1503.358659 1399.155886 1603.144044 1648.027049 1293.564342 938.410776 704.472583 688.691989 615.79301 1569.518084 2502.298523 3504.203149 1924.582894 972.794845 576.546894 547.301836 610.011279 624.725053 934.254769 776.217956 588.951601 432.582651 482.497333 450.452897 481.769317 509.960252 453.485357 448.429727 429.872495 423.633965 383.390235 330.742958 340.15208 334.848685 290.961307 256.78817 199.112258 159.532887 294.208012 476.592372 1018.302828 1228.21491 1525.324878 474.023257
-9999 -9999 -9999 -9999 -9999 -9999 -9999 -9999 -9999 1765.003966 1469.893768 1500.896091 30 -9999 -9999 -9999 -9999 -9999 -9999 -9999 -9999 -9999 -9999 -9999 1636.017832 1217.123645 1467.767632 1531.428529 1634.248552 539.024535 989.178733 571.277806 638.651893 753.083082 1425.31019 691.736617 2006.763219 1621.368303 682.950665 561.790115 448.553387 442.972837 574.576168 557.299064 500.631134 434.717793 442.953147 468.95776 509.649111 517.070223 472.391174 465.156724 370.890717 338.148998 339.685629 318.523444 326.498487 344.441003 280.861087 244.925223 223.198725 188.093107 155.550992 223.635516 248.732517 561.326628 1228.387976 440.94039 501.515589
-9999 -9999 -9999 -9999 -9999 -9999 -9999 -9999 -9999 1933.124947 1901.169385 1590.564336 30 -9999 -9999 -9999 -9999 -9999 -9999 -9999 -9999 -9999 -9999 -9999 1321.310598 1288.572108 1250.446383 1499.466333 1605.010317 1376.550273 1293.135694 556.573578 539.480533 536.710192 1495.935867 870.228051 1983.277037 594.461943 526.939295 444.844562 512.354947 430.232082 379.085088 490.247844 513.609215 459.67941 488.840007 525.777935 522.812711 506.119097 401.737196 404.394278 356.859053 343.770974 335.954198 325.407261 319.990897 298.760932 280.967468 255.422814 219.871247 176.07553 193.934943 270.786735 269.275963 485.100697 1170.640692 1362.754502 1546.528175
-9999 -9999 -9999 -9999 -9999 -9999 -9999 -9999 -9999 -9999 30 1664.067574 1663.753068 -9999 -9999 -9999 -9999 -9999 -9999 -9999 -9999 -9999 -9999 -9999 -9999 1704.172806 1610.976548 1187.467764 1226.100068 1290.879517 923.115006 836.720259 621.319641 541.543254 554.175672 648.628789 917.4741 573.332418 513.057293 430.373621 421.533934 395.881765 374.502213 430.949213 481.057115 511.276019 583.821462 517.272765 456.167486 439.264224 402.809761 397.694293 356.26401 346.526428 323.319128 323.989881 317.36303 297.918921 264.059631 212.954626 198.043887 191.013368 219.858576 277.08199 409.07892 627.866237 1080.043129 1233.646244 1358.893226
-9999 -9999 -9999 -9999 -9999 -9999 -9999 -9999 -9999 -9999 -9999 1767.888912 1831.849399 -9999 -9999 -9999 -9999 -9999 -9999 -9999 -9999 -9999 -9999 -9999 -9999 1671.612316 1704.989001 988.953648 478.871591 906.50556 806.547565 637.077875 705.082946 543.188605 566.325489 519.088517 392.775873 461.078028 406.3343 388.851784 381.802622 353.846158 366.315524 367.051398 341.001241 449.935676 478.897708 418.252999 459.529726 436.635501 430.898479 384.568095 360.234743 345.975996 344.962531 335.787496 307.900884 279.484674 255.311475 216.807052 206.261301 197.784677 226.980622 276.680129 383.079129 547.359882 963.03195 1185.997955 1130.040259
-9999 -9999 -9999 -9999 -9999 -9999 -9999 -9999 -9999 -9999 -9999 -9999 1831.849399 -9999 -9999 -9999 -9999 -9999 -9999 -9999 -9999 -9999 -9999 -9999 -9999 1869.052535 1570.64362 1219.599452 418.841633 906.948167 659.487038 938.97991 691.572494 425.196958 418.567602 424.268667 390.227555 460.847302 382.291689 372.876429 355.41025 378.005995 369.113088 346.760772 321.337435 376.769036 344.322259 388.685965 498.847607 463.040951 430.042167 414.52679 387.940225 363.997683 342.008993 333.536496 308.459897 271.85631 255.99786 246.164714 235.367109 210.063527 198.180527 270.607443 382.048987 604.827629 771.156327 999.919547 1299.031423
-9999 -9999 -9999 -9999 -9999 -9999 -9999 -9999 -9999 -9999 -9999 -9999 30 -9999 -9999 -9999 -9999 -9999 -9999 -9999 -9999 -9999 -9999 -9999 1830.598813 1036.271507 1533.826578 1022.254079 468.950842 525.010267 708.97531 708.51721 1002.547463 551.879641 424.034998 410.946706 357.56492 527.937455 388.44236 387.055271 385.547378 371.774139 371.710043 378.930444 331.365671 319.598449 338.916484 359.230961 416.629786 444.213806 458.926116 414.992915 384.577681 370.456592 353.639871 329.558573 312.534206 298.768897 275.610007 254.50144 216.796338 172.623635 193.529233 262.790646 397.742243 569.554585 920.823742 1065.294399 811.573894
-9999 -9999 -9999 -9999 -9999 -9999 -9999 -9999 -9999 -9999 -9999 -9999 30 -9999 -9999 -9999 -9999 -9999 -9999 -9999 -9999 -9999 -9999 -9999 1892.75208 1070.473522 525.010267 299.535709 499.026618 908.415492 907.944892 1006.997909 612.062516 552.162646 458.840799 411.496293 359.33917 432.266553 410.101314 431.002287 411.573033 395.57361 366.41496 377.932874 316.487045 287.023284 287.782136 366.310231 444.734887 414.393885 414.468542 412.767511 401.78229 378.119397 369.010119 342.254134 339.18109 304.039529 274.300708 241.685973 189.624982 178.537665 252.96384 334.779125 459.024618 642.88263 711.140119 781.978759 753.850836
-9999 -9999 -9999 -9999 -9999 -9999 -9999 -9999 -9999 -9999 -9999 -9999 -9999 -9999 -9999 -9999 -9999 -9999 -9999 -9999 -9999 -9999 -9999 -9999 872.168942 1319.631529 288.761123 170.089601 525.010267 908.252503 505.836623 1037.727311 704.233325 557.707921 556.1799 429.21303 372.846969 382.401138 450.105989 456.117228 434.683665 382.659968 344.929037 380.390172 330.64935 293.90321 308.46293 311.7128 371.944918 416.143136 408.532816 433.022358 417.42196 412.449208 401.396307 354.178768 326.192904 308.118048 280.440518 243.272236 243.075523 296.503936 345.120185 401.70524 497.941091 619.159347 619.244717 551.303586 406.551536
-9999 -9999 -9999 -9999 -9999 -9999 -9999 -9999 -9999 -9999 -9999 -9999 -9999 -9999 -9999 -9999 -9999 -9999 -9999 -9999 -9999 -9999 -9999 -9999 677.375522 870.095314 883.944041 346.04324 371.290096 522.008776 843.560882 1228.387916 798.828998 587.197948 596.488876 438.556274 378.27057 408.835632 438.867127 443.392218 407.119729 356.212303 347.950547 332.412138 307.857266 296.089676 335.986332 325.511286 425.047672 438.753372 479.314735 482.168543 451.275382 417.818533 394.86653 373.803413 357.118358 331.564292 313.032763 292.309341 296.657992 358.036172 434.333621 454.533592 503.873232 489.838388 422.656789 379.662602 428.628808
-9999 -9999 -9999 -9999 -9999 -9999 -9999 -9999 -9999 -9999 -9999 -9999 -9999 -9999 -9999 -9999 -9999 -9999 -9999 -9999 -9999 -9999 -9999 -9999 -9999 525.010267 525.010267 338.807881 286.530828 374.881994 499.496698 671.837865 780.915394 657.875105 539.154156 416.088946 390.336249 440.650631 438.741474 398.948983 366.512785 377.082108 371.019283 353.602561 320.836128 313.585979 379.594173 476.309687 494.987229 478.083715 478.720692 467.203044 458.214983 436.691873 421.971558 396.810496 386.119385 373.019362 360.498307 372.872029 407.785211 456.977776 470.664135 549.78794 428.285525 444.168706 406.46641 369.091167 546.165648
-9999 -9999 -9999 -9999 -9999 -9999 -9999 -9999 -9999 -9999 -9999 -9999 -9999 -9999 -9999 -9999 -9999 -9999 -9999 -9999 -9999 -9999 -9999 -9999 -9999 1547.497617 870.32257 256.770037 243.157303 352.69306 478.600222 820.605626 771.649875 650.722763 536.567342 406.962702 418.704158 426.115449 514.386103 344.730172 382.424038 422.558858 421.573271 353.254324 330.695496 334.599303 354.376132 405.672091 480.517314 472.53156 478.028039 476.33506 511.020923 446.511317 418.001322 430.751528 426.876682 433.368393 429.123117 446.360593 484.179786 492.468878 601.085965 525.036104 457.037061 525.626277 557.413273 527.943888 682.38213
-9999 -9999 -9999 -9999 -9999 -9999 -9999 -9999 -9999 -9999 -9999 -9999 -9999 -9999 -9999 -9999 -9999 -9999 -9999 -9999 -9999 -9999 -9999 -9999 -9999 -9999 1207.138097 202.702276 248.110762 343.083879 464.382663 788.153708 713.026417 674.091655 522.873451 412.530122 449.794382 458.330169 356.080847 367.711915 424.08941 388.270359 399.376398 345.605052 376.893003 373.460967 361.837663 368.567657 456.048742 491.115049 545.996279 522.542204 567.3494 485.383302 483.571807 523.664264 511.716804 483.267174 511.439653 535.647406 629.388506 659.991415 680.316846 686.336111 735.28742 691.589408 658.335166 763.73394 766.324435
-9999 -9999 -9999 -9999 -9999 -9999 -9999 -9999 -9999 -9999 -9999 -9999 -9999 -9999 -9999 -9999 -9999 -9999 -9999 -9999 -9999 -9999 -9999 -9999 -9999 -9999 1005.325355 136.388428 220.521107 374.816376 773.161862 952.662039 772.930968 685.818543 538.117274 543.387869 547.906299 392.572989 380.273037 404.475056 385.505921 383.615447 422.931562 369.326175 375.111074 367.670158 403.775471 504.886197 509.246354 520.029217 519.622039 482.754602 493.037224 509.546097 588.085656 609.291187 601.08263 611.270535 649.413596 670.17493 692.965857 699.799562 836.951204 909.325394 756.687749 901.304156 1004.339181 1166.109769 1128.420587
-9999 -9999 -9999 -9999 -9999 -9999 -9999 -9999 -9999 -9999 -9999 -9999 -9999 -9999 -9999 -9999 -9999 -9999 -9999 -9999 -9999 -9999 30 30 30 30 -9999 635.517564 309.674448 166.188867 563.414504 838.012081 872.115732 662.81015 554.493112 684.32822 651.550015 419.90569 382.632846 381.974759 377.117861 388.256941 394.096204 406.121323 400.204574 377.588331 405.166975 400.216746 402.991108 454.440966 439.453311 505.562192 503.099898 539.837068 619.185712 714.552135 764.50022 716.775499 714.883946 695.294155 698.621052 790.094029 818.889365 829.763465 828.374774 1034.508525 1168.254466 753.933107 788.929411
-9999 -9999 -9999 -9999 -9999 -9999 -9999 -9999 -9999 -9999 -9999 -9999 -9999 -9999 -9999 -9999 -9999 -9999 -9999 -9999 -9999 -9999 -9999 30 30 -9999 -9999 978.474037 298.205192 492.264477 455.776516 760.205018 863.361426 524.703501 632.868861 662.883881 446.429552 414.094378 377.929949 368.786267 368.174519 386.151145 410.969011 403.611864 403.373558 390.874749 425.586957 394.590978 453.038962 414.26355 531.075004 733.808364 649.882637 630.275676 669.391574 711.766874 676.654884 710.170415 766.091992 799.44276 757.372788 746.692869 744.480573 823.149052 969.205277 986.658866 1090.120551 766.326196 747.815166
-9999 -9999 -9999 -9999 -9999 -9999 -9999 -9999 -9999 -9999 -9999 -9999 -9999 -9999 -9999 -9999 -9999 -9999 -9999 -9999 -9999 -9999 -9999 30 30 30 -9999 1052.494326 339.650537 387.941361 678.307532 766.471352 733.055947 502.21176 691.665251 437.062144 447.611018 405.844513 364.511922 354.88809 361.909593 393.926325 440.807513 469.652509 550.337628 402.864077 396.497304 535.32251 662.183419 577.643037 590.792903 706.833353 679.229813 815.539709 711.792473 716.912075 787.094665 761.928363 766.327906 774.382968 793.142303 771.503289 802.662936 1027.440167 1026.278807 1424.948579 758.302784 1986.638158 1030.435779
-9999 -9999 -9999 -9999 -9999 -9999 -9999 -9999 -9999 -9999 -9999 -9999 -9999 -9999 -9999 -9999 -9999 -9999 -9999 -9999 -9999 -9999 -9999 30 30 281.670089 1558.6859 522.518823 358.596939 419.8211 722.327602 686.500355 707.558277 471.712131 585.827911 496.84599 458.600306 400.812562 377.727039 361.473339 376.085439 381.105983 476.222261 511.301638 558.071446 651.120395 421.029926 610.611294 680.859996 608.309025 677.797239 651.564813 749.958105 864.887238 910.147561 779.071235 843.791791 820.977196 819.25622 836.479527 822.813117 813.718427 1094.120003 1364.044304 1329.975712 5250 2974.963301 1048.308117 1012.044576
-9999 -9999 -9999 -9999 -9999 -9999 -9999 -9999 -9999 -9999 -9999 -9999 -9999 -9999 -9999 -9999 -9999 -9999 -9999 -9999 -9999 -9999 30 -9999 30 281.670089 2735.33505 505.542304 431.183654 588.882545 578.030135 632.999351 610.306151 704.827047 543.314658 487.132662 428.944658 409.8791 360.26812 356.874814 361.865768 426.249195 411.899789 399.701579 408.766083 584.738596 612.028172 766.410619 551.552196 546.226795 612.4995 627.368526 682.997424 694.453037 759.20721 768.651719 864.638347 905.492295 996.908963 1019.025018 1073.418295 1193.60232 1455.331963 1367.206 5250 2208.835993 2026.025708 1490.744627 1494.748309
-9999 -9999 -9999 -9999 -9999 -9999 -9999 -9999 -9999 -9999 -9999 -9999 -9999 -9999 -9999 -9999 -9999 -9999 -9999 -9999 -9999 -9999 -9999 -9999 -9999 -9999 30 522.840549 491.915554 555.22172 909.154963 449.84704 591.845681 702.692321 434.414481 391.89646 402.235111 398.408927 359.085859 342.682566 328.860649 374.381573 385.381414 398.748146 644.226552 614.943539 418.80667 428.472022 514.784022 617.749515 564.466404 619.582621 746.407189 784.649413 795.08682 902.558682 999.276363 1162.367303 1388.451353 1394.986619 1459.698668 1456.699839 1393.606287 1363.781531 5250 2477.28416 1621.514747 2050.308918 2030.756675
-9999 -9999 -9999 -9999 -9999 -9999 -9999 -9999 -9999 -9999 -9999 -9999 -9999 -9999 -9999 -9999 -9999 -9999 -9999 -9999 -9999 -9999 -9999 -9999 -9999 -9999 -9999 -9999 522.518823 963.807078 1245.588316 435.449445 703.239305 422.111373 382.916998 399.372046 431.056107 409.539213 401.514172 433.723878 409.483968 408.883232 399.259216 388.427518 395.680671 425.423723 422.717958 443.968487 421.235549 644.350696 626.934476 880.751139 854.429843 883.641138 903.136952 931.36348 1010.316125 1054.158298 1181.433577 1557.773139 1432.238744 1363.702882 1328.205813 4427.707864 2521.813127 1860.064544 2628.437769 2927.948893 2468.74212
-9999 -9999 -9999 -9999 -9999 -9999 -9999 -9999 -9999 -9999 -9999 -9999 -9999 -9999 -9999 -9999 -9999 -9999 -9999 -9999 -9999 -9999 -9999 -9999 -9999 -9999 -9999 -9999 -9999 30 5250 552.473899 414.704083 365.329863 415.922836 414.928827 431.751194 432.325269 441.156529 392.221703 394.823607 430.250691 416.887375 374.887356 388.256282 399.638024 394.148731 416.183653 610.103627 609.498822 939.896779 1026.840388 874.392428 855.505009 924.534493 1075.810835 1144.684177 1313.659197 1306.33748 1427.53768 1435.063336 1328.070449 1295.967917 1630.391178 2092.361647 3045.389328 2998.236026 2600.14088 2004.647478
-9999 -9999 -9999 -9999 -9999 -9999 -9999 -9999 -9999 -9999 -9999 -9999 -9999 -9999 -9999 -9999 -9999 -9999 -9999 -9999 -9999 -9999 -9999 -9999 -9999 -9999 -9999 -9999 -9999 -9999 5250 1238.696019 1301.102475 320.522333 425.421961 418.390924 443.692635 435.264123 452.171049 416.555739 579.130526 410.498196 413.062729 358.83439 368.85219 362.882624 374.84077 389.347657 685.749033 885.406196 922.22861 947.574299 995.858858 790.305493 1032.804703 940.061781 839.724209 1187.627738 1582.667743 1556.840296 1561.666464 2295.19714 1457.507213 1532.455632 2915.809874 2902.851928 2830.755191 2902.851947 2761.295686
-9999 -9999 -9999 -9999 -9999 -9999 -9999 -9999 -9999 -9999 -9999 -9999 -9999 -9999 -9999 -9999 -9999 -9999 -9999 -9999 -9999 -9999 -9999 -9999 -9999 -9999 -9999 -9999 -9999 -9999 -9999 2080.44882 1370.78827 335.245589 1148.30656 439.545403 440.858116 439.966476 549.439995 408.120907 425.20782 408.289234 409.504055 353.370191 367.329168 383.952543 407.416477 790.256735 704.553348 961.434373 946.889063 814.191314 903.77461 879.31754 830.336096 816.951158 827.039208 1179.488251 1555.731633 2122.057592 1275.458242 1794.306319 2040.117503 2902.606813 2759.103914 2522.080604 2759.081191 2830.75697 2902.851928
-9999 -9999 -9999 -9999 -9999 -9999 -9999 -9999 -9999 -9999 -9999 -9999 -9999 -9999 -9999 -9999 -9999 -9999 -9999 -9999 -9999 -9999 -9999 -9999 -9999 -9999 -9999 -9999 -9999 -9999 -9999 -9999 2499.28548 1222.660427 1083.821732 436.177816 930.697016 460.286201 425.098125 431.500166 441.795592 402.306711 409.024175 422.290437 388.610544 396.023765 407.85286 797.357687 733.133663 1038.006988 1016.607004 1021.439063 936.857666 806.787188 791.870364 812.398946 804.497765 857.083428 850.838591 851.273724 1430.781409 2139.689811 2870.64721 2755.402696 2754.109295 2425.281296 2758.959789 2927.948893 3166.695529
-9999 -9999 -9999 -9999 -9999 -9999 -9999 -9999 -9999 -9999 -9999 -9999 -9999 -9999 -9999 -9999 -9999 -9999 -9999 -9999 -9999 -9999 -9999 -9999 -9999 -9999 -9999 -9999 -9999 -9999 -9999 -9999 -9999 2737.22058 1829.433915 1272.414994 1130.950437 409.571569 622.45816 587.188169 405.229206 401.960213 413.926326 665.583659 718.386899 409.55643 405.519129 384.914803 689.019499 785.729981 670.299058 998.861907 1300.484461 1037.706179 847.290738 819.989008 798.501824 931.366257 440.481332 1101.033691 2306.325553 2549.317885 2752.776346 2291.956055 2760.393317 2830.75608 2930.806874 3602.181126 3945.897355
