STOTEN_Data/raw/Age_yrs_900ft.asc
ncols         250
nrows         718
xllcorner     -2256000
yllcorner     1557000
cellsize      1000
NODATA_value  -9999
[rows 589 to 619 of 718, columns 138 to 206 of 250]
-9999 374.182067 736.048831 1087.403084 722.823024 1826.690421 2132.699405 5250 5250 3741.820671 5250 4368.504684 3741.820671 3788.478933 4111.461138 4546.224727 4909.05321 4723.935249 5250 5106.117031 1869.129714 5250 2520.545285 2660.493494 1200.71301 670.786657 610.355457 557.502593 446.182681 722.709621 1720.791066 1894.625252 4225.869928 3169.487002 1905.761033 1486.149602 1685.363365 1594.705427 2461.290389 3008.329404 3225.649184 1889.443027 2251.386786 1679.45348 2253.238427 2099.168042 2020.188756 2271.4577 2223.006405 2083.600387 2051.465507 1955.108198 1842.224183 1740.790048 1789.644911 1784.309695 1922.103111 4479.126384 4970.150094 5250 3633.268401 2594.489266 2209.37839 1747.33179 1494.516222 1356.793754 1252.74487 1342.335549 969.644709
-9999 402.8765 313.645779 1363.079269 1947.748568 4469.444912 5250 5250 5250 5250 3741.820671 3741.820671 3741.820671 3792.298662 3916.427561 4107.390884 4602.85759 4322.752775 5250 5250 5250 1554.797194 1785.168073 1322.802646 999.928408 702.651575 598.424504 568.034479 557.249635 1460.807911 1427.76232 1357.532311 3454.924172 2249.41189 1559.324713 1804.006404 1746.26299 1466.371103 1573.856159 1796.772182 2107.00981 1676.831969 2250.427913 2160.471924 1913.463792 2053.790822 1939.490582 1640.299755 1584.248042 2070.925377 1965.657296 1961.290936 1891.71317 1771.10874 1844.66234 1765.057884 1999.670711 4426.85623 5160.877832 5250 3376.23881 2643.440106 2175.592377 1778.934327 1549.816793 1418.44503 1026.094153 903.92911 812.449691
30 2545.492016 2603.991303 1668.953724 2672.37167 5250 5250 5250 3741.820671 3741.820671 3741.820671 3741.820671 3741.820671 3741.820671 3792.757312 4134.647981 4595.896397 4983.211519 5250 5250 5250 1849.318243 1853.812288 986.447403 790.358676 700.930365 667.68762 554.496874 1020.599939 1707.146969 1188.487628 1322.642106 2874.458596 1976.442532 1888.275716 1822.207442 1577.984829 1561.287655 1684.82324 1814.374128 2063.295951 1809.260882 1855.333575 1984.461295 2161.3289 1823.308335 1752.543726 1046.01433 1439.92724 2164.564246 1947.760704 2000.785305 1820.79006 1806.779708 1830.111006 1805.222756 1998.311391 4556.556076 5250 5250 3344.621988 2642.225986 2238.471582 1971.931825 1419.129345 1222.649026 1066.392704 973.475784 909.124416
-9999 5250 515.441478 515.441478 515.441478 515.441478 521.047004 2807.592843 5191.512663 3741.820671 3741.820671 5250 3741.820671 3741.820671 3809.774683 4003.645983 4450.581707 4737.08299 5089.225183 5250 3404.455076 1967.487915 1733.437357 1708.057879 1317.903239 965.663466 998.409997 967.407988 1999.51386 2038.266589 1116.443315 1749.291866 1500.709081 1713.090831 2052.793873 1881.947188 1361.197341 1819.199798 1822.7394 1947.340687 2023.711827 1945.792806 1992.896423 1803.192102 1687.709012 1608.283711 1615.423096 1600.459941 1888.357967 1859.936309 1833.513268 1940.498062 1716.990065 1723.374974 1711.327251 1839.447536 2010.108131 4397.425807 5250 4514.192252 3262.1173 2692.273178 2420.517653 1677.262573 1515.938826 1332.491617 1188.702228 1103.730228 1069.78858
-9999 2639.221124 1930.600127 1406.58264 1404.086487 1528.456683 1559.511565 1644.853051 2074.481981 3530.691001 3855.65995 5250 3741.820671 3741.820671 3814.449696 4099.661534 4277.154438 4160.882828 4361.503828 4710.002634 4720.262531 2044.909273 1841.350907 2078.924026 1988.503364 1169.665125 1238.383625 1253.909334 2186.309393 2203.421413 1392.10546 1484.818155 1723.921023 1861.906339 1718.476417 1259.641823 1893.648197 2062.581972 1968.711519 2181.346809 1984.552153 2130.286563 1938.745363 1839.628304 1805.75998 1650.76059 1555.954717 1622.774213 1936.884067 1929.01805 1830.246405 1764.819185 1652.047879 1623.977952 1741.990401 1866.212904 1943.660815 4458.665743 5250 4317.098307 3061.289598 2825.200743 2116.581045 1788.19433 1619.766459 1512.652024 1536.127218 1378.039052 1744.320826
-9999 30 1737.497556 922.898849 1475.585662 1222.061864 492.511978 1249.389749 1896.70572 3470.186542 4377.133071 5191.512663 3741.820671 3741.820671 3754.205674 4036.081477 4243.661808 4613.030274 4659.915686 4061.501668 3877.211268 2500.425144 2328.192314 2084.26326 2270.59239 1262.479831 1175.685219 1399.116951 1427.831896 2310.876044 2043.304184 1848.731104 1528.246761 1555.290806 1527.862311 1703.612539 1298.484899 1586.197066 1995.123668 2285.908453 2131.059879 2111.172922 1727.128698 1991.727329 1852.203523 1656.213253 1605.867869 1706.058217 1747.869506 1803.423088 1793.624912 1714.249234 1652.652037 1601.66496 1775.410621 1814.116851 1949.384042 5250 5240.063306 4311.019849 3418.855599 2548.353364 2289.344031 2121.263737 2069.484374 1769.218685 1596.333299 1508.673776 1538.445885
-9999 -9999 1012.358971 1415.412075 1648.865833 1678.838608 2043.554448 1017.433342 4615.243021 5250 5250 4936.9135 3741.820671 3741.820671 3789.320695 4075.822637 4238.500804 4428.617753 4626.570747 3033.198865 5250 4617.249023 3039.806681 2723.684149 2493.420019 2025.331598 1624.846611 1404.639783 1401.779107 3138.619871 2332.913577 1526.940281 1279.40278 1404.832165 1640.869832 1518.099936 1591.928969 1513.429745 1983.720659 2922.746201 1944.662947 1961.261265 1891.945186 1583.286625 1580.464653 1546.188602 1605.644391 1783.281442 1657.520695 1772.759836 1643.795575 1586.730076 1542.565776 1620.885667 1630.471679 1586.12851 1902.552958 5250 5250 4218.914877 3655.87455 2884.936578 3228.137745 5250 1866.501424 1766.103959 1556.389343 1502.207681 1527.686971
839.924448 917.374044 1672.490216 1681.558989 1403.884518 1339.889708 1019.960301 2852.654709 4171.252639 4728.87355 5250 5191.512663 5250 3776.942512 3811.314792 3937.774372 4225.451859 4483.864799 4385.27952 2999.125216 2061.454494 2585.233396 1956.263851 1258.9357 2901.625868 2155.473634 1949.67342 1947.610717 1814.027167 3290.802613 3173.540098 1489.861302 1253.531008 1235.711007 1502.37799 1420.591725 1528.505128 1466.350025 1868.171082 2662.923149 1940.570624 1859.742595 1519.128088 1230.193879 1494.891623 1501.400329 1406.987919 1461.296935 1515.346961 1804.74133 1621.410724 1669.185346 1421.154952 1605.014048 1534.60083 1529.530982 1524.666825 5250 5161.641029 4456.417763 4185.216261 3502.634832 3428.011957 2166.624472 1873.134375 1832.314079 2006.256137 1713.215184 1499.711497
837.457821 853.963883 1765.281942 1777.688263 1740.176273 1863.145253 491.66751 5250 5250 5250 5107.534333 5217.962286 5250 5250 3933.848945 3989.909127 4193.126566 4293.702149 3431.64395 3013.463513 3407.095229 2519.41929 1761.54877 2028.697891 1769.463287 2097.853681 2463.044034 2059.103212 2214.016031 3370.656003 3432.862453 1504.897883 1311.93664 1246.675578 1468.212379 1391.723143 1347.933995 1328.567286 2030.245899 2012.066342 2084.870976 1955.615284 1745.007714 1522.374266 1407.214668 1415.076198 1403.948179 1450.832636 1545.582905 1586.864962 1704.855047 1773.705444 1355.018622 1425.676292 1352.86863 1118.035624 1489.983479 5161.415701 5250 4670.748877 4193.217381 3064.744834 4259.085462 2074.643253 3405.820051 2196.710448 1773.410334 1594.693943 1558.696944
1768.813274 1733.747683 1737.146978 1744.251133 2734.491747 3098.090876 5250 1568.947496 3561.81175 5250 5250 5250 5247.287697 5250 5250 4343.341565 4569.569473 5250 3675.229798 3181.394653 2467.945085 2564.885192 2463.954854 2121.713682 1697.168165 1556.505505 1618.559096 1721.100161 2943.640127 3346.777614 3471.809135 1578.783433 1415.145176 1314.124778 1465.291118 1513.073686 1250.668592 1353.977 2300.144953 2157.736137 2285.584053 1951.464516 1737.570358 1529.854472 1497.043584 1352.870513 1335.959366 1478.057545 1615.261709 1500.738583 1845.553452 1069.701975 977.578101 1156.119654 1198.793965 1098.944967 2915.566678 5051.565635 5174.814061 5018.143178 3564.992139 3153.584411 4468.958271 2773.797474 2603.299708 2230.243156 1801.203906 1630.235449 1669.5183
1867.920396 1867.920396 1867.920396 1853.390629 1860.439882 1856.025571 1929.112013 1072.218471 2722.865177 2722.865177 3094.256937 5250 5250 5154.414784 5250 5154.414784 5250 4049.682605 2903.583938 3329.79852 2992.198967 2667.389733 2792.350694 2655.912375 1872.841953 1786.88774 1524.166239 1608.120444 1959.812616 3652.350226 3536.135904 1760.628252 1493.227172 1376.534148 1460.025566 1493.76079 1282.384368 1401.565816 1977.559514 2366.082412 2330.406548 1966.016485 1542.408384 1316.971732 1437.892826 1436.548565 1469.781002 1487.842783 1475.502842 1277.803153 1241.78354 585.299084 867.561793 1164.70258 1101.890961 1196.09615 2709.548615 4695.960376 5250 4440.396842 5250 5250 2948.51629 3036.509206 4177.23762 2070.893608 1967.694204 1669.108967 1758.951392
1765.082512 1869.614355 2034.608668 2571.083329 2733.103185 3758.819705 3559.893157 3559.893157 3410.475312 3122.082308 3785.257884 3741.306535 5250 5250 5154.414784 5154.414784 5154.414784 4186.713026 4540.899743 3183.700231 2532.287159 2349.819641 2706.69413 2495.44298 2363.988448 1888.247094 1802.110327 1686.938833 1757.328964 3513.899702 3705.619936 2136.678437 1725.835345 1493.243251 1427.208414 1698.636223 1431.473248 1377.106408 1820.503346 2258.433241 2346.105453 2084.79428 1540.016779 1417.004494 1454.703422 1454.953566 1473.202554 1565.443897 1377.819769 1423.359483 663.762872 591.821569 831.91087 1074.548072 1131.293281 1551.620202 3396.417668 4960.183026 5250 4039.606488 5250 3330.601793 3373.609317 3070.598122 3565.794467 3467.902234 1669.486128 1619.823192 1889.36142
2002.071033 2074.008074 2427.347071 2629.708222 3863.745033 3068.632812 4468.607856 4468.607856 3842.777484 3575.787033 4641.061993 5250 4087.611225 5250 5154.414784 5250 5154.414784 5154.414784 4155.83882 3035.226348 3175.695229 2328.438744 2695.649615 2561.904759 2407.931475 2212.444077 2023.893981 1965.266892 2218.797424 3130.843382 3947.725254 2567.68933 1913.886058 1722.124876 1551.150604 1605.771518 1542.698488 1396.075038 1793.138051 2264.220669 2398.061692 2090.902248 1499.60799 1308.440519 1441.929107 1563.703065 1574.195438 1559.686427 1326.304711 1296.863376 643.560267 874.633427 998.982609 1079.915081 1265.482544 1743.952587 2551.669142 5023.746685 4744.892373 3761.657356 3476.571763 3835.634048 3244.996227 2982.143268 4998.012889 2052.63596 1703.62607 1622.185535 5250
2100.023744 3700.240048 4468.607856 3565.160342 4443.740552 4917.101542 4745.061771 4311.14715 3966.536882 4491.172103 4205.430071 4094.36459 4529.226557 4493.839836 3846.132786 5250 5250 5250 5158.288542 2051.892481 1819.577092 2579.875078 2358.513518 2363.104425 2552.614778 2613.67336 2270.447332 2164.226945 2894.549536 3745.389356 5250 3917.888801 2071.707842 1949.856875 1687.00927 1779.1492 1827.650077 1445.668621 1726.669403 1971.03079 2399.410714 2126.500636 1691.091588 1287.535869 1411.347948 1610.895196 1620.202294 1476.16359 1351.382363 936.541386 900.326405 947.54777 1050.849319 1160.64492 1423.910307 1733.187421 3585.467043 4623.512213 4585.216655 4085.303517 4067.269523 3821.506441 3066.224206 3074.559794 3619.29522 1670.657097 1635.66605 1267.14063 1221.645863
4170.555461 3694.053724 4875.022813 4893.256842 4893.256842 4904.688169 1645.40402 1665.947581 4764.216602 4309.727991 4154.232343 4239.119449 4460.96482 5141.957563 4791.981642 5250 5250 5250 5250 5250 4055.569768 1890.718583 2322.667723 2356.426343 2424.966911 2476.426312 2517.965264 2951.719818 2735.06905 3354.181513 3837.96233 5250 5250 2209.53583 1780.630205 1752.193045 1779.637043 1822.25814 1799.507263 2066.971118 2299.552577 2185.267676 1795.380585 1405.591859 1425.376422 1661.868188 1616.779706 1385.058592 1627.191895 940.709022 1035.476907 1140.155011 1102.326013 1229.983261 1530.975985 1835.436986 3610.43661 4552.63105 4756.91211 4491.507723 4181.630767 3727.377197 3066.791178 52.459959 1962.978115 1700.06186 1441.014104 1476.781992 1310.386252
4875.583867 4893.256842 4893.256842 4812.025205 5250 5250 52.418891 209.534109 523.764545 5250 5250 5250 5250 5250 5116.289842 3974.811773 5250 5250 5250 5250 3741.7818 3704.233672 2016.463991 2291.73338 2260.311192 2431.987591 2418.744121 3144.677915 3124.476928 3002.518245 3530.401283 3519.894627 5250 2738.320437 2178.885224 1926.403057 1877.145299 2010.585729 1742.542413 1795.089904 2240.508569 2451.019373 2195.803397 1538.304272 1619.961861 1696.705019 1541.561606 1311.414076 1149.66457 1074.695434 1150.764754 1125.876432 1241.754753 1266.035166 1467.929607 1832.04986 3803.192609 4670.700759 4607.815653 4737.320085 4142.538626 3916.823621 2993.299286 3614.032969 1712.683928 1679.65909 1712.332471 1465.301162 1030.979933
4609.778972 4865.160589 5250 5250 5250 5250 5250 5250 5250 5250 5250 5250 5250 5250 5250 4537.577002 5250 5250 5235.905868 5247.891667 2411.217604 2417.758927 2252.836556 2144.188619 2459.943904 2419.582327 2393.741439 2456.841791 2784.67582 2665.79808 3428.831807 3756.356062 5250 3614.423044 2705.855888 2151.120159 2258.961291 2311.663755 1815.810891 1866.258155 2130.4369 2061.073722 2286.683811 1907.828357 1861.933801 1864.934647 1691.349943 1274.264585 872.539482 878.089852 1239.057459 1182.246793 1170.270122 1253.963368 1426.995289 1690.894323 3671.859121 4677.248529 5019.025416 4483.580913 4154.028173 3162.365696 52.459959 2018.933564 1843.202052 1723.505844 1627.746607 1263.046322 1169.151067
5250 5250 5250 5250 5250 5250 5250 5250 5250 5250 5250 5250 5250 5250 5250 5250 5250 5250 5250 5250 3999.905935 3077.297238 2425.410051 2359.845297 2377.438348 2597.419361 2562.401755 2459.025143 2520.053277 2696.748325 3057.767926 3631.484476 4506.0073 5250 2629.645582 3071.338487 3351.885037 2807.965108 2262.832511 2080.687094 2122.344554 2361.928509 2390.44682 2142.141766 2034.759648 1942.709736 1781.314334 1294.092639 924.814328 886.914567 1263.918899 1198.296625 1103.797918 1153.235925 1396.249076 1721.147281 3028.403143 1863.606984 3141.144947 4039.55178 1774.196814 3103.737083 2391.907344 1967.322094 1894.276563 1625.634226 1431.747451 1429.290451 2028.751227
5250 5250 5250 5250 5250 5250 5250 5250 5250 5250 5250 5250 5250 5250 5250 5250 5250 5250 2158.538186 2234.2901 2269.020752 2563.914819 2240.136866 2502.10858 2517.531648 2382.503934 2420.272225 2472.405214 2547.38704 2526.793682 2908.544076 3089.697639 4131.00401 5250 5250 2668.486601 4285.763244 4112.286402 3442.613371 2292.038907 2493.179548 2593.321407 2621.363179 2237.596875 2246.877175 2082.623431 1940.046707 1465.08362 1027.496826 1107.021667 1460.192187 1139.241879 987.79876 1163.282569 291.62003 1069.513612 1844.660249 549.609321 2767.990963 3910.330672 3090.048592 2992.259246 1931.50062 1780.541434 1502.299382 1500.373465 1828.475202 2057.449009 1969.227582
5250 5250 5250 5250 5250 5250 5250 5250 5250 5250 5250 5250 5250 5250 5250 5250 5250 5250 5250 5250 2067.198754 2163.331948 2166.794764 2346.475187 2316.132201 2494.122117 2579.963556 2497.442153 2681.814139 2670.111655 2590.470299 3119.241115 4054.479358 4186.372064 4065.274852 2707.611432 3084.563365 4425.345115 3357.973963 2364.479574 2518.756189 2753.040416 3067.692027 2356.281218 2462.562776 2290.636943 1970.647634 1575.697055 1380.273311 1494.844293 1710.661791 1095.655523 995.651221 1033.595911 285.116828 190.799937 559.181965 2840.087454 4002.623214 3833.813659 2269.241702 1870.229162 1367.37373 1273.744952 1270.375828 2471.419812 2130.106107 1730.624086 1462.837334
5250 5250 5250 5250 5250 5250 5250 5250 5250 5250 5250 5250 5250 5250 5250 5250 1278.265704 1273.477105 1348.84916 1280.185343 1351.565984 1359.659129 3652.919696 2222.413843 2241.560045 2252.553732 2497.222522 2580.577117 2498.762581 2594.866255 2771.227125 3228.336064 3736.841918 4017.95462 4124.638907 2477.340993 5250 5250 2730.370414 3496.201976 3758.935577 2973.891288 3206.067623 2469.469918 2503.407628 2686.112119 2190.967255 1962.817226 1557.351207 1916.959621 1759.692612 1165.87853 966.491517 916.275613 224.141271 183.758729 2522.907035 2221.001058 2270.294203 1576.76559 1776.016736 941.604836 1201.89816 1136.039219 2367.160466 2058.818024 1995.381035 1894.510907 1138.333937
5250 5250 5250 5250 5250 5250 5250 5250 5250 5250 5250 5250 5250 5250 5250 915.249539 1116.120323 1063.757983 1473.720662 2606.993595 1598.227052 2041.843609 2452.448955 5250 2523.525601 3157.64445 2380.904511 2411.40936 2690.88341 2447.86776 2518.51577 5250 3992.698033 3662.786568 3930.520893 3822.508892 3267.540655 5250 5250 3608.213552 5250 2368.283953 3950.283057 2877.741709 2468.220085 3805.902415 2353.871297 2163.55211 1970.675451 1898.361081 1644.892962 1058.600259 978.554331 738.884479 725.249927 1900.11256 1991.567601 1100.560976 993.471908 1125.468785 983.77892 999.019123 883.316948 1416.675524 1405.829307 1197.365162 1077.850443 1194.678273 1241.983317
5250 5250 5250 5250 5250 5250 5250 5250 5250 5250 5250 524.599589 5250 5250 5250 5250 1116.769336 1292.77851 1564.895178 1974.48728 2026.033892 1930.044408 2108.526913 2048.584896 2312.711717 3477.582431 2251.739213 3199.077881 2533.270624 2585.798833 2414.871789 2612.798582 5250 5154.414784 3638.742299 3832.174443 3840.875585 5250 5250 5250 4300.068446 3733.333333 4609.867602 3676.323139 2854.464691 4052.173773 2785.579882 2179.534975 2091.600417 1959.87842 1697.050177 1369.216403 765.319199 1145.385273 767.794124 3984.897662 2535.142751 1096.569328 991.569877 754.602581 726.114001 824.01259 772.733576 641.019778 891.591629 1082.641952 1267.802542 1463.210878 1392.037121
5250 5250 5250 5250 5250 5250 5250 5250 5250 5250 5250 5250 5250 5250 5250 5250 5250 879.85097 5250 1316.312594 1583.470123 1562.09604 1639.673776 1670.076265 1722.082364 1997.497058 2506.64041 5250 2250.361411 2310.028252 2772.629285 2588.594889 2823.541228 5250 3519.892773 3803.700285 3599.554503 5250 5250 5250 5250 4312.525667 5250 4430.297876 4133.262197 4346.831844 5250 2082.587137 2201.673816 1973.106722 1724.397674 1625.902218 954.379414 1091.638803 2869.282576 3724.525634 2656.016762 1127.878849 621.551994 618.461165 641.454405 605.496909 602.473246 703.083216 836.339625 1640.778563 1643.534448 1432.423879 1464.106673
5250 5250 5250 5250 5250 5250 5250 5250 5250 5250 5250 5250 5250 5250 5250 5250 5250 1075.788371 5250 5250 5250 1468.40805 1560.386852 1560.400734 1555.516876 1723.00758 1669.589491 2107.387888 2810.410537 5250 5250 2655.98388 2710.143803 5250 5250 4175.492958 4105.852711 3802.682673 3910.138318 5250 5250 5250 5250 5163.913504 4471.814972 4532.445706 5250 4059.139928 2635.980642 2194.142171 1881.135187 1731.531111 1547.529147 1110.529535 2325.539402 1900.136114 1467.975665 691.279682 622.775543 638.917754 577.649351 745.600368 668.837833 1571.55724 1672.357343 1249.763476 1430.615565 1365.494388 1369.528842
5250 5250 5250 5250 5250 5250 5250 5250 5250 5250 5250 5250 5250 5250 5250 5250 5250 5250 5250 5250 5250 5250 5250 1774.134891 1576.042068 1522.336058 1737.525731 1650.177842 2113.380639 2529.411354 2977.996503 3354.731235 2712.162114 5250 5250 5250 5250 5250 5250 58.974675 5250 575.167693 830.069724 5250 5250 4636.922698 4429.630388 3689.905602 2902.771633 2652.141288 2194.611864 1761.069272 1557.296573 2236.221252 2474.555256 1442.314003 935.147292 747.704085 919.833945 670.859512 742.045352 874.946953 1510.054407 1467.821085 1602.889617 1368.405481 1559.909842 1438.549406 1533.971068
5250 5250 5250 5250 5250 5250 5250 5250 5250 5250 5250 5250 5250 5250 5250 5250 5250 5250 5250 5250 5250 5250 5250 5250 5250 5250 1668.383769 1694.368473 1886.205979 2545.682319 2950.534932 3169.810979 3025.067081 3312.828356 3620.412714 5250 5250 5250 27.188227 193.128907 525.010267 493.490522 601.291487 1160.458815 5250 5250 5250 3515.939903 2898.977828 2268.05352 2365.187255 2203.678994 1359.653115 3771.4507 2515.104602 1216.290958 1239.158363 941.776152 795.146749 853.04757 916.199997 1266.184295 1567.029859 1542.553102 1561.653945 1703.13066 1628.179842 1405.421712 1300.146406
5250 5250 5250 5250 5250 5250 5250 5250 5250 5250 5250 5250 5250 5250 5250 5250 5250 5250 5250 5250 4585.33556 3645.896335 4467.310534 5250 5250 5250 5250 5250 1972.846017 2120.275526 2482.725121 3465.97386 3151.020214 3349.707974 3403.207473 5250 5250 5250 52.501027 443.785751 525.010267 525.010267 800.069297 711.272822 608.277436 525.010267 525.010267 4969.410536 5250 5250 5250 5250 5250 4229.195941 3465.205163 2601.542208 1533.289621 1084.738262 1217.245074 1117.487547 1188.001866 1607.306299 1542.822676 1375.772823 1773.481349 1674.708049 1143.7847 1140.811339 1077.957689
5250 5250 5250 5250 5250 5250 5250 5250 5250 5250 5250 5250 5250 5250 5250 5250 2686.238371 4471.243251 4675.14023 5250 4689.250491 4677.169476 4632.138334 4473.265499 4679.740124 4473.626221 4547.882362 5250 5250 5250 5250 5250 5250 5250 3488.57685 3536.741236 5250 5250 5250 502.605127 654.483231 717.392123 774.811773 716.64157 608.277436 564.426384 5250 5250 5191.512663 5250 5250 5250 5250 4074.151243 3472.917434 2336.563964 1437.826952 1662.627597 1408.460339 1675.031662 1543.211044 1537.737385 1600.760371 1803.091543 1139.207106 837.797177 767.585149 698.49252 585.149851
5250 5250 5250 5250 5250 5250 5250 5250 5250 5250 5250 5250 5250 2180.243992 2530.150647 2782.671719 3665.568294 4527.744724 4470.934739 4473.914347 4473.252877 4548.728812 4810.582546 5033.453709 4784.74418 4984.708945 4868.531295 3616.989213 3022.531472 5250 5250 5250 5250 5250 5250 3760.632366 5250 5250 5250 5250 5250 5250 5250 5250 560.360215 525.010267 5250 5250 5250 5191.512663 5250 5250 4883.219972 4283.075971 3863.173941 2742.713633 1934.854758 1435.753871 1673.427778 1675.364062 1600.876816 1737.924574 1772.154761 1237.68258 1238.119916 1007.113221 868.171627 709.825961 574.507978
5250 5250 5250 5250 5250 5250 5250 5250 5250 5250 5250 5250 2162.257899 5250 4007.381243 3129.262909 4525.705801 4468.135512 4473.035461 4575.968632 4747.499862 5181.880825 5250 5250 5250 5250 5250 4980.986459 4848.846744 4975.774983 4585.18769 5250 5250 5250 5250 5250 5250 5250 5250 5250 5250 5250 5250 5250 1143.291413 560.302206 5250 5250 5250 5250 5250 5250 5250 4474.63847 4465.654516 2512.544746 1977.364343 1683.357039 1681.64944 1769.677153 1778.278635 1772.946334 1246.343952 1468.709362 1561.881943 1381.888522 1142.322663 945.107007 1009.780515
