STOTEN_Data/raw/Age_yrs_100ft.asc
ncols         250
nrows         718
xllcorner     -2256000
yllcorner     1557000
cellsize      1000
NODATA_value  -9999
[rows 558 to 588 of 718, columns 140 to 209 of 250]
23.597396 37.162474 37.162474 27.718046 30.516605 27.031343 58.874677 42.850449 25.68325 28.386514 27.748658 130.136316 133.451146 101.549066 42.125444 42.407924 91.46244 88.150597 100.423332 326.167817 323.950245 250.366461 122.559131 131.075265 45.058545 39.000568 39.836208 38.838006 40.520108 34.884537 33.010901 33.293077 33.756018 173.653258 474.035182 260.9869 110.093839 77.701801 70.499816 71.393474 82.650354 133.326851 93.860995 81.660859 69.15466 59.063602 42.875989 38.948386 37.500103 55.687363 54.47687 52.006053 36.628012 84.984938 86.642301 85.790212 71.40341 43.469169 24.397159 12.125029 10.989817 22.719611 20.305702 40.585371 38.26946 36.90272 37.570563 36.886608 36.028457 37.889238
23.592017 35.991734 61.900976 59.488386 57.46629 27.031343 58.856652 59.301727 53.822654 36.954838 31.93661 154.381121 151.069743 29.949264 37.4749 77.485628 97.157636 91.644063 69.831566 44.019919 46.201949 155.498541 241.485448 176.70898 64.443769 79.702662 35.680907 33.282963 40.976955 40.061816 32.392652 39.095493 346.437677 267.567869 136.448721 119.83213 117.325813 197.613656 157.585699 169.659663 152.211077 116.775284 101.32647 54.681268 44.118449 39.835022 39.494941 40.536882 41.756526 51.621448 59.595835 32.189186 32.291888 88.325005 86.827881 69.143426 66.889051 37.062875 24.397159 15.527264 17.305499 33.381476 36.355112 50.152542 43.255475 41.352651 38.702009 39.988298 38.559293 38.006069
23.557949 23.557949 65.043064 36.388556 35.945317 35.786737 35.786737 59.309935 52.503814 26.425369 71.292632 110.393483 72.082904 29.949264 29.949264 87.203077 93.03253 62.059626 37.137872 38.600747 46.190383 124.045163 43.753844 56.300871 91.316719 90.440463 43.959304 43.173079 29.972267 29.428128 33.949253 33.61686 41.214851 261.553273 190.200221 271.497126 270.208243 260.440372 207.309245 109.475846 117.628343 124.65215 106.833812 61.152374 46.503988 46.876756 82.277614 42.587269 41.756724 51.612841 59.375273 26.651152 18.902578 95.746834 75.566268 70.136211 15.666895 41.244243 15.319644 14.193931 42.887965 64.920852 79.563644 41.678104 41.067324 32.784098 35.07913 49.897906 38.631876 37.964455
62.696466 62.596795 65.081154 65.081154 35.945317 58.816232 57.573286 25.115903 24.487903 26.425369 71.292632 117.786844 150.539647 82.195017 82.432712 86.394563 90.835584 74.704524 44.23852 55.443345 87.243515 55.726626 43.748495 54.606918 71.772144 135.761706 94.588611 42.536932 39.152088 29.404833 30.273396 30.273396 34.899081 366.844679 258.135678 389.948685 245.983629 256.933626 116.913882 171.885606 108.03948 125.056485 73.316814 37.490761 51.843537 100.544111 66.983616 26.55337 34.561441 41.600616 42.177061 41.767593 18.902578 41.069134 40.862016 15.666895 15.666895 55.852695 19.781516 18.778462 50.004397 50.233106 53.72696 50.086223 40.740698 33.319554 32.401559 55.976615 43.230511 37.462456
62.174035 62.724201 58.10844 58.10844 54.418687 54.279486 58.732102 25.115903 31.594355 28.702039 29.500862 80.13243 167.19191 107.906397 82.869048 90.332508 93.885843 85.972975 46.239448 42.378505 95.688607 46.208223 46.442121 58.641646 89.099157 161.344887 83.187708 42.410886 42.186687 31.99937 29.470898 30.273396 34.662909 42.396889 292.354009 373.171476 300.89993 250.626592 234.872854 105.881402 93.895843 93.215625 74.888137 37.657037 41.079415 43.812104 42.034744 26.55337 28.182869 37.922273 40.349267 38.66863 32.577224 39.393512 40.862016 23.029888 35.683322 13.973078 13.973078 40.366146 31.190186 49.591326 53.727122 54.365499 26.824897 26.824897 32.410171 43.688857 53.157839 52.047631
62.172633 62.268695 62.268695 50.122666 35.58453 32.830815 26.280104 25.056413 31.594355 28.702039 28.702039 87.373946 72.886368 73.68292 82.880772 83.625434 39.165783 39.783933 39.834529 41.340608 40.735765 45.966153 46.499911 132.70622 210.121512 85.38369 56.530173 45.40255 49.965502 42.658868 42.937154 39.726968 38.174872 35.485531 391.366236 341.95968 165.680908 162.641458 189.013132 111.822157 102.184864 155.950588 51.594715 41.800191 41.079415 42.173282 47.39221 37.274957 34.699574 35.748051 35.473264 38.66863 34.412928 33.749795 30.410763 33.306074 50.602579 21.249373 19.802372 45.043891 53.106942 39.322271 39.429877 53.627647 29.174133 32.899459 40.678668 62.065558 77.377853 64.177033
44.499239 56.756748 58.691788 27.347178 27.347178 32.830815 26.280104 30.688601 38.664644 254.166638 202.365439 79.340042 49.765001 111.619709 43.167969 39.258943 39.166115 39.151361 39.834529 40.06427 40.685574 46.346155 153.106146 201.93989 193.943146 91.876453 54.333301 137.281713 127.870218 46.194844 42.911403 38.435414 39.148484 151.680998 197.211626 159.484004 23.860002 40.696045 40.707409 27.274339 88.824773 216.506105 51.592588 50.351599 172.033501 140.885771 85.526119 41.118859 40.215063 65.250642 96.590581 57.647193 39.129311 33.754059 30.527753 59.813792 67.020378 39.095232 31.764332 57.107734 55.841684 51.40678 52.420537 70.601125 52.442917 37.781921 39.064029 35.107108 41.663761 52.572888
26.550619 30.881473 58.722194 47.107583 59.093481 62.2404 30.887973 30.688601 38.664644 27.864309 76.91735 25.587871 23.946156 130.360278 63.249311 52.265067 39.315302 40.080249 37.776878 38.990012 40.681881 43.445733 37.395044 194.656561 138.609496 99.953307 58.442165 167.534853 81.287631 60.948063 45.152175 39.492012 38.214777 108.388488 42.418403 40.679425 27.837547 23.860002 40.707409 44.650696 51.615018 40.698209 43.420845 50.362068 129.499162 84.569668 72.739756 88.082276 105.959119 105.782098 104.94939 57.232883 42.560374 36.687402 49.693327 93.7708 72.949362 47.271969 37.636208 57.849841 65.059799 55.852463 56.556006 82.089299 60.514193 31.830072 37.771233 35.109442 43.313337 50.236762
59.733585 59.733585 58.759908 59.140896 59.093481 62.314764 62.562383 103.619118 27.864309 27.864309 76.91735 42.35749 31.903138 39.918777 39.918777 60.114119 46.454241 40.080249 75.505952 85.417447 42.67973 41.34555 37.395044 169.841151 138.128419 46.180883 268.229878 182.725958 87.216828 60.706518 45.220205 44.799731 44.579241 203.960814 50.002524 44.435179 53.918393 40.23462 43.320625 250.65414 316.632444 42.048605 39.655609 36.975548 59.597705 77.648264 81.134119 72.484523 55.316314 59.398578 57.086163 52.325395 52.030676 51.292973 60.243772 60.974766 75.227995 86.037629 51.6495 69.630404 66.278465 52.486303 65.487887 61.297628 51.556548 30.424731 37.573748 33.738328 41.304407 40.527699
64.648167 49.873523 69.275846 69.242004 63.392101 62.562383 62.562383 97.854718 65.793481 97.356929 30.231077 30.231077 31.903138 31.903138 62.198133 215.978197 139.106223 50.917709 93.900094 94.787713 61.352006 89.016256 188.135988 150.18822 140.396517 46.180883 358.812119 205.523137 72.063963 45.580634 44.85426 44.86628 40.643676 225.146065 130.084729 83.258211 57.264152 40.20002 225.474533 356.570599 75.916807 41.118232 37.341823 37.16025 72.594671 89.175449 65.158967 37.83245 55.153099 63.776902 68.884485 57.677381 62.982599 58.73646 53.744044 56.446502 81.630186 56.680779 59.429733 81.132491 54.254973 53.067319 58.645886 57.038262 68.64562 46.615158 40.359042 35.207073 41.90582 27.587005
26.794968 27.044896 46.857005 59.548941 37.141608 33.009195 26.76258 65.386094 65.793481 97.356929 44.407096 60.667571 29.158433 29.158433 74.510755 400.153557 194.533268 35.463451 35.463451 72.1013 277.70945 392.177001 150.064382 98.04586 408.53984 370.992756 276.890981 234.62909 101.726141 134.511956 55.294286 40.720905 40.261138 100.18429 201.141151 176.224734 199.41636 129.593431 130.740263 147.437177 104.339651 108.122241 100.597053 133.868547 111.627992 100.345037 126.834335 75.352516 91.699793 74.215808 37.839848 40.024781 43.981413 33.464518 75.901917 76.717563 93.529004 56.193293 34.660465 100.095113 59.605301 38.451858 57.953141 61.231231 59.878158 36.499728 40.647971 82.652305 42.35047 27.326922
26.794968 62.134352 62.134352 30.323763 33.009195 33.009195 26.76258 30.80858 35.968145 61.698066 61.698066 60.667571 36.34198 70.601107 74.239419 79.725622 62.217585 40.215587 35.463451 33.282779 33.282779 39.04934 300.067424 439.432232 382.251648 64.94191 56.724154 173.941783 239.685178 153.618967 71.438515 44.031638 41.344114 45.69825 356.047244 196.779573 75.197368 38.386923 106.770845 229.804949 189.462675 166.9462 134.134645 56.13003 35.675659 37.749469 110.573701 81.581329 25.623931 80.315324 73.141187 66.520274 37.354869 33.149275 55.771618 26.980538 28.983378 29.003668 28.989234 117.755864 69.543486 24.582905 27.387875 35.370411 37.708962 36.785959 42.119934 81.814947 59.856122 50.636612
26.925789 53.049339 62.13903 43.128741 46.544459 27.236073 30.80858 30.80858 35.968145 30.270438 67.885636 66.676179 66.676179 70.601107 73.251435 80.730258 31.703992 31.703992 34.54182 34.729888 33.282779 42.724551 215.24051 78.461919 71.384664 73.00159 56.995865 97.174958 273.150318 284.022615 338.953134 44.117479 43.423725 294.645131 115.276035 90.228692 81.007603 38.946081 40.309723 263.349387 177.298951 147.41932 97.783723 57.898532 37.017203 78.166085 31.273276 28.524491 26.182523 61.472742 71.620697 27.583135 30.644347 20.61539 20.614217 28.949774 29.025356 35.628573 40.34126 50.323403 28.971365 28.336152 28.363328 32.657775 28.271695 35.053148 71.979423 72.487819 61.375185 51.488776
27.786532 27.786532 62.468098 54.202568 53.047975 27.236073 27.874684 59.11598 26.765743 26.765743 67.885636 60.479567 34.645629 33.504062 33.504062 80.730258 39.199771 31.703992 32.78944 32.78944 33.661778 48.736383 71.804434 72.207927 29.994797 283.95559 384.464123 392.307495 383.485499 321.546655 213.977322 251.368688 315.183953 193.076232 146.169008 138.186743 40.293974 36.154663 39.14104 206.772811 174.296252 43.588703 37.004741 93.348245 81.839429 66.329093 35.687692 36.98464 45.721538 57.773278 41.042624 35.351106 30.679334 26.650476 33.375122 40.391482 46.679613 53.409145 58.713811 52.210924 35.747515 40.319596 33.817118 30.683943 30.384513 30.011318 36.703037 37.033038 36.373108 54.071462
27.786532 27.786532 62.328614 27.654435 26.895478 27.874684 27.874684 57.708104 27.19699 26.993949 32.792223 32.792223 34.645629 36.738147 31.089775 72.981732 72.984098 66.247115 36.209987 32.78944 31.561212 31.561212 30.005142 30.516435 29.994797 194.656492 305.926849 302.93624 412.149709 425.848056 461.290918 463.758051 317.619477 225.486439 142.88916 146.453077 76.775583 36.130269 35.678304 35.69723 36.993589 36.997134 37.001341 92.50969 103.638749 66.428541 61.807032 80.2947 66.415287 64.662367 54.790068 55.11121 51.001932 41.073125 48.82822 54.700591 72.244961 78.20845 68.458971 48.213802 49.895046 50.001669 39.397419 39.690097 33.733916 28.359899 30.431448 33.363014 28.969116 27.06076
45.478014 170.59647 63.096642 63.096642 26.895478 52.791327 65.027262 26.426194 26.426194 26.993949 32.792223 36.000873 31.223256 31.223256 31.089775 69.390483 72.981732 63.359068 63.424534 66.080994 32.721551 31.561212 33.207188 36.556525 30.693435 67.4884 94.547021 333.933554 351.763922 157.862151 269.300274 179.762731 375.41909 391.130682 130.33515 57.868933 42.042056 35.691892 35.679718 35.68985 40.037936 57.908955 143.497782 120.410785 90.621949 65.769976 69.596857 73.182464 58.396158 67.68585 55.039976 58.481038 56.408418 57.179174 64.081133 58.858719 86.590882 89.372385 82.339868 37.309165 35.868782 40.973791 69.17827 34.756281 31.073247 40.290619 39.943383 28.377582 27.704736 24.264499
28.175349 187.196099 199.382776 440.438139 31.039194 31.039194 65.027262 29.608258 29.608258 32.524571 32.524571 36.000873 31.223256 28.829085 35.63627 35.63627 63.959453 63.359068 63.359068 65.313007 42.404266 30.646847 36.555868 36.555868 30.693435 31.506936 33.711458 125.678406 155.527338 172.838283 196.245046 39.845167 39.837794 39.95902 187.049412 86.485336 47.008368 40.344177 70.444672 167.702257 156.931789 91.834491 129.798387 130.693177 66.044941 66.051289 70.693257 61.011254 58.790224 58.493644 77.950516 100.310685 86.661852 83.452883 75.397789 90.458939 122.07582 71.937185 48.788133 37.445728 48.966815 50.974138 58.351314 42.984897 39.026292 38.2936 42.431111 38.278052 33.88 23.910997
184.011877 193.756379 187.138943 105.334464 119.28232 203.592971 40.344058 40.344058 29.608258 32.524571 32.611889 34.375901 34.375901 28.829085 35.63627 33.37064 25.494194 25.494194 53.819593 64.814026 56.434081 30.129179 30.380533 30.671387 31.195769 31.195769 33.711458 83.819507 84.296395 38.086657 38.086657 39.711844 42.641052 71.591271 187.064487 87.142073 42.056574 117.474949 136.80307 165.896685 218.994924 163.442158 147.768957 127.231826 66.801429 67.343098 87.535335 93.698198 74.089258 60.089715 82.987141 101.041055 77.091948 34.307681 97.007187 140.145574 136.332344 90.912439 42.033304 43.054005 44.631292 33.675762 33.36984 35.971721 38.752102 53.749713 63.518106 38.349633 34.267825 39.39436
173.780139 180.344202 190.695559 66.54533 66.54533 177.100681 83.894739 95.562097 27.642129 27.642129 32.611889 34.375901 61.005081 59.204814 47.95446 26.644764 25.494194 25.494194 37.020175 37.111316 32.022365 30.209842 30.209842 30.671387 29.697426 35.056344 36.166149 36.166149 95.262215 44.672135 39.377425 38.589699 38.589699 108.077824 104.461048 94.759856 42.79152 262.691106 305.681455 207.853339 257.356516 136.557016 105.982706 76.967175 66.700208 73.733902 79.935802 68.413988 84.277509 97.232093 117.218121 76.574381 61.281697 33.481888 63.65241 76.157081 86.384791 59.478539 74.914285 45.134517 33.363197 42.077839 41.055655 31.868339 38.618155 58.531746 59.492761 51.947564 39.808621 40.183212
177.677378 153.556797 174.018748 159.562381 97.840431 97.723548 97.723548 95.562097 30.645513 186.246694 233.055628 147.925283 62.439851 59.204814 75.305784 32.800355 32.811219 31.969057 37.020175 37.020175 30.274266 27.691395 29.546317 28.61551 28.61551 35.056344 36.020521 33.661515 33.182285 33.182285 39.243153 38.83178 46.612079 233.296245 120.018025 149.158415 42.542496 128.403148 346.250181 283.843192 185.643556 166.369528 130.5497 70.517059 88.278592 110.929038 77.225509 70.876761 113.929258 120.505753 95.288995 61.733404 55.286596 37.302082 37.302082 35.576429 38.839468 34.677828 79.873673 105.749131 33.619752 34.263657 43.885176 40.622574 39.949367 55.297973 61.073241 50.964399 39.513463 37.005446
220.234712 76.671493 173.637403 167.079605 97.806848 98.101808 101.886425 183.703083 196.932227 193.698981 243.946381 105.388761 207.542296 149.763585 87.522681 32.800355 32.800355 29.135791 29.702072 30.274891 30.423658 30.423658 29.546317 30.692779 27.838482 33.245001 33.245001 33.661515 32.104599 34.294831 67.65197 113.140262 274.120566 221.729219 116.691278 124.651457 115.19379 131.718145 110.410949 88.832589 171.239112 123.391282 86.025646 111.179095 153.574865 115.664241 95.205051 106.098969 101.983559 89.446052 67.798837 64.799637 60.987049 38.892366 60.090649 39.914051 54.319613 33.701352 37.6673 83.089649 77.781214 73.794228 75.88426 41.767114 40.366669 44.34973 38.326072 42.642741 41.796958 53.362609
499.024601 76.754602 63.425032 63.396665 96.001439 98.053368 95.849367 105.456117 105.456117 87.990206 88.1607 105.388761 207.542296 61.654193 58.109123 48.546825 41.653795 29.135791 29.135791 33.693979 34.721179 35.349308 34.100185 34.100679 27.838482 32.995551 36.107136 33.572545 33.572545 34.294831 61.948473 256.88078 110.613505 90.628392 40.598784 111.350276 180.024554 147.382069 230.846003 194.80846 119.643382 96.025822 111.704677 152.497822 153.392435 119.613191 116.513251 106.953595 105.877511 94.569941 76.112247 80.049369 65.741659 74.949278 99.532939 80.863027 57.599831 67.61731 71.212493 88.913801 84.87632 37.176819 40.006134 40.359988 51.622459 56.804921 38.96733 50.285926 56.684398 53.886426
468.79021 73.26025 69.776272 43.701028 26.884736 26.884736 66.071026 89.996024 105.456117 152.242213 177.789206 101.685545 61.654193 57.107777 58.109123 56.800623 63.7104 27.852982 27.852982 33.555455 33.555455 34.879524 33.538172 33.519381 27.725442 27.725442 36.107136 36.872332 36.283724 33.216931 48.375493 72.368708 73.629164 43.778783 169.804159 249.900625 267.355794 381.771087 311.188314 220.574125 133.763571 83.597096 88.78316 85.376027 121.269988 126.265897 120.058335 90.847693 97.962027 103.617228 104.627809 68.823963 79.347078 67.052136 118.0468 97.862938 54.970303 67.496449 61.486163 92.043037 71.258247 31.705908 39.770187 28.704355 36.723321 36.408703 38.420891 48.983869 55.227216 57.041701
350.12638 27.307166 27.307166 37.502188 26.881701 26.884736 108.799908 108.799908 186.54253 183.667359 177.789206 101.685545 106.803939 39.268596 62.005025 62.005025 99.525742 59.798948 42.566931 90.388583 86.600421 34.539216 34.535725 33.519381 52.737916 59.275357 34.731513 34.729541 36.283724 33.216931 31.549225 36.218222 38.913338 32.557925 188.007812 261.289546 203.989766 217.004258 350.351579 168.209504 103.605152 85.684176 111.149701 121.528499 121.579704 124.655747 107.686316 89.050891 99.44441 117.047721 110.766385 75.437889 69.019853 68.893331 104.060623 98.22916 106.501243 133.959116 42.813079 93.459194 87.314969 77.41851 35.518922 27.962308 37.42258 42.104765 30.658113 49.48305 55.871098 53.151664
402.821979 27.307166 27.328803 30.308723 30.308723 63.830856 90.193753 108.799908 187.424471 183.621563 88.656466 84.005508 106.803939 39.268596 50.587446 107.092007 100.601931 100.601931 96.810166 102.656286 101.798365 73.841783 89.094921 62.39164 62.31641 62.400787 31.526808 31.524272 29.635852 29.831051 31.546213 36.218222 38.441913 40.213237 126.251482 105.69833 116.479795 164.249827 224.913754 113.152251 173.360736 145.166281 120.645831 126.21546 120.496548 126.310557 97.93478 111.889163 126.294535 120.278218 111.696076 95.142295 96.121585 100.456086 116.865262 129.030044 110.397121 64.650955 104.002422 117.186149 112.452622 69.722477 38.77796 30.091949 55.989938 43.973618 30.315514 51.988676 49.728664 45.753518
525.010267 386.476389 33.248574 30.30878 30.308723 70.853492 70.853492 70.906967 107.084007 183.621563 88.656466 66.020611 110.760984 110.329837 110.329837 107.092007 109.994126 62.277618 38.613246 38.613246 99.757437 103.048417 100.24137 36.967734 36.967734 27.937873 27.982324 31.524272 31.472941 45.40811 26.6469 36.946077 64.500396 40.216053 40.143321 105.993904 64.688207 42.939489 67.228152 114.231191 206.866015 143.395423 120.243146 114.247523 119.481671 117.211741 89.264711 110.06569 124.065471 120.7305 113.437498 109.349233 109.163829 110.767321 102.71088 129.96346 140.495869 36.090593 104.490004 114.477061 111.571101 70.923604 44.03678 30.243055 33.947526 46.313067 38.340623 41.444342 50.061719 54.237548
422.177013 70.990633 37.927087 37.927087 27.304282 45.742363 70.853492 187.691199 190.9565 70.381162 68.226996 66.020611 110.760984 116.962869 116.895996 110.853561 110.853561 62.277618 49.89802 52.501027 103.393649 106.326397 106.08091 39.234921 36.967734 26.5144 26.5144 57.626005 57.966564 54.277709 26.6469 33.142202 39.3742 42.286852 40.060842 107.227543 87.27872 69.916114 100.798108 130.051034 119.952408 117.543699 122.990691 127.651348 126.89691 95.420343 85.384075 120.480084 127.120136 104.66722 34.564315 32.204472 147.494636 116.952957 95.709486 133.194321 130.235673 83.932833 93.430063 98.546444 75.496985 41.100673 24.540255 27.361472 31.192253 46.29418 47.797402 54.126742 58.379529 54.685403
441.170036 69.413715 37.927087 37.927087 41.215311 41.215311 185.262754 187.764515 190.9565 70.381162 187.539134 190.771893 123.501099 116.962869 116.895996 117.145691 113.37248 113.217119 113.217119 107.021 110.267288 106.556733 27.661258 27.661258 26.559592 26.518999 26.5144 48.198354 29.743578 29.060305 29.583148 33.068013 39.3742 39.966603 42.327687 140.942869 97.114034 107.458077 130.135604 129.304218 163.70971 152.917113 120.319555 80.6198 91.593873 97.462839 81.002089 80.092812 80.018179 68.419473 36.267287 34.830306 141.026078 43.14924 102.452583 109.94575 110.083608 87.278108 68.972833 98.549427 72.595666 55.934057 25.740519 32.667223 39.391714 39.468261 45.627907 51.685486 73.290655 60.722942
413.85498 29.751645 32.403561 31.928801 41.215555 41.215311 118.805203 118.746803 200.52127 191.040483 187.451913 190.764179 105.688446 197.014528 203.870614 203.870614 113.37248 113.196555 116.720073 116.837181 113.568081 103.459434 34.496038 27.661258 40.889794 51.999154 30.295004 30.149112 29.743578 29.060305 36.620596 30.879039 108.992272 107.183941 85.014248 140.542298 83.229559 109.822747 177.26977 158.529292 108.977138 134.03158 84.087901 71.140284 96.29081 92.743101 78.871403 80.991802 77.693174 35.175516 33.833152 68.43536 40.002146 43.837451 100.814379 116.66048 80.508029 83.946618 72.150833 93.418966 85.991498 75.35998 37.315457 32.997722 39.478391 33.795219 51.30805 55.844293 69.164119 70.589258
239.940872 29.751645 29.751645 27.63306 38.386282 115.335217 118.724432 118.805203 203.551697 200.082559 187.760747 119.331756 105.688446 197.014528 191.438876 112.361509 105.33983 105.33983 116.720073 116.837181 144.046586 27.17807 27.17807 27.087833 54.376606 61.669143 35.500258 52.864252 58.022119 35.979009 36.572037 30.879039 40.726942 110.401844 71.610032 79.3266 85.921152 140.409067 197.332754 186.5976 87.810629 76.219261 76.167392 69.785771 111.006653 119.299999 80.787954 87.856947 87.617265 34.628253 36.721995 84.706421 117.42131 94.775558 109.784392 127.337829 88.975258 103.332517 54.20402 109.985001 106.503305 78.184656 33.634465 28.558233 30.814381 30.18366 43.008564 36.048703 41.163409 49.94464
220.370209 119.899058 123.246659 27.63306 27.63306 191.614126 203.348409 203.418045 202.996881 202.548239 190.906823 118.718636 93.901733 189.896252 189.93961 112.361509 105.33983 191.580552 200.029791 281.047105 199.70849 27.17807 27.17807 39.660172 62.001003 52.788229 53.015537 53.000797 57.673775 27.288551 32.019288 126.883338 147.228413 113.871487 88.040145 95.772988 101.702893 196.057495 130.089071 146.075757 117.577548 88.009601 107.627826 120.806853 143.050968 138.015285 97.151547 109.900742 113.201326 111.273322 126.515984 103.786202 116.912191 106.163547 102.080721 102.762755 106.780491 114.032724 57.937617 107.157645 87.273389 62.982859 41.193274 28.558233 62.344987 55.965238 52.166249 40.985928 39.533874 59.143087
