STOTEN_Data/raw/Age_yrs_300ft.asc
ncols         250
nrows         718
xllcorner     -2256000
yllcorner     1557000
cellsize      1000
NODATA_value  -9999
[rows 651 to 681 of 718, columns 138 to 206 of 250]
-9999 -9999 -9999 -9999 -9999 763.65523 771.478572 -9999 -9999 1032.905002 904.048981 531.502468 706.368598 776.054388 1039.534399 1173.281536 1405.704635 1374.234582 1527.023286 1268.640075 1402.086046 1441.681131 2346.380747 2842.068186 3010.915724 2809.195397 2780.976824 2680.942997 2476.689894 2675.002366 2871.998486 9.723021 9.341856 10.875656 10.875656 525.010267 408.62423 300.105417 115.183889 257.957693 91.108373 4.05686 4.05686 36.028291 18.296616 1.639973 1.639973 12.179616 119.963869 81.052605 43.86112 54.478955 67.277678 85.058679 86.094214 76.656092 76.696028 76.66647 86.625607 99.959023 107.415823 109.705766 57.93406 27.664266 23.329796 18.02383 13.698055 10.663025 10.663023
-9999 -9999 -9999 -9999 -9999 -9999 30 904.975717 970.597443 1237.331867 -9999 621.881603 597.995149 750.936671 1003.5173 1170.656263 1469.567946 1539.488712 1543.274044 1501.28979 1607.771412 1539.896239 1670.84222 1581.865062 2845.064994 2708.327314 2945.062703 2405.848413 2615.508152 2364.783542 3069.481417 17.263884 9.306867 583.399498 375.833904 408.355794 172.087611 142.081489 87.926991 66.983773 103.326248 86.996604 52.501027 18.309004 18.309004 1.639973 1.639973 144.100461 86.625599 26.022876 21.875884 24.875656 42.782245 63.266256 58.599236 40.591642 40.584078 40.608968 60.974647 86.625607 106.630162 106.630166 53.665667 13.694355 8.663337 8.666238 8.664396 8.662606 10.663033
-9999 -9999 -9999 -9999 -9999 -9999 -9999 1297.497594 -9999 1238.225557 1340.749595 1100.753782 1133.381865 806.49527 971.548775 1230.422271 1570.409784 1612.493117 1610.018202 1867.666727 1769.750912 1806.722811 1975.706411 2107.476518 1840.502459 1922.009844 2546.420312 1300.577928 2411.995894 2610.588009 2007.915142 364.960073 141.665526 482.999395 259.236597 142.156818 174.040611 253.247375 79.587196 50.749715 64.818498 87.49441 86.879491 268.112194 160.875975 138.428338 86.625599 86.625599 94.412047 16.136833 14.722336 16.167922 26.099475 35.304719 31.664181 23.35832 27.339109 28.971262 40.585421 74.945928 57.94406 57.932924 53.494202 14.026322 8.663337 8.666238 8.666548 22.059533 15.035817
-9999 -9999 -9999 -9999 -9999 -9999 -9999 794.363432 -9999 1216.576473 1328.525982 1346.340792 1346.461193 1039.623082 1205.590513 1332.674118 1604.928972 1746.903158 1681.133914 1768.506434 1874.24044 1934.655396 2244.573215 1944.06492 1505.605879 2042.454878 2576.53161 3045.785611 2586.82537 2208.24507 2044.977672 1124.695898 379.544821 173.7577 142.108645 173.7577 288.38963 525.010267 67.41233 42.450921 44.060208 60.710659 142.743076 240.479584 133.522529 49.280262 59.247131 47.268233 51.345161 10.301338 10.22496 10.140087 22.944032 18.930308 16.021046 12.972171 14.973698 14.00065 32.312151 35.749031 31.664182 24.335545 21.473078 8.686437 14.314218 21.638278 23.317375 50.960494 21.169404
-9999 -9999 -9999 -9999 -9999 -9999 -9999 1201.258282 1039.828301 1134.797316 1331.138247 1343.779659 1330.655127 1312.409419 1332.21371 1330.717724 1332.895639 1543.773425 1833.780523 1802.382534 1874.48399 2244.629228 2213.571386 2011.329134 1438.745376 1567.50353 2339.764189 2548.270202 2339.801189 1526.717556 1875.879404 2066.443577 289.33067 173.7577 173.7577 172.502852 77.11384 193.058636 75.940577 57.509468 64.869724 39.752681 75.840292 110.55456 52.236513 42.006865 45.227087 37.675054 33.800629 10.22496 10.22496 11.515857 10.663209 6.997858 6.999138 6.997984 8.680104 12.976175 22.278662 10.720213 10.667024 10.677915 10.677915 8.686437 16.971654 36.304815 50.958728 54.989925 86.625599
-9999 -9999 -9999 -9999 -9999 -9999 -9999 30 1172.594804 1329.072161 1340.693547 1371.900059 1330.436417 1470.023572 1341.242387 973.610814 1037.792196 1242.631796 1466.617077 1743.982869 2098.74698 2240.399284 2240.746189 2015.924502 2004.623717 1607.382578 1479.766361 1107.849791 2244.76583 1101.403771 2624.046926 1942.400965 291.540041 98.758841 85.483875 238.553774 350.561716 128.313758 78.610954 58.521564 46.875433 36.818846 22.40292 18.518535 24.638016 32.7552 30.426349 22.664807 13.92944 10.609173 2.125414 5.702236 7.004095 6.998688 6.998688 6.997984 8.680287 10.671567 10.663586 10.663592 10.667024 10.670347 12.984809 17.344164 21.542105 74.945928 72.613062 86.627201 99.958934
-9999 -9999 -9999 -9999 -9999 30 728.916767 728.916767 1137.439523 1329.026831 1333.396186 970.605576 1409.947908 1531.021876 1200.261039 771.944143 1106.578495 1266.255742 1333.475129 1739.193254 1970.921896 1800.090569 2172.785721 2251.439096 1835.461567 1538.396059 928.944718 985.875068 1937.469117 1732.422352 2447.463668 2495.307164 396.840942 88.064291 46.741958 370.837387 525.010267 197.791187 80.498413 51.493241 46.422346 35.347479 5.322075 24.637924 24.637921 13.54423 9.985682 7.010528 6.641848 6.641848 2.125414 2.125414 7.004095 12.667153 16.986487 24.330853 38.638428 10.671567 10.666134 16.054967 22.276192 28.348909 36.304866 50.973687 52.555869 73.007153 86.625686 86.626035 197.686865
-9999 -9999 -9999 -9999 -9999 30 30 734.158064 1329.993854 1527.859706 1431.989978 1003.053098 1343.239219 1329.332404 630.733206 741.042646 1074.553642 1172.636655 1328.264554 1409.499185 1411.927959 1571.893661 2171.723687 1734.502392 1416.340658 1534.561789 1475.846017 1341.320686 1140.030816 1332.590918 1841.594718 1695.603223 1332.879072 118.802962 42.881588 525.010267 525.010267 181.540893 104.664734 48.448119 46.334029 45.05681 3.599958 6.247401 9.653401 6.344167 6.344167 7.010528 7.010528 8.947083 13.493858 16.339964 22.226573 24.337665 37.942993 58.060857 63.875884 75.250742 34.859437 53.572762 59.624958 72.444444 74.945928 86.625605 86.625608 106.630234 116.609538 169.89111 347.617911
-9999 -9999 -9999 -9999 -9999 -9999 30 1296.898734 1296.898734 1472.992879 1535.063931 1303.161854 1332.977491 1371.124505 756.613584 537.812199 847.885088 1269.606901 1329.151478 1336.462787 1407.747439 1332.749579 1330.11259 1332.904038 1405.449737 1437.680827 1330.847831 1330.660795 1231.071145 1367.022103 1612.854439 1676.786802 910.025314 1342.746011 525.010267 525.010267 525.010267 209.361389 129.559498 55.194899 39.008773 38.311533 3.245237 3.245237 9.653401 6.344167 13.253241 21.656284 24.972947 28.902122 33.760686 33.256042 51.318275 58.599134 63.337442 79.81332 85.612206 106.630164 106.630171 109.705688 106.630162 109.706406 123.039015 146.894519 146.683457 142.968699 159.836789 352.769794 357.877175
-9999 -9999 -9999 -9999 -9999 -9999 -9999 -9999 1340.196526 1382.173331 1570.67419 1375.81325 1310.660884 1600.668289 1133.38392 629.126891 807.73614 1169.48719 1328.942865 1329.511546 1100.186554 1131.854413 1329.800507 1336.013574 1330.708745 1135.295034 1297.807903 953.405217 1037.371262 1204.531836 1036.895837 1201.879489 1077.685827 1529.092796 525.010267 525.010267 525.010267 300.876326 138.103947 82.389221 35.53777 38.311533 28.628793 15.046787 27.407326 37.945349 39.779147 69.158111 75.251381 75.250742 86.626866 86.626867 100.091333 105.017885 125.019393 106.092342 109.706207 109.706313 149.714807 166.634777 199.434288 205.585216 186.639307 166.123954 173.675046 289.055843 299.972746 722.388643 539.688141
-9999 -9999 -9999 -9999 -9999 -9999 -9999 -9999 1340.196526 1337.344673 1538.865071 1343.045561 1308.196849 1433.738925 1338.432383 1499.117789 1233.360585 1169.751208 1328.06738 1328.928791 1133.617072 1102.976473 1338.937949 1406.594199 1336.501518 1200.662859 1032.784992 810.276076 1201.213208 782.570065 1130.624007 807.33258 1103.728116 770.311578 665.806615 525.010267 525.010267 524.623849 303.653911 58.057039 61.525896 12.601158 11.598343 52.501027 52.501027 81.925622 86.625599 86.128264 52.501027 52.501027 99.96002 106.630795 106.419542 106.630162 106.913081 109.117698 152.790326 152.021879 186.761188 205.585741 207.757478 224.06277 234.785734 230.441095 180.410229 296.752855 323.628003 386.256703 258.729287
-9999 -9999 -9999 -9999 -9999 -9999 -9999 -9999 -9999 1538.286831 1668.679501 1668.431644 1468.751144 1506.092586 1099.624587 1437.605654 1408.191464 1173.83452 1230.412894 1201.402093 1330.312878 1339.064263 1542.55193 1671.050349 1345.764871 1232.187589 1230.987687 1131.495086 1169.188477 1044.552628 1131.267331 900.737072 1584.031536 903.147577 649.96579 212.641552 525.010267 496.915633 501.08666 224.839445 69.386664 58.057039 52.501027 102.529896 179.565588 109.361168 145.198536 153.07354 52.501027 52.501027 228.066962 186.119639 171.673831 159.576786 153.584315 185.500412 192.059965 217.446464 262.221482 295.979142 157.092518 149.816137 181.42421 186.21136 618.324054 194.708396 1599.912776 1717.237107 200.995563
-9999 -9999 -9999 -9999 -9999 -9999 -9999 -9999 -9999 30 1827.749197 1860.003939 1794.221265 1766.364693 1104.505607 1310.43621 1429.035634 1237.626939 1230.633359 1201.871951 1132.368483 1301.856506 1402.950173 1636.394949 1707.542068 1233.233876 983.637062 1306.268646 1291.072794 1000.513257 1139.470196 1378.327697 638.859923 910.253831 1302.553354 331.206831 214.729637 508.041184 475.471854 464.434399 415.29546 260.955028 254.578383 228.286112 231.658684 401.962126 332.334748 333.096397 278.914591 362.653587 293.350539 262.381059 274.752453 289.615356 270.920819 302.623699 269.42642 256.482688 256.111883 266.647609 160.979518 502.064087 488.12623 573.415682 876.907737 150.951082 1565.548939 1536.464616 1738.387339
-9999 -9999 -9999 -9999 -9999 -9999 -9999 -9999 -9999 -9999 -9999 30 1795.642285 1793.054695 1302.997091 1298.963386 1406.366256 1501.345592 1464.440376 1085.037313 1053.599799 1302.682639 1336.949643 1901.971412 2005.521885 2071.065075 2009.310613 1058.862927 1146.744434 1187.805634 1461.85049 1156.793457 640.513276 638.917459 1072.319698 374.211748 458.988159 352.386807 425.349702 423.401888 424.83051 433.713472 458.482338 416.442774 260.62693 401.66602 255.774891 286.502505 352.987187 398.504009 380.336378 326.639768 306.108688 275.20359 258.786025 312.417243 312.435768 316.659165 335.118262 332.018809 567.762231 527.489493 147.811866 1047.782374 813.988241 215.693087 260.248402 132.219192 1533.603614
-9999 -9999 -9999 -9999 -9999 -9999 -9999 -9999 -9999 -9999 -9999 30 1975.345862 1708.29752 1501.451077 1233.638895 842.173375 1041.545958 1332.245886 1232.054421 1272.615469 1330.752279 1376.68592 1636.977102 2547.663548 2250.789185 2002.555017 1570.661309 2046.145769 2111.196307 1905.605699 1345.369747 989.424438 889.585904 271.835019 306.911066 251.553185 226.781973 313.70293 337.357104 388.240986 422.399545 468.75346 443.755454 545.131489 606.44 649.874636 584.300349 583.264319 486.561265 477.083842 411.682016 336.720688 267.025375 334.435017 314.0796 591.119171 528.748391 603.214062 1351.198589 864.356321 932.740696 648.117489 513.361488 590.841267 862.058646 904.833805 591.473703 809.56739
-9999 -9999 -9999 -9999 -9999 -9999 -9999 -9999 -9999 -9999 -9999 -9999 1443.007465 1305.060424 1336.935521 1273.626821 1130.628114 774.580177 755.915306 774.480709 1038.897471 1300.702702 1473.0272 1773.601067 1665.803368 1605.707156 1539.498814 1866.422894 1473.400838 1433.980518 1156.752687 1073.243789 968.128241 200.324985 267.76178 196.09298 191.216957 195.622816 249.378007 335.908325 348.082968 361.830936 353.937977 354.785016 398.264243 406.335758 405.921873 741.177825 418.002328 395.881083 334.939322 303.542098 320.504149 355.67817 386.318705 328.332846 267.211388 256.483112 838.985612 818.099732 785.083335 696.915597 503.53414 603.575163 564.199205 761.311647 722.557565 647.390979 322.697618
-9999 -9999 -9999 -9999 -9999 -9999 -9999 -9999 -9999 -9999 -9999 -9999 30 1536.066668 1534.719517 1033.961975 941.47464 903.36091 807.361516 773.890254 1101.195795 1330.944016 1341.752006 1713.54978 1443.823638 1632.344953 822.04642 2103.464912 1401.221785 1086.993466 1057.341782 895.452862 1004.371825 216.900638 175.409304 182.968972 177.746187 170.895714 221.204101 327.147886 278.931477 267.303353 275.255962 306.23656 353.120936 358.827019 366.356377 366.657751 744.997523 474.3218 398.839741 381.30182 352.028768 346.979766 312.634468 238.673505 272.848493 267.057435 205.938137 251.997522 763.139693 802.23411 839.500754 793.781434 731.69576 695.513719 646.035106 297.914568 294.930145
-9999 -9999 -9999 -9999 -9999 -9999 -9999 -9999 -9999 -9999 -9999 -9999 30 1536.066668 1438.926481 1525.861293 1202.061358 910.792462 808.783825 774.045907 846.847287 1233.038997 1331.137086 1610.403348 2080.946681 1004.15945 2136.562398 1973.987782 1214.267501 1221.009511 1067.417134 1272.176302 716.250856 173.931123 182.62929 172.014404 186.953889 210.19101 204.288844 171.303822 200.687509 241.139418 262.591946 248.892015 224.097239 262.35123 326.361931 320.24062 652.858218 297.452142 470.352853 294.712902 314.412835 315.824225 308.150995 309.592529 230.206768 237.161814 265.655938 350.36155 535.889614 203.340231 293.250192 361.200934 602.121448 437.858558 266.265131 171.222809 193.766661
-9999 -9999 -9999 -9999 -9999 -9999 -9999 -9999 -9999 -9999 -9999 -9999 -9999 1328.193501 1328.193501 1350.252971 1471.97902 1230.871179 904.279297 757.113329 810.278365 1139.137454 973.911629 1103.475133 1365.724793 889.044677 1741.86229 806.653138 687.869089 1102.844829 725.091539 999.94349 849.976511 241.852115 184.839749 160.377709 191.676851 201.243612 206.331931 160.07219 166.421348 156.499415 168.63433 201.476708 213.940467 223.323161 172.909009 223.897192 559.673778 575.125998 597.377996 576.368897 291.667653 309.700663 411.544989 316.182469 295.406291 363.30524 389.923354 182.589599 155.309454 337.287824 398.7674 407.715282 247.207952 148.232067 193.682738 175.278616 189.182935
-9999 -9999 -9999 -9999 -9999 -9999 -9999 -9999 -9999 -9999 -9999 -9999 -9999 1230.866872 1038.895837 1234.052765 1328.173456 1341.25046 1266.622412 791.591821 751.287636 731.029149 951.865038 1003.377197 899.774664 794.689093 1331.45062 5250 5250 655.292239 1558.789875 5250 189.531261 191.412559 173.519542 167.7345 157.963943 156.838343 160.272481 156.007124 165.206627 188.624122 241.106542 186.642578 162.758173 178.235197 173.738983 225.913877 203.089957 225.858809 239.715386 252.491285 262.347593 281.24838 297.334879 329.540766 311.225202 314.284532 255.538468 275.054781 345.33453 395.94084 381.176147 303.922534 184.110145 167.935984 218.278483 234.265374 235.167224
-9999 -9999 -9999 -9999 -9999 -9999 -9999 -9999 -9999 -9999 -9999 -9999 -9999 -9999 1038.484479 1038.825868 1203.15625 1130.82883 937.659027 1113.271187 1003.067689 737.059688 835.340969 492.268021 725.579695 790.806916 722.921894 773.525334 775.802486 871.81173 5250 5250 1222.535673 270.149284 182.252234 159.56056 159.465549 161.536648 171.744383 171.452163 174.755443 206.886552 232.024074 187.683956 197.712807 205.117298 192.265565 203.75852 210.897743 220.065777 210.694202 217.23072 349.242298 299.192234 308.526136 293.27237 286.286586 268.861729 256.165739 461.840472 336.897685 344.021944 288.376236 258.22998 244.284459 210.321692 218.300767 238.60474 291.080076
-9999 -9999 -9999 -9999 -9999 -9999 -9999 -9999 -9999 -9999 -9999 -9999 -9999 -9999 -9999 30 981.292778 870.524022 970.01399 968.050484 963.073005 1046.587313 1344.504681 592.946591 780.543335 718.794523 720.028298 1959.635207 773.737609 879.1338 1565.919615 1219.229121 1771.710649 274.118838 167.336644 155.95326 156.442421 164.813317 164.091495 166.954815 164.36967 183.214668 260.042211 168.292384 190.019879 205.624904 185.931691 160.114388 170.353512 189.155394 196.930944 349.770231 280.685764 292.245536 318.469852 269.313531 277.03691 268.440753 323.970331 320.701668 310.263626 253.3956 244.346199 222.83723 246.133513 262.835456 266.581116 341.645682 412.120574
-9999 -9999 -9999 -9999 -9999 -9999 -9999 -9999 -9999 -9999 -9999 -9999 -9999 -9999 -9999 30 1000.097465 1062.683243 1197.102172 1571.303112 1362.586658 1113.20258 1447.923836 775.909292 759.772772 881.978096 898.789514 1001.729189 1204.384485 1608.515286 4162.715513 1944.437785 348.543181 200.650064 184.196905 211.271557 163.896423 165.622797 161.632645 178.977043 157.13957 164.198204 157.606832 160.18714 161.162141 163.05929 162.114993 189.376192 269.930175 280.711297 238.314262 236.929896 270.185705 301.229695 287.769124 232.411337 253.365646 328.474884 288.888903 253.009748 228.348467 218.182903 232.527537 265.280343 301.543521 295.738549 452.895002 459.399731 334.758916
-9999 -9999 -9999 -9999 -9999 -9999 -9999 -9999 -9999 -9999 -9999 -9999 -9999 -9999 -9999 -9999 1298.574047 1839.716865 692.230389 2181.955357 721.622568 735.472035 1063.489622 721.084157 721.155519 768.352247 776.232497 1102.878445 1465.74297 1329.117823 3063.478324 1677.747253 277.660982 152.338821 182.742889 243.282175 219.899993 237.239951 299.778333 267.066021 175.618363 201.6615 182.624951 155.304983 171.257496 165.146444 190.633881 199.488638 194.883692 184.472956 191.414577 233.347447 252.368436 243.105626 229.782718 264.921888 297.873092 251.31984 274.088617 255.986737 216.779234 237.983055 261.064693 354.772575 285.469318 424.201222 521.153142 424.257472 267.720434
-9999 -9999 -9999 -9999 -9999 -9999 -9999 -9999 -9999 -9999 -9999 -9999 -9999 -9999 -9999 -9999 -9999 672.727795 692.230389 691.725034 719.424015 2086.597529 1839.253887 721.320426 720.244768 1670.285671 1001.48962 1037.307682 694.774098 489.128388 249.488954 253.352268 231.857677 152.315538 181.824017 285.85924 287.23523 241.034056 324.353169 379.016878 393.418202 233.144165 172.90577 161.392513 173.435746 163.906303 176.66676 171.551959 196.600095 212.750451 208.478412 188.809113 189.739822 217.27996 262.820712 279.896515 242.432394 242.825865 230.894901 207.05296 217.442221 232.920084 416.470327 310.35957 286.408632 424.789092 291.28354 401.238216 442.473832
-9999 -9999 -9999 -9999 -9999 -9999 -9999 -9999 -9999 -9999 -9999 -9999 -9999 -9999 -9999 -9999 -9999 657.001424 657.001424 692.095191 719.518603 719.054156 720.55492 720.55492 1004.917805 970.808228 905.78315 1130.817826 642.479438 1139.716787 123.506391 153.630603 159.158149 165.13399 184.347 210.985035 176.542301 265.790431 316.857746 296.694892 206.093796 174.466542 168.80426 175.461195 168.824839 171.833965 171.916103 190.310528 206.790982 176.58818 176.353926 186.128415 210.262478 258.960647 243.62473 223.709272 221.298667 223.370788 188.483343 191.60134 228.034094 273.463813 328.115725 296.755188 297.195498 280.930307 240.990469 278.544022 319.916059
-9999 -9999 -9999 -9999 -9999 -9999 -9999 -9999 -9999 -9999 -9999 -9999 -9999 -9999 -9999 -9999 -9999 -9999 30 718.284298 718.164288 719.054156 1833.514916 1676.928836 839.068858 756.537525 873.780884 1232.27763 158.25601 179.932879 352.990941 142.113824 377.104449 171.136342 152.749663 162.467048 227.827571 292.789174 275.015081 248.656806 198.372194 202.533266 161.351133 177.471427 172.457337 162.191514 155.957329 178.861172 171.277013 177.763199 179.388297 207.186915 225.513671 245.102512 193.056263 181.319395 164.75866 162.41507 173.529957 176.569524 204.515737 301.493419 347.31829 277.606914 252.502285 250.048166 281.808916 286.087093 281.384205
-9999 -9999 -9999 -9999 -9999 -9999 -9999 -9999 -9999 -9999 -9999 -9999 -9999 -9999 -9999 -9999 -9999 -9999 30 1803.482847 1666.719227 1537.811479 1497.535704 1337.445519 905.551132 773.120621 871.322958 774.345234 305.918803 724.114866 873.587196 423.801071 404.820028 416.036858 374.242855 463.28223 502.860843 191.617156 194.491289 364.583446 302.312639 251.796836 163.679113 171.431042 182.384775 169.873263 161.787139 171.419835 163.026012 189.728446 191.394483 227.328293 240.620757 204.719272 179.642957 191.841092 183.921416 188.447306 168.155218 191.525921 245.922756 256.101186 225.815774 215.352303 273.201459 247.307538 233.645842 192.275236 222.929008
-9999 -9999 -9999 -9999 -9999 -9999 -9999 -9999 -9999 -9999 -9999 -9999 -9999 -9999 -9999 -9999 -9999 -9999 30 1170.227844 1168.8326 1170.058404 1008.745221 1004.046595 1071.660409 772.978426 734.164049 869.285167 874.310253 682.826901 838.190416 411.668655 1267.907978 1162.151814 1168.318012 1157.916271 319.696273 207.82856 305.140224 358.248539 284.874729 167.10119 158.785188 177.802575 184.56973 158.918156 164.665137 160.0916 157.813221 169.335898 194.010183 213.545939 220.018348 235.144255 264.402639 316.659784 189.533066 193.44156 191.782607 211.893586 222.460346 211.284064 182.897863 248.512527 222.254498 194.056768 182.374123 173.62987 233.839371
-9999 -9999 -9999 -9999 -9999 -9999 -9999 -9999 -9999 -9999 -9999 -9999 -9999 -9999 -9999 -9999 -9999 -9999 -9999 30 1001.174699 1001.54928 902.093085 773.888189 1199.163022 872.028403 743.09245 829.638867 872.485831 177.816827 1065.430465 1319.332945 1162.352417 1242.63917 762.290977 657.306359 454.615499 400.631264 427.044518 468.668707 476.226671 455.805754 501.686897 283.10737 273.120624 163.864347 156.1075 157.489415 179.826283 228.394007 222.742825 203.261754 218.299605 242.499442 252.066389 252.761337 203.493117 239.408072 200.324656 196.937945 206.550488 210.945305 240.117449 260.149251 227.768372 226.619093 247.610471 213.508468 241.81829
-9999 -9999 -9999 -9999 -9999 -9999 -9999 -9999 -9999 -9999 -9999 -9999 -9999 -9999 -9999 -9999 -9999 -9999 -9999 -9999 773.002721 770.623528 739.179817 767.927783 873.197182 756.02499 841.487183 872.393907 757.728073 666.733596 880.505915 1563.590155 1579.056466 1568.754302 751.883506 333.605701 918.650394 461.199326 589.09553 622.554269 613.713595 837.184431 815.392871 854.440618 580.211638 292.534066 171.654397 244.943726 994.357416 210.691194 182.20322 195.214137 468.259952 215.99716 228.104661 251.626145 240.680115 219.207216 200.407344 242.229967 246.561324 240.488455 221.884679 225.075261 246.741158 259.247447 243.821893 225.053799 184.192794
