STOTEN_Data/raw/Age_yrs_1200ft.asc
ncols         250
nrows         718
xllcorner     -2256000
yllcorner     1557000
cellsize      1000
NODATA_value  -9999
[rows 310 to 340 of 718, columns 69 to 137 of 250]
472.516541 630.322775 788.7123 1339.121274 2112.465527 3164.261969 5250 5250 5250 5250 5250 5250 5250 5250 4772.142642 3636.739678 2866.037013 2127.488171 1612.403242 1474.794689 1406.67901 1328.084619 1171.201708 1072.550283 1009.407093 911.869192 903.538161 837.035021 835.430891 797.954954 671.561486 545.584289 454.813168 445.206023 438.439245 471.709375 537.887879 554.163204 643.482455 664.163212 730.902941 731.470105 730.65414 730.034724 660.38992 578.439699 551.130849 576.757403 742.22959 742.331794 318.705891 30 30 30 30 30 30 30 30 -9999 -9999 -9999 -9999 -9999 -9999 -9999 -9999 -9999 -9999
356.032239 474.195756 619.854604 975.380391 1307.385879 2488.725579 3561.932297 5170.575725 5250 5250 5250 5250 5250 5250 4109.088944 2628.68441 2138.227947 1717.440954 1540.132837 1465.896603 1405.443891 1339.342585 1236.940549 1136.708438 1009.474939 910.020226 872.682516 837.143057 799.948231 656.601299 546.773544 434.949205 424.61069 427.069706 441.404564 471.565209 482.405926 521.786151 526.769142 593.725227 669.064299 730.658951 729.80477 729.133629 690.878286 627.937398 572.239656 541.226596 659.190513 742.09912 187.27543 35.874059 35.874059 30 30 30 30 30 -9999 -9999 -9999 -9999 -9999 -9999 -9999 -9999 -9999 -9999 -9999
290.900635 351.58128 433.888369 775.726126 1077.610166 1503.19168 2615.541522 4767.901249 5250 5250 5250 5250 5250 4605.649182 2804.759539 2535.530188 2175.940766 1718.062765 1540.183045 1497.934526 1339.274617 1267.094993 1115.9213 1010.733484 911.639835 842.925733 837.709115 674.530573 660.750268 542.895503 430.506282 427.692412 424.643978 424.085936 437.770032 468.650663 474.853559 491.657857 505.206968 587.873463 620.20338 667.168907 729.645284 729.145195 721.287246 559.86903 554.400885 523.908034 695.497059 675.510451 185.475558 35.874059 30 30 30 30 30 30 30 30 -9999 -9999 -9999 -9999 -9999 -9999 -9999 -9999 -9999
247.854242 321.96023 405.859001 593.85507 909.320681 1211.27516 1805.199299 3371.391494 5250 5250 5250 5250 5250 3206.255756 2809.666891 2240.465163 1880.376553 1642.659674 1500.42315 1395.773542 1267.054524 1170.814484 1104.288322 1108.989006 1011.842148 911.072142 873.389057 806.659241 556.724371 414.850893 378.341917 396.605387 380.532777 413.435735 447.134631 471.853142 481.418884 478.1696 498.067557 535.944581 615.955229 656.504149 730.736578 734.55163 727.544017 574.321314 557.135492 546.663181 676.040782 177.165264 288.880095 306.24841 30 30 30 -9999 -9999 -9999 -9999 -9999 -9999 -9999 -9999 -9999 -9999 -9999 -9999 -9999 -9999
234.36682 297.653307 382.36452 493.158681 846.002055 1093.042206 1425.527688 2278.02622 4141.481541 5250 5250 5250 4821.902906 3205.736936 2659.361256 2012.424816 1775.968115 1669.756424 1542.625323 1500.455963 1373.696669 1301.560107 1141.83982 1011.446823 974.676271 792.400058 757.168706 805.984917 659.733131 457.422919 410.466082 346.436273 355.328395 483.096523 533.850444 543.77557 526.731023 477.574552 512.775852 586.91853 619.244498 733.51259 731.451474 731.171022 729.147228 725.510575 570.639404 583.495266 637.212944 168.655883 225.145352 157.11301 157.089148 30 -9999 -9999 -9999 -9999 -9999 -9999 -9999 -9999 -9999 -9999 -9999 -9999 -9999 -9999 -9999
257.064078 313.069326 383.304175 477.430063 797.156958 1001.735328 1305.133141 1754.295178 2672.892126 5250 5250 5250 3882.08098 2909.054242 2536.264989 2298.487786 1998.657722 1802.673662 1613.257627 1502.54046 1430.70368 1331.390365 1171.813142 1046.048596 982.029284 910.831635 841.633728 809.452976 663.969011 460.24493 410.572356 356.099852 355.356753 458.248514 531.477472 508.719677 484.655437 530.066754 515.301901 578.494787 614.653667 664.012775 668.652154 730.796791 765.16644 728.753701 602.466299 589.979467 668.499529 167.95892 167.045323 157.089148 51.915127 30 -9999 -9999 -9999 -9999 -9999 -9999 -9999 -9999 -9999 -9999 -9999 -9999 -9999 -9999 -9999
429.45761 455.280739 483.834647 647.571876 792.21789 959.947086 1175.945591 1524.970478 1971.25961 3205.461528 5250 5250 4083.857914 2867.723789 2697.901385 2201.3782 1936.167724 1714.390649 1612.639747 1499.301358 1407.263443 1329.996526 1208.471298 1070.405707 980.549369 911.235385 840.312395 840.007773 699.57783 464.217743 424.090784 370.028784 417.616404 440.956658 505.704137 508.687442 476.431612 524.332576 523.078648 569.795738 637.572782 660.723761 661.313893 730.762793 799.220033 791.70906 691.908371 608.216617 692.868677 828.551908 257.956028 51.915127 51.915127 30 -9999 -9999 -9999 -9999 -9999 -9999 -9999 -9999 -9999 -9999 -9999 -9999 -9999 -9999 -9999
484.116477 721.456324 944.202537 983.934865 1067.473138 1181.43964 1335.177596 1557.059117 1778.168144 2328.104408 5250 5250 4269.881018 2942.299999 2625.855583 2267.70982 1973.733471 1774.600432 1613.275116 1534.079145 1406.574732 1338.813111 1231.941802 1111.931472 984.093317 911.574681 879.233513 841.083599 806.336783 675.074608 560.664978 433.738342 411.167271 434.040563 463.338252 484.360289 508.195996 520.167612 550.690337 566.165992 587.379066 670.977565 702.066591 768.703578 800.508739 829.929569 693.425202 702.821895 898.856374 1045.923116 265.884719 51.915127 -9999 -9999 -9999 -9999 -9999 -9999 -9999 -9999 -9999 -9999 -9999 -9999 -9999 -9999 -9999 -9999 -9999
493.292204 748.772805 978.48436 1171.490782 1342.749646 1516.649439 1683.087889 1962.028983 2395.233045 2459.74588 3097.284569 5250 4380.644589 2940.058226 2638.28857 2298.468661 1970.151521 1774.369717 1613.438271 1504.634471 1406.442096 1373.905147 1335.650231 1262.555915 1109.826534 1069.10061 981.366668 905.276507 866.331414 804.214924 570.421463 552.093208 525.717507 525.851469 517.585232 514.463713 508.378967 523.946126 547.983847 555.013792 646.754142 671.754871 676.905079 647.956664 672.108644 696.269183 561.740817 671.406367 958.238051 52.501027 219.705984 219.705984 -9999 -9999 -9999 -9999 -9999 -9999 -9999 -9999 -9999 -9999 -9999 -9999 -9999 -9999 -9999 -9999 -9999
942.512135 1008.020052 1076.52505 1242.094573 1541.739718 1805.70527 2241.906635 2620.037571 494.182067 4204.147975 5011.221923 5250 4329.658903 3210.259159 2683.49273 2347.568086 2107.647451 1879.404135 1716.829567 1580.782135 1479.258452 1405.021072 1305.767266 1205.929505 1108.992572 979.840234 914.562921 903.829518 832.905315 831.253077 768.016843 663.865516 572.250453 524.987074 530.951801 518.077389 511.763684 495.969548 506.144475 549.615698 670.654443 663.38225 621.584886 662.673071 645.458919 620.679261 597.330311 590.156102 558.020135 52.501027 275.172008 -9999 -9999 -9999 -9999 -9999 -9999 -9999 -9999 -9999 -9999 -9999 -9999 -9999 -9999 -9999 -9999 -9999 -9999
1311.156742 1427.784332 1582.337387 1859.817433 1991.864232 2142.687027 2449.474484 4812.824316 5250 5250 5250 5250 4116.740097 3399.749248 2806.846129 2567.364819 2176.653626 1973.682814 1834.190556 1695.689302 1569.177292 1462.362317 1360.906834 1235.450405 1108.63398 1085.091187 979.119615 901.656951 897.009869 832.007494 830.563743 767.487687 767.085774 645.711229 535.380843 545.935133 567.788916 513.322967 611.777948 671.742046 704.567012 638.937463 484.793633 498.858045 518.954164 455.380516 397.413004 390.793621 578.358161 225.25422 275.679232 30 -9999 -9999 -9999 -9999 -9999 -9999 -9999 -9999 -9999 -9999 -9999 -9999 -9999 -9999 -9999 -9999 -9999
1321.568311 1443.790098 1646.780338 3162.522234 5250 5250 5250 5250 5250 5250 3473.133347 5250 4537.42928 3967.64505 3210.57198 2802.709577 2471.414007 2147.466036 1882.324353 1742.492513 1665.85186 1505.781281 1431.34271 1330.941399 1235.963987 1109.71056 1046.440743 979.997408 909.645509 907.756209 845.990923 837.76028 837.355992 828.945448 824.332616 800.260275 678.609514 678.686198 765.670692 800.013663 746.446812 600.047108 449.475874 374.16361 420.185957 353.694739 333.096786 497.096474 781.595214 952.136655 247.872222 -9999 -9999 -9999 -9999 -9999 -9999 -9999 -9999 -9999 -9999 -9999 -9999 -9999 -9999 -9999 -9999 -9999 -9999
5250 5157.213364 5250 5250 5250 5250 5250 5250 5250 1466.917884 1493.497969 5250 5061.284128 3716.676583 3058.530869 2935.72458 2837.946653 2638.394622 2404.286296 2137.510818 1838.785801 1677.341456 1571.868915 1463.483401 1366.573773 1308.708357 1235.210014 1121.057342 1074.045211 1069.217559 1007.805498 974.809536 900.452159 838.461362 809.534681 909.137546 860.317195 861.372831 658.715776 632.545023 600.298687 549.1776 541.876279 509.957837 444.983564 446.276018 637.625626 802.718683 767.155413 775.73192 336.148543 30 30 30 -9999 -9999 -9999 -9999 -9999 -9999 -9999 -9999 -9999 -9999 -9999 -9999 -9999 -9999 -9999
4887.473166 5250 5066.392882 5250 5250 5250 5250 2636.480421 1137.123558 964.014058 1167.087315 2495.098311 5250 3393.261395 3226.470974 2749.908268 2721.666686 2605.619597 2441.26759 2169.753837 1981.39126 1775.661063 1571.187801 1406.046555 1286.159304 1247.733911 1205.819965 1077.936853 1070.506505 1002.586416 863.676009 799.851801 819.405636 788.802041 728.03586 702.451647 584.72714 630.058481 572.782255 573.079166 629.503082 623.450747 596.950296 610.049042 641.302569 601.707515 604.98977 727.4311 661.7065 658.88756 306.97106 186.714607 -9999 -9999 -9999 -9999 -9999 -9999 -9999 -9999 -9999 -9999 -9999 -9999 -9999 -9999 -9999 -9999 -9999
4957.155772 5250 4678.629634 5250 5250 5250 2411.183061 1036.229566 768.079728 756.000256 899.323187 1733.953913 5250 3996.897718 2923.799004 2731.468441 2592.135517 2511.214466 2216.341344 2125.598518 1956.075343 1672.09811 1549.669884 1409.443371 1362.143041 1284.278391 1116.672425 1005.417332 933.835738 865.618606 729.656497 734.454065 739.705854 679.92875 801.404584 673.897071 582.896285 566.49824 469.94015 459.973507 516.62799 521.204033 550.953275 608.219548 643.43022 632.231555 637.027847 645.574414 659.506982 558.531567 166.794685 176.325129 -9999 -9999 -9999 -9999 -9999 -9999 -9999 -9999 -9999 -9999 -9999 -9999 -9999 -9999 -9999 -9999 -9999
4522.400633 4444.68853 5223.0196 5245.995893 5250 2499.931554 964.012705 663.837671 583.399651 591.245744 856.260959 1716.102644 5250 4407.890075 3195.866676 2875.523359 2503.090477 2133.73364 1907.188791 1825.897965 1578.086288 1463.766414 1359.352054 1266.769265 1204.405047 1137.538775 1075.800601 940.18457 877.134437 839.045263 800.196562 802.541308 875.595904 805.560532 742.547078 562.853563 530.06909 467.148868 457.619392 510.184383 513.352875 529.984943 527.122772 558.128703 576.637792 640.168079 628.666057 540.580187 552.635858 525.010267 525.010267 176.325129 -9999 -9999 -9999 -9999 -9999 -9999 -9999 -9999 -9999 -9999 -9999 -9999 -9999 -9999 -9999 -9999 -9999
4070.90504 4974.266058 5129.909739 5250 5250 967.813815 694.604258 538.827287 537.586221 583.399498 792.139691 2483.913279 5250 5250 4002.764323 3070.342409 2758.995186 2660.439695 2370.544891 1866.380887 1602.427926 1464.745088 1371.740488 1331.107791 1240.770915 1174.016347 1079.18245 975.655802 975.92141 976.207715 879.32437 871.937931 806.55502 773.124277 668.910075 565.796725 497.688011 530.989685 530.852413 523.610338 517.27064 527.007105 527.149368 551.079108 640.655402 665.685634 603.262719 551.755397 531.40437 525.010267 488.733744 30 30 -9999 -9999 -9999 -9999 -9999 -9999 -9999 -9999 -9999 -9999 -9999 -9999 -9999 -9999 -9999 -9999
4918.07016 4987.07897 5250 5250 2132.55162 756.434608 583.399888 452.718718 486.147499 583.631687 796.302279 3434.442183 5250 5250 4916.820289 3730.382902 2845.366501 2574.50518 2395.915092 2000.056407 1714.445161 1637.235383 1534.356256 1463.736597 1398.469775 1307.525536 1210.792399 1106.507149 977.338021 973.197491 900.089852 901.960436 862.304535 837.954416 740.341195 640.418442 601.690025 574.442883 534.79908 523.410118 523.695316 524.674276 531.52135 541.650983 628.609643 667.624842 539.062155 509.515682 443.335008 516.206891 447.127588 30 4.62423 -9999 -9999 -9999 -9999 -9999 -9999 -9999 -9999 -9999 -9999 -9999 -9999 -9999 -9999 -9999 -9999
4721.212378 5250 5250 2687.70666 1692.368872 630.439205 532.533407 403.106287 478.701819 583.631699 826.819241 3757.954611 3827.127367 5250 5250 4422.853642 3795.944101 2843.458361 2472.917077 2000.333645 1803.770692 1665.437175 1570.201838 1466.984798 1398.735748 1307.509048 1211.018442 1085.358661 1080.136116 978.916979 978.686391 943.650834 910.859229 870.231654 765.039022 674.374351 599.247549 584.566769 535.1662 534.204159 530.9937 521.271089 531.386496 586.571781 510.079361 513.48384 520.216708 512.422553 413.50512 365.688216 39.748118 4.62423 4.62423 -9999 -9999 -9999 -9999 -9999 -9999 -9999 -9999 -9999 -9999 -9999 -9999 -9999 -9999 -9999 -9999
4869.987992 5250 5250 2080.7979 658.674927 512.457082 448.934762 403.097401 479.194758 583.612239 1408.682977 5250 5250 3884.613845 4654.946932 5250 5250 3475.764846 3029.547978 2465.990078 2134.449607 1808.39953 1609.051993 1468.381677 1397.862544 1330.749215 1304.707235 1264.489734 1210.462749 1149.182344 1082.950599 977.732767 978.091549 870.190892 793.313959 725.538514 606.990228 600.123385 538.132512 538.229111 573.701842 539.013407 534.416732 525.082646 521.77995 514.267515 364.330227 350.846662 375.596789 331.69265 47.832991 4.62423 30 -9999 -9999 -9999 -9999 -9999 -9999 -9999 -9999 -9999 -9999 -9999 -9999 -9999 -9999 -9999 -9999
5250 5250 2251.765159 1484.38164 552.682322 419.660548 334.28832 363.146509 465.533436 628.416653 2247.270286 5250 4593.337545 3022.204723 3815.249317 5250 5250 5250 3169.859376 3075.241099 2698.650841 2266.404876 1804.682732 1664.38536 1536.269001 1466.710195 1398.279277 1307.546655 1264.270715 1233.88327 1233.742866 1173.939211 1009.214442 903.755175 828.916328 726.51086 761.435985 736.424339 676.033488 645.669572 581.058652 565.093503 570.829578 499.247948 484.761409 450.41478 390.027709 343.728884 313.89003 298.3436 4.62423 4.62423 30 -9999 -9999 -9999 -9999 -9999 -9999 -9999 -9999 -9999 -9999 -9999 -9999 -9999 -9999 -9999 -9999
2051.279104 2251.066947 1802.43424 1156.724024 451.681497 347.625966 293.694447 311.768268 482.470792 699.550391 2456.836215 3829.004414 3169.341706 2915.123342 3402.480395 4210.484921 5250 5250 5250 3077.709332 2929.952645 2664.637107 2637.575636 2006.8674 1810.146375 1709.119954 1611.884415 1537.459134 1468.393298 1400.160427 1331.035257 1364.353636 1234.08113 1015.556574 905.694608 863.64184 831.360536 797.624144 767.382901 656.595018 637.684195 597.313288 543.352085 499.987758 487.574823 471.271941 417.152397 315.898066 286.411348 298.952653 298.3436 77.481177 30 -9999 -9999 -9999 -9999 -9999 -9999 -9999 -9999 -9999 -9999 -9999 -9999 -9999 -9999 -9999 -9999
2350.379049 2250.322386 1584.822539 1044.352252 345.837913 250.007566 240.047634 286.902736 482.515638 1155.744292 3686.104134 3125.789927 2642.57124 2709.363826 3049.19651 3166.547325 4532.301567 5250 5250 5250 3036.921525 2690.182519 2588.797644 2541.535124 2198.689313 1931.552887 1765.683792 1668.239701 1605.595662 1531.074534 1466.37973 1398.317256 1307.351242 1119.442332 1008.916086 935.92628 866.085797 830.435655 772.874334 741.144066 638.576441 605.180317 591.271117 497.805406 495.492086 493.149654 434.09934 179.591248 210.055137 275.865845 308.747433 206.033033 -9999 -9999 -9999 -9999 -9999 -9999 -9999 -9999 -9999 -9999 -9999 -9999 -9999 -9999 -9999 -9999 -9999
2051.145027 2124.713871 1503.458078 954.18663 345.778265 199.286641 199.363592 260.211218 538.846747 1269.943903 4689.321557 3010.449206 2241.007941 2305.102831 2734.424293 2979.352492 3010.200448 3613.261843 5250 5250 5250 3258.184586 2831.162844 2362.959916 2114.726027 1998.000479 1840.873185 1742.106005 1637.973042 1540.703221 1469.938854 1395.864815 1328.888451 1302.85002 1084.090627 978.227216 901.675973 858.870439 799.131249 769.923979 728.144978 634.478635 548.90755 536.837539 529.360271 351.172583 312.723584 203.194638 179.909643 423.379644 446.625599 -9999 -9999 -9999 -9999 -9999 -9999 -9999 -9999 -9999 -9999 -9999 -9999 -9999 -9999 -9999 -9999 -9999 -9999
1910.325034 2075.431514 1381.041848 831.697715 485.477966 156.067252 158.919031 235.564941 830.39899 1730.054331 3810.061388 3923.413895 2132.732527 1833.903471 2284.439836 2672.131094 2675.19597 3237.177815 4110.84967 5250 5250 5250 5250 2750.171116 2559.844855 2025.828724 1897.23641 1735.888661 1630.312021 1524.746445 1432.679198 1359.388419 1358.521566 1302.699764 1171.852789 1079.988878 942.514218 899.412011 834.319174 799.570084 769.204256 734.818246 558.392569 535.213145 445.126676 399.511747 313.023538 319.381875 293.623691 366.470264 355.37275 465.541929 -9999 -9999 -9999 -9999 -9999 -9999 -9999 -9999 -9999 -9999 -9999 -9999 -9999 -9999 -9999 -9999 -9999
1992.199874 2154.517541 1291.37622 802.153941 738.100953 133.073427 122.560895 249.701986 1020.741952 3199.135241 3913.067188 4227.21691 1769.937911 1732.410585 2209.679448 2700.176901 2630.838683 2360.998801 2981.736409 5250 5250 5250 5250 5250 3483.559339 2655.637224 2096.616868 1967.416283 1758.339044 1588.560344 1425.325286 1325.212379 1170.576755 1069.751895 1230.736584 1134.55332 1038.043653 978.803603 929.831528 763.097092 726.620138 701.628449 609.785431 611.801916 508.937467 434.26582 379.600584 330.440635 323.852235 386.763506 465.764427 417.919233 -9999 -9999 -9999 -9999 -9999 -9999 -9999 -9999 -9999 -9999 -9999 -9999 -9999 -9999 -9999 -9999 -9999
2752.768139 5250 1256.729152 1625.67279 1015.480305 123.138985 126.275204 735.860658 1306.778787 3257.727348 3608.749424 3677.821287 1663.83775 1593.633676 1838.230315 2305.688585 2243.612769 2202.672976 2713.840868 3337.722277 5250 5250 5250 5250 5160.313955 5250 3322.675245 2650.47487 2121.392665 1830.972088 1634.203785 1550.171135 1458.726949 1358.521563 1245.888988 1176.998715 1165.116412 976.380544 1058.875727 870.875791 775.824524 794.270057 703.909668 720.334701 660.036283 484.55183 437.54354 369.474922 353.373444 417.251622 6.10275 6.10275 5.70705 5.70705 30 -9999 -9999 -9999 -9999 -9999 -9999 -9999 -9999 -9999 -9999 -9999 -9999 -9999 -9999
5250 5250 1567.285369 2256.251622 1190.817467 1568.326431 1134.932915 1464.517218 2002.692494 3763.90534 3603.915725 4334.268721 1634.042542 1473.937396 1773.048396 1838.445789 1834.484855 1773.572338 1829.044422 2306.27585 5104.175222 4970.135333 5162.087023 4768.695649 4884.762679 4779.912706 5059.100421 5250 4429.516558 2960.557798 2301.605398 1837.317216 1638.194156 1539.302646 1512.333783 1399.114892 1293.986146 1179.957797 1140.221667 983.390958 878.689516 801.892069 773.475572 762.741319 702.914426 687.846678 433.319907 366.616416 361.640517 779.914182 759.500956 6.10275 30 30 30 -9999 -9999 -9999 -9999 -9999 -9999 -9999 -9999 -9999 -9999 -9999 -9999 -9999 -9999
5250 5250 5250 5250 2141.607467 2534.217744 2703.415316 2333.205019 3551.000477 3783.649831 3514.419932 4305.953337 1664.530815 1471.909229 1634.551838 1804.757328 1772.669411 1593.990474 1608.681789 2269.842166 3403.120517 4058.483663 4679.941251 5021.290664 4701.695054 4805.716975 4538.76373 4438.969319 4638.616987 5159.038829 5250 4147.864996 3057.525237 2789.452626 2553.011217 2356.11326 1922.631426 1635.642451 1345.087106 1280.45823 1012.183334 879.448241 799.456109 777.556737 826.610926 651.199736 471.006553 400.575911 362.896016 242.359518 252.063942 5.664613 5.664613 30 -9999 -9999 -9999 -9999 -9999 -9999 -9999 -9999 -9999 -9999 -9999 -9999 -9999 -9999 -9999
5250 5250 5250 5250 3309.113348 3232.458315 3572.775544 3364.943531 4091.357132 4333.034186 3919.183489 4036.157942 2161.088069 1472.622867 1540.157527 1694.196173 1667.043439 1661.763929 1507.991758 1836.962927 1863.784483 4758.469214 4230.814294 4420.832061 4828.872656 4271.031337 4301.964734 4307.575963 4270.96264 3934.255328 4105.701045 4478.44214 4648.746056 3394.569929 3870.576779 2524.749248 1929.219873 1730.413615 1445.409793 1300.858284 1429.647544 940.972358 870.182537 738.546442 656.238462 614.21597 497.281548 370.370147 297.832127 365.856772 292.51936 8.704997 50.587269 -9999 -9999 -9999 -9999 -9999 -9999 -9999 -9999 -9999 -9999 -9999 -9999 -9999 -9999 -9999 -9999
5250 5250 5250 5250 5250 4469.640004 4062.109925 3855.788157 4483.508264 4328.07994 3625.467349 2314.417094 3049.003392 1474.530943 1412.723513 1601.221801 1637.159289 1636.706672 1478.888353 1537.284305 2010.648716 3876.287097 3339.096009 3969.10602 4032.008155 4333.820842 3886.090369 4094.588915 4104.181674 4015.124084 3808.244308 3398.872084 3868.461274 4704.993417 3728.642187 3050.239567 2972.026082 2889.962773 2775.521599 1628.47994 1522.246131 1174.811773 1041.569701 919.202244 773.775618 728.208343 523.178988 400.604368 323.613963 351.236935 369.683592 397.905544 295.996158 30 -9999 -9999 -9999 -9999 -9999 -9999 -9999 -9999 -9999 -9999 -9999 -9999 -9999 -9999 -9999
