STOTEN_Data/raw/AVG_SILT.asc
ncols         250
nrows         718
xllcorner     -2256000
yllcorner     1557000
cellsize      1000
NODATA_value  -9999
[rows 616 to 643 of 718, columns 130 to 194 of 250]
29.73863 28.33413 24.842 31.63347 28.64892 23.17629 23.86737 26.56893 33.29301 32.30412 32.13471 29.93943 31.60144 32.64542 31.12979 32.14465 32.13471 32.13471 32.16716 32.35458 32.40447 29.96274 18.04041 16.72605 23.60203 29.16542 27.80595 28.27486 32.67231 29.48233 28.3464 31.01951 30.17112 30.15528 30.15528 30.15528 30.15528 30.0122 29.51789 30.15528 30.15528 30.15528 30.15528 30.15528 30.15528 31.69013 33.80627 35.06054 35.19826 33.37595 26.08247 30.44177 34.67693 36.43249 36.78102 36.79933 34.38283 27.82695 16.63698 16.54393 35.02375 36.79933 24.79935 31.00659 36.79933
28.93584 30.419 21.44161 16.70021 21.50873 26.22327 20.87822 19.42106 28.73278 32.13471 31.89042 29.41768 35.02456 33.12894 33.88513 33.96608 31.64714 31.52184 27.05468 25.26155 31.93251 30.41055 22.11751 18.20097 25.20494 25.78452 24.56384 25.54918 29.49569 26.3088 31.63627 32.13471 31.58424 30.7697 30.15528 30.15528 30.15528 30.15528 31.33413 32.35775 30.96073 30.17785 30.15528 30.15528 30.15528 30.15528 30.15577 32.18361 35.53872 24.25932 18.78762 21.09798 35.50616 36.61009 36.79824 36.64798 36.79933 35.39913 18.83691 18.89304 35.92273 36.60842 36.5723 32.34346 36.53275
29.96802 27.93028 27.71975 22.24269 17.06579 17.06579 17.14137 23.02026 30.29945 32.13471 33.16489 34.32207 35.05733 28.69496 34.29807 29.95178 19.41668 31.67702 20.42297 26.5917 23.00054 28.829 21.97784 16.89729 21.91363 24.48633 24.48633 24.48633 26.90238 30.47664 32.13471 28.70203 25.86188 30.95938 31.37837 30.99279 30.17686 30.15773 34.22371 35.06054 35.06054 33.83276 30.30048 30.15528 28.86113 30.09228 30.15528 30.95484 33.58994 29.59654 23.69678 18.39703 28.67266 36.70475 32.20149 28.94959 33.28036 36.79933 31.85406 25.30069 36.72194 35.84478 36.79933 34.4189 34.46017
31.26868 28.8601 32.01151 33.16192 30.24525 25.70687 30.3052 33.17484 28.81535 28.95039 24.17769 31.29882 34.60675 33.2954 32.59706 32.41383 32.13471 31.74442 23.74049 24.45668 32.45115 29.01711 21.3378 17.38051 22.59278 24.48633 24.48633 24.48633 24.60965 26.25566 30.85009 20.90886 17.64394 28.99204 32.13471 31.5282 31.47161 31.67365 35.05319 35.06054 35.06054 35.06054 33.76733 31.14418 25.46696 27.54413 28.639 27.4308 34.94036 29.56982 35.05682 24.34638 21.51418 29.06312 25.43745 19.59998 25.94312 36.79933 34.67178 31.43142 35.78113 35.76222 36.79933 36.79933 34.83101
28.96824 34.13596 34.8531 33.78986 34.84637 32.19203 30.98598 31.8313 28.45776 31.85398 18.38731 31.66196 28.70863 29.30402 25.00978 32.56802 30.14722 26.992 23.28488 34.8022 32.57011 28.90894 18.42786 18.07516 24.21016 24.48633 24.48633 24.48633 24.48633 24.4971 26.74932 20.60501 17.1941 28.61427 32.13471 30.93617 28.48105 25.70033 29.79537 34.39146 34.87513 29.2455 19.95804 22.8452 29.14573 29.77069 32.18684 24.49015 31.80926 32.92899 34.99173 32.27146 29.81464 21.11524 30.65231 25.89152 28.38052 32.58131 31.68305 33.58651 33.6983 36.78041 36.79933 36.01929 26.6231
23.4155 34.83828 35.06054 35.06054 25.90845 32.05212 31.03615 28.32483 28.41251 21.91238 19.46368 19.33221 18.93992 27.32917 33.36869 33.6971 27.271 23.97001 26.47832 32.37288 29.12084 24.80542 20.79835 19.77367 24.48633 24.48633 24.48633 24.48633 24.48633 24.48633 26.21979 20.94796 21.191 27.7569 32.13471 31.75902 30.61588 26.91677 30.1679 29.76464 31.67199 23.44351 18.71058 16.46054 17.4668 16.76186 24.15163 20.09563 30.74804 26.20649 35.44328 35.11531 26.78615 29.88285 26.1134 19.68597 22.2401 29.16328 27.55277 34.65802 29.12501 34.53591 36.79933 36.76102 28.6491
31.28543 35.06054 34.69412 33.9185 30.56179 31.74946 31.6977 26.90878 22.49059 24.43809 23.76101 24.38756 33.57441 35.06054 34.6067 31.72928 27.95326 32.33336 32.30352 32.13471 29.48576 19.53634 17.72239 20.04428 24.30378 24.48633 24.48633 24.48633 24.48633 24.48633 24.48749 27.8698 20.39924 32.13471 32.13471 32.13471 32.13471 25.7506 32.1253 31.27823 30.27266 27.43132 17.43582 16.80902 17.68271 16.87243 21.55117 18.79911 20.39774 25.01297 33.25787 36.22623 36.22659 28.81146 32.74028 21.79978 22.51011 21.3956 20.637 28.20162 36.29712 24.00648 34.37596 36.76453 32.7438
29.54133 34.55648 33.76218 28.82422 24.27394 21.26536 29.11339 30.76493 28.69146 30.40781 30.82144 31.83943 32.37471 35.06054 35.06054 35.06054 33.68043 32.80209 32.36636 32.13471 31.04378 31.71777 23.78374 18.99792 24.29145 24.48633 24.48633 25.77941 25.5946 24.53281 24.48633 25.1632 28.37636 29.3663 32.13471 32.13471 32.13471 29.79455 31.65508 32.13471 30.64875 29.52943 17.38659 16.46054 17.79387 17.68618 20.14298 18.69488 19.59998 19.60462 19.61389 28.8544 36.79447 24.30747 30.82089 34.98824 24.81312 31.64641 19.68081 19.95808 24.1458 20.96389 22.55485 22.67137 32.97131
20.54845 26.82069 26.21084 23.61854 28.70283 24.33411 29.17212 31.98402 31.81177 31.52654 30.84276 31.61136 30.97596 34.32258 35.05206 35.06054 34.6521 30.25322 30.63863 32.44952 32.1347 31.47482 30.62527 25.62992 24.53222 24.48633 25.64496 29.57994 30.15528 29.07818 25.57703 26.19484 35.58082 32.01336 32.04899 32.13471 32.13471 32.13471 32.13471 32.13471 30.72931 30.15528 25.63031 21.64947 18.30051 17.72416 19.1771 19.51333 19.59998 19.59998 19.59998 19.64481 33.72855 21.73615 19.59998 24.99545 30.84321 19.61718 19.59998 19.59998 19.59998 19.59998 19.59998 26.2269 36.73053
24.58621 28.46787 31.03375 29.83914 27.46863 20.92277 24.06435 29.61979 30.9923 34.05891 31.80106 31.73014 29.29118 32.0036 31.58613 31.74974 33.99081 34.53006 34.18561 29.63828 26.32138 25.24092 23.61892 24.81955 24.98065 24.49522 25.75107 30.15528 30.19526 30.26098 29.72688 32.40091 36.15651 32.23171 30.55552 31.9997 32.13471 32.13471 32.13471 32.13471 31.60442 29.56132 28.92923 28.20591 28.18598 19.35818 17.85351 19.59998 19.59998 19.59998 19.59998 19.59998 22.78016 19.59998 19.59998 19.59998 23.10351 19.69629 19.59998 19.59998 19.59998 19.59998 19.59998 28.86357 30.02005
23.06876 31.0169 27.82371 24.86834 28.8434 25.81606 30.33799 34.20069 34.68604 32.75733 30.11999 29.44095 26.66767 23.62828 27.1273 27.36711 30.70416 26.61429 24.53992 28.75786 27.29422 24.35742 23.07189 20.96607 25.31702 25.12869 25.1632 29.97161 30.67072 31.91836 31.98863 31.30935 31.87764 30.42391 32.08598 32.21068 32.11709 32.13471 32.13471 32.13471 32.13471 30.14445 26.72475 29.53902 26.93702 19.10284 17.65604 19.50548 19.59998 19.59998 19.59998 22.30716 21.22188 19.59998 19.59998 19.59998 19.29647 19.59998 21.10664 20.20712 21.68235 30.00595 24.77195 29.7001 25.73151
25.62851 25.30007 22.74741 31.55988 31.33286 24.30479 24.46352 27.51356 28.38383 30.1404 32.29819 30.14671 31.08624 27.15496 26.49822 27.02468 28.21484 23.89902 28.40956 26.7491 27.88699 23.02222 23.39321 20.96863 24.48633 24.52343 24.48633 27.34688 30.4803 32.08522 32.13471 32.1258 31.08562 32.11362 34.4775 30.54633 31.49107 32.13471 32.13471 32.13471 32.13471 31.96843 29.42129 28.06957 27.79979 23.54648 18.96275 19.04242 18.66694 19.59464 19.59998 21.87719 27.13334 19.59998 19.59998 19.59998 8.51081 14.05208 19.66944 21.27711 22.0451 22.67945 22.24298 22.41782 26.46974
24.03983 23.49908 32.49834 34.87914 34.31796 28.59843 22.82011 22.16993 27.32015 27.35709 31.17541 32.75393 34.86901 29.38895 24.40035 18.94023 23.11533 24.00556 24.42554 29.33245 33.01258 29.67885 27.24434 21.92032 24.48633 24.48633 24.48633 24.65866 29.09859 26.94423 23.23177 31.67388 25.41181 30.29128 27.80117 26.47065 28.58532 31.89954 32.13471 32.13471 32.13471 31.62778 30.87901 25.12657 29.84852 20.63882 16.46054 16.8671 17.86293 18.3208 25.55552 20.62506 22.51701 19.59998 19.59998 19.59998 16.35055 10.9139 22.37099 20.1196 22.52244 23.53526 23.10569 21.20509 26.61427
28.30396 26.17591 30.0653 32.30552 30.56985 26.8453 21.89168 22.73868 20.29303 17.71779 23.10148 20.19252 22.23983 21.63722 22.70335 18.62001 32.0027 32.91224 33.79203 33.55208 32.48816 28.77317 28.54244 26.01313 24.48747 24.83553 24.56588 24.48633 25.88194 28.06957 19.43096 24.6205 31.17858 31.68781 29.70759 28.09348 26.43089 30.30122 31.99555 32.13471 32.13471 32.61893 33.438 29.21065 21.22769 16.78237 16.46054 17.25073 18.97774 19.65246 31.16828 23.61777 20.44447 19.59998 19.59998 19.59998 19.59998 19.59998 20.53123 19.59998 19.61839 21.22185 23.77765 22.05657 24.30503
23.15113 26.35789 32.90885 32.67035 25.65704 22.55945 22.35891 22.64522 21.74666 22.62515 17.38232 17.06507 17.26638 18.89656 19.27532 20.58629 25.98001 24.98493 28.08926 30.63746 30.96482 31.34463 30.11787 27.12269 25.08904 25.42529 25.03008 25.07908 24.49611 27.82534 31.21803 31.81025 25.71293 31.12025 28.66352 32.07767 27.92281 31.60484 31.45149 32.13471 32.13471 32.27778 33.73835 24.05915 16.47424 16.46054 17.03662 18.01832 19.59998 19.59998 25.73847 25.45296 19.59998 22.61332 27.10937 20.34568 19.59998 19.59998 19.59998 19.59998 19.62764 19.69989 20.09205 22.23013 21.66772
23.76393 23.36165 25.82986 23.03402 23.76669 23.69996 21.64963 22.25589 21.8189 18.10993 16.80681 16.55375 16.72598 20.90888 16.46216 18.70742 31.34984 27.15926 31.57118 33.02384 32.58487 32.4258 32.46242 26.1934 24.64631 25.51576 25.3296 25.67613 25.15347 24.65413 29.75896 32.05038 31.57976 30.93776 29.75277 28.69361 28.42625 32.71945 31.49998 32.13471 32.13471 32.13471 33.97477 31.31264 16.74512 16.72834 16.95877 18.51028 19.59998 19.59998 19.59998 19.59998 19.59998 19.59998 19.59998 19.59998 19.59998 19.59998 19.59998 19.59998 19.59998 19.60789 19.60075 21.5016 19.76865
23.59413 26.61239 24.35734 21.56615 23.70207 23.69996 26.70918 28.08032 20.63879 16.92901 16.60496 16.46054 16.46054 28.02569 31.3118 23.6699 17.77928 19.97651 17.37643 22.03497 31.34637 33.76649 31.72644 25.7899 24.83121 25.72353 25.01051 25.75708 25.59442 24.51771 26.39665 31.58977 32.13471 32.13471 31.93558 30.07419 29.57948 35.3866 30.88218 32.12218 32.13471 32.13471 32.26169 34.38672 30.87368 25.71776 16.46054 17.58573 19.00066 19.59998 19.59998 19.59998 19.59998 19.59998 19.59998 19.59998 19.59998 19.59998 20.1875 20.01516 19.59998 19.59998 19.59998 19.61144 20.04596
22.67138 23.12212 25.36689 25.46157 23.9432 23.69996 25.69348 26.66989 17.90517 16.6322 16.80523 16.5507 16.53891 16.52019 29.19111 33.37277 27.69443 29.9074 26.73703 29.94751 33.72725 34.6898 31.46871 25.14146 24.83502 25.30622 25.28029 25.75708 25.62619 24.49675 24.48916 27.09859 31.60242 31.8746 31.46026 29.97849 27.89774 28.73944 29.60209 31.62929 32.13471 32.13471 32.41675 33.80252 34.74435 20.14335 16.481 17.69622 19.42009 19.59998 19.59998 19.59998 19.59998 19.59998 19.59998 19.59998 19.59998 20.34916 24.33197 21.75454 19.63793 21.06077 22.22789 22.75639 20.87111
26.99129 25.46689 21.48232 23.35785 27.04077 24.82734 22.29151 23.09327 22.09445 17.97927 21.98103 31.14984 24.39918 26.59498 32.05407 33.86358 33.93761 34.48883 34.01275 34.13625 35.04738 35.06054 33.67354 27.92303 24.56352 25.52555 25.75708 25.75708 25.75606 24.95041 24.48633 24.54585 29.14179 30.39412 30.81351 30.15528 30.27343 35.45337 33.36868 30.37136 29.67656 25.06262 31.12897 31.54346 32.00996 30.38015 21.9029 18.80162 19.40282 18.6481 18.40292 19.22105 19.59998 19.59998 19.59998 19.59998 19.621 20.60823 23.6491 20.50631 21.58574 24.49554 24.82235 24.82235 24.76855
29.23165 28.04489 21.66463 21.02153 27.23066 24.86759 23.69996 23.43746 25.54723 29.26944 24.38444 19.7612 16.46054 20.31496 33.58565 32.46943 32.67364 33.5233 33.79775 35.06054 35.06054 32.85183 31.81166 33.52768 27.39212 25.03948 25.75708 25.75708 25.75708 25.57015 24.74797 24.48633 26.4047 30.15528 31.16271 30.15528 32.68 36.15651 34.48936 31.22415 29.08942 30.19955 31.90144 33.28945 33.67899 34.08489 32.2259 22.27962 18.417 18.4792 18.60195 19.59998 19.59998 19.59998 19.59998 19.61709 19.6834 19.68339 19.66731 19.60638 22.12221 24.40846 24.82235 24.82235 24.82235
30.22994 30.43415 27.65101 19.63327 23.62493 27.42072 27.39509 27.61754 27.57206 30.27844 21.92131 19.19052 19.29771 18.20085 32.25969 33.70003 33.80128 35.06054 35.06054 35.05496 32.5235 32.5974 32.02102 34.28052 33.7356 24.82174 25.56786 25.75708 25.75708 25.75365 25.48247 24.72434 24.65186 29.9475 31.61512 30.19011 34.49718 36.15651 35.49001 31.65584 30.73465 27.81851 28.50696 31.97853 33.56583 32.2459 33.96667 35.06054 25.54556 19.38398 19.59998 19.59998 19.59998 19.59998 19.59998 19.66992 19.65306 19.68692 19.69583 19.67196 19.67462 20.07133 21.01805 24.07711 22.58489
32.37516 33.2851 32.10351 28.27037 24.67415 26.9512 27.79439 27.67968 27.25928 25.04365 21.18159 20.54217 27.28978 31.51796 29.81335 34.13239 34.87505 35.06054 35.06054 35.06054 34.11567 33.20767 27.06051 32.37703 34.79724 27.74741 24.91673 25.75708 25.75708 25.75708 25.63204 25.15347 24.49916 29.32818 31.83779 30.79424 32.09112 36.15651 36.15651 33.24103 31.52522 29.74092 27.09084 30.19994 33.07364 34.29189 33.55267 35.06054 35.04354 20.79044 18.59254 19.17772 19.59998 19.59998 19.60374 19.68251 19.65085 19.66804 19.6939 19.66981 20.39589 21.07686 21.69752 23.54404 21.17009
32.59902 33.5037 25.4423 25.84332 31.28062 28.7883 27.92093 27.38835 26.62598 25.29367 20.00405 18.82023 23.50099 23.65144 33.20206 35.06054 35.06054 35.06054 35.06054 35.06054 35.06054 35.06054 30.04191 30.76739 29.80651 31.92635 25.04186 25.35336 25.39136 25.6436 25.75682 25.55325 25.2287 28.63714 31.20576 31.94805 30.55548 34.84603 36.15651 35.69357 32.36604 31.65314 31.77819 32.11597 32.40667 33.87265 35.06054 35.06054 35.06054 26.31914 19.4091 19.59998 19.52808 19.44929 19.60544 19.68028 19.69239 19.69742 19.69594 19.66768 19.67839 21.06946 22.69448 23.89499 22.002
33.18737 33.60004 32.2293 31.64667 30.37494 29.14521 24.96223 27.24713 28.24091 27.70973 18.68791 20.28195 18.54163 19.83359 29.35343 34.39888 35.06054 35.06054 35.06054 35.06054 33.55798 25.47884 23.25771 20.06013 31.61764 34.98152 26.88972 25.38063 25.5117 24.88826 25.19884 25.64334 25.52644 27.47268 30.84452 32.13471 31.33185 28.87001 33.95266 33.25507 35.57471 30.73145 30.3867 31.56706 31.05986 30.15969 32.33616 34.41256 35.06054 34.57865 31.93596 29.79701 22.70168 19.24867 19.62577 19.69996 19.69996 19.66781 19.69056 19.69969 20.30698 21.82471 20.72123 22.37285 20.34764
33.78146 33.60004 33.60004 33.60004 32.71106 26.85653 24.84454 26.3828 28.51732 33.62917 22.37888 18.1392 19.13995 17.96314 17.95488 18.17242 24.90807 31.7726 35.06054 35.01556 22.12051 17.06579 16.75197 16.46054 25.69921 34.58624 31.94976 25.03918 25.36721 25.41092 25.1095 24.99209 25.65707 25.76688 30.53272 30.99205 32.11808 30.42589 27.63761 29.35349 35.33916 30.31071 30.15528 30.15528 30.15528 30.15528 31.58369 32.55739 31.04068 30.55015 31.8422 32.18361 29.90922 27.15512 19.67281 19.66054 19.69996 19.66628 19.67291 19.6689 19.66716 20.33767 22.7167 21.59441 23.29108
36.16922 35.00334 35.02266 32.69014 29.37021 28.87717 26.25557 26.75229 24.81326 24.58065 23.20228 18.28241 17.96314 17.96314 17.96314 17.92284 17.37448 17.38916 27.583 29.98421 17.06579 17.01792 16.54097 16.7 16.60562 24.22289 33.39027 31.82695 25.27386 25.38691 25.43418 25.43914 25.63801 25.34561 28.80335 29.96209 31.67766 31.8277 30.64668 33.9088 34.79457 31.57585 32.73728 31.09902 30.12251 28.31333 30.15528 30.15528 30.15528 30.15528 30.15528 30.15528 30.15528 30.15528 25.3106 21.62527 20.36602 19.60481 19.67022 19.63002 19.6551 20.21486 22.16142 22.47491 21.13922
36.82099 34.49714 34.51637 36.70681 36.44533 34.58985 28.0018 28.31222 25.34151 24.26551 23.68088 20.23553 17.96314 19.17381 20.05977 17.96942 17.96314 17.88552 17.66612 17.27366 17.06579 16.99619 17.02787 17.32268 17.15597 18.51708 26.26494 34.23512 29.41823 25.23378 25.2531 25.68884 25.75708 25.4108 26.39111 31.50455 31.75446 31.45914 31.38905 30.15528 32.4431 34.51115 30.77509 29.3379 31.72853 17.3873 28.7858 30.18537 30.92311 30.27058 30.15587 30.15528 30.15528 30.15528 30.15528 31.68162 31.16828 25.50759 20.35958 24.07189 22.98023 19.39413 20.33424 22.73663 21.78984
38.67281 35.03611 35.50177 36.18493 36.83734 36.05152 36.57531 34.98293 28.29525 27.70292 28.37201 21.60773 18.06363 22.95217 25.93725 22.41481 17.97156 17.9475 17.86658 17.42258 17.3533 17.06579 17.18496 17.79336 17.92985 16.9294 16.46054 24.27752 34.75072 24.88074 24.73781 25.52402 25.52377 25.66482 25.62518 27.68999 25.4356 31.09562 31.77622 31.91151 33.24204 34.85305 30.08876 20.16635 23.48806 17.79853 22.33011 30.46713 31.65766 28.86978 31.1997 31.42767 30.81747 29.49706 30.15528 31.80837 29.57822 31.21462 30.17051 31.85267 19.48633 18.40203 24.53277 24.66777 22.52684
