STOTEN_Data/raw/AVG_CLAY.asc
ncols         250
nrows         718
xllcorner     -2256000
yllcorner     1557000
cellsize      1000
NODATA_value  -9999
[rows 0 to 28 of 718, columns 0 to 64 of 250]
26.0424 30.64157 39.19615 41.25576 36.10272 31.61176 37.20273 29.65865 35.37077 37.65548 38.0936 36.44075 35.98732 40.87557 36.09626 27.00357 20.18539 26.45368 26.55887 29.98062 23.57284 26.00554 29.11728 28.56817 28.0773 27.22275 27.26775 29.57459 31.0812 23.28352 33.14116 25.04388 28.50906 27.30632 26.68809 27.23169 32.37515 32.63973 26.79302 9.775573 10.89893 11.04058 11.12271 10.79267 10.00285 10.34439 21.43518 22.02914 22.05367 23.46519 20.27559 18.51163 19.4695 18.40942 16.46167 16.42211 15.88122 15.92833 16.67084 17.72078 19.55931 20.54435 20.97763 22.30671 22.56991
32.90549 26.07359 27.28228 31.01385 29.55403 32.03757 35.85911 30.02864 34.88108 34.28502 35.94818 30.73734 32.1298 31.19787 29.04009 27.70337 24.22598 26.2804 30.87672 28.09269 25.8929 27.34061 28.05566 27.23041 27.23587 27.5663 27.27297 33.16593 32.13472 27.78657 26.77163 27.13051 31.09848 28.44422 27.7802 26.95172 30.77073 34.95144 20.76708 7.317757 11.02704 10.94715 10.91469 10.7917 10.03126 10 20.28399 26.74019 26.77132 28.14882 26.32572 19.4221 19.33644 20.3608 17.70112 19.77346 20.86408 16.88295 15.7011 18.72256 23.57722 22.68933 19.64805 22.86889 22.80747
26.40782 34.97987 25.57755 26.60493 21.07139 25.03323 31.21682 27.76081 31.6766 30.57468 29.66439 26.88327 26.73088 31.97326 30.4367 28.78244 32.53392 35.74007 28.95123 23.43681 22.68661 29.06849 28.93181 27.02744 26.93458 25.76347 29.45072 28.60163 33.94323 33.58521 27.32561 28.54334 29.92295 27.64138 27.33266 24.16847 26.57122 33.71286 19.88513 6.809422 7.916696 10.73094 10.94271 10.8672 10.03879 11.28951 14.23233 22.24576 25.64838 27.50303 28.31357 26.05368 18.75893 21.45396 23.10622 23.51898 24.58676 20.38853 19.84272 22.14204 22.16648 20.75744 22.51285 22.86947 22.8234
35.79583 39.56655 36.96283 33.73297 32.40431 31.57674 26.28404 16.92864 16.39546 19.22055 10.57051 17.3588 15.18148 15.1968 26.36298 35.4621 23.96715 20.74765 17.34405 21.8815 22.61547 22.55774 30.35202 28.01342 26.75626 27.63814 24.41497 29.08345 30.25504 33.63617 35.85955 22.10572 30.22195 29.7009 25.10776 27.7015 27.69197 32.10664 13.01803 7.384042 8.677352 9.240588 9.88413 6.319455 3.855233 14.5307 14.49273 12.04163 21.54587 23.41164 23.41204 20.59623 24.56229 28.23 26.93633 27.47483 26.33049 21.47208 25.30089 23.12712 21.34338 20.61824 21.47099 24.06653 26.39422
30.12534 32.29108 35.15461 32.31993 37.40588 25.87461 21.66304 16.81744 16.74702 11.5749 15.47518 17.32674 16.40538 14.82915 14.86281 19.37697 16.53269 14.82292 14.65772 16.62656 23.07871 23.58972 26.7953 22.88674 23.96687 29.21301 26.28327 29.83573 30.91984 35.34558 37.06701 29.77038 22.24483 25.05737 25.91763 26.41276 26.72445 25.379 9.516336 7.928128 8.74484 7.194354 7.077358 9.237822 7.811879 4.39409 7.007364 11.46 12.77778 16.61931 20.56691 28.89166 28.12505 26.31894 25.24612 23.52289 25.12509 21.82218 20.4831 25.62216 22.52359 23.6614 18.57909 26.47443 27.78159
18.58086 25.70602 27.07428 27.42113 24.50159 19.55678 20.64802 21.8568 16.83618 23.45766 18.81822 18.87697 14.75999 16.63552 15.68958 14.56011 15.54058 14.69364 14.70727 15.23761 23.05767 26.40277 25.97698 23.97392 23.17431 22.99861 26.74713 27.72881 27.35977 35.67717 29.96174 25.31531 25.23146 24.41114 22.31616 23.31976 25.79779 22.71881 9.796207 7.09373 7.384186 7.125416 6.823928 6.708939 5.338885 2.56375 8.69725 11.22347 9.28655 7.314999 19.1463 28.94895 28.55246 25.22938 26.63557 24.38188 27.65593 22.80902 27.51307 19.98057 20.62176 22.35433 15.00744 22.72503 23.40869
14.91053 23.68498 25.41487 21.29432 23.13538 22.27699 23.50203 20.17766 21.36926 24.37903 20.83451 17.49656 16.36191 16.1553 14.80439 14.62887 14.56029 14.72157 14.63478 17.42914 24.10964 29.30762 31.11686 28.58203 24.44977 23.22334 23.48083 28.78629 28.64428 29.57846 23.19961 22.14419 22.10367 21.23208 23.19315 22.61222 23.8686 20.88053 15.31816 6.315308 7.243182 6.813307 6.536563 7.395908 4.119184 2.88475 6.16075 8.15875 2.85025 2.57575 6.551482 23.09729 20.95113 25.43017 24.16067 27.42019 28.85684 27.40487 23.54643 16.43729 19.86078 26.94651 19.42478 11.70436 16.16505
15.34818 21.82766 25.71379 22.08709 24.87904 26.9814 23.43285 21.44168 20.00179 20.28982 19.69123 16.24734 15.66333 14.83775 14.84572 14.87113 14.77847 14.56046 14.51923 20.94469 24.33902 29.91812 28.38997 23.52513 23.85672 24.43022 21.95623 28.9317 29.0282 27.14443 25.90289 20.86551 20.02036 20.23747 22.56277 23.02326 23.36027 21.45883 15.71386 6.315308 6.315308 6.550336 6.681915 6.68786 4.374296 2.5 2.5 2.55475 2.5 2.79025 4.357457 25.56014 26.06557 23.00345 24.47333 24.01018 30.36277 29.82384 19.65466 13.08712 15.29337 13.56089 10.97818 10 12.23392
15.55714 19.1002 25.71379 21.1021 24.35514 25.94603 28.68257 27.71883 25.96433 23.80573 17.97012 16.58183 16.75957 17.34427 16.6252 15.58404 14.87113 14.68589 14.93336 22.65539 24.99589 33.11435 26.43003 18.24126 25.09899 28.06903 23.3782 28.66415 27.86315 23.57036 21.47288 20.78286 20.13614 19.76794 21.65907 22.63825 22.75772 21.04852 24.26219 8.706509 5.514849 6.138675 5.548026 6.607049 4.492908 2.5 2.5 2.5 3.099234 3.346756 2.68 12.49042 22.61665 12.39021 27.62774 26.3969 28.53448 16.82205 13.23869 12.04973 13.54166 17.66416 17.11138 16.36361 14.5957
16.34485 17.78262 25.71379 20.92946 24.5268 24.63686 33.70411 25.01483 17.30792 18.38878 23.71369 17.05334 17.80556 18.66444 18.19002 17.5802 16.74453 15.43043 15.53811 17.2212 19.91886 32.22443 17.3244 17.21553 21.30522 27.24785 27.73394 27.08978 21.07761 19.54255 19.97775 21.11221 21.58132 19.52202 20.7937 22.12204 22.68134 20.83004 24.18521 16.20513 5.392517 4.742769 5.208396 5.360864 4.09761 2.5 2.5 2.5 2.5 3.222687 2.5 9.416727 26.24963 11.92208 22.26951 25.63848 25.06018 10 13.38926 11.83711 10.7479 20.62579 22.25636 27.61362 28.10655
15.78069 15.92499 21.83587 20.52637 24.2759 28.11966 32.86969 31.19485 18.45838 18.12072 24.1008 18.60604 18.77771 19.31619 20.43855 19.66014 19.70759 23.99235 16.82327 18.31293 14.88573 19.40184 16.32538 25.46884 25.90028 27.30306 27.49245 24.65008 20.03296 20.25014 20.42652 21.677 21.37237 21.08218 20.13678 20.79861 22.72133 21.45795 24.9554 14.16912 4.376163 3.244963 3.925889 4.630521 3.670155 2.5 2.5 2.5 3.906843 9.139666 4.2325 8.18425 17.21778 20.58986 24.47729 27.51083 18.67747 12.85146 10 10.46515 11.03067 18.99241 21.502 21.21729 14.33345
26.30969 30.13078 20.90015 23.17854 19.15904 28.05217 27.8515 28.8514 21.944 17.94397 20.44694 10.85196 15.41437 18.46389 25.61246 16.22044 17.33645 20.61808 18.10505 16.41326 15.09026 15.55456 19.6592 27.91515 28.11152 27.28723 27.60689 22.30102 19.88391 20.01621 19.83085 21.84297 20.74616 20.22408 20.67036 20.70721 21.14929 19.07852 24.93656 11.44892 2.853125 2.5 2.5 3.56161 2.771742 2.5 2.5 2.5 2.503 3.970919 2.54275 5.342499 10 21.3857 27.97985 28.39931 17.78871 12.66171 11.87297 10 10.39968 11.24439 19.80705 21.51399 23.95179
29.11506 30.54423 28.5388 25.08089 23.01513 25.28951 24.17209 24.29344 25.62583 23.83764 19.07471 24.57284 15.92395 19.06451 27.34693 16.56887 14.51721 14.52137 14.57674 14.51721 14.51721 15.53866 17.87924 27.46708 29.22764 27.93529 26.88859 20.7011 20.22087 20.02283 23.50519 20.259 20.3921 20.27958 19.84187 20.1769 19.96675 11.97 12.60406 8.311588 2.5 2.86075 2.5 2.5 2.5 2.5 2.5 2.5 3.459677 2.506667 2.92675 6.717391 9.390925 17.18395 25.75398 26.9211 19.30312 12.25048 11.87883 10.1941 10.18596 13.72854 18.20496 20.69836 21.60232
25.3753 28.30147 30.89567 22.28045 32.09264 30.5456 27.19686 22.22651 17.63391 25.01042 21.30558 20.32582 17.405 17.86163 20.37811 14.80397 15.88901 15.18502 14.65977 14.61097 15.9622 18.18612 21.13235 24.12217 28.77643 28.40821 26.38832 19.82612 20.17905 20.19816 19.99022 19.99439 19.37555 19.50116 20.18907 21.45492 16.78145 20.80567 16.61881 8.877402 3.9415 8.1535 2.5 2.5 3.982 5.55025 3.8695 3.200781 4.984783 3.866237 5.065061 2.787821 6.597999 10.67651 25.03143 27.36769 19.48319 13.87244 11.65528 11.7358 14.68999 17.13189 18.40722 19.53375 22.86612
19.86876 20.61958 21.24071 21.48188 19.50507 22.92026 22.98061 23.18666 15.74796 16.45366 23.76749 23.05682 17.37999 16.04901 14.76309 16.86166 18.83875 20.04403 19.3948 18.85321 19.92529 16.81995 18.10135 22.63215 29.33035 27.26757 23.66442 20.58734 19.94712 20.33135 20.56475 20.39977 20.22548 20.66987 19.84946 24.26547 24.7277 25.03435 23.87471 16.80291 8.854 9.526 6.042402 3.750646 6.5635 8.96125 3.5395 4.911507 3.8215 8.06875 9.7345 8.488866 7.4065 9.232347 24.50389 28.59603 25.0029 11.46986 12.44846 10.27182 11.1517 16.16352 19.25196 19.41045 26.56819
27.33122 22.58358 19.96958 18.1388 19.31178 20.93344 20.63662 19.18184 20.93981 17.26101 23.16175 24.20907 22.98816 18.03981 16.20273 16.44726 19.20947 22.07874 21.00178 21.00006 17.63627 17.17584 17.4396 17.45978 25.10391 24.64021 23.8547 21.37367 20.11844 19.71316 16.88129 14.89252 15.30438 19.42696 19.16896 21.7409 28.57482 28.64819 28.46292 25.90743 12.05918 9.7225 9.066054 8.263 8.546501 8.22325 5.89975 4.9345 8.17375 9.93175 10 10 9.780551 11.17606 18.14098 26.8474 22.94482 10.4104 10.74492 10.69291 12.55017 17.93185 18.19787 20.53529 25.46523
21.36952 26.21385 24.2902 16.73666 19.15965 19.25348 17.58054 16.2913 17.77994 16.61858 20.89639 14.96618 19.67632 23.29293 18.86014 23.09163 22.35101 24.50192 27.72839 19.83682 15.7531 15.85509 15.28223 15.85808 19.51633 21.08202 24.1082 20.68615 20.47287 18.17105 23.68508 20.17908 17.4927 21.12828 16.64594 18.88316 23.11449 29.48736 28.93018 23.79243 20.51842 12.79956 9.292 9.73975 10 9.56575 9.799 9.20875 9.7255 10 10 10.0948 10.46516 17.95735 21.41567 23.96135 24.3842 12.2162 10.4149 15.60802 13.63886 15.9119 23.81132 27.05053 26.51543
17.13653 27.81537 23.1988 17.44402 19.57269 23.02729 18.60632 19.10997 14.55828 22.48125 23.80324 16.56285 18.27327 21.07495 22.87603 23.79294 27.64249 33.77074 32.20427 25.0012 14.7359 16.36387 18.66948 14.82569 14.99978 15.50757 19.26792 17.395 18.4517 16.84914 23.20269 18.20318 14.7212 21.42009 15.27081 18.17596 18.43466 24.78805 24.94223 25.87589 22.16059 13.10722 10 10.22092 10.88729 10 10 10 11.60528 10 10 10.72249 11.85594 17.01295 26.23518 23.9417 21.05689 13.88916 11.221 19.09064 14.25673 17.32308 29.92007 26.24763 29.85842
27.36873 28.62687 23.45778 18.74392 17.12168 28.38084 28.65523 25.48178 26.57798 25.88289 24.97205 16.93776 17.57098 18.17441 19.73956 19.72257 20.20417 23.27386 20.17189 14.63933 14.94423 19.53779 22.86709 17.6162 15.46616 16.28625 24.6193 22.73108 18.33478 17.94499 27.69606 32.71217 23.23178 22.64961 14.30656 23.65524 19.12327 24.68828 26.85446 28.50709 26.28362 16.09899 10 10 10 10 11.17785 10 10.21372 10.0036 10.8262 13.54351 13.6033 15.30974 22.51899 20.80512 19.09375 13.90782 17.13529 23.11372 20.30526 29.6476 29.11124 28.82305 30.46679
17.74325 31.42907 25.9669 21.36917 16.33266 16.3191 24.74964 30.07433 27.92345 17.25733 15.00025 15.06768 17.53235 17.20323 17.4535 18.36726 19.58607 19.58607 19.40011 15.28391 15.87936 20.10902 19.34917 16.97228 18.67896 21.39571 28.59939 28.68605 22.46471 20.26607 21.05824 27.74759 26.58678 19.05234 24.4272 24.16829 19.94278 18.80661 21.49153 26.54843 28.65672 22.42611 10.54782 10.43104 10 10.13239 14.68708 11.93065 19.25835 12.74662 16.21742 16.90049 19.20601 24.66998 26.18432 23.68051 21.16813 17.78519 27.19506 24.32738 27.51838 29.0424 28.62043 29.23339 29.02102
20.64107 27.85259 25.09598 23.79786 20.53732 22.31526 21.27373 29.16375 28.48954 19.87143 20.52269 15.29991 16.70845 17.70757 17.93967 19.46143 19.58607 18.24196 16.31343 15.01114 19.22598 21.97814 20.3853 19.82012 18.09488 24.62394 25.94526 28.78144 28.75235 28.35073 24.41286 20.95389 20.01839 23.58813 22.22869 24.74051 23.12422 21.86682 24.11754 26.71284 28.99364 30.9968 26.43879 17.11004 13.47019 16.56283 15.59533 17.99131 16.87472 14.70993 17.62524 19.36569 20.76099 17.11895 27.65294 23.75716 27.77002 30.01064 29.6116 22.24744 26.64158 22.19705 28.67374 25.78575 29.56639
29.74953 20.79377 23.08275 23.82831 22.79859 23.10487 23.83522 28.1785 22.20999 15.44475 24.28625 20.59812 19.48128 16.90449 17.94851 19.58171 22.54617 25.47812 24.35021 24.76377 25.29994 24.4381 25.13534 22.37285 18.42113 23.37421 22.4469 27.5062 27.85589 26.08174 27.46918 19.91289 22.25342 18.0449 18.00943 24.16074 29.7624 29.40086 24.17987 30.06225 29.77365 29.78487 31.53034 25.58137 24.07207 23.22764 26.07803 21.20525 15.73539 22.426 21.34546 17.64523 20.90573 15.4551 25.24096 28.03686 24.62464 27.66854 29.80927 33.64365 23.81008 24.46509 27.62016 25.3166 24.24937
20.37185 15.65071 17.9128 17.592 15.08168 18.38937 24.96347 26.84417 19.48125 14.61024 21.83908 25.42618 23.61487 21.94724 19.93154 21.15514 22.37 22.72985 17.79772 20.35839 22.65411 24.51751 26.53494 25.96578 23.49893 27.82371 24.369 25.94094 27.91562 28.18642 27.89064 28.33026 20.03153 22.65584 16.36564 24.12229 32.56789 33.21607 29.7318 28.07611 28.5954 32.6286 29.99712 30.30859 22.3242 22.31956 23.84557 21.95875 28.84248 24.71856 17.13224 18.7187 22.92404 23.54223 29.86866 31.14399 24.67793 24.69007 30.78188 31.52209 27.53505 26.74778 26.6744 28.1464 31.08482
15.02601 14.87113 14.94967 16.16351 24.1974 25.45271 27.63317 29.88791 18.17579 15.99073 17.46308 19.5861 22.57448 20.38525 20.74995 19.67187 16.95454 16.90532 16.4338 14.96634 17.5104 21.77458 27.16743 25.48554 24.13167 24.64051 25.2504 24.9629 27.76579 28.09036 28.17212 27.61984 24.81389 24.13818 29.42008 31.92694 31.72484 28.26101 31.86219 29.14917 27.93663 29.02056 23.12751 26.03669 27.67584 24.95493 23.93008 23.84475 18.68271 20.24213 21.29992 25.2645 23.15512 27.43384 34.09751 33.5572 32.31154 15.40483 16.99229 22.11818 29.73724 29.3637 20.85754 25.96358 29.80096
15.20723 18.9482 16.53368 14.97759 18.22747 17.74224 27.49758 28.59899 16.92246 18.59105 19.45985 16.95179 19.1004 18.80726 19.96009 19.67527 20.02862 20.47428 17.76475 12.0401 8.93876 23.77965 24.54266 25.31972 24.62821 24.49478 24.80994 24.58343 25.74937 26.91888 28.05388 28.17212 28.28686 22.1306 31.63534 28.82394 28.56868 32.28357 29.63839 25.7845 23.20565 22.97387 22.2452 26.53063 29.46963 31.69482 32.56481 26.59458 26.82092 23.77809 22.25617 17.3634 16.527 30.25527 34.36272 34.58307 34.76455 34.24815 17.41388 14.67601 26.89142 17.85776 27.03908 12.5 12.5
15.5043 24.06363 20.44112 14.90262 15.03417 17.39765 29.75945 24.52608 16.2541 19.40511 17.88699 16.81973 17.45687 25.15007 23.44482 21.98756 22.84845 22.50826 20.7765 15.13298 15.59594 27.38615 27.6953 25.47305 24.45151 26.63039 28.43331 27.61163 24.12653 26.13705 27.96421 25.81962 30.27857 23.72152 28.48018 25.29897 25.95526 32.38323 26.01236 22.38608 23.07402 23.0886 23.6765 26.85875 25.59676 24.67805 26.0328 37.02079 29.24842 19.71412 18.00434 19.48965 22.02804 33.3876 34.44923 34.45719 33.31964 33.79574 33.79377 32.8581 26.54095 23.6662 20.69797 19.64909 16.27591
15.22505 15.87215 16.18781 21.77564 24.44994 19.65334 27.51239 22.50584 17.26547 16.72065 14.60775 16.45338 15.92674 24.48525 27.84801 25.19606 21.69933 19.82594 22.02069 21.0892 28.70036 29.90271 29.26875 25.78501 25.07172 28.93552 28.43196 27.05779 27.05388 26.84238 25.36371 22.49232 23.33676 22.16486 22.5 22.343 22.3047 23.23414 22.22645 22.2495 23.1994 25.19378 23.0517 22.40285 24.60567 28.7017 26.37763 26.69446 26.19552 27.93407 27.08478 30.25608 34.80617 34.51791 34.56825 34.26519 33.97229 33.69309 33.32204 35.73339 36.30978 35.54744 35.64197 35.58485 36.35548
15.25922 17.19732 15.15477 16.42901 15.79582 24.86715 32.14757 16.67263 18.05479 18.62737 17.51524 16.80972 16.54546 21.06528 27.70078 28.43961 25.39451 22.66117 23.80814 23.78973 22.83684 28.07428 25.91702 28.27177 29.41248 30.10817 30.40571 25.89073 23.98446 23.35507 23.119 25.81385 23.72526 23.0676 22.6208 24.51507 22.8374 23.0081 23.3003 23.2109 23.49575 23.0294 22.6206 34.7888 40.34332 42.2592 34.20813 29.633 36.67901 33.40696 36.83549 38.62481 39.00826 34.81491 34.65315 31.18823 32.81335 32.72656 33.65875 37.14053 36.12477 34.94935 36.12447 34.66465 35.2886
14.97658 15.07037 14.88744 16.78737 17.33753 16.17737 19.63899 22.73808 18.64712 17.48028 20.42035 25.23821 17.60306 20.79348 27.40397 20.9549 22.33692 23.09866 22.45117 24.29105 23.88849 21.1882 21.73135 26.9856 30.30618 30.18759 30.02138 20.36568 28.3187 24.89636 23.3092 22.56057 24.31376 22.3633 22.6855 23.29696 23.30081 23.494 23.86333 23.5 23.286 25.81624 23.48035 42.7152 40.5864 34.33049 34.61499 37.7302 42.09487 34.83861 34.97903 36.85024 36.12106 34.80259 34.4001 33.8375 31.13819 29.26793 33.37674 36.38015 37.63137 34.71019 33.41845 32.68741 33.55393
