STOTEN_Data/raw/AVG_POR.asc
ncols         250
nrows         718
xllcorner     -2256000
yllcorner     1557000
cellsize      1000
NODATA_value  -9999
[rows 570 to 599 of 718, columns 138 to 206 of 250]
40.09327 41.40794 42.16555 44.63391 45.53954 45.53954 45.53954 45.53954 45.53954 45.53954 45.53954 45.53954 45.53954 45.53954 45.53954 45.53954 45.53954 45.53954 45.53954 45.53954 45.53954 45.53954 45.53954 45.53954 45.53954 45.53954 45.53954 45.53954 45.53953 45.53954 45.34885 43.33292 41.41678 39.31072 39.65968 41.68608 38.81299 39.31135 38.00444 38 38.35814 39.05055 39.05055 39.05055 39.05055 39.25908 40.38972 40.96417 40.89737 40.69907 40.67329 40.63334 40.64638 41.06291 41.03368 40.77107 40.69399 41.07294 41.07448 41.16968 40.49065 38.91647 40.0588 41.16968 40.79125 41.13408 40.47721 38.96841 38.97828
39.22437 40.21354 41.42271 43.65501 45.53932 45.53954 45.53954 45.53954 45.53954 45.53954 45.53954 45.53954 45.53954 45.53954 45.53954 45.53954 45.53954 45.53954 45.53954 45.53954 45.53954 45.53954 45.53954 45.53954 45.53954 45.53954 45.53954 45.53954 45.53954 45.45417 43.96772 43.32228 41.38185 38.75613 39.36847 42.39001 38.70651 39.45511 38.02152 38 38.07154 39.05055 39.05055 39.05055 40.11012 40.93124 41.03467 41.12214 41.16331 41.05896 40.90888 40.77807 40.88069 40.87716 40.91048 41.11238 41.16968 41.05569 40.88712 41.16968 40.50629 41.16968 41.16968 38.25382 38.73793 41.01892 39.76732 38.77998 38.75213
38.67029 40.05553 41.90468 43.27669 44.89891 45.53954 45.53954 45.53954 45.53954 45.53954 45.53954 45.53954 45.53954 45.53954 45.53954 45.53954 45.53954 45.53954 45.53954 45.53954 45.53954 45.53954 45.53954 45.53954 45.53954 45.53954 45.53954 45.53954 45.53954 45.29986 43.32228 43.25746 39.33765 40.05253 42.66172 40.95741 39.9344 38.94857 38.00027 38 38.07106 38.88941 39.05055 39.05055 40.6808 41.16504 41.03449 40.89799 40.78444 40.90208 40.49632 39.50216 40.94813 41.11621 41.16968 41.09692 40.92303 41.06813 41.02995 39.16555 39.0644 40.63766 41.16968 39.33382 37.23459 39.74276 40.50745 40.8152 39.84781
38.66673 40.56325 41.77077 43.20703 43.93076 45.52727 45.53954 45.53954 45.53954 45.53954 45.53954 45.53954 45.53954 45.53954 45.53954 45.53954 45.53954 45.53954 45.53954 45.53954 45.53954 45.53954 45.53954 45.53954 45.53954 45.53954 45.53954 45.53954 45.53954 44.23068 43.32228 43.77316 43.29058 43.32228 43.32228 43.21908 40.18982 39.59472 38.2067 38 38 38.35625 39.05055 39.05055 39.07386 39.59601 40.14677 40.96901 40.53949 36.98907 37.03276 38.43658 40.58327 40.80446 41.01445 40.85664 40.74858 41.02299 40.99734 40.83978 39.2556 37.91677 39.14073 39.67285 40.24682 39.53683 39 38.8752 38.6422
38.66711 40.51505 41.24123 42.32256 43.34864 43.88431 45.10946 45.53954 45.53954 45.53954 45.53954 45.53954 45.53954 45.53954 45.53954 45.53954 45.53954 45.53954 45.53954 45.53954 45.53954 45.53954 45.53954 45.53954 45.53954 45.53954 45.53954 45.53954 45.53954 44.08413 43.32228 43.32481 43.92564 44.60246 44.79497 43.47122 42.38012 39.51023 38.8631 38 38 38.07879 38.94193 39.05055 39.05055 39.05055 39.05055 39.33091 40.27041 38.80801 38.186 38.75589 39.70569 40.7178 40.79266 40.81415 40.99535 40.41406 39.50182 36.00257 38.01393 37.53432 36.45459 38.33321 38.03124 38.33818 38.98195 39 38.98869
39.29008 38.72349 38.59622 38.28132 41.93965 42.22317 42.51616 43.68919 44.49228 45.37566 45.53954 45.53954 45.53954 45.53954 45.53954 45.53954 45.53954 45.53954 45.53954 45.53954 45.53954 45.53954 45.53954 45.53954 45.53954 45.53954 45.53954 45.53954 45.53954 43.92759 43.32228 43.32228 44.07763 43.92007 45.72354 44.17489 40.23606 38.00763 38 38 38.06566 38.33418 38.83025 39.05055 39.05055 39.05055 39.05055 39.05055 39.99289 41.01946 40.34197 39.05502 38.79468 39.44856 39.53213 39.7925 39.76052 38.96553 37.57335 35.52784 35.52784 35.52784 36.09328 37.77985 37.32663 39.02986 39.36869 40.00022 39.25394
38.85687 39.97676 41.13147 38.20705 41.39923 41.80779 41.64407 41.72036 42.42586 43.39292 44.73284 45.11472 45.4083 45.53954 45.53954 45.38259 44.68145 44.0768 42.50554 41.79803 43.65789 40.8046 44.94086 45.53954 45.53954 45.53954 45.53954 45.53954 45.53954 43.81141 43.32228 44.06598 45.13565 43.69944 43.57912 43.75111 40.03736 38.49204 38.3993 38.2175 39.66137 39.95452 39.05621 39.05055 39.05055 38.29775 37.32689 36.71166 39.91814 41.09296 41.15163 40.10119 37.08697 37.96425 38.92022 39.56212 39.44841 37.62036 36.88379 35.53148 35.52784 35.52784 35.53338 37.33713 38.66249 38.85233 39.12757 40.53041 39.72688
38.66673 37.77892 40.37719 38.84185 37.21749 40.19738 40.29625 41.58228 41.79019 42.20153 42.63724 41.64183 41.95457 42.25275 40.18164 39.46576 39.25443 38.73045 39.00026 38.89208 40.65531 40.70446 45.1455 45.53954 45.53954 45.53954 45.53954 45.53954 45.53954 43.67128 43.32228 44.84106 45.85526 45.74863 44.35928 44.48847 44.76428 44.48643 40.9898 40.9307 41 40.9575 39.12853 39.05055 36.95948 36.67405 38.03845 39.02916 37.44268 38.42492 39.43424 40.41003 37.56435 36.93788 38.19724 39.36125 40.61016 37.63012 36.94814 35.63885 35.52784 35.52784 35.52784 36.32455 35.8484 36.21145 37.95826 40.35751 39.78626
36.72603 39.84559 40.96701 36.91008 36 36.62017 36.18969 38.5797 41.85706 42.25726 41.65697 41.82007 42.70829 42.32761 39.68614 39.39294 40.1412 39.517 38.94917 38.78789 38.52293 41.4577 45.53954 45.53954 45.53954 45.53954 45.55331 45.71473 45.77707 44.06121 44.87324 45.69873 45.85526 45.85526 45.80536 43.99884 44.18837 42.12618 41 41 41 41.22 44.00393 42.01815 38.75789 37.34996 37.35013 35.90477 35.52784 35.6018 36.12679 35.97153 37.7528 38.44619 38.93889 39 38.95449 37.21404 36.0477 35.60901 35.52784 35.52784 35.52784 35.52784 35.52784 36.84766 39.93552 40.12873 38.68221
37.36243 38.59588 36.84162 36.08027 36 38.61009 36.89492 39.33204 41.79103 43.29194 39.57983 38.06628 39.57671 41.43484 42.23443 40.43259 44.81838 45.84087 45.06924 43.30658 41.44914 43.13449 45.53954 45.53954 45.53954 45.53954 45.63313 45.85526 45.85526 45.85526 45.85526 45.85526 45.85526 45.85526 45.73746 44.55211 43.99404 44.03609 42.29836 41 41.2932 43.2552 42.1447 39.9455 39.01854 39.05055 39.05055 37.96634 37.37418 38.88134 38.81325 37.42572 38.42918 38.24559 38.60384 38.36128 38.30342 38.0576 37.64725 36.70986 35.99098 35.52784 35.52784 35.52784 35.52784 35.86375 37.31767 36.90581 37.62234
40.45723 39.73105 38.50923 39.29983 38.07497 38.25987 37.07862 36.33569 40.70781 41.4445 42.18157 40.11476 36.65321 39.31631 42.34089 42.95663 45.27304 45.85526 45.85526 45.34891 43.32228 43.32583 44.0564 44.2799 45.06114 45.5402 45.44081 45.85247 45.6815 45.27951 45.85526 45.85526 45.85526 45.85526 44.62524 43.42417 44.08546 44.08546 43.85097 42.53779 41.06911 41.774 42.1209 38.2328 39.05055 39.05055 39.05055 38.83038 39.02974 38.72599 39.80645 38.73988 37.73466 37.23923 37.26245 37.26245 37.26245 37.26245 37.0289 36.73617 36.55953 35.75838 35.67575 35.52784 35.52784 35.52784 35.71032 35.76402 38.57274
40.51958 39.11858 40.87088 40.53813 39.59996 37.18782 39.41711 39.96776 40.87606 41.0818 42.72002 41.94404 39.04367 36.70141 41.83259 43.68077 45.37868 44.16094 43.78614 43.14412 43.21425 42.47598 43.11155 43.32228 44.08718 45.8024 44.2629 43.89296 43.83216 43.83799 45.80966 45.85526 45.85526 45.85526 45.61691 43.8811 44.46479 44.10284 44.14953 41.53965 41 41.1208 43.08139 38.54597 39.05055 39.02734 38.79139 38.86429 40.06111 40.22934 40.58971 40.68963 39.02637 37.26245 37.26245 37.26245 36.85673 36.383 35.78525 36.49831 37.37086 36.38164 35.59311 35.71206 36.17467 36.88122 37.61563 38.53752 39.47572
40.03836 38.85995 40.51411 40.88159 40.86018 40.49897 40.35401 40.26186 40.21738 41.11411 42.49865 42.91169 42.1358 41.31028 42.5731 43.353 43.3238 43.29128 42.1057 42.08202 42.4706 40.36296 40.75298 43.32228 44.56548 45.85526 44.01707 43.32228 43.32228 43.32228 44.1151 45.85526 45.85526 45.85526 45.85526 45.99762 46.43786 45.09299 44.8968 42.2784 41.55 44.0536 42.1253 38.73489 39.05055 39.05055 39.03059 39.14028 39.05431 38.82018 40.2919 40.80892 40.18923 36.91615 36.77937 36.49501 36.72533 37.1542 37.12781 36.17956 35.53495 36.41652 37.04833 37.4219 37.16813 37.18515 38.96102 40.79204 40.73372
37.08702 38.48339 40.42669 40.88159 40.88159 40.81791 40.00253 40.05122 40.08546 41.53814 42.17625 43.67109 42.88836 43.34864 43.34864 43.34033 43.33113 42.33308 42.04674 42.08202 42.08202 43.03743 39.58694 43.27358 44.42488 44.79621 43.50845 44.31218 44.1141 43.32228 44.39096 45.85526 45.85526 45.85526 45.88071 46.56123 46.58269 46.16123 45.09085 44.2888 42.1296 42.09853 40.2025 39.42992 39.05055 39.07712 39.65515 39.29146 39.02229 38.23688 38.14249 38.64127 37.08109 35.56221 35.52784 35.52784 35.52784 35.707 36.49448 37.06114 37.79469 38.75171 37.99571 37.66923 38.19382 38.82821 39.44382 39.9009 40.4642
36.22588 36.79172 41.4096 40.88159 40.88159 40.8815 40.10404 40.06921 40.08546 41.85664 42.41527 43.67109 42.80881 43.35409 42.96072 43.23059 43.01425 42.02425 41.60717 42.07077 42.08202 42.59936 38.85429 41.19711 43.32228 43.38865 44.7096 43.87092 44.88461 44.38842 45.60399 45.85526 45.85526 45.85045 46.04701 46.58269 46.56072 46.58269 46.33865 45.54553 41.23264 40.03683 39.3222 38.54756 39.10734 39.28261 39.39827 38.58391 38.4073 36.80228 36.26411 35.72713 35.70179 36.38963 36.28303 36.4365 36.6858 37.42225 36.33094 35.66915 36.51184 37.58858 38.12103 38.2893 38.86272 39.19984 38.60818 38.32618 41.34633
43.87074 41.74735 41.36773 40.88159 40.88159 40.88159 40.53623 40.14652 40.08546 41.71496 43.08747 43.63613 43.00148 43.65208 42.97686 42.84541 42.87302 42.08202 41.79246 42.08202 42.08202 42.08202 41.67439 40.08963 42.76405 42.99966 44.87468 44.08648 43.34609 44.0576 44.2306 45.84766 45.80789 44.58547 44.27761 45.2986 44.8114 45.61283 45.13216 44.40714 41.93271 47.66011 46.10597 44.64041 39.17647 38.73569 38.50606 38.99288 38.90232 38.06573 36.57505 35.53056 36.20943 36.45282 36.39483 36.44032 36.85038 37.94445 38.99305 37.77988 37.19239 37.21216 37.25981 37.05229 38.20865 38.1421 38.30098 38.32618 41.39738
44.95573 39.18371 40.88159 40.88159 40.88159 40.88159 40.89352 41.21044 40.49152 40.68184 43.0083 42.36456 43.07233 43.29362 43.57664 43.234 42.44224 42.09012 42.08202 42.08202 42.08202 42.08202 42.08202 41.56084 42.07306 42.53508 43.92018 43.46894 42.90359 43.32228 43.32228 43.90461 43.02969 43.32099 44.22231 44.08675 44.2082 44.96078 44.3042 44.25948 46.59896 53.22954 53.27269 49.8915 43.4011 39.52258 38.01459 38.01145 37.90493 37.03078 35.52784 35.57679 36.56427 35.85699 35.54659 35.62089 36.10838 36.68094 38.8257 38.76632 36.85802 36.19171 36.68803 37.98442 39.71246 38.41098 38.31494 38.32618 38.30787
42.05247 39.54774 40.86471 40.88159 40.86829 40.84436 41.86945 42.16454 41.94463 41.55158 42.6354 42.25618 42.87025 40.83531 42.66066 43.34864 43.34864 42.22717 42.08202 42.08202 42.08201 42.08201 42.08202 42.08202 42.08202 42.78803 42.48486 42.02015 41.94369 43.09033 42.13986 43.19789 42.59566 43.20523 44.91997 44.80137 44.90133 43.6099 42.30036 47.48569 50.37877 53.63087 53.63087 52.90421 43.14849 42.78071 38.46581 37.62199 40.5976 41.81444 39.35612 36.46761 35.86915 36.02608 37.1535 36.47712 37.30142 37.72016 38.99271 38.87952 37.91529 37.54968 36.92376 37.93241 39.92052 40.05835 39.38288 38.68056 38.61811
42.45068 39.71373 40.60812 40.88159 40.56761 40.5942 40.88392 41.18089 41.30544 42.05119 42.58304 42.24864 42.16245 41.47252 42.66705 43.08265 43.24541 42.08505 42.08202 42.08202 42.08202 42.082 42.08197 42.082 42.08202 42.79182 42.43262 41.24443 42.95004 42.13795 43.06791 42.82829 43.08037 43.59377 45 44.2868 42.9276 41.57528 47.53705 50.30022 50.45989 53.63087 53.63088 53.40406 43.26576 41.61955 41.94725 42 42 42 42 40.50072 37.93468 37.23822 37.44864 37.51079 37.90593 38.42015 38.0514 37.07816 36.71184 37.08475 37.57364 36.22651 36.89041 39.49581 40.03332 39.39661 39.33717
45.74038 39.808 40.17389 40.42044 40.26735 40.93206 41.16541 40.88159 40.93115 42.56038 42.05533 41.87217 41.93974 41.95048 42.08202 42.43616 42.70857 42.19182 42.08202 42.08202 42.07401 41.57698 42.08196 42.082 42.08202 42.39158 42.28353 41.59579 40.44459 42.1371 42.48723 42.76844 43.33572 44.066 42.87242 41.0737 41.0403 46.6264 45.81821 45.4255 51.38426 53.63087 53.63089 53.63088 49.87041 41.55879 41.80544 42 42 42 41.95672 40.20653 36.74073 37.15593 36.25074 36.73198 38.04308 38.32779 37.15905 38.2573 38.28091 36.95698 38.00592 38.12479 36.87764 36.63358 38.24397 39.12395 39.62867
39.44086 39.5276 40.27868 40.29234 40.70316 40.89598 40.66724 41.45142 41.94227 42.42756 43.05855 41.88596 41.28993 40.60356 40.89062 41.20485 41.63069 41.39737 41.11442 41.07284 41.39029 40.9311 42.08198 42.08201 42.08202 42.08202 42.08202 42.08202 41.26573 42.08202 42.08202 42.50266 42.41198 41.00676 41.9665 42.95621 42.486 44.478 45 45 50.89575 53.63087 53.63087 53.63087 48.82376 41.55879 41.5891 41.64045 41.57209 41.41092 39.65776 40.42091 40.02777 36.78774 36.39414 38.06495 38.76979 38.53473 37.58231 37.41045 37.79828 38.40487 38.09579 37.9682 38.97799 40.94564 42.67653 41.99494 38.84944
38.78807 39.38722 39.99341 40.15887 38.67086 39.39806 40.94013 41.09922 42.03016 42.06916 43.39743 43.43698 42.49005 40.9722 42.1933 43.28722 43.49111 44.90275 42.36927 38.39221 38.41709 39.54575 39.52456 36.93312 36.98583 39.16459 41.54409 41.12533 41.33772 42.02834 41.88132 40.36297 39.49678 40.0334 40.6815 43.1155 42.17599 44.573 45 45 51.49645 53.63087 53.63088 53.63087 51.08728 41.55879 41.31865 38.14957 36.87551 37.08396 39.34249 39.23517 39.37755 37.91516 37.93922 38.11162 38.85243 38.86461 38.99595 38.77395 38.82638 39.45416 38.72365 39.29514 38.93929 41.40395 40.4258 42.22595 43.5024
36.91668 37.52063 38.56245 39.58729 38.8793 40.99717 41.75068 39.63009 41.14455 42.06937 42.10206 43.03368 43.31535 43.64601 43.49184 44.32838 45.85526 45.85526 45.85526 45.82868 45.85526 43.90832 42.08202 40.92173 37.48939 37.15588 38.62211 38.62397 38.63661 39.14342 42.41832 44.52785 44.52628 43.409 44.7685 45 45 45 47.56682 52.50108 53.53174 50.36074 53.51341 53.63087 49.47928 40.17743 36.69485 36.08949 37.22017 36.73709 38.81776 39.57765 40.29694 38.85984 41.1171 40.6599 39.34061 36.20656 36.78066 35.88138 38.70065 39.21253 39.20905 41.07584 41.10547 41.11408 40.10265 41.33932 39.29728
35.50042 38.0435 37.33989 36.65433 38.66533 42.27752 40.90484 41.82959 42.15136 42.10416 42.06848 42.08868 42.95213 42.36187 43.61493 44.36369 45.85526 45.85526 45.85526 45.85526 45.6005 40.46645 41.94865 42.08202 41.53827 38.19658 37.74938 38.19483 40.47172 41.17113 42.01233 43.93534 46.08573 51.44141 49.43885 47.76533 48.05015 48.99781 52.84222 53.5724 47.40007 52.73281 53.50709 53.63087 49.03261 41.12799 38.70659 39.01621 37.7927 37.24859 39.5077 40.5621 41.04879 41.27363 40.99846 39.90149 39.99129 38.36294 37.74377 38.97118 38.48567 38.32618 38.53565 39.64954 41.05736 41.1571 41.13393 40.9024 39.62028
36.2383 38.19091 38.16487 40.36907 43.96069 44.23682 43.31548 43.34414 43.11375 42.76482 42.29112 43.07457 43.53763 43.36931 43.67109 44.88636 45.85526 45.85526 45.85526 45.85526 42.63506 38.68987 40.11146 41.36536 42.08202 41.73998 39.84472 40.30611 41.17113 41.17113 41.17113 42.91434 44.96193 52.62756 53.63087 53.63087 53.63087 53.63087 52.03848 45.79468 52.69366 53.63087 53.63087 53.63087 47.95697 41.55879 39.46479 40.83795 39.64812 39.66833 39.3279 39.3279 39.72971 41.55879 41.45183 40.65727 39.26965 38.2384 38.9956 38.91255 37.49521 38.82919 40.04195 41.03867 40.99444 41.16916 40.97386 41.14966 41.03572
37.8713 38.27117 39.52472 44.23682 44.23682 44.23682 43.39565 43.19152 43.60239 44.19395 44.2361 43.85388 43.67109 43.67181 43.67135 45.05825 45.85526 45.85526 45.85526 43.54781 40.11388 38.65794 38.65794 39.4688 40.01043 42.06316 42.08202 41.34792 41.17113 41.17113 41.23038 43.10826 43.78613 51.33416 53.63087 53.63087 53.63087 53.63087 53.63087 53.63087 53.63087 53.63087 53.63087 53.63087 44.98846 41.26361 39.22243 41.24579 39.34285 40.22273 39.60231 39.3279 39.12738 41.33686 40.60743 39 39 38.994 38.4416 36.80068 35.8225 38.25187 40.98333 41.05301 40.78104 40.93457 40.75708 41.09113 41.15804
41.57893 41.69376 42.21833 43.80807 44.23682 44.23682 44.23682 44.23682 44.15643 43.71441 44.19191 44.09724 43.73701 43.7394 43.6954 42.99094 43.45857 43.9568 44.58416 41.93771 42.16448 38.65789 38.6579 41.59335 40.22717 40.40482 40.47576 40.40518 40.86275 41.17113 41.31212 41.90633 50.9988 53.63087 53.63087 53.63087 53.63087 53.63087 53.63087 53.63087 53.63087 53.63087 53.63087 50.29655 41.81713 39.09235 40.28639 41.4082 40.15199 40.66061 39.89275 39.33191 40.91207 41.55879 41.04346 39.76687 39.04222 40.0792 39.58407 37.91306 35.78411 36.18508 40.26161 40.70613 40.40308 40.50608 38.32552 41.03535 40.97227
42.59691 42.42632 42.33522 43.07106 44.08283 44.23682 44.23682 44.23682 44.08332 43.59946 44.22412 44.23682 44.00744 43.83946 43.76125 43.83591 43.85157 42.78656 43.2924 43.51953 43.99485 -9999 42.15133 41.38668 40.30675 39.15661 39.13887 38.67522 40.75396 40.97049 41.00079 42.88193 53.63087 53.63087 53.63087 53.63087 53.63087 53.63087 53.63087 53.63087 52.85858 49.89719 48.33484 41.41889 37.46696 37.63096 41.42316 40.1841 40.25908 41.22126 40.59988 39.22763 39.51962 40.93786 40.11316 39.90775 39 39.71838 39.54908 38.804 38.28772 36.39272 38.33706 39.65629 40.77025 41.02819 38.85245 39.33311 40.15477
42.98648 42.59794 43.61107 42.30052 44.04782 44.23682 43.97393 44.23682 43.86034 43.37321 43.81557 44.23682 44.23682 43.9985 43.85157 43.85157 43.85157 43.85157 43.84727 43.84336 43.83742 -9999 43.59389 43.34373 42.77866 41.50908 41.0993 40.86102 40.7937 41.24073 41.13197 41.69744 50.44361 53.63087 53.63087 53.63087 53.63087 52.2548 48.56675 46.91972 42.01638 41.57524 41.03737 36.18675 37.48833 41.40242 41.3502 39.32812 40.71015 40.90112 39.3279 39.3279 40.26173 40.39107 37.04661 38.69027 39.43285 40.02777 39.06422 38.4884 38.6064 38.39639 40.37346 40.80315 41.03149 41.03149 39.93512 38.61049 39.00688
41.48874 42.27051 41.98512 43.83953 43.88166 44.07301 44.23682 44.23682 43.85656 43.34207 43.43 44.1596 43.66901 43.40926 43.82594 43.85157 43.85157 43.85157 43.85157 43.85157 43.84462 43.8514 43.81557 43.35368 43.83837 43.93221 43.75547 43.19727 42.85194 42.18598 42.00499 42.0028 44.58661 53.63087 53.63087 51.8432 53.60179 52.65622 42.74438 41.81477 41.55879 41.22637 38.30364 39.54101 41.88379 41.7695 41.29796 39.56154 39.808 40.43534 39.41669 39.3279 39.3279 39.3279 39.01706 40.75813 41.16968 41.16968 40.92537 39.30267 38.8904 38.3056 38.34347 39.44977 40.04581 39.36543 39.03587 39.52243 39.70384
