STOTEN_Data/raw/AVG_SILT.asc
ncols         250
nrows         718
xllcorner     -2256000
yllcorner     1557000
cellsize      1000
NODATA_value  -9999
[rows 392 to 419 of 718, columns 65 to 129 of 250]
31.47981 32.21877 31.55705 30.71407 30.72775 30.77447 28.7584 31.45177 33.02493 35.98466 36.09033 34.27471 35.36798 35.84831 35.91745 34.39903 35.12645 36.17746 36.77137 36.82858 36.81712 36.72773 37.11423 32.45186 24.54995 46.2359 34.85773 21.07256 17.49027 16.68823 15.1786 15.80512 13.6875 10.479 13.26174 8.653461 7.215129 8.379001 1.734 1.557 2.506757 12.16842 6.65121 5.671281 11.50338 10.58615 6.923521 2.182345 1.5 6.413148 12.88646 10.94466 30.4065 33.51555 36.96124 35.74707 36.83215 32.2618 27.97516 19.05991 32.20367 19.52614 21.14584 19.36216 18.96292
32.53822 31.64742 31.2631 30.54573 29.80814 31.0989 29.54984 29.9376 34.38908 35.18121 33.23695 29.59506 30.52421 36.58136 36.10683 35.36593 31.49686 34.71638 36.8543 36.89698 36.91472 36.20636 37.11381 34.63615 23.37482 25.33193 22.45483 20.23935 14.61 15.618 13.87705 15.29011 15.13267 13.689 5.952 6.687 6.5655 6.855 6.078 5.323565 2.518298 6.600727 6.390388 3.93138 3.2735 3.166444 6.731256 3.955686 1.619 3.791865 14.90877 10.99294 15.17265 23.95884 31.93776 24.78892 24.2277 23.11024 15.91099 18.54503 17.10685 18.01657 16.3294 18.71291 18.68778
30.77214 30.88696 30.69929 30.54121 31.56559 30.20782 30.31408 31.49718 33.58646 31.27181 32.47284 30.57814 29.35284 34.46661 36.18541 34.90552 30.74328 35.53082 36.58865 36.49375 36.1116 36.62897 37.34245 31.99124 22.25339 19.58531 19.47921 22.41705 17.48677 14.9805 15.9405 16.3875 13.78889 4.664224 8.219998 1.5 8.920499 10.6995 11.925 8.127 3.013721 7.872606 5.307719 5.41238 4.760121 2.654541 5.735516 7.39005 1.746 6.78367 12.39304 17.46346 6.895294 10.94661 24.18406 15.7473 21.00265 15.94972 19.46841 18.53282 8.872297 10.71954 13.36908 15.65622 18.71773
30.97844 30.65191 30.92891 30.33459 31.67094 31.57202 30.49973 31.91813 32.71162 30.80481 29.19767 28.98479 27.99159 28.82695 33.41926 36.7665 36.59264 35.90237 36.69001 36.70509 36.64016 37.33669 37.10556 35.169 24.17511 21.24517 19.45417 22.51287 22.73812 16.90147 15.35484 14.51683 6.157504 8.594687 9.2925 1.5 6.447213 8.00278 8.56461 3.342 1.500844 4.401987 5.28761 3.41714 9.301569 2.505559 4.370141 1.861744 1.5 3.342707 12.37721 13.20669 5.658234 6.51302 7.100824 16.55922 16.98903 7.973881 18.26574 19.11708 23.4705 19.53567 16.00725 12.31395 13.67121
30.5791 30.72881 30.58563 29.39292 29.12214 32.6928 30.08746 32.58617 31.00837 31.65109 30.84468 27.67878 25.90769 29.39137 34.1176 35.3449 34.59492 37.2317 37.25206 36.58174 35.83229 36.28784 34.36295 31.14104 24.94432 18.38565 20.7842 22.68639 23.65171 23.41201 18.70314 16.3515 10.08127 4.582059 12.20639 9.232533 2.630638 4.208479 1.686 2.785 1.797537 2.218009 11.16803 6.799001 2.565134 3.738457 6.233966 2.526711 2.902226 5.38952 14.12829 12.60991 12.58515 17.13531 20.85761 21.02742 17.41246 22.00356 22.37387 11.64357 5.651369 7.818148 8.437387 7.084268 8.481859
30.79621 31.08356 28.6723 30.22955 26.53664 32.73095 30.96709 32.98355 32.64014 29.95753 29.2287 29.39366 27.79438 32.26876 27.73331 30.89568 37.21898 36.89367 36.58142 36.23381 35.58441 33.37468 29.1303 29.16958 20.70169 28.91205 21.8904 19.74752 18.74146 22.30675 21.84968 17.10543 9.198001 10.37592 15.22882 13.42292 10.28487 3.7845 1.5 1.5 1.550192 2.011661 5.78414 7.891979 1.905513 1.5 15.6086 14.42748 10.73222 20.12267 20.49468 19.55524 20.00171 21.77495 19.54214 19.30722 17.7361 17.60133 13.77475 2.024618 1.5 2.572115 12.83591 14.23422 15.12231
29.50766 31.02562 26.10808 29.50161 27.4015 32.52348 31.72771 31.11825 31.05785 28.99937 29.89772 27.25571 31.11981 23.43653 35.54652 36.3886 36.20686 35.95603 36.5355 36.88857 32.80084 31.05523 30.51922 28.71889 23.12419 24.22544 18.14423 20.76521 18.83632 17.96389 18.33728 18.70214 15.40183 8.296045 11.07469 13.0289 9.056649 6.036831 9.179244 7.978738 13.31182 11.63416 5.982995 5.826438 8.195746 11.17143 16.34437 6.120521 12.22073 3.034518 9.166361 16.60928 17.8827 17.76539 18.34615 17.66233 11.943 10.31638 6.786052 4.529113 10.98896 18.77789 21.93896 17.17664 21.01705
26.71875 33.01135 29.36262 31.0791 28.61272 32.34698 32.90648 32.79472 30.39939 26.59216 26.94799 32.04628 31.69138 29.68199 35.85918 36.81216 36.99488 37.19475 37.27626 37.17558 34.06596 29.44242 29.1303 29.23709 22.02809 19.76905 18.34325 20.57134 21.78439 15.97413 16.80456 18.29675 18.36439 16.01186 9.800274 14.77974 14.01047 17.20686 12.72974 13.1812 12.24241 9.00886 13.37335 12.69775 17.87597 5.536974 7.681769 4.654683 9.790993 3.309753 10.76955 16.97861 21.82572 20.66058 20.54069 21.91795 22.44889 19.32998 18.03394 16.56875 18.44579 21.1302 23.68459 21.49916 26.86024
27.00799 28.76867 27.54966 30.854 26.54972 31.65973 27.72388 27.3094 29.97452 31.0927 29.10046 29.8307 31.05907 25.92243 32.29536 36.59444 36.97572 37.07481 37.15991 37.17645 36.22167 30.69168 29.15074 30.19966 29.74557 19.34891 20.1312 18.13216 24.882 23.30559 19.43684 18.4845 22.35532 18.75442 16.59691 15.62323 18.36485 16.05608 11.15648 10.26781 12.13925 7.551642 7.495845 6.221328 7.182264 2.693913 8.544977 10.85859 3.514154 3.929912 7.374239 20.3897 22.04388 20.55553 22.10343 21.15533 22.7849 22.7066 19.9278 21.44761 19.56004 17.82973 27.31805 26.17496 32.18703
24.39113 28.58975 24.23593 26.04408 26.72979 29.47609 27.598 30.79635 28.92182 29.10438 29.08364 28.77837 28.76585 25.49514 27.72311 35.57026 36.52039 36.83813 36.14481 35.89417 29.44895 29.36451 29.68077 24.96781 28.82998 30.09912 23.54079 18.47224 19.31082 22.45274 21.57281 22.90499 24.59927 20.28037 16.376 13.37185 8.167631 11.53635 8.172323 3.426997 9.724648 10.33277 10.55374 5.735811 7.476002 6.906 5.097307 9.237327 1.670442 6.051168 15.66858 20.58207 19.92112 20.12359 19.0229 21.33935 22.75312 22.7849 22.75035 23.31313 25.58703 18.67336 16.13827 28.41577 30.10937
25.99763 29.7338 25.63686 27.94457 28.76726 31.03336 27.24126 27.90878 28.90828 29.64031 29.82487 26.93983 27.27612 25.78546 26.22014 32.43197 34.28954 35.82584 32.73839 33.4131 29.05726 27.14067 21.71407 23.41693 21.02572 30.50632 26.97473 16.98658 15.37156 17.43493 17.73429 19.49166 20.96217 17.74524 16.5 13.8705 15.27307 15.64781 9.456001 6.762717 6.273784 5.731637 9.903542 6.578001 6.561999 7.534 5.023835 11.05847 4.195128 13.24828 10.91681 18.9223 18.02319 18.19398 18.01804 17.81909 18.1657 19.12063 21.53575 23.09075 25.42199 26.7309 18.09377 19.14508 27.29972
27.39452 28.44079 26.07575 30.27147 27.98425 32.02759 28.67235 25.61553 28.834 30.8096 33.46527 29.26125 27.53752 25.68575 26.38759 31.9505 31.83707 31.96951 30.87271 31.83091 31.67938 31.66762 28.62299 19.81786 20.97518 30.72643 25.67133 22.4529 16.70205 16.03072 18.46021 19.55264 18.43318 15.55603 16.0575 13.15221 13.36449 13.9822 13.65309 11.79429 4.68693 10.62098 4.746701 4.334405 6.389561 8.857122 4.952 4.910901 8.904991 12.46552 16.65553 14.68256 17.81909 17.80652 18.01921 17.89954 17.81909 17.81561 17.84467 23.46078 27.17736 29.9477 20.64126 21.12423 29.15838
24.10938 25.91446 25.67077 29.72261 31.82278 31.21672 28.04549 28.54747 29.15942 31.2058 27.61762 26.65487 27.83087 30.56734 29.08664 32.35443 30.77885 31.32195 32.26848 33.46016 32.8929 31.04642 29.81641 20.33438 24.01233 30.36787 30.85931 24.09322 26.39924 16.64648 20.3772 16.67715 12.17139 14.85736 14.36728 7.363501 4.513666 9.419664 14.11456 11.95541 6.025575 7.166999 6.061083 7.974181 13.18244 10.3026 5.641442 3.905 9.434465 19.44802 17.07889 14.9316 17.81909 17.81714 18.37626 17.96707 17.81506 17.78735 17.76823 21.90775 29.40484 29.128 20.55352 24.18465 29.96073
19.6754 25.11421 26.00854 24.04778 30.29973 23.20082 26.24549 29.21918 28.15732 29.27231 25.89297 26.08416 29.03019 26.31137 28.37119 30.24765 32.09214 34.68739 33.58189 34.38611 33.80877 30.53324 34.23777 32.6237 31.0613 33.6139 30.11151 18.60159 27.32502 23.30051 24.16765 18.27289 11.85251 15.504 16.67377 8.721001 3.560853 5.600141 13.623 6.850035 9.880499 8.38805 10.30296 9.96824 11.88531 12.24437 11.52311 4.725 2.923301 16.24603 18.04851 17.89703 18.06391 17.81909 18.03411 17.85385 17.8506 18.02985 17.91038 17.76542 29.20082 26.39752 18.64237 22.40233 23.49284
25.74785 18.77555 21.70367 29.52045 25.64395 27.36223 28.15877 25.70087 28.22138 30.66263 30.33316 30.53881 27.47809 28.351 30.94496 32.70725 33.55633 33.40375 31.02549 31.5627 31.88352 30.49574 34.6077 30.4641 34.00288 30.51639 31.5545 29.42946 19.47675 29.05654 27.59166 20.99301 18.91095 11.37477 14.46923 1.5375 2.6655 6.258387 11.98659 7.635001 4.9245 4.2675 5.458309 13.53613 11.93544 13.89733 12.4374 12.91129 11.74692 5.909725 15.92934 17.81909 17.76344 17.87024 17.87669 18.07383 17.95345 17.76539 17.76539 17.76542 21.99442 27.36934 23.59115 22.54434 22.82225
31.4143 25.88625 23.10428 23.45103 29.98678 29.27586 28.79705 30.25603 33.25095 33.22531 30.9847 26.75147 30.73263 33.23442 36.9907 34.80346 31.84329 33.51245 34.88676 34.31493 31.88915 30.33617 30.67873 32.0816 33.10653 27.83046 31.48066 31.11722 28.25631 32.22198 23.37644 21.93376 23.02659 16.22695 17.26838 11.06291 12.50444 9.795223 7.286459 5.22438 8.987231 3.009536 4.628103 11.86053 14.45019 14.12 8.494024 4.401075 3.40609 1.914505 17.22721 18.01623 18.00233 18.37874 18.05133 17.92845 19.12568 18.65937 18.52367 19.871 17.35802 27.86799 25.48692 25.2066 22.73828
24.56787 23.20821 23.22889 23.02012 26.29922 26.36093 35.20214 28.8126 33.13795 22.58403 30.33516 29.86489 30.24932 37.35358 38.00191 36.10046 33.28448 37.31295 32.94769 33.42847 33.80187 30.25957 27.68697 29.53959 30.18563 27.39731 26.45259 31.70739 28.42945 13.0244 21.55303 32.57867 30.09078 28.92541 18.28322 17.2767 16.87476 15.63111 14.93574 7.817054 6.083282 7.945659 5.98897 9.645439 9.893866 9.455807 3.131269 2.080601 3.331327 1.5 12.14187 17.73335 17.80272 17.81952 17.86773 18.17421 21.45982 22.7849 22.7849 20.904 17.72417 20.41688 27.4851 23.37049 23.72024
19.07614 19.98417 22.73907 20.31393 20.84542 29.85214 29.99673 35.40535 31.95574 30.07108 28.86613 31.68617 30.71695 36.02074 38.19179 38.15528 36.13471 38.2601 32.90209 32.54329 30.6533 30.01107 24.25877 28.46444 28.46443 27.61336 27.87659 33.77143 32.74213 22.0253 11.52349 26.6043 32.29662 33.00108 27.06032 18.54922 16.96678 16.62276 17.59768 12.04572 4.525367 7.256266 8.628388 14.03988 12.12447 2.289572 1.949156 1.899183 1.516337 1.5 11.3123 19.91696 17.95251 20.6501 19.39979 18.00568 10.3953 22.65874 18.76194 18.39796 17.76539 17.72569 27.29842 26.81897 30.97602
19.07798 19.00293 19.0318 23.6193 19.17664 20.69629 28.34493 33.99974 34.87469 34.98247 22.14069 31.41089 31.35023 32.70434 39.07097 38.04555 37.13829 36.65639 36.21032 31.69728 30.83835 30.08523 24.63534 26.95949 28.18283 27.25893 29.08578 32.80648 27.10425 30.60036 28.17338 22.50937 33.36914 34.12312 29.78172 21.11295 15.67045 16.83369 16.55922 15.67714 9.582322 5.810808 14.70484 18.03893 16.20546 12.56387 1.995978 1.500052 2.002687 1.724497 8.030205 20.79173 17.78554 21.49767 22.22148 20.40789 21.72202 22.42037 18.01538 17.71086 17.71747 19.42529 29.30832 30.11001 31.27288
18.47671 18.53242 18.8898 21.29765 23.07698 21.6192 33.44399 29.48491 34.01671 35.82622 29.12527 31.24174 31.34424 30.73625 34.15523 38.52596 37.25616 35.7075 35.12682 34.45554 30.8283 29.42266 23.97048 24.68549 27.65679 26.87151 27.22161 26.88881 26.96007 27.39646 29.82221 30.7942 32.86198 33.80858 25.88087 22.43169 19.94294 21.03049 20.92418 18.10002 15.10933 14.48947 18.38428 20.50356 12.50913 15.89423 9.058031 4.2495 6.727518 11.14292 11.55822 18.94657 19.62193 19.14711 18.26652 20.48568 22.60355 22.21687 16.45698 17.08977 16.56266 22.22249 29.45388 27.61523 27.86587
18.94168 20.29737 22.77727 21.00078 25.53919 25.30869 39.49045 39.93025 36.21325 32.44629 26.91928 27.14251 31.07541 30.28428 35.56933 33.71933 38.36885 35.07317 31.73233 30.84187 30.905 32.26016 27.0046 26.49107 27.57015 27.2631 27.13609 26.91396 26.88288 27.23169 33.4764 32.24799 30.08056 28.98945 27.80272 21.00895 22.33557 21.80409 20.63318 15.99002 17.67504 19.24475 17.52195 19.99478 19.6955 13.44328 20.4899 12.5186 3.579593 17.0665 15.46804 19.81452 20.76588 18.8584 18.23413 21.43983 22.17825 20.95929 20.32109 27.15378 42.56697 36.24105 29.70429 32.1609 32.22232
20.16442 18.64959 20.6605 23.72123 30.33591 41.92767 44.27842 44.11436 61.38748 35.25035 26.34887 30.15043 30.29611 29.76685 30.54052 34.32397 36.33818 31.99302 30.77862 30.52353 30.88903 26.86966 23.78181 28.0969 27.37361 27.64779 27.41834 27.273 26.98971 27.81624 34.91278 32.34797 28.92264 30.71558 27.06216 22.3839 21.49465 23.09465 21.94614 19.11345 20.5538 20.0341 17.41604 20.50597 21.73456 19.81137 14.71524 26.89531 15.89423 21.53237 20.27635 20.22352 20.17392 20.93001 28.20597 27.8999 29.39512 27.52847 26.65372 36.2263 43.81804 47.77475 47.27377 45.76864 53.32775
32.32108 21.68571 22.7943 22.48093 31.93994 46.35371 33.19265 36.1604 53.97958 34.55487 47.52887 41.71697 28.63666 31.39986 32.89986 36.26876 35.02592 32.63228 30.75451 30.49487 29.07066 22.45523 27.82187 27.75338 27.79711 27.72499 27.20904 26.25312 27.03271 26.91306 32.85287 28.41025 30.01948 32.3669 28.59482 22.17081 22.61459 23.08095 22.2833 22.16625 20.93888 21.50847 21.03925 20.47195 14.99923 24.39658 25.24542 26.52917 27.07306 31.59134 32.96494 24.79283 25.47665 33.12827 32.18403 33.50521 38.55352 43.86906 44.04991 36.58762 33.34112 34.32658 42.86213 46.79261 40.60146
26.80076 21.5242 22.34188 19.77829 38.27863 58.46925 54.74527 44.48074 50.45646 48.62408 51.78981 62.91687 35.59923 34.13093 36.94559 33.07167 31.78942 30.83712 30.49487 30.94747 31.18908 25.56021 25.18249 28.07156 28.41969 27.5533 27.06979 27.16034 26.26571 27.42036 27.09826 30.30105 32.44789 33.36714 30.54125 23.77466 19.6977 20.33943 22.72068 22.0566 21.42234 21.99416 21.79714 29.99714 28.71464 25.3293 34.41968 31.49712 33.56437 32.33898 36.62045 38.81951 42.30687 41.10691 42.04787 48.061 43.15704 42.27895 33.2025 32.80114 31.3798 33.27969 33.53522 33.01806 32.7963
19.57688 21.91713 21.06727 19.266 24.95458 36.15486 62.1394 50.96687 36.915 56.84414 47.96395 60.4545 29.95741 33.0988 35.55289 32.08934 33.19367 33.05724 31.3246 30.4542 30.63556 31.9216 24.3887 27.87593 28.46443 27.95549 25.53107 27.12873 27.39988 30.54956 22.63408 25.51165 26.57543 30.04898 27.54353 25.32595 20.81744 23.08841 21.96043 21.72549 20.60911 20.58991 25.34229 30.92544 30.40544 29.24735 28.43773 34.55098 38.32139 44.38638 43.01117 36.1474 44.50048 38.8207 37.32969 42.9287 30.80048 31.7504 31.75509 32.31885 32.71386 32.72406 33.01479 34.61886 32.96504
25.93004 26.13979 20.72313 19.56901 23.46216 36.673 46.92838 47.72327 33.97498 42.39348 30.49692 35.42519 31.3474 33.58664 35.86063 36.72651 34.50892 32.29467 30.64657 30.58213 32.33058 39.85786 27.57778 27.07913 25.50173 27.76351 27.68095 27.1827 27.29801 28.61972 23.32817 25.72802 22.91771 25.00466 27.33229 27.33878 25.39397 25.75763 22.50315 21.19787 20.50448 21.34362 25.37447 32.21751 31.75945 29.97314 27.68819 30.34973 31.05622 34.04266 31.29765 35.29564 39.69191 32.64911 33.16068 35.86984 29.20979 30.11632 30.03728 30.6141 32.41586 34.85238 35.61798 35.28862 33.89388
31.14257 27.5877 26.51509 25.97253 20.84328 33.49686 54.96673 46.70169 34.30218 30.49703 44.80101 34.91914 28.29227 21.41738 23.46673 30.66597 33.0842 30.63154 30.35986 30.43961 30.47436 32.125 30.79779 29.94515 26.69316 25.64356 26.96587 26.43307 27.75975 25.84192 17.46082 24.33244 23.58155 23.27578 27.02208 27.82588 27.23699 23.06662 24.86825 24.75043 20.41075 20.38027 20.95892 28.1649 31.30433 29.99714 29.98937 31.20523 39.21496 34.14964 31.61157 34.129 32.30727 30.77973 32.12393 31.04056 31.67694 32.27295 31.72328 34.33046 37.21641 33.26028 32.41303 33.18485 32.75424
31.43043 29.67297 32.8278 32.15341 25.58374 26.82049 40.15188 38.5404 31.31672 29.9849 47.1253 35.7167 29.53874 28.87992 27.00126 30.42716 32.23593 31.69254 30.3213 30.49773 30.32262 30.47587 29.7913 33.75364 37.01002 27.53303 25.65166 23.17564 27.09722 27.36159 23.94036 22.94568 21.42936 24.65291 24.19941 31.73487 27.29595 27.82396 24.26153 26.4713 22.8078 21.48045 20.66879 24.22714 22.55445 28.98891 29.99057 29.38407 28.92651 28.59455 29.04622 30.08661 30.9625 31.93878 32.34209 32.52465 32.36787 31.76612 35.43803 33.94595 32.81551 36.39077 34.80797 33.42544 33.05931
