STOTEN_Data/raw/AVG_POR.asc
ncols         250
nrows         718
xllcorner     -2256000
yllcorner     1557000
cellsize      1000
NODATA_value  -9999
[rows 30 to 59 of 718, columns 69 to 137 of 250]
33.29858 26.78859 27.57833 22.43041 35.02372 37.98285 38.68169 32.92585 37.62655 37.77595 33.60331 31.80452 28.37592 27.631 28.53031 29.44749 30.66733 29.19525 27.82408 26.89655 26.89655 27.06257 28.11859 27.51274 31.2633 34.27476 31 31 31.37924 34.54931 34.13545 33.65427 32.63158 34.23377 35.08289 38.41317 34.04338 33.01311 32.87915 36.00415 34.154 35.72039 34.83986 37.34098 37.0122 39.00566 35.16961 40.87043 40.15935 39.90794 39.88527 39.88957 39.90794 39.89894 39.6557 35.87974 31.59087 40.3384 -9999 40.13975 40.13975 -9999 -9999 -9999 -9999 -9999 -9999 -9999 -9999
28.30843 28.14515 34.42 36.73037 30.47708 31.70917 31.24029 32.4494 36.95867 41.68883 28.99804 29.85136 29.24107 27.52036 28.1127 29.63511 29.59557 28.99546 28.52253 26.89655 26.89655 26.89655 28.0245 31.33271 31.57152 31.1063 30.85515 29.12155 31.78871 32.02424 30.29393 33.14808 36.135 36.69859 37.12681 35.62001 33.70986 32.13425 34.94466 37.37082 40.39019 39.79869 40.74807 39.61208 38.58323 38.39895 40.37419 40.48864 40.39328 40.13254 40.14171 39.04103 39.87399 39.90794 40.23314 39.21453 40.28103 41.40494 -9999 -9999 -9999 -9999 -9999 -9999 -9999 -9999 -9999 -9999 -9999
34.7784 33.06617 30.83876 37.34357 36.15905 31.5828 25.55169 21.5876 34.02188 40.64646 30.66718 32.8868 29.2975 29.85757 28.26865 28.95873 28.84053 29.3672 28.91617 26.89438 27.37557 26.90158 28.17032 32.29587 34.54233 29.03852 35.45546 44.70796 43.81388 32.46387 34.31499 33.77453 35.94823 37.81145 40.73158 38.33275 33.68621 32.99257 37.59759 36.07399 39.74144 40.68056 41.18423 43.81499 42.94687 40.05314 41.62033 41.63576 41.05531 40.86984 41.55336 32.26445 38.71965 39.90799 36.81184 38.88398 39.86779 39.86504 -9999 -9999 -9999 -9999 -9999 -9999 -9999 -9999 -9999 -9999 -9999
33.56025 31.30806 30.46859 27.12647 30.53587 33.39928 34.19279 29.93001 30.17468 29.02454 34.50644 34.44704 29.40339 30.49296 29.55662 29.94111 28.70258 26.4003 26.50378 26.8958 26.99789 26.81384 28.38362 29.76323 27.95429 27.6573 36.15815 51.28432 50.87149 42.03552 36.18493 41.4879 42.94133 40.92926 40.82346 43.0565 36.88309 33.30924 39.77705 39.40864 40.34744 41.49916 40.57619 40.47327 41.33443 41.61444 41.63576 41.65161 41.2435 41.18678 39.23277 36.84459 38.10759 29.67959 30.21382 35.79609 39.69861 39.90789 -9999 -9999 -9999 -9999 -9999 -9999 -9999 -9999 -9999 -9999 -9999
31.09204 29.59984 26.80522 25.32628 31.59991 36.16842 37.54638 37.53925 37.32184 29.86133 35.17083 33.41094 30.37585 30.53547 28.96535 28.58716 26.98882 27.27538 26.89655 26.89655 26.89655 27.83038 30.5768 29.64367 27.00422 26.89655 26.89655 36.89448 45.95934 48.52541 39.69125 46.63955 48.28408 44.62447 50.64296 49.85374 42.68686 35.5764 39.29709 40.5629 41.32605 41.4199 42.19412 42.04164 42.01429 41.91409 42.01964 41.87304 42.25438 42.62149 42.62744 42.62744 34.71433 26.75224 35.52873 39.97611 39.90794 39.90794 39.90792 39.9079 -9999 -9999 -9999 -9999 -9999 -9999 -9999 -9999 -9999
32.46233 32.66206 29.74373 29.72804 29.95156 32.28101 33.36028 34.71382 35.50492 30.56289 34.48918 31.7363 33.08905 27.43416 27.46721 26.89656 26.89655 26.94569 26.89655 26.89655 26.89655 26.89655 27.51291 28.28551 29.52788 27.65159 26.89902 26.89655 35.36836 42.37374 47.72575 48.68847 45.00853 46.34103 49.97553 45.14576 45.83633 41.90213 40.92395 40.43519 40.99808 41.01205 42.62472 42.49799 42.14297 42.62363 42.62205 40.33503 42.53291 42.62744 42.62744 42.62744 34.46754 27.74266 25.95518 37.10049 40.73587 40.23672 40.72774 41.73059 -9999 -9999 -9999 -9999 -9999 -9999 -9999 -9999 -9999
34.04446 33.03956 32.83189 33.19272 33.28759 31.35463 35.49438 32.79005 33.3753 37.3749 28.90624 34.44267 30.89779 26.0871 26.89655 27.27386 26.89655 26.89655 26.89655 26.96546 28.46725 31.40501 30.53158 29.85192 30.94197 29.8416 27.48827 26.91404 35.51005 37.8721 31.8615 31.8612 31.52692 36.93051 45.72276 46.4813 46.89074 44.8642 42.52985 41.14104 41.33136 42.33266 42.62744 42.588 42.48466 42.62744 42.62744 42.28862 42.55512 42.62744 42.62744 42.34002 29.56633 23.03573 23.38673 31.56605 35.11714 39.08021 42.31051 42.62742 -9999 -9999 -9999 -9999 -9999 -9999 -9999 -9999 -9999
30.30083 30.4045 33.39587 33.4454 33.63516 31.68383 33.17896 32.27285 32.19207 36.94247 27.94209 31.74261 30.28071 28.26722 27.66861 26.94436 27.00901 26.89655 26.91256 29.06063 30.26507 31 31 31 30.96741 30.42428 27.05782 29.61218 39.22964 32.92369 33.47659 33.11082 34.47691 32.89698 36.0841 47.5399 51.3726 43.53991 41.63576 41.49926 40.83871 42.02332 41.99216 41.93245 42.62744 42.62744 42.62744 42.62744 42.62744 42.62744 38.03149 34.22408 26.56487 34.91025 34.37822 31.76718 31.1075 29.24495 34.81934 -9999 -9999 -9999 -9999 -9999 -9999 -9999 -9999 -9999 -9999
32.02572 31.2878 33.43172 33.76508 33.07781 33.11944 31.79741 32.22305 32.44441 36.54619 31.16039 26.68447 29.72505 30.51097 31.08246 31.09065 27.49867 26.54788 26.89655 27.4871 30.52295 31 31 31 31 30.93599 29.42593 30.8482 39.31842 33.02287 30.77713 32.69177 37.74138 40.89447 44.91397 46.90623 48.7714 42.65518 41.06107 41.63576 41.1794 42.16106 42.04087 41.91769 42.5005 42.56136 41.19355 42.2123 40.88533 37.06245 24.42086 30.14674 32.94249 23.93827 30.12279 30.38815 34.50902 34.2751 36.40376 42.60688 42.62743 -9999 -9999 -9999 -9999 -9999 -9999 -9999 -9999
32.37117 31.72149 30.22215 31.46301 32.78834 32.85854 33.76035 34.76477 32.3227 35.93926 32.40132 30.26566 28.32324 31.00331 31.60373 31.79958 30.44204 26.84163 26.89656 26.89655 28.67908 30.98974 30.46039 30.984 31.39977 32.08733 34.45216 36.08311 38.8986 33.16699 29.40212 28.90233 30.71702 31.92074 33.55743 39.80178 49.75983 44.76873 40.59151 42.9782 42.88548 43.10538 40.44738 42.08076 41.68921 41.29213 41.44897 35.3784 24.52119 33.38636 30.41323 28.14096 24.07825 23.03573 23.03573 30.279 40.5617 39.90572 37.57648 41.86221 42.62742 -9999 -9999 -9999 -9999 -9999 -9999 -9999 -9999
33.55475 32.51568 31.44051 34.97981 33.92845 35.00599 34.35934 35.88283 32.39224 33.50423 25.53703 32.35775 29.24551 31.69004 31.6768 30.95592 28.88739 26.89655 26.89655 27.21253 27.44068 27.26833 26.89655 27.58511 28.52274 29.44403 32.00193 36.17899 33.82618 31.0215 30.95732 29.89039 29.28378 36.01152 30.36986 28.08738 28.67619 35.14046 39.9002 45.2672 43.54378 44.33224 42.29969 44.21835 41.62902 41.63576 41.63576 41.60786 40.72667 42.05681 34.33486 36.08973 34.74569 33.34339 30.92335 26.91434 38.25919 39.90794 39.89971 41.77535 -9999 -9999 -9999 -9999 -9999 -9999 -9999 -9999 -9999
25.72196 25.52196 28.13242 29.69838 31.85878 26.39207 30.94417 31.51136 32.12469 35.11877 24.47306 34.00091 27.59468 27.66124 29.80145 30.14817 29.50577 28.37833 28.53493 30.74008 30.98892 28.67954 27.57569 27.52207 26.93734 28.6871 29.96047 32.48133 30.17226 30.52842 30.78193 29.81738 28.61179 27.28761 27.40752 28.95189 31.15204 31.7013 34.79416 36.74944 42.31189 41.70637 45.83337 43.04426 41.57253 41.63576 42.35599 43.31979 42.91916 35.77666 28.20629 25.67936 23.79221 31.75863 39.56038 39.0947 25.20886 38.30002 39.90794 39.90791 -9999 -9999 -9999 -9999 -9999 -9999 -9999 -9999 -9999
28.13861 27.40083 31.71056 33.45353 31.66785 36.96095 38.41666 23.20417 18.42555 25.47728 25.58534 29.3314 24.86212 21.23815 24.94322 25.10765 20.71677 23.78118 23.00298 26.81539 27.30031 27.44707 29.42144 27.39115 27.57086 27.52991 26.78853 28.80737 30.28743 26.94319 27.97821 28.1042 27.02459 26.99684 38.01012 42.12824 37.74051 37.00719 38.89556 41.4581 36.27108 36.68154 39.97972 37.68804 37.71315 39.31568 43.59722 43.62332 38.69745 40.36578 38.56682 38.62183 37.6254 34.40254 27.10023 35.3946 31.17993 35.9497 39.85057 39.9079 -9999 -9999 -9999 -9999 -9999 -9999 -9999 -9999 -9999
24.17359 28.17485 27.27617 28.23824 25.79029 26.10781 24.37274 21.8779 23.26569 14.41685 26.36039 25.50727 21.46771 19.57931 20.32518 21.21222 21.66467 21.52625 22.98997 23.98764 19.61304 17.26027 20.90784 21.58622 19.25605 20.60951 19.77225 22.82699 27.01706 26.79486 26.89655 27.65405 27.3303 27.33013 34.80427 42.40069 36.95798 46.12511 43.97405 45.82137 47.62376 45.30722 44.82434 40.52 35.40144 42.8306 54.99758 46.73467 48.70016 55.17699 54.49894 39.95782 39.90794 39.30054 38.43668 39.8877 33.56629 31.80732 41.23255 -9999 -9999 -9999 -9999 -9999 -9999 -9999 -9999 -9999 -9999
25.25068 24.86376 25.29173 24.69549 24.64668 20.65886 22.04142 23.86238 22.36503 19.30361 23.61782 20.65006 23.91598 17.76719 21.27675 19.9111 19.50007 22.58255 24.23956 23.87953 20.86715 22.15647 22.10736 22.95768 23.00928 25.02549 25.24763 20.80917 19.02346 18.905 24.71356 26.92158 27.11321 27.06054 27.05335 28.28854 32.75713 33.64267 37.7099 44.61566 55.42654 59.85707 57.38439 54.75367 50.99458 49.81049 52.47134 57.952 56.85949 56.08669 51.95114 42.32371 39.11031 32.28508 32.18214 27.43262 29.94321 32.43019 42.58346 -9999 -9999 -9999 -9999 -9999 -9999 -9999 -9999 -9999 -9999
25.18706 22.01431 20.38413 23.73121 25.14789 22.38512 24.28981 23.30211 21.70435 32.27032 20.45215 28.17786 22.16132 21.25044 22.02919 23.35782 24 26.2002 24 24.6512 25.08143 24 23.82691 19.47736 23.01341 25.26442 26.04968 20.89347 19.61461 19.79506 18.53816 22.08794 23.39159 25.56875 27.7551 26.98315 31.33787 32.71434 32.81239 33.08329 34.72885 43.37993 43.36746 45.3495 55.46461 59.85643 54.39054 50.15836 47.41413 42.11232 39.86026 42.16101 43.59938 40.86119 36.15387 32.38061 30.97058 39.90789 -9999 -9999 -9999 -9999 -9999 -9999 -9999 -9999 -9999 -9999 -9999
28.86902 25.52156 19.7282 22.37863 20.47565 19.04056 23.62998 21.22361 32.3846 33.47713 14.56981 28.39378 23.85625 24 23.26395 23.11846 17.33333 19.30793 19.98035 21.94961 23.67719 24 24 23.94625 22.39192 23.4582 23.66209 22.90097 22.33757 22.36754 26.3886 26.23712 26.86841 27.15139 28.82204 28.85008 31.65764 32.71434 32.71434 32.22561 32.71434 32.71433 32.71434 32.71434 32.71434 43.83645 56.57884 54.73949 49.7434 49.16832 52.35501 40.42129 39.77385 39.90794 40.47196 40.78344 41.80778 -9999 -9999 -9999 -9999 -9999 -9999 -9999 -9999 -9999 -9999 -9999 -9999
36.81202 25.21619 23.04142 21.45888 20.1164 20.40214 20.53364 17.39953 22.00284 16.12081 19.32585 23.02982 23.73164 23.86854 20.05457 19.54134 21.3559 18.94122 18.45625 18.93818 18.4298 23.67127 24 24 25.3259 29.82681 20.88153 19.56603 23.47928 22.99129 24.80516 22.22015 23.93643 24.29073 25.24484 26.87093 28.26329 32.11301 32.71434 30.0334 32.3741 32.71434 32.71434 32.71434 32.71434 48.11871 52.53164 46.90405 48.55342 43.43349 40.97489 39.90794 39.90794 39.90794 40.56633 42.31944 41.28596 -9999 -9999 -9999 -9999 -9999 -9999 -9999 -9999 -9999 -9999 -9999 -9999
35.87833 18.49203 22.01884 19.8429 23.66567 26.01332 22.66002 27.46522 25.56239 21.44219 22.928 24 21.38633 23.40644 25.21914 23.47876 20.92965 19.29737 20.70526 19.84576 21.13408 21.84619 22.55343 23.30764 24.27407 27.16761 21.29747 15.70239 15.70686 16.05127 21.9941 24 24.20259 25.78694 27.35476 25.34738 24.58263 27.5538 30.89611 31.58684 32.71434 33.78596 33.30076 38.46849 41.76717 53.39074 53.34035 53.8891 52.52227 47.64188 47.33393 45.38359 41.85942 39.81018 39.96833 41.39711 41.12318 -9999 -9999 -9999 -9999 -9999 -9999 -9999 -9999 -9999 -9999 -9999 -9999
31.30186 18.5752 21.40679 31.57712 32.42699 24.72492 21.55253 25.91988 29.24924 20.62375 20.65024 34.32594 24.99822 18.90471 20.0066 19.04641 20.08158 20.77663 19.26552 18.21821 19.4474 21.58051 21.40317 22.11146 29.60623 24.46433 17.70461 15.70239 15.70239 15.70239 18.77251 24.06787 26.25574 24.71867 25.52534 25.38942 24.11831 25.5017 27.39835 24.62481 29.30432 46.51891 45.28457 49.74556 47.75503 51.86204 47.84917 49.37929 48.16642 47.41179 47.41179 47.41179 43.20945 32.34643 39.64808 39.95443 40.13976 -9999 -9999 -9999 -9999 -9999 -9999 -9999 -9999 -9999 -9999 -9999 -9999
23.85623 22.45089 27.62979 29.70197 36.72994 29.17723 27.46117 27.041 31.78176 26.88796 21.9402 22.86625 17.97407 17.14658 17.61005 17.84702 17.64619 19.08287 19.7954 21.08834 19.83405 20.44745 16.51619 15.70239 18.87527 18.13764 15.70239 15.70239 25.38515 15.70239 15.70239 19.4026 27.08784 26.2753 24 24.11929 24 24 28.99534 24.66098 24 33.46489 45.57691 47.86141 47.4679 49.53181 48.77357 47.41179 47.41179 47.41179 47.41179 47.41179 47.41179 42.49754 40.75986 31.01996 28.85991 32.71429 -9999 -9999 -9999 -9999 19.73887 -9999 -9999 -9999 -9999 -9999 -9999
25.18177 26.53528 27.48748 27.14482 25.53548 29.84552 26.07866 30.99755 26.35526 24.17106 22.90837 22.96282 19.71611 20.53613 20.382 21.41226 22.47655 22.97739 23.48685 20.25727 15.70239 16.9462 19.18655 17.34532 16.36325 16.9002 15.70239 15.70239 15.8204 17.11655 15.70239 16.82006 21.21095 26.11458 24 24 24 24 25.59929 29.33133 25.8207 30.72983 41.92205 47.41179 47.41179 48.55919 48.17289 47.41179 47.41179 47.41179 47.41179 47.41179 47.41179 44.10875 45.63932 33.24715 30.51981 29.88995 26.03569 25.15204 25.68149 23.44741 19.73888 -9999 -9999 -9999 -9999 -9999 -9999
28.8843 26.26319 32.36922 36.18544 33.69442 31.38935 29.67729 28.38284 24.46028 21.02024 17.43494 19.11167 24 27.30812 25.53158 23.60868 -9999 23.60869 20.95867 18.58876 18.14947 20.88657 21.87799 21.99471 18.39825 16.6032 15.70239 15.70239 17.60433 23.05641 15.70239 16.18149 18.93957 21.72056 23.44187 24.44587 24 24 24 26.46908 29.06663 25.31655 46.8668 50.27275 48.31102 47.41179 47.41179 47.41179 46.25406 45.13934 47.41179 47.41179 47.41179 46.89252 32.40585 34.59338 36.32753 31.5715 25.97041 25.32255 27.7169 23.81265 19.73887 -9999 -9999 -9999 -9999 -9999 -9999
36.51686 23.07894 35.85716 36.44854 37.65282 26.16371 18.70128 19.68171 20.29693 19.68118 22.48115 22.16637 23.97541 23.52589 20.28689 21.11906 19.72204 22.86636 22.34371 22.70128 21.67811 22.65389 24.73138 23.13064 19.44837 18.07986 15.70239 15.70239 18.0567 19.33318 15.70239 18.56386 25.14499 24.87959 22.69007 24.03377 23.33129 24 24 24.01173 26.02931 25.25872 34.01198 51.82671 51.82477 47.5203 47.41179 47.41179 47.41179 47.41179 47.41179 47.41179 45.02724 27.71615 22.08839 23.23994 35.13561 31.67345 25.41588 25.16323 28.80644 29.40011 26.16001 19.73889 25.26575 30.54151 -9999 -9999 -9999
34.5336 19.5131 26.42977 31.69976 37.52673 28.58823 20.32445 23.29867 22.2482 21.76191 22.79105 23.92278 24.75763 22.73079 23.77843 23.55333 25.02722 23.71527 24 23.67179 23.70468 25.31619 25.74283 24.00786 20.87111 20.56732 15.70239 15.70239 15.70239 15.39503 15.01078 19.81234 21.77217 20.92754 23.27031 22.58317 23.8999 23.56142 28.16242 30.52473 29.57196 27.24445 27.30187 38.85424 47.11233 47.41179 47.41179 47.41179 47.41179 47.41179 46.34178 38.71651 28.95666 24.2935 22.21534 24.21124 23.75602 25.93782 25.01114 26.82382 28.71223 30.49003 29.57896 29.57895 29.04921 25.9772 25.82203 22.38808 23.90755
26.41656 19.1929 21.11562 28.13774 33.79218 33.31034 28.20293 22.79956 22.63289 24.404 24.98841 25.80406 24.01027 24 24.92889 24.67277 24.19947 24 24 24 23.87986 24.23271 25.96411 27.46487 27.98378 27.78771 25.46451 20.33241 19.32347 20.63062 22.63361 24.58767 22.00596 24.14247 24.9538 24.76188 22.9093 24.94943 26.1169 27.15921 26.0443 28.02525 28.21781 25.41092 30.47836 37.78661 42.64842 44.54648 44.55064 46.99648 37.73233 31.41801 24.52005 24.37256 23.95977 23.18908 24.01565 23.54678 28.18707 25.60997 28.58348 29.17372 27.87358 29.57892 29.57892 23.73031 28.07649 28.31129 27.53048
25.59057 24.54154 23.25557 28.33998 40.09885 29.10291 17.31534 23.32416 24.9842 24.05573 24.63262 24 24 24 24.08311 24 25.54392 24.31485 24.21805 24.69325 24 24.31778 24.06747 24.61014 27.31459 31.14656 29.59008 25.25743 24 24.27182 25.35422 24.53744 24.01277 24.61926 24.91716 29.56651 33.00293 30.51204 28.47649 25.04049 28.02701 31.66541 30.15987 34.55228 24.28784 29.07213 28.40953 27.96714 32.61207 33.83965 26.56016 25.68572 24.63201 24.37256 23.51956 22.40117 22.58296 22.8532 25.17363 38.93011 30.67709 29.57495 28.89279 29.57892 29.57892 28.25049 27.23624 26.95004 25.31916
23.5769 21.79783 23.81348 31.06079 36.88107 19.70936 21.43304 22.49421 24.14667 24.59254 24 24 24.4312 24 24 24.18871 25.13325 24 24 24 24 24 24 24.07236 25.63387 24.69422 24.6512 27.49655 24.77734 24.31973 25.93209 24.35493 24.51734 23.95545 24.31646 26.61625 30.85039 31.19313 31.97573 30.68653 29.40323 31.4164 32.74942 33.44753 38.9464 34.54576 29.40989 26.77157 27.8872 27.15764 39.69786 35.10888 32.2117 31.09368 25.29273 22.55428 27.12287 28.09666 38.75377 33.41139 31.52893 30.1748 29.47416 30.87643 29.69399 20.7742 28.24574 28.74711 29.57894
23.16221 23.22924 22.20611 27.54271 23.81269 34.87804 26.61058 21.50042 23.06182 23.97164 24.24445 25.39333 24.47324 24.044 25.89717 24.44956 24.06355 24 24 24.51822 26.67814 24.86632 24.11049 24.31387 25.06578 25.77565 24.59645 24.00782 26.99587 22.7983 25.00984 24 24.02238 25.04725 25.50514 24.5398 25.53852 31.26491 33.20721 32.19491 29.66623 32.37695 32.85256 34.46267 33.26666 33.81315 36.26221 34.4917 33.94118 30.14915 26.61832 24.18567 27.57246 30.51255 42.67365 33.98232 29.90145 35.97581 44.44931 35.64283 35.82323 28.21575 27.53573 28.72457 35.19594 29.35931 30.45698 29.54926 -9999
22.98004 22.09524 19.60985 19.7412 29.50363 30.64319 20.68963 19.84609 23.112 23.72436 24.47422 25.22865 24.15166 24 25.79271 26.12371 24.01564 24 24 24.75289 25.74631 24.38427 24.34125 24.1848 24.48107 25.22418 24.96507 26.29877 25.05014 25.49552 26.20633 22.83167 27.01515 29.73374 33.39683 32.49868 28.31146 28.27122 27.56424 28.89803 31.43411 33.23615 35.20884 35.44878 36.38266 36.15116 36.18485 35.43185 34.04219 29.14358 28.19228 27.9275 25.07987 29.10827 30.46295 31.25731 25.6274 36.30389 39.38868 42.90746 45.39952 32.34906 25.53357 34.89619 37.49034 20.81487 31.96498 27.16168 29.57895
