STOTEN_Data/raw/AVG_CLAY.asc
ncols         250
nrows         718
xllcorner     -2256000
yllcorner     1557000
cellsize      1000
NODATA_value  -9999
[rows 145 to 173 of 718, columns 130 to 194 of 250]
13.03029 9.49181 13.96238 31.80664 31.80664 32.49846 35.49871 30.30481 14.02488 9.586987 9.43883 11.23219 13.60363 12.69352 13.4421 6.299768 12.08272 7.233893 6.496915 7.255196 13.94915 22.02096 23.79955 25.41869 20.10577 16.50158 15.72103 11.2622 10.03209 10.87145 26.14474 10.55511 10.0372 10.19907 9.344824 10.55964 10.28767 10.23826 8.877764 7.428659 9.906773 10.67806 7.93538 14.05817 17.57083 16.37656 11.56612 8.451636 9.260756 9.960915 9.358443 12.00326 23.00301 24.94677 24.80392 17.61395 19.38424 20.1903 10.61062 14.90501 22.87991 15.14318 8.458792 18.06824 11.78307
25.5237 24.89907 21.50106 31.80664 31.80664 31.81045 33.53939 34.95333 31.00616 16.44924 8.820959 13.56433 12.20524 11.42146 5.146084 7.835877 7.298586 5.029 9.024307 18.289 21.1585 18.23237 18.18603 21.76067 19.38128 16.50158 16.50157 13.51313 15.4947 10.1495 10.30001 10.03941 7.984688 10.14679 10.35297 8.44276 9.769447 10.99316 10.26719 10.73956 13.12725 16.09385 12.72739 14.59836 11.38025 12.024 11.14966 9.564936 10 12.72091 10.58436 22.48214 23.47045 24.91806 24.94677 24.73757 22.05855 16.45247 16.0711 14.85526 15.09127 12.56931 7.929353 9.369536 23.71582
29.1172 32.38139 28.46433 31.80664 31.80664 31.80664 32.29734 34.19471 33.65881 25.13586 11.42267 11.55689 12.26083 10.16099 3.772167 10.01255 15.71507 8.398499 20.80683 23.55334 20.64928 20.16125 17.5774 25.4501 23.99876 22.657 23.49543 20.87034 14.43251 10.52792 10.11512 9.911283 6.596701 9.586736 7.437376 8.06992 19.55575 18.45968 13.85429 17.11255 15.36359 16.57983 14.59521 14.37653 12.37701 11.66392 11.57105 11.11765 10.56752 13.71266 10.31906 14.72648 18.62224 21.56699 22.73942 14.42569 24.47149 24.94677 16.46399 11.53302 13.2565 7.310385 7.001111 16.25988 18.47817
25.63687 27.80138 27.40599 31.80664 31.77699 31.80664 30.80627 31.60638 32.44592 33.94492 20.04289 8.101986 9.427216 7.381274 15.22364 21.57479 11.36768 11.30298 32.63256 18.88318 17.35025 17.34438 18.32166 29.35696 27.9796 30.82122 29.02594 18.70115 22.64315 22.64203 11.74346 9.958191 8.117522 13.60157 17.06617 14.98497 16.34033 21.0178 30.23975 17.74575 12.19163 10.51793 11.45146 11.30387 10.9729 15.10835 14.81316 12.8132 12.47043 13.41593 11.63193 10.61864 20.62877 21.82642 17.14188 24.59742 24.94677 24.94677 22.71733 8.966195 17.64987 15.51061 9.76807 9.454456 21.36391
20.22093 20.22144 29.01865 32.35902 29.88036 29.75448 29.68397 31.17597 31.80664 32.9677 17.91278 9.490499 12.50899 18.39895 29.38777 14.30149 10.215 15.13091 39.77668 21.42038 17.34071 18.7014 20.39083 28.49392 25.51926 28.17174 19.71548 23.10769 22.23643 11.22901 11.97955 18.9099 19.42208 18.36599 18.82556 11.42463 14.96421 24.61393 20.70546 13.23979 13.1386 10.56792 9.587822 11.08371 10.06842 15.10593 16.05747 13.66669 13.97182 12.07738 7.949315 10.52479 14.22589 9.967328 10.90001 23.85933 21.7271 24.94677 12.76156 8.564038 8.150256 8.578972 13.99298 9.330602 17.55059
20.40229 20.22144 29.58994 35.10866 29.18591 31.10612 31.80664 31.80664 31.80774 25.00184 23.05612 18.17618 36.12361 32.47632 26.98332 15.33116 14.76991 25.87514 42.45622 24.05484 17.34071 23.97215 20.24838 25.68748 25.16893 12.00883 24.64208 23.54333 8.838836 23.93512 23.89121 19.36898 17.84885 17.13033 17.86138 15.74744 13.42776 12.86894 11.27213 13.20156 12.08451 11.57168 12.0607 12.46333 14.12021 16.26496 16.19916 13.49719 16.12225 14.86224 9.353545 9.088276 9.943185 13.8174 11.84144 20.01142 20.19241 24.90193 23.90012 16.17607 9.88479 10.63719 14.03275 13.13684 7.923034
34.86383 20.46614 31.35207 33.03074 33.40054 30.32255 31.76447 31.80664 30.32959 30.73429 27.79532 28.12513 26.47703 19.77949 25.39579 15.3157 17.1081 32.09206 28.39728 18.66585 22.72937 21.63274 18.46447 33.11637 30.76096 9.492736 26.75778 16.21069 24.83561 27.89854 21.52298 17.04304 18.69369 17.68399 14.24639 11.67268 13.09682 11.40837 11.268 12.79854 13.93139 17.51432 16.24709 18.38898 19.0955 16.7411 16.50972 15.14354 17.32606 9.365294 13.54506 11.99899 21.87146 18.54381 16.11228 18.49446 18.10028 17.28775 22.41912 23.43844 15.27656 10.89755 16.81997 10.6462 7.941164
32.69395 24.3147 33.34805 34.11332 35.9318 33.67188 32.26789 31.95027 31.99973 24.52188 24.52987 21.58743 17.55956 22.80808 28.04025 17.65528 31.55883 28.62533 21.52438 29.44863 23.37258 19.14335 30.22025 39.93372 30.15409 10.34817 10.67617 14.43251 24.28967 18.94544 18.48023 18.67447 19.76461 19.76458 15.79565 12.67162 14.0819 14.06321 15.303 17.20146 26.26971 17.87087 21.27138 23.12682 18.40028 16.35609 16.89894 12.07603 15.78722 10 14.19953 19.34452 16.86795 20.41419 19.13753 22.90743 12.571 16.01241 19.80618 16.42426 8.424302 5.352926 9.194634 10.59342 7.112761
32.72108 34.16462 37.52726 34.39247 35.03525 36.18242 27.35384 34.22046 26.02214 24.65563 31.2944 28.72144 14.87387 25.32201 26.75951 27.52536 41.45884 28.96031 20.93605 30.0777 34.70819 27.44028 31.57074 25.47325 24.98178 32.31356 15.69285 11.4146 17.58858 19.55871 19.78107 19.51011 18.33067 18.08327 14.09184 13.00142 19.98532 17.86288 24.71448 26.59112 20.54145 18.18071 22.18253 22.76897 18.09075 16.1501 16.95505 13.78752 13.65626 13.42934 16.44259 12.43585 13.99486 21.35052 24.94676 24.94677 20.53938 11.80364 15.42696 13.06001 4 3.554 8.039704 14.0347 15.25439
25.74536 32.00656 29.56322 28.14891 34.86022 34.27151 22.11448 24.02918 29.69724 29.82372 30.96779 35.16502 20.71124 22.6388 28.74851 29.4835 40.02729 29.33792 25.93237 28.58759 29.35976 30.39336 33.02376 26.93611 34.07188 24.58005 23.19633 17.62626 18.17173 18.95238 20 19.77104 18.69316 14.30195 11.72464 11.92971 15.2879 17.44308 19.08962 19.89056 17.74689 16.06294 20.2776 22.37661 18.24147 18.45545 11.55993 12.44063 11.49661 16.81451 15.47286 11.12276 22.26994 24.03291 11.96918 8.328328 18.60792 17.76561 17.06379 8.723887 6.125908 13.04525 6.892746 12.83606 17.78443
32.43886 38.15281 32.01137 34.75112 39.01134 31.27487 30.5937 26.972 31.43624 31.80664 32.07249 32.82167 27.65307 26.66458 39.63989 37.64535 32.55917 25.79788 29.18244 28.91641 29.24436 33.20675 34.10687 35.6792 38.51189 20.98693 19.83858 23.7176 20.06484 22.42078 20.56709 19.6112 18.07586 12.7196 15.46518 11.70853 14.84368 18.00314 18.56055 17.12726 12.95938 15.48593 21.41043 19.37787 19.26019 17.2655 14.37078 15.57907 13.31874 16.21239 12.81857 13.36863 11.67163 12.11299 11.16387 10.66494 17.12224 17.32378 19.12202 8.313248 10.65986 10.46884 10.50371 3.6642 11.96339
44.20424 40.52373 36.48894 36.48829 33.48112 31.84972 30.91835 33.57238 32.47612 34.62368 33.75703 25.59414 29.83286 30.59979 41.05266 32.37471 28.76723 26.58683 29.79459 29.91208 26.58767 33.76268 28.10505 24.17066 20.38671 19.18108 20.47651 19.58378 16.57819 18.28277 17.98371 17.04736 18.97547 19.43367 23.1856 13.9727 16.56128 17.93311 19.8187 20.74198 19.50894 18.90438 21.02189 22.89402 19.83864 16.77153 14.73125 15.39793 15.47293 15.89414 11.807 12.02862 10.06859 10 10.71391 16.2691 14.29416 20.01096 14.62461 7.322012 6.602565 10.7298 11.50394 11.89736 3.153627
45.14077 31.29036 36.73058 34.11456 32.06117 32.68724 31.80829 33.16051 34.29777 36.75564 35.14903 26.4975 27.04821 34.1065 29.29781 26.79863 25.93031 28.48948 28.73888 25.76939 28.21677 23.30434 22.42752 21.75135 19.70517 17.4371 18.39949 17.99416 15.00484 16.78095 16.59024 17.93137 15.46296 26.72121 18.01872 14.72495 17.85416 19.40893 18.50416 19.29498 19.42929 20.9595 23.22819 25.8992 17.80234 16.65809 17.55204 15.89379 15.59083 15.67878 15.73338 12.38297 12.00921 10.643 10.72971 17.33764 13.38322 15.54401 14.6598 10.0178 11.66042 9.921 8.825771 21.68664 14.32721
39.39231 33.54831 35.75863 27.53313 43.91219 35.72031 35.45057 35.21181 35.39687 37.68467 27.95478 26.70684 26.02454 25.92249 28.50237 26.96931 25.93149 28.01258 23.68498 22.8652 26.16097 25.7315 27.40987 22.41364 17.07864 15.43357 16.69485 19.24412 19.95065 15.2559 16.78399 18.01208 16.78302 24.95583 21.50716 15.51383 18.13848 19.50536 18.87616 22.11065 20.72169 21.64408 24.91426 27.53914 17.75158 17.35099 17.30067 16.6984 16.97385 15.50784 15.78505 12.25378 14.31328 13.95279 13.24938 17.7639 15.73762 15.34258 11.00167 10.55429 10.63271 14.3286 14.12048 10.47573 10.75597
29.31875 36.80293 38.25251 39.05661 39.05198 38.80414 39.36107 39.35768 39.43708 34.89188 18.77735 15.79641 22.24653 22.24681 26.11079 22.82733 21.56272 21.35953 26.3118 28.8109 33.42304 33.64774 34.05192 28.69495 16.85226 21.62445 21.92301 26.14206 18.96338 15.69904 15.94391 18.76969 24.15357 34.81901 22.51295 24.79585 21.38631 19.38473 18.82143 23.19148 22.99643 23.44872 21.81987 18.93021 19.01375 18.30092 19.69917 15.31858 16.79839 11.93139 15.17253 11.14895 11.33861 12.96683 10.95055 16.15136 20.92948 14.42194 10.74395 10.03748 9.331647 10.81278 7.576233 6.061286 7.090301
28.63408 38.24997 38.87455 39.56562 39.38691 39.10695 39.28633 38.73606 39.45586 24.39108 20.45191 22.28856 22.7144 21.12209 20.48572 24.70148 19.67803 28.25475 29.96866 30.60249 34.99157 25.83887 31.78264 32.93301 24.52449 24.86492 23.00717 19.4845 17.3851 18.2819 18.14825 21.17977 34.6029 29.73025 23.47816 27.51612 23.43428 18.77338 21.55945 26.65935 26.26891 24.71369 22.00143 22.57039 20.6718 22.9366 16.63968 15.61082 16.27224 15.60122 15.70697 12.78915 16.03967 16.06307 12.98671 12.99843 20.83111 12.43634 9.94716 9.201608 8.259486 3.866998 3.322366 3.931621 5.617455
30.45379 41.18431 38.2277 42.39988 40.90229 40.78887 41.65122 38.37107 38.35641 18.94642 24.79127 31.74179 31.09789 21.74595 19.70565 17.60405 20.14611 27.59663 28.87051 28.59382 26.93388 24.8366 26.41856 25.95022 24.68473 22.79065 22.18917 18.02256 20.1132 19.24433 19.43489 25.54351 26.87202 20.48145 23.97254 23.18219 22.43792 20.58131 23.80936 18.38531 18.89148 22.79882 20.53075 21.38687 21.01286 17.27775 14.72767 15.74226 16.64886 15.83401 15.86804 10.859 14.37363 17.19169 12.51896 15.1307 18.50688 11.54318 8.653199 9.45946 9.523838 4.769689 3.589472 8.581442 9.660778
37.17016 39.89107 42.2828 43.86581 41.42537 41.80414 34.30799 35.51321 19.73633 18.88049 28.90927 31.67695 32.89343 30.90556 26.07199 24.60676 19.63354 20.79324 19.11927 27.42568 26.14391 20.48717 22.72095 20.38516 21.8359 20.16986 20.14304 16.60879 23.56036 16.84582 21.51277 31.82333 17.12363 19.35248 18.64948 19.5882 19.30932 20.19459 19.0604 18.16595 17.61279 18.20518 20.67623 20.39762 17.0132 17.27221 18.64612 18.92152 17.20967 15.70118 16.37548 13.82411 10 16.91929 13.70529 18.03759 18.14709 15.41451 9.763505 8.132877 8.39495 6.419869 6.041101 9.661038 9.16133
36.38302 39.65205 43.41328 44.4209 43.11468 38.79914 27.38107 19.95875 20.04736 25.99214 31.58199 31.66228 33.36213 35.19358 33.97116 31.06017 28.49861 24.47245 21.57919 21.20236 12.32365 12.13254 12.72045 18.4612 17.3637 16.6257 16.7611 16.90471 20.81939 19.28469 24.99189 22.35662 18.34284 19.85137 20.4577 19.63306 18.76885 18.09631 16.99425 18.42552 18.79692 19.39192 22.71472 22.8851 18.93997 19.63875 19.16011 17.89162 16.62412 17.38428 17.54855 17.68453 17.37155 16.27491 12.62334 14.5378 13.0542 14.1582 12.01202 10.80898 10.13892 6.639299 7.526767 7.705637 8.682742
36.20179 39.36503 42.47583 42.17887 40.81321 31.01507 18.73224 16.7287 28.55452 31.5609 30.86408 31.79831 35.24747 33.9408 32.23537 31.65844 31.61859 30.76098 22.43659 24.28177 13.00139 12.33578 13.27992 17.33133 16.65234 17.67994 16.01447 17.78999 21.37841 18.88273 25.16754 19.04779 20.68663 20.12323 20.30097 19.92967 19.83634 18.99334 18.15756 19.10717 20.48414 20.67101 22.18664 19.94352 26.20197 23.46726 19.79939 16.63942 17.42797 16.90075 16.7474 17.18756 17.8125 16.62317 14.20773 12.3688 11.7545 13.9865 16.3522 13.61108 11.42824 10.65966 9.119075 7.729322 9.479765
38.67534 41.20794 42.38293 41.32814 41.06587 34.57512 17.24672 29.27884 30.968 30.21037 31.1241 32.95095 36.89414 34.85275 34.16693 32.38061 33.577 33.18724 31.63078 25.58728 21.00882 12.57596 17.60322 18.38426 17.89315 24.11481 18.5934 19.84374 21.66116 18.89571 19.21949 16.93223 19.66792 18.9571 19.03071 20.26643 20.73627 18.37367 18.52524 18.99894 19.02151 18.86361 18.64465 18.74309 26.44777 25.89153 26.5034 19.07938 19.89266 14.05744 19.25599 16.96643 16.43224 15.35826 13.59815 12.58293 12.28041 11.89657 11.60745 11.14487 11.34941 11.3062 11.14175 10.67715 11.01309
43.65694 43.13586 41.07938 42.80201 41.71115 36.53402 15.22341 23.69164 29.06019 29.02341 30.00291 29.89457 33.76464 33.21312 34.60798 33.00521 33.59603 33.43417 31.90482 30.45877 34.50507 27.18691 27.48975 28.72388 24.05235 26.24093 22.01768 24.11086 23.94432 20.41893 17.31695 17.19897 20.16284 19.87958 22.71113 16.94633 20.71258 18.07235 18.27855 19.61012 19.39813 18.17118 16.78611 13.43418 13.35674 16.63529 19.91799 16.84727 17.86655 22.61014 23.67269 22.13326 19.02337 13.57148 13.0163 15.43657 14.02592 13.69261 15.48225 11.35716 11.29194 11.29652 11.2539 11.08994 10.98264
42.68076 42.80024 43.46661 40.61023 40.6343 37.0541 27.09359 19.97759 22.83489 29.00513 28.98135 26.12085 31.25943 32.34462 33.32552 32.41368 33.93367 33.92939 32.05151 24.95602 22.23976 22.31762 23.30759 19.46459 18.60184 19.86234 19.6925 24.24861 24.04195 24.42301 16.69405 14.51201 19.9747 18.57822 14.37145 14.86811 17.61987 18.57676 18.66791 19.66531 18.80313 18.17724 14.67717 13.67664 12.24342 16.43177 16.29623 16.04469 13.79564 19.78015 19.89368 26.31736 26.57381 17.53643 14.15306 17.35073 15.83715 10.10431 9.315749 11.46645 11.5 11.4941 11.18394 11.09161 11.57197
43.7813 42.60471 42.5798 41.98394 40.95735 40.12418 32.99704 13.32126 15.47175 18.55216 19.24691 13.64537 25.12335 30.17065 34.56051 34.78525 36.36016 31.632 30.04961 28.77337 23.1918 21.46629 19.09265 20.95719 15.2872 20.42719 18.78069 20.80987 21.86824 17.80185 15.40934 14.24979 16.96175 24.22791 17.94251 15.07386 17.87164 22.2578 13.91117 19.25265 18.17968 14.28769 21.90125 21.48138 16.45387 15.75186 15.66989 15.45031 12.2239 15.69153 14.01234 14.45873 16.33735 11.8706 12.6977 16.3904 15.64994 9.855326 8.266216 9.458399 11.5 11.32695 11.29465 11.3092 11.16655
43.72708 41.93369 41.67313 42.0912 34.63523 31.94346 35.59923 28.49488 26.59834 15.21846 16.75336 24.05619 31.04754 34.41344 34.34853 33.81055 32.43855 25.16084 22.19127 22.1199 23.47724 24.17037 22.87025 25.55537 21.31375 21.187 18.52393 19.99079 21.57276 17.52249 15.27111 16.53173 16.79539 16.76106 15.28358 18.58822 22.70113 19.96858 11.81561 19.2522 18.21703 11.42475 16.88931 17.4749 15.82241 13.3181 12.74614 12.64646 13.49768 13.70583 11.89967 11.43612 11.46119 11.50088 11.74856 10.13058 12.40605 8.90744 9.410197 6.74855 10.3711 11.4993 11.5 11.17833 11.00865
42.82124 42.11357 40.5262 42.67861 40.21178 28.81378 31.27353 29.05698 29.46945 22.02483 31.4315 30.62449 33.64358 25.37354 20.28898 24.68939 20.9034 25.83022 21.61009 16.80113 19.16598 26.23137 25.53808 23.62674 20.30315 19.44513 19.57015 19.60647 21.85257 23.93097 16.73578 17.94704 15.03996 14.18248 16.66146 18.08325 18.5884 17.35898 12.51992 14.96488 13.14945 11.53528 11.4538 11.50128 12.3685 12.78611 13.62767 14.99469 15.90321 15.92366 14.51818 13.20355 12.17469 10.37619 7.631091 11.62623 13.26312 8.444374 11.36323 6.8585 9.368551 10.82177 11.21767 11.00006 11.03796
42.63182 40.41278 40.38177 42.40622 42.35006 42.26832 30.86815 29.98701 30.6668 26.38948 29.23506 23.53951 18.7352 24.35345 25.93035 25.16471 27.63429 29.07441 33.66109 28.4553 24.84562 25.9241 27.97589 25.49996 17.61824 16.76529 15.55869 17.61203 15.41122 14.83287 15.02991 16.80149 16.39628 18.52285 22.2128 18.02101 18.59567 20.03969 15.61314 12.93593 14.74402 12.46029 11.55135 12.16091 12.13974 13.55589 18.43427 16.8004 15.72624 14.75287 12.7283 14.81635 13.44086 11.86931 7.149014 11.30703 13.22578 8.804001 11.89284 10.95618 9.332508 9.339798 10.57776 11.13603 11.06249
34.66611 42.75417 40.16007 41.08531 41.31503 39.20308 34.10164 30.12515 26.90907 20.34168 28.43787 19.93098 21.43786 24.87908 30.13932 31.66665 29.96642 30.60186 31.69638 30.70918 27.9114 26.65921 30.5219 24.26043 20.6674 20.66699 22.14965 16.83581 21.15256 25.55695 24.99317 18.0778 20.06561 18.83442 17.81066 17.88244 16.87984 16.06763 18.19888 17.50371 14.96217 13.05602 12.27487 12.728 15.37048 11.84674 16.5291 16.87056 15.87786 11.35252 11.3574 11.25601 6.609303 6.999937 9.017777 10 10 10.22885 11.21456 11.47979 11.30277 7.234968 7.043433 9.063687 10.9081
42.38016 43.99107 42.76688 43.23772 41.92739 38.70047 32.14 30.26541 27.16552 15.15075 18.43396 20.62192 29.36861 29.92987 28.47602 31.55652 32.55559 30.222 30.10266 30.68793 28.55138 23.36532 26.50708 25.76972 24.87947 24.81443 28.14866 21.66384 22.87669 21.17967 23.93372 20.03299 23.48699 17.47553 18.1189 18.20923 18.63641 18.97192 18.56648 18.07703 15.06317 13.49378 11.04104 15.12369 19.1075 12.472 13.38394 15.19864 15.83907 13.20643 11.26996 11.01096 9.26278 10.81968 11.48335 9.649313 10 10.95819 12.29866 11.22642 11.07211 9.4805 8.811883 6.591428 7.410127
