STOTEN_Data/raw/AVG_CLAY.asc
ncols         250
nrows         718
xllcorner     -2256000
yllcorner     1557000
cellsize      1000
NODATA_value  -9999
[rows 29 to 57 of 718, columns 0 to 64 of 250]
19.56892 15.18536 15.12013 14.77938 14.98602 14.58793 16.11211 24.45539 15.44873 15.98202 19.51 18.34253 15.17244 15.45338 18.65345 17.8136 17.40452 17.99855 24.08771 25.19434 26.4241 21.04795 26.83432 28.42721 28.51066 28.75703 30.33806 23.91865 22.54716 23.2986 23.4951 23.0057 22.07595 22.33285 23.2045 23.2588 23.04843 27.56188 25.91069 24.71227 25.70428 32.50358 38.41217 34.86662 43.74224 32.906 37.73355 39.65575 39.0868 33.4984 36.29543 34.2884 26.52293 34.9815 34.24424 34.03935 33.3941 32.86585 33.01095 35.91619 36.77035 34.81572 32.7336 33.1609 34.68302
14.85542 15.42861 20.2013 17.74109 14.47024 14.62222 16.75786 28.1875 21.68616 22.39463 26.23295 24.41706 18.52069 17.21809 16.89863 17.77412 20.45123 25.52398 26.46799 27.29142 25.17118 26.76175 27.58018 25.6202 29.93931 29.84681 28.49524 24.5169 23.80169 23.1791 23.3911 22.6982 24.15035 19.9119 22.08285 23.0156 22.7671 23.02708 23.52025 35.80905 34.03501 37.23053 39.28212 30.54789 39.39288 44.30536 43.15265 34.5742 36.48975 33.19785 33.35345 32.94833 26.01348 34.80978 33.26616 33.5168 34.49404 34.40106 32.47314 34.25837 35.5201 35.27641 32.42509 33.18171 33.89056
14.51722 21.09289 24.031 15.5628 13.58893 14.73204 17.38446 28.28412 27.72985 29.89382 31.25649 28.52258 22.05536 19.53877 15.54283 10.39073 22.74486 21.01287 23.55034 22.72612 17.93029 23.46314 22.44062 29.09549 23.12571 24.99271 22.79894 22.88128 21.6423 23.39926 23.2933 22.5872 22.87119 18.8682 21.6843 23.36365 23.265 23.78324 31.16134 39.25449 41.6112 32.96333 35.92106 39.77338 42.98156 33.76934 41.8874 37.21015 41.02661 34.49293 40.24281 36.48114 22.01892 34.31764 35.06028 31.0114 33.35345 34.80315 31.68847 33.03073 32.41496 32.72273 32.64379 31.71295 31.89154
14.51722 20.46524 23.97313 17.6731 12.7315 13.80961 13.46268 18.92259 25.24452 33.01749 33.60853 35.3168 28.91491 29.49564 5.41294 3.998703 22.82174 21.87476 21.4924 22.98869 22.70503 24.12058 28.68398 31.95462 31.35144 25.84954 22.68114 21.42168 22.20351 21.67052 22.20999 22.15411 25.60618 24.47421 23.38718 22.36075 21.72605 25.08331 24.6908 39.33824 44.05612 42.0054 43.10073 43.46093 38.02519 41.21992 33.92095 43.86961 41.31731 33.34813 31.96548 35.50061 32.24983 32.8933 34.22886 29.88247 31.24818 33.25573 31.12057 33.92582 32.03177 31.62844 31.97258 32.56767 33.52296
14.67393 18.66121 21.96519 20.49212 14.84825 13.50461 12.21875 12.28786 13.45204 26.05185 26.17354 37.2718 30.77863 37.69911 40.14976 29.6771 23.92718 23.88862 21.40935 14.76855 22.74594 23.50943 26.56259 28.71732 29.67166 24.17652 22.629 22.5 22.6158 24.81003 24.64731 23.4726 27.3792 26.5356 23.90333 22.92827 29.01789 26.00438 32.15535 39.83459 43.3584 43.644 39.1441 42.4754 44.36424 38.2488 38.60271 35.25853 39.57277 30.76096 34.86323 32.08869 26.02497 27.68271 30.04883 32.31942 30.44223 34.6011 32.96865 31.0266 33.64491 32.35427 32.73962 31.97919 30.92027
14.6597 18.55692 23.78108 18.77251 16.39086 14.26453 22.54789 15.93547 12.21875 12.21875 12.21875 17.81512 30.31682 32.67482 38.48262 35.82304 32.85207 29.65976 24.4343 22.35115 23.46012 30.16987 34.14934 30.43859 33.11457 27.96265 25.53844 22.85365 22.57205 23.8095 24.02391 22.545 23.9634 26.3052 20.04215 19.40336 24.90429 30.32164 39.1226 45 44.6088 42.9912 43.81827 42.24886 42.9168 39.6624 38.66593 36.03643 34.98931 35.70454 34.2185 28.58828 19.77475 21.37804 24.80222 31.86959 33.14664 32.08443 34.20795 30.40061 33.53046 32.45405 33.83849 33.34784 30.5384
15.29446 23.28291 20.66013 21.29696 19.90251 15.98314 22.49958 24.73387 12.52016 12.21875 12.21875 12.21875 18.11322 38.86729 40.5833 39.21481 39.26974 29.31432 25.97192 16.6444 28.89307 32.3413 35.74251 37.75185 36.71641 34.43578 26.81461 23.27646 22.61525 22.5 22.5084 24.2172 25.911 25.9674 28.4207 28.46322 26.8641 35.19233 44.2632 43.84275 44.98811 43.7204 42.04177 42.50837 39.78902 39.4996 42.10839 35.51462 36.46293 28.96943 22.102 21.71784 28.04055 24.27162 22.70368 27.66557 29.2349 28.40332 31.86289 32.14943 31.13106 32.26397 34.20552 34.19891 33.93957
25.47388 30.70603 34.0995 33.42167 23.90016 16.88124 23.62164 25.09333 14.06948 12.21875 12.21875 12.21875 12.21875 27.99536 34.05181 40.58329 37.41199 26.48098 27.30013 31.05055 36.95974 34.58287 33.7702 37.61804 37.7585 37.25374 32.94072 24.19597 23.18685 22.76705 22.52422 23.43 25.314 25.3668 28.08899 27.22135 28.79196 27.89716 41.25943 43.1232 44.99655 43.30528 41.35828 40.02736 40.37294 32.9385 25.95975 26.84992 24.4941 27.88974 30.97186 30.97186 32.43413 33.82471 29.10051 21.98213 22.48529 25.56726 26.84129 25.41779 28.74585 28.91456 31.16399 34.22245 32.12963
28.03418 27.7381 29.53173 18.43651 16.53035 28.82442 24.3325 23.59404 23.54108 12.44538 12.21875 12.21875 12.21875 12.21875 21.19511 33.50365 34.05127 20.61217 25.77206 29.97212 33.92321 35.37592 32.71786 37.60036 36.9147 35.64188 29.09952 25.8463 23.16348 22.50278 22.52006 22.5 22.5306 25.0506 27.0258 26.7354 33.2024 42.58065 32.66001 38.05699 42.83981 43.55463 35.04917 29.43966 24.35883 29.04424 29.7566 30.89128 30.96074 30.97186 30.97186 31.8968 33.95509 35.17368 35.05807 33.31936 28.1872 20.98282 24.25149 24.37741 28.02134 27.14764 28.52463 30.18956 29.36476
28.03418 25.9242 24.68161 28.03418 24.29447 28.80395 19.43597 26.73238 21.61248 15.10798 12.49618 12.21875 12.21875 17.34843 21.94937 32.89471 31.66074 17.42456 15.65887 19.06426 25.76942 30.53146 37.24597 37.7585 37.7585 37.64183 29.79856 24.71875 23.24281 22.99248 22.54104 22.9465 23.5122 23.52234 28.99195 35.19921 43.0934 43.71359 42.8115 38.15284 36.43513 36.3597 39.9341 28.39952 29.32145 30.97137 30.97186 30.97186 30.97186 30.97186 30.82947 30.84434 31.27523 30.97186 31.00944 31.27283 32.13079 35.3369 27.49612 24.9794 20.12093 25.19379 28.17782 28.71796 27.9829
24.1649 26.72662 25.80625 19.29551 23.52854 15.93559 15.4409 25.33091 23.6121 20.5598 17.52897 12.23185 12.21875 12.21875 12.21875 25.7133 37.71513 24.38092 13.94488 16.85039 26.38858 35.3998 37.45898 37.67858 37.37136 37.66683 27.09101 23.0934 23.7744 25.28946 23.05273 25.72895 28.368 27.21602 29.62795 36.2893 44.14868 43.56085 43.82446 30.87119 22.71292 24.72612 27.0703 26.2592 30.97186 30.97186 30.97186 30.97186 30.81521 30.64163 30.6268 30.78764 30.66293 30.5708 30.88384 30.7616 30.46238 32.42478 29.33697 28.08576 23.36807 17.85995 18.61183 20.43923 26.84814
17.49946 24.24328 18.82243 19.25661 23.21229 22.96533 22.96533 -9999 21.26027 20.84347 22.89238 17.47537 12.40113 14.71303 12.25595 21.5831 37.88798 30.9822 12.50456 19.21911 29.1304 36.27921 37.7585 35.75356 34.4199 37.22929 30.51134 24.53567 23.54196 24.91965 23.8674 23.949 25.9626 26.9778 26.85326 35.96262 35.88819 41.38435 42.39486 36.79255 33.54632 38.62583 30.44611 30.97186 30.97186 30.9654 30.90893 30.97186 30.97186 30.91084 30.97186 30.70494 30.70819 30.72488 30.58166 23.37366 22.74216 24.44215 27.4762 28.77967 28.50828 27.84286 26.23083 22.13372 17.62871
17.74844 20.0721 21.07118 20.01035 17.85906 19.76435 17.09614 15 16.65318 21.54927 22.44564 22.34427 18.15443 14.25749 20.22205 18.11476 28.59025 32.6445 28.64246 37.34709 39.34864 37.7585 33.22931 37.06236 36.30711 36.3169 30.03549 29.57688 27.95415 25.1976 23.9022 22.8816 24.075 26.64163 32.70184 42.26195 43.35307 39.7662 35.42012 35.22204 36.96641 42.26195 36.48933 30.97186 30.95703 30.78934 30.66139 30.58669 30.9538 30.95969 30.77054 30.74296 30.84125 28.68082 23.09147 25.23885 31.29653 32.98038 32.84727 32.98813 32.99137 33.18101 33.19483 30.80545 30.75835
17.13978 16.14457 16.05045 14.99995 14.162 12.764 12.36022 12.70353 14.51342 15 17.23795 18.39587 16.28761 15.79532 21.08269 14.41034 28.4986 33.05202 39.58412 38.90259 36.4421 35.88725 31.20308 35.28651 37.7585 37.7585 30.80379 34.87006 32.64096 26.55345 22.8138 22.5036 24.8466 27.22113 40.30858 42.45365 43.63389 42.26195 39.94582 40.74979 32.48432 34.39402 41.27541 32.36958 30.97186 30.97186 30.97186 30.95798 30.05878 30.61653 29.33342 30.85895 30.81331 27.69188 31.78486 33.21575 33.72367 34.55045 35.02658 35.37059 32.21756 31.87081 32.69323 31.1937 28.56504
16.18294 16.96909 16.20983 16.07346 14.00667 14.10918 13.2885 10.5365 13.477 14.739 17.61893 18.39587 17.82819 12.83542 12.23308 12.90756 18.31793 31.5915 33.75235 28.9056 31.04372 33.87959 36.23241 37.75849 37.23512 34.33142 35.02875 33.10773 34.59107 26.00618 22.566 22.6686 25.905 32.07498 43.62587 44.1645 43.22027 41.88123 42.49858 43.34758 35.59979 26.9593 31.56095 30.64417 30.97186 30.97186 30.97186 30.97186 30.91083 30.82299 30.73297 30.42647 29.14138 31.00275 35.02877 33.04695 26.8632 22.63804 21.4143 21.063 21.03385 20.40207 20.90762 18.52985 20.96005
14.51722 14.85806 19.08207 22.7293 25.81016 16.85797 15 14.7315 12.029 12.14 12.21521 14.77192 18.27937 15.81445 12.41518 13.17793 13.3155 16.15821 23.29403 23.9999 26.44662 29.66564 28.9096 37.16939 35.67567 36.00739 37.7585 31.42661 25.70946 25.4268 24.5934 25.263 27.9318 36.49022 44.92253 43.46981 43.01529 42.97381 45.44277 43.92832 41.58899 40.40823 40.28443 29.32567 26.71943 30.93661 30.97186 30.97186 30.97186 30.97186 30.89676 30.74449 31.872 35.16643 27.09032 24.28434 19.45392 27.91656 28.59097 29.47322 30.23508 29.39452 26.10065 29.77811 33.63018
15.22331 17.96868 18.69324 17.32939 16.05158 14.64273 14.93493 15 14.9905 13.542 10.001 11.81204 17.28152 18.39587 15.40799 15.33512 18.49067 13.01956 13.2448 26.56535 34.83625 30.90125 29.0913 37.49435 36.35216 30.6249 37.71232 33.55393 21.86199 23.305 22.5 22.5018 26.65527 34.60342 44.61738 42.64991 42.26195 42.70781 45.55752 42.43456 42.0968 40.29888 36.96305 30.97186 27.97043 28.66862 30.73472 30.97186 30.97186 30.97186 30.97186 30.97186 31.22317 22.49573 33.52116 22.92184 27.11748 34.71485 32.38152 31.5737 31.41728 30.82447 27.59089 32.59893 31.14027
14.54943 14.22021 17.79 15.81958 14.909 14.83474 15.22205 14.99298 14.94205 14.97172 12.70716 12.27774 14.92445 16.20645 17.88934 13.95143 17.73497 12.22544 12.21875 20.05723 28.46858 27.37406 30.72474 35.15685 37.75849 32.79467 35.40042 36.2196 21.91285 22.44885 22.5 22.5 25.5354 28.42192 37.25994 40.47163 39.75378 39.55481 43.23299 38.33506 41.14782 36.46076 36.00426 30.25291 30.88436 25.99908 26.78024 27.01594 28.3982 30.97673 26.70006 25.84966 24.54164 33.35882 24.79064 26.1088 32.98721 30.94925 30.84911 30.99535 30.87928 28.81647 29.36074 30.46784 27.76402
20.47238 12.89733 8.952297 17.49129 -9999 15.3191 14.93653 15.05721 14.97659 14.87113 14.94816 15 14.65231 14.8524 17.86819 18.18275 14.56033 12.21875 15.85565 23.87505 35.08593 30.15154 34.88104 33.81846 33.78857 33.65667 32.28336 36.1507 25.1504 23.39262 22.7616 22.5 24.26638 32.86762 38.63305 37.81793 40.53576 39.12717 39.91237 36.43652 40.56405 32.47551 29.81144 28.68165 30.1998 28.35247 30.31671 30.85415 29.32895 23.88085 28.84435 29.95374 34.95972 31.95759 19.13925 32.34311 31.49257 30.79751 30.82629 30.93194 30.54981 30.59057 30.97091 30.76725 30.26141
19.85602 17.35715 14.48237 18.20063 16.9098 15.02844 15.03187 15.05092 15.66508 16.7642 15.07179 14.9052 14.91684 14.936 16.36447 18.39587 18.31371 17.1135 18.83721 21.12091 35.59225 27.77933 29.98664 37.11094 34.01729 33.1226 32.49089 31.96506 31.42317 25.40301 23.8014 23.526 26.18444 31.60074 39.24373 41.65419 41.83845 43.63374 41.84153 37.14417 36.02081 31.08823 31.48652 31.59562 31.37433 31.10674 32.51488 32.75665 33.20808 34.25133 33.4872 34.58681 31.83228 20.17978 25.68639 31.68093 30.76292 28.51915 27.69355 29.43812 30.9472 30.84137 30.80218 28.62527 26.44606
20.84658 25.76798 18.65865 17.54258 17.75713 16.10106 15.17724 14.87113 14.87113 15.26195 17.294 16.99089 16.16309 14.93422 15.05794 16.42063 18.01519 18.39587 16.84911 14.23553 27.88735 33.84309 28.24929 37.71723 35.34761 34.19014 33.56705 37.03829 37.17257 30.29743 23.87923 24.1637 27.8406 29.21837 38.85281 42.78587 43.45057 43.49181 42.40735 35.30459 29.42818 31.27087 31.76529 32.36696 32.67015 35.15901 34.58574 28.5167 34.8985 35.46169 36.06819 32.57053 20.95903 23.27606 32.56351 31.48366 30.7365 30.63525 30.95915 30.92148 30.70795 29.95221 26.55725 25.49115 23.61044
18.43057 20.97297 19.02587 17.96803 18.72839 19.30908 18.87329 16.85429 14.88363 14.8953 14.87113 15.33016 17.88382 16.5021 15.01679 15.10145 15.0223 17.01487 18.39031 18.42834 24.73804 33.24568 35.53686 33.18694 33.91489 32.36375 35.42857 37.65676 38.8631 33.39241 28.34003 26.38176 28.068 28.5 32.2727 42.17358 43.19594 42.48702 36.10422 34.43799 28.74065 30.66677 30.97849 32.5667 35.0491 33.89813 32.7193 36.7205 36.29962 35.16714 27.25495 18.66699 23.84104 32.0607 30.92045 30.72703 30.77728 30.82174 30.79351 30.16567 30.05466 28.50174 30.7447 31.03559 31.19584
18.74121 19.01217 19.40463 22.12394 19.71233 19.58787 19.48425 18.34473 15.42385 14.95819 14.88308 16.55033 18.15925 18.28074 18.2449 15.09055 14.95862 14.90641 17.37499 18.43057 20.63691 24.4619 25.45933 33.99222 33.22438 37.15293 33.0893 36.38712 37.21936 39.33649 37.04004 28.02171 23.397 27.9708 31.01966 42.08061 40.15854 40.58748 41.43279 40.41584 32.71797 30.97186 30.97186 31.05692 32.95118 34.54223 35.68777 32.31471 22.29678 17.92318 24.34299 28.71336 32.57894 30.73638 30.68023 30.64433 30.57247 30.73403 30.65666 32.64788 32.51652 31.78654 30.52794 30.38323 31.97769
21.45267 18.81765 19.12486 20.63641 22.02202 18.85182 18.63242 18.42099 14.99357 14.98638 14.95324 14.95006 16.26171 18.13561 19.93087 15.15537 15.06826 14.8942 15.28448 18.19283 19.48243 25.31142 23.5314 27.22652 32.80655 33.63251 33.33357 30.87151 36.45779 38.43336 34.88813 34.00999 26.22055 25.99394 26.27472 41.5219 41.9243 41.92754 41.61157 40.32814 32.99987 31.63562 31.1974 28.98951 31.9178 33.61012 26.1926 14.1441 23.00715 29.46085 33.05243 32.57378 31.81951 31.34609 32.2554 33.69735 34.45 34.27715 34.85916 34.65552 34.02811 33.52997 31.85561 28.48814 29.91042
19.07831 18.45847 19.58788 19.13318 21.06659 21.53206 21.3287 18.01404 15.4224 14.96183 14.92091 14.87113 14.87113 15.08424 19.12809 15.63505 15.38177 14.90588 14.89116 16.55207 18.42831 19.25682 22.10152 23.83045 26.48131 32.76936 28.90804 23.68637 28.02834 37.38932 37.83143 34.34554 30.87424 24.75246 31.06588 41.1852 40.91903 41.72349 38.49995 31.40325 28.38233 29.35045 28.46355 27.8387 28.03517 21.49167 20.69446 29.57186 32.46554 32.05067 32.53296 32.06158 32.47901 32.78839 32.47543 32.55991 33.4382 32.87066 32.37443 32.70515 33.80912 34.20876 35.33279 33.07524 30.54069
21.62481 18.19196 18.10407 19.53398 17.97687 18.25076 18.23362 18.29486 15.89608 14.91781 14.87113 14.87113 14.87113 14.87113 15.91433 17.51802 15.36682 15.36937 15.27163 15.56534 18.27785 18.70539 19.9065 24.89705 24.45067 29.56705 30.01354 34.74505 26.20002 24.66254 30.21426 29.33138 33.15802 29.73243 40.63523 41.91938 41.03373 36.76875 38.4972 31.77514 28.39665 32.40416 33.31647 27.00939 25.70658 19.77853 31.13964 34.66538 32.77218 32.8096 32.04241 32.63212 32.39579 32.32732 32.31458 32.24085 33.09927 33.31578 32.83598 32.87667 33.14165 32.74089 32.10294 31.5542 32.76048
22.81968 22.81969 20.97904 20.56942 18.14696 18.63122 18.50064 18.73583 15.70996 14.8873 14.93192 14.91157 14.87113 14.87113 14.87113 16.37183 18.55776 16.53494 16.03944 15.48023 17.02995 18.39585 18.39586 24.43287 26.28607 29.22842 24.02008 30.14643 31.09055 29.15193 31.6264 30.59282 27.77943 27.26871 39.29076 41.99181 39.48824 37.34908 36.09621 40.17899 33.08829 30.87892 33.39774 31.04572 17.15849 29.16529 32.72376 33.01109 32.4139 32.17893 31.34757 30.95538 31 31.70168 33.20293 32.96877 31.09397 31.93075 32.76686 32.48635 32.88683 32.83594 32.83238 32.08149 27.65129
22.81968 22.81969 22.81969 22.81969 19.75487 22.51101 20.8739 16.76841 15.02913 14.96719 14.94559 15.38504 15.21741 14.87113 14.87113 14.87113 18.67162 20 20 19.17271 18.23733 20.56336 23.19791 23.06772 25.47969 28.35887 32.89919 23.12319 22.73846 24.07276 24.58621 30.18363 24.53939 27.31775 30.80555 38.27547 41.43953 38.367 33.21997 38.09362 32.5071 24.90047 31.81397 27.79498 24.05009 32.09105 33.34875 32.9398 32.42279 31.38105 31.03584 30.97015 30.83802 30.70703 31.23861 31.65428 32.25954 31.47956 31.74667 31.08377 30.59307 29.20311 27.36481 31.75878 32.64896
22.40109 22.81969 22.8197 22.35305 17.92002 18.27636 22.46738 15.25702 14.89868 14.88279 14.89458 15.20761 17.58961 15.56968 15.20246 16.7683 19.30002 19.8258 20 20.02161 19.57731 19.29374 20.16597 20.28991 20.00094 21.63267 27.02021 22.4122 20.50216 20.9936 20.79867 21.41038 21.16286 24.47541 23.0285 25.80026 37.82177 38.19187 37.51782 38.00472 40.13023 27.15372 22.92435 28.8119 30.78607 31.38766 32.18979 32.64576 32.059 30.3709 29.24648 30.5466 30.97129 30.97149 30.8939 30.90231 31.53702 31.73804 31.1543 31.01049 31.32403 31.31188 31.18342 26.50055 25.17348
