STOTEN_Data/raw/AVG_POR.asc
ncols         250
nrows         718
xllcorner     -2256000
yllcorner     1557000
cellsize      1000
NODATA_value  -9999
[rows 360 to 389 of 718, columns 69 to 137 of 250]
44.38798 42.46776 41.32626 43.0681 43.51004 40.05746 40.72138 39.47165 39.1827 41.14838 38.66061 38.06169 37.77877 36.91825 38.29218 37.54101 34.54383 35.77524 37.15747 35.84681 36.31069 36.35312 35.60078 36.55399 36.79143 35.16314 32.795 34.09552 37.37363 36.67943 36.86691 38.06966 37.19905 36.16379 35.53102 35.76102 35.51148 36.74952 35.65174 36.36018 37.03557 37.60643 38.23491 36.78604 36.85496 33.92906 27.75922 33.68426 33.34402 34.34141 35.44278 34.34758 33.99635 33.63887 23.65697 32.58785 31.76875 26.99936 28.23063 26.50401 26.41892 26.8929 25.04218 28.22378 29.018 28.61915 28.61917 -9999 -9999
38.47835 37.657 40.08257 39.23433 41.32809 42.14683 41.69279 40.00579 39.1216 40.24596 38.94851 37.49436 37.90074 38.88591 37.8932 36.8213 35.02068 34.27608 35.41951 36.41217 37.77037 37.58963 36.72223 36.98298 34.59259 34.80054 35.85657 35.54758 36.36467 37.54042 37.96771 37.89389 37.16565 36.36892 35.67695 36.13475 36.46621 35.63134 35.39199 35.59973 35.38457 37.48169 36.11242 35.71226 35.09376 33.10835 32.96367 31.36166 34.50122 31.65185 30.5156 39.75219 31.40453 31.2791 29.91329 32.9448 31.49 24.13036 24.20487 27.33182 28.59207 26.69164 24.77108 29.55684 28.73376 28.61915 28.61915 -9999 -9999
36.93803 39.80273 39.55005 39.55867 41.03919 41.29105 40.62494 42.56795 39.60464 38.90674 38.69166 38.08426 38.31783 37.65905 38.09977 34.95265 36.12061 36.4259 37.38114 35.80735 36.43755 36.76551 37.25663 34.70438 35.74743 36.65788 37.16026 35.6856 36.97208 37.20326 37.09031 38.53157 39.25389 37.18253 36.65988 35.82076 35.78722 35.91898 35.47508 35.68729 35.72284 36.40053 35.72499 35.86723 36.18501 33.03105 36.3703 32.9409 33.05307 31.99433 35.34398 33.34445 27.68836 27.95844 32.51531 31.06822 25.38656 23.16836 29.68543 29.18172 29.48218 29.68832 27.24506 30.33579 30.0166 29.93873 28.95161 28.61917 -9999
36.30995 39.48781 39.77753 41.53365 41.72759 41.64565 40.29371 39.96392 43.04215 38.38385 37.41929 37.91717 38.00546 38.26875 38.07646 36.46552 38.18056 36.18411 36.31333 37.32909 39.99342 39.88791 38.80286 38.24089 40.23974 38.17428 35.07293 38.84227 37.95292 37.90986 38.61998 38.49138 36.26445 36.68774 36.59944 35.44699 35.28204 35.69375 35.91652 36.16574 35.58083 35.38457 35.39825 35.23424 37.16845 35.69958 34.28613 34.32934 35.24176 35.20885 39.60083 33.17811 31.77992 32.65921 32.25792 27.905 28.83878 27.08351 27.49134 30.73222 27.81345 27.77953 25.29291 30.18735 31.03395 35.43181 33.76898 33.1866 40.80264
34.05873 40.43417 40.4959 41.12986 41.95009 39.86614 39.49891 39.604 41.96743 38.58177 37.29703 37.35276 37.47582 38.51492 37.64587 38.42353 39.9215 39.68578 37.45094 37.44504 39.27972 38.46105 39.36924 36.6595 36.43145 34.79454 36.05946 -9999 40.61146 36.59166 36.33614 35.60065 35.75904 36.56956 36.48156 35.95432 35.38125 35.96222 35.61564 35.73396 35.34751 35.86263 35.86615 36.7006 37.59367 37.14166 34.48467 34.3362 35.82624 26.56393 37.35337 32.25729 40.28449 39.55488 32.88636 29.82316 30.38719 23.58457 33.35307 31.66922 31.09701 29.14319 26.04402 25.14596 35.09933 38.7164 35.37309 32.91493 30.50572
42.15192 41.91031 40.94935 40.54042 42.57344 42.48868 40.62413 39.84935 42.8798 39.9934 36.45506 37.72478 36.16532 37.47941 36.44674 35.8243 37.22305 38.66617 38.70433 37.95749 37.58347 37.04239 36.73251 36.37273 36.37402 35.84992 35.06414 -9999 -9999 37.59608 37.87962 37.10538 37.34423 36.311 36.00962 36.51611 36.85524 35.38457 35.63542 35.41516 36.0512 38.0851 40.9906 38.33233 37.17109 37.86127 36.73011 35.73152 30.31904 27.44504 33.20668 32.9725 40.07877 36.45458 40.29078 38.57644 34.88166 29.39168 34.75736 35.68022 31.92773 28.8668 31.3035 38.53328 36.65877 33.19909 32.69937 35.88816 29.95763
40.21152 40.82268 41.69918 39.48516 40.49233 43.59319 41.8855 42.39695 44.33444 40.97021 42.11357 37.27557 38.58531 37.04221 36.08203 35.7532 35.53384 34.9853 34.99184 36.39376 36.78394 36.60976 36.89128 36.45098 37.65651 38.0122 36.16605 -9999 -9999 35.31808 34.93026 35.64368 36.42705 36.95732 37.10304 37.12458 37.19572 35.99481 35.74821 36.05025 36.94968 39.02864 40.06709 35.62648 36.9142 36.04317 35.35468 30.78055 24.95132 38.67522 35.41223 35.44661 38.28288 35.63337 37.46944 41.03917 36.84666 30.22405 35.10443 38.10431 32.99928 35.99529 40.96873 37.65079 38.54962 35.47943 33.51623 34.89534 33.29902
40.54982 41.85915 40.6342 33.6034 39.5051 41.24613 40.81414 42.97859 44.24153 38.94092 39.06895 40.11223 40.42395 35.0496 34.79337 34.99665 35.70171 36.27939 35.66508 34.67461 35.79644 36.65693 35.52634 36.27271 37.91499 37.00082 37.97966 38 38.00658 38.02942 38.09898 37.18285 36.12855 37.71452 37.39192 37.49543 36.83457 37.10281 34.91246 35.38758 36.88615 38.67611 40.82842 35.27018 35.42501 37.13161 32.38054 34.25804 32.28922 40.03428 38.16322 36.86893 37.6863 42.03968 39.98964 37.25034 35.2253 25.13228 38.03086 36.38818 35.03807 36.1227 33.00036 32.40191 30.46518 27.40603 29.34785 32.14356 31.4077
39.4246 41.09246 38.85997 36.58209 39.55425 39.53834 39.56246 40.19591 41.74388 41.93604 40.12586 39.58855 42.17261 37.61877 35.69231 36.80159 34.85611 34.93703 36.95033 35.77667 36.59216 35.6001 34.88794 36.81855 36.68746 35.20708 34.28151 36.06079 37.31556 38.0054 37.97914 36.94761 37.23182 36.86552 37.0456 37.14944 36.65742 36.87333 35.11804 35.79611 35.85057 36.40772 36.88789 36.92497 36.80825 38.75492 34.59378 32.41419 35.03304 36.02418 34.50941 38.09064 35.50428 40.21565 27.96558 32.13297 31.88626 33.84469 29.458 34.22736 29.60223 31.11548 26.64826 27.55502 27.97579 25.51525 27.03852 32.72274 35.30751
39.55878 35.44289 30.01246 37.99176 39.53201 39.53429 39.53469 42.02308 41.24735 41.2314 40.27599 38.82087 39.39323 35.31194 36.94888 36.91649 34.67243 34.87979 35.46778 36.76138 36.50798 34.58674 33.38692 36.5812 37.52089 35.80722 36.40734 33.00915 35.8994 36.68584 36.37838 36.67218 37.41785 37.84285 37.64782 37.69899 36.88666 36.55721 36.28605 36.42059 36.00377 34.98682 36.08001 36.41768 35.70771 37.39321 38.56938 36.80699 36.54142 36.68246 34.4163 34.51225 33.82867 38.33673 34.53454 31.56115 32.06721 32.99171 30.96127 31.59955 30.03799 30.92077 30.79135 27.03386 26.32331 32.03042 29.64185 29.69677 28.24935
38.3661 37.0701 37.86005 39.50941 39.98061 40.74564 39.75186 42.80883 43.33546 42.63463 38.5973 38.15108 36.94244 34.64171 34.36236 35.39361 34.78625 35.91047 37.03268 34.44406 34.46751 37.39316 36.00089 35.55867 34.93557 32.24992 34.55213 36.56143 37.66523 36.78477 35.67533 35.9866 37.26779 37.56133 36.10235 36.5287 36.59782 36.30132 36.03558 36.90714 36.67174 37.479 38.00394 37.362 37.50426 37.98173 37.24089 38.34155 37.11639 37.70473 39.43889 37.04563 38.30944 38.01802 31.77092 32.00891 31.29987 31.96754 32.1555 30.17982 28.22316 31.19325 32.19553 33.66837 27.6179 29.04374 33.94972 31.69007 25.87973
35.7211 32.73458 31.89738 34.21758 37.15722 39.12176 42.95171 43.33546 43.33546 42.00856 39.87725 38.80881 36.5285 35.0876 34.8138 36.55394 37.23235 35.35075 36.18631 36.46314 37.67635 36.63238 36.02328 33.95971 34.53849 34.16711 34.42884 35.51449 34.87073 37.18155 37.99648 37.24854 37.30262 37.59029 36.80336 34.97157 35.76287 37.24228 34.87896 36.29078 36.66978 36.63507 36.79448 36.35612 37.79711 37.81063 37.25457 36.14717 35.17074 35.22963 38.45994 34.99574 36.7524 37.75083 33.09415 35.64912 32.78954 34.19138 31.96856 32.9497 27.98261 34.24876 36.52324 34.57452 33.90146 36.07941 32.99908 35.10707 26.55779
41.3237 37.31531 42.28229 38.93111 40.39886 42.94528 43.33128 42.65197 41.91619 38.04466 39.45115 40.27087 39.22208 37.79784 37.78785 35.82388 35.54187 36.35184 37.07174 36.40184 36.87943 36.17675 35.6669 34.21383 34.02559 35.46656 35.8252 36.05577 36.96683 37.26041 36.4738 37.33641 37.90346 36.97495 37.40203 37.17067 36.65639 36.66946 35.87799 35.96211 36.9288 37.51804 37.74931 35.40347 37.17469 36.51511 31.96996 33.96398 35.42191 35.76863 35.07769 36.67566 36.45427 36.77518 35.46899 37.21503 38.19251 36.341 36.63285 38.33965 34.28643 34.09854 31.75681 35.90944 35.4042 37.95623 36.73078 33.00695 32.16852
37.72078 37.73388 37.87832 39.53629 35.16681 39.98865 40.50486 40.02068 40.42808 39.44879 40.02541 40.29216 43.97259 40.07836 37.74161 37.00907 35.37482 36.00004 35.6063 35.36955 35.03151 36.8345 36.7407 35.39928 34.0371 36.78329 37.19319 37.87793 37.95165 37.84751 38.00619 38.00655 38.00368 37.68272 37.49935 37.65874 37.08073 37.49161 37.3947 37.12471 36.8984 37.28336 37.43932 37.05537 35.33443 36.54837 35.80782 36.17028 34.63309 34.16292 34.1905 35.3087 32.69473 35.00618 31.58688 36.94125 37.04596 37.24139 32.72542 36.6588 34.27002 36.71541 32.90635 31.29398 33.51069 32.85369 30.92742 27.35953 34.13544
35.7524 39.9012 37.01605 39.77337 39.8949 41.06409 40.99938 33.46627 33.00771 36.92887 38.63836 38.8052 40.97113 39.2818 38.10365 38.7546 38.72816 37.66674 35.44777 36.35018 35.50354 34.61282 34.47926 33.71423 35.03733 37.30927 36.87219 36.22195 35.88156 37.05873 37.54695 38.00263 37.73815 36.86757 35.77191 36.63245 35.66304 36.04462 37.20354 37.39194 37.32888 36.16799 37.38317 36.69682 35.92149 37.47361 37.2563 38.22073 37.45924 37.43721 37.42056 37.72767 37.32926 37.27554 35.9521 28.95857 30.61156 35.2017 34.88129 36.20637 34.93621 36.50931 31.87675 34.91603 34.40285 35.40027 36.9611 29.84637 32.46948
36.55874 44.03161 40.53284 39.02657 40.11113 38.0544 34.20798 36.77512 33.30445 37.28472 38.01919 38.51232 38.67328 40.47663 39.34644 37.94474 38.171 37.76641 35.76034 35.67562 36.00563 35.5012 34.52953 34.21358 36.0211 35.37622 34.76572 36.20942 34.83684 35.97129 36.88052 37.01656 37.82154 37.43611 37.63171 37.43714 37.56695 37.78695 37.58268 37.82958 37.42179 37.04451 36.14754 36.42846 36.92464 36.75262 36.20864 37.98852 37.84132 37.72219 37.21502 38.35545 38.1751 36.95245 35.68189 35.97401 34.59858 27.81518 34.05735 36.07267 35.44801 35.23796 32.02514 33.80946 35.91165 35.59555 33.48738 35.24137 34.09928
34.13618 44.23295 43.65831 37.75634 40.16572 31.19308 31.3471 30.81353 30.78532 37.81155 38.34272 39.34949 39.82778 41.28671 39.01547 38.2177 -9999 38.26825 35.61105 35.23106 34.64606 34.35799 34.48389 34.0611 35.09086 35.22702 35.17604 36.03705 33.60962 32.45317 35.05617 35.23026 35.06337 36.519 37.43012 38.00196 37.70981 34.98453 37.60178 37.40756 37.24739 37.20887 36.98816 37.17332 37.92682 36.86469 35.59321 37.24211 36.26368 35.84289 36.02256 37.61893 39.22837 38.29437 37.98938 37.09094 37.26022 36.80552 35.54097 37.67262 36.63227 36.83258 37.44367 36.07422 36.17307 36.05387 34.09857 36.3649 33.55693
33.56005 37.7575 41.286 36.40182 35.52626 30.57147 30.58897 34.79261 37.69386 38.36175 39.0434 39.28489 40.28241 43.10012 41.34949 35.8841 41.78647 39.68425 35.69258 35.3293 35.08336 34.39175 34.71822 33.89915 33.76105 34.77826 34.74274 35.50668 34.3412 34.39154 34.85525 34.92627 33.23497 34.4786 32.73734 35.62586 33.6648 32.24889 34.99047 37.37419 36.77976 35.40741 36.9395 36.83911 36.2141 36.261 36.02826 36.04933 37.15862 35.84197 37.66978 35.2652 38.20686 38.36825 37.71813 36.59851 36.58341 37.26233 36.45287 36.31481 35.84517 34.09233 35.99116 35.45751 36.9604 37.0104 35.6238 32.6368 34.40329
34.46278 33.56005 39.58107 36.01326 36.90638 34.56273 34.11834 26.97587 34.05543 34.81892 39.01091 39.04108 40.95891 43.33453 42.65585 40.90525 42.52228 41.63342 36.74436 36.58702 35.21659 35.51507 35.56533 34.36665 35.44073 36.71905 34.91495 34.86538 34.64537 34.81065 37.14025 37.13411 34.36094 35.09182 34.55169 35.95872 34.63 34.2513 35.95484 36.35406 33.59208 34.79599 36.26983 35.25154 35.42122 36.33804 34.49712 33.89722 37.25809 36.56068 35.76558 36.77809 36.13533 38.96567 38.64095 38.45841 37.76967 37.38568 37.85342 38.06275 36.6163 34.22222 37.09762 34.80166 34.96173 34.48545 34.32927 33.79972 33.82847
34.56231 34.65993 36.78234 36.98834 39.50277 39.01427 39.31882 34.46958 29.11853 37.08092 38.76115 39.54156 41.59134 43.17205 43.32012 40.00407 41.37078 40.42946 39.43071 37.10279 36.91267 35.68193 35.87712 35.45666 35.90073 38.60942 35.14333 35.47934 34.6358 34.87112 34.65321 34.54776 33.81594 35.25318 35.07694 36.64517 36.90865 36.51744 36.07976 35.71796 35.01609 34.17914 35.49393 36.34467 35.92924 35.74286 35.26896 36.52639 36.89283 36.0746 35.82301 35.72921 35.10117 39.08137 39.2962 37.75148 37.48318 36.28933 38.62798 39.37999 36.59702 33 37.26754 33.31257 31.46056 35.45279 34.86262 35.98313 35.89931
36.98075 35.85239 35.11573 39.4067 41.74752 38.41309 40.58735 43.20853 43.15239 42.46061 40.93126 41.80102 43.52318 43.97249 43.29792 40.07561 38.25546 38.39143 40.2634 37.7508 37.11934 35.46452 35.27444 35.39414 36.02837 37.78699 36.28289 35.2444 34.71376 34.19292 33.55902 34.5 35.10207 34.78669 36.11305 36.13598 36.34173 35.18989 35.22364 35.48769 35.79373 37.02628 35.18342 36.92426 34.18543 36.09134 36.35287 36.02681 36.70102 36.25954 37.02862 36.38517 36.0985 37.11003 38.57014 38.81843 38.20597 36.6148 37.07911 35.44723 37.4646 22.30788 18.06503 26.80686 32.15088 33.34016 34.19132 36.64281 33.73624
36.74331 34.92836 34.5057 40.98396 41.08975 37.55335 40.72392 41.59938 40.9732 39.49464 41.21218 43.1736 43.74144 44 44 42.55877 38.25647 38.79597 39.11975 37.96228 38.45561 35.53912 35.41098 35.59588 35.33546 36.56588 35.8269 35.39434 34.66238 34.4627 34.07232 34.52086 35.56645 35.00139 36.07071 35.68221 36.39599 34.5885 34.66283 34.49326 33.44007 34.12666 35.3361 36.08235 35.305 35.67571 35.41104 36.59372 35.95356 36.41521 37.76118 34.96383 36.12118 35.42986 35.87916 38.78271 36.35488 34.59674 36.0601 33.09061 33.31372 32.9199 36.44068 34.75767 29.80472 36.74248 37.58795 33.15919 32.68085
35.64772 33.92604 34.47723 41.17312 37.94732 36.3131 39.0945 40.86641 40.52846 39.00079 40.43364 40.87589 43.5179 41.76321 43.64168 43.98666 39.90289 38.14817 38.52686 37.47215 36.93964 35.53376 35.33982 35.56685 35.33546 35.56156 35.67566 35.70514 34.88042 34.10518 33.5128 33.79071 34.64505 34.69361 35.47322 36.54713 36.0927 35.47712 34.93252 34.1461 36.3859 35.54865 35.34554 35.67437 35.7697 36.02105 35.04119 35.80595 35.63251 36.72369 36.44758 32.21381 37.37543 35.21073 34.71545 34.13285 33.08589 33.40356 35.36879 28.54613 33.0012 33.30795 35.93874 35.14642 33.06164 36.23646 37.19968 33.18084 35.42069
35.24538 33.57881 33.72931 40.94727 36.22698 35.93306 37.34176 38.86244 38.71159 38.80592 42.28566 42.6914 41.16988 41.11539 43.97517 44.35635 44.60133 38.39548 37.82666 37.34216 36.74517 35.33546 35.46933 35.54261 35.46436 35.35218 35.4885 35.82922 34.96689 34.67802 34.80046 35.61079 35.12326 35.16186 35.54401 36.04323 34.32647 33.76636 36.68576 36.75508 36.7344 36.37937 35.35407 35.69183 35.20691 36.19884 35.6059 35.85719 32.87973 35.29636 37.15858 35.84097 39.74561 36.24617 34.07212 34.12644 32.90961 32.6925 32.86264 27.26233 30.53201 33.59007 34.23521 33.25245 34.53624 31.01465 34.93023 34.14407 32.22658
36.50045 34.502 35.23262 38.81167 37.66222 37.13966 37.25139 38.97466 39.46661 38.40191 40.06976 40.2016 41.6152 42.95042 43.87852 43.76196 44.45826 41.3266 37.0221 37.90249 37.43301 36.50752 38.51856 35.82935 35.82518 35.38621 35.58352 35.80805 34.23268 35.40788 35.49809 34.95462 35.81928 34.83538 35.85555 35.84878 35.67811 35.96257 36.43841 35.26745 35.12494 37.05043 35.08741 34.67954 36.16236 36.96855 35.30267 34.56882 34.68058 35.17227 34.57886 36.25554 38.24083 36.53531 35.06732 34.25971 33.01591 35.33643 30.5761 26.08736 32.33162 35.03368 33.13781 36.33125 36.57354 31.54782 34.7435 33.13018 30.23616
35.06308 35.46475 35.34706 41.53046 37.34101 38.87821 38.41574 39.14885 38.25189 38.52949 39.48652 39.9193 39.11806 38.35717 42.98072 42.50141 44.21927 43.60768 38.35646 37.72603 37.91168 38.2875 38.29164 36.83655 35.84297 35.7248 35.39385 35.59204 34.59328 35.0145 35.04239 34.66103 35.72186 35.73952 36.23742 35.84243 35.55061 34.91774 35.77127 35.14508 36.07667 35.55586 35.55061 35.02538 35.98244 36.12105 34.5161 34.90703 35.20987 33.53588 31.54684 33.91503 34.47131 35.38202 35.52389 35.48521 34.68981 30.12592 30.60391 32.33292 37.82066 33.23256 35.29964 35.60846 32.94233 33.2372 32.69779 30.79652 29.77432
34.98709 34.7936 33.56881 35.04482 36.86289 39.6344 39.82465 39.87587 39.04743 39.9711 40.03978 39.65829 40.83646 40.32821 41.83654 42.33407 42.92838 43.67871 38.95395 37.28323 37.81216 38.3683 36.89646 36.41286 35.7203 35.88159 35.50767 35.56635 35.21896 35.32218 34.95826 34.66828 35.87951 35.86171 35.20234 35.49397 35.70433 34.77301 34.36629 34.42681 35.67879 36.3303 35.33441 34.38399 35.69144 35.74026 36.19154 33.23148 32.64728 31.50675 33.13317 35.19189 32.31845 33.84501 35.91925 32.90122 31.30284 31.52025 32.72927 35.21787 32.72806 32.01746 33.29293 32.62853 33.83014 34.54395 35.86356 33.14998 36.11427
34.84106 35.69225 34.06393 35.35233 36.31049 39.44787 40.09163 37.38551 37.78668 40.29258 41.27279 41.44316 42.7421 41.60157 44 43.87706 42.92266 43.121 39.50265 37.46424 38.37203 37.82722 37.72078 36.852 35.38884 35.63464 35.88039 35.75376 35.3959 35.11187 34.72195 34.90918 35.58275 35.88159 35.44817 34.79815 35.11114 35.68946 34.53043 34.64558 34.85722 35.74654 35.51723 35.4388 34.21779 33.37748 34.14077 31.10095 32.95665 31.76547 32.41981 34.009 32.67508 32.67836 34.2891 32.23444 31.30754 30.96132 29.94578 30.64279 30.56752 29.68897 31.60345 35.23224 36.97064 35.81938 34.55223 34.23809 31.87977
35.13341 35.04128 34.03561 38.64352 36.17499 39.2434 37.63419 37.28807 40.52411 42.49979 43.11778 43.29969 43.13283 41.86664 40.05852 43.12599 40.44286 39.96275 39.33228 34.46976 39.01503 37.87399 39.05309 38.62372 35.62193 35.87318 35.66188 35.86633 35.29114 34.96851 35.06892 35.52059 35.29686 35.88159 35.86827 35.87761 35.83383 35.86824 35.70665 35.78883 35.73277 35.05818 33.9787 33.60471 32.3893 32.86689 33.99759 34.86995 34.20834 34.88684 36.71296 34.76661 34.29682 34.31353 33.93594 32.62263 33.97952 32.33816 32.00813 31.67529 35.93889 35.75779 35.89223 34.58675 35.37821 36.0965 36.49862 35.78759 35.7563
35.07776 34.07161 34.96841 36.80342 37.54402 39.89481 41.00968 41.70226 42.20877 43.13079 43.04034 43.1222 42.56683 43.14048 42.24112 42.2263 38.75928 39.62807 38.59887 38.42424 40.3941 40.84067 38.64789 38.14811 35.74892 35.3278 35.60667 35.88159 35.86373 35.47168 35.74965 35.88507 36.16579 35.87535 35.85251 35.57257 35.89608 36.34519 36.93432 36.8325 35.95346 35.25027 31.49364 33.86646 35.06176 35.05908 36.81757 37.12757 36.49654 36.08802 35.42882 35.00169 33.86472 34.27117 34.36727 32.25082 36.25405 36.68745 34.73738 35.97392 33.31471 35.41102 35.60985 36.02371 36.81327 37.04729 37.03362 36.9271 36.75822
