STOTEN_Data/raw/AVG_POR.asc
ncols         250
nrows         718
xllcorner     -2256000
yllcorner     1557000
cellsize      1000
NODATA_value  -9999
[rows 180 to 209 of 718, columns 0 to 68 of 250]
33.5699 34.5596 34.20097 31.24275 34.33359 36.2292 34.88429 27.3716 24.28194 24.71006 36.5653 32.25412 36.23772 38.02831 39.40725 36.69205 32.82037 29.72343 25.63648 28.94242 33.70316 35.368 35.25503 35.37708 35.82173 35.22217 35.24385 35.27053 35.22217 35.22217 36.2804 40.0157 38.71067 35.83612 42.5549 42.48094 42.48094 42.73435 43.0106 42.76534 41.3266 41.80523 40.07925 40.07394 39.64894 40.11333 38.821 39.06752 39.01616 39.12708 40.01446 40.0117 41.83467 42.51226 42.625 42.625 42.625 42.625 42.625 43.89409 44.89813 44.56179 44.07954 42.2569 42.62663 40.62069 38.31632 37.21046 31.00513
34.60092 36.35231 34.58691 27.227 33.68936 37.31812 36.08094 27.58424 23.92666 32.84537 33.31902 31.8372 35.18694 36.18782 39.4054 38.05524 33.31768 31.96875 29.06005 30.21857 33.24799 35.54283 35.34306 35.22217 35.75633 35.22217 35.22217 35.22217 35.22217 35.22217 36.74931 39.68764 42.447 43.5271 43.90665 44.04016 43.97794 41.99896 41.07228 33.26004 38.53944 39.80478 39.77054 39.47468 39.62394 39.42641 39.17968 39.47689 39.04416 39.1864 40.53449 41.11439 42.5095 44.24599 42.00445 42.625 42.625 42.625 42.625 45.75893 44.28024 41.2139 43.51635 42.57898 42.02272 42.02272 40.19814 37.44267 36.88084
35.70565 32.94149 31.28599 31.14987 31.63951 36.0928 34.71706 25.972 25.44708 34.52466 35.33067 26.63269 36.11671 33.96018 36.67617 39.05691 36.39379 32.02757 30.55933 28.89573 32.64151 31.69918 35.67339 36.20042 35.35531 35.22217 35.22217 35.22217 35.22217 35.22217 36.91833 40.59256 41.66595 42.34864 41.25865 40.36956 39.89363 41.35322 38.96803 36.21162 35.03949 39.77731 39.66259 39.60806 39.70928 39.57024 39.66607 39.91869 39.9116 41.79691 42.23602 39.94685 41.61906 44.01585 41.8971 42.625 42.625 42.625 42.72483 45.49014 43.21565 39.95216 43.09351 41.10817 41.23082 40.13516 40.80248 39.77923 38.40718
33.81242 34.00985 35.91029 34.83899 31.58523 27.89992 30.10493 28.62382 33.26986 36.56017 32.90146 29.93596 36.87308 34.28954 38.47462 39.29557 37.38109 32.60675 29.16581 27.65956 32.7673 28.81606 35.84414 39.12647 35.22217 35.22217 35.22217 35.22217 35.22217 35.22217 38.07293 42.64148 40.5127 36.85028 36.65298 34.51764 39.69202 42.47613 37.2243 28.56804 35.97553 35.78411 37.08777 38.67207 39.2057 40.01808 40.17595 40.00681 39.18763 37.711 35.64977 39.03645 41.25512 42.08691 42.625 42.625 42.625 42.61285 41.23653 43.2452 40.53601 39.45752 41.94576 40.89764 41.46381 40.70016 39.88605 42.02272 41.72673
32.29016 34.0472 34.1413 33.44668 35.21205 29.54039 33.6647 31.07252 36.85813 30.25691 26.56644 33.30149 35.60847 33.91172 39.90471 39.74808 38.47698 33.71761 35.01915 28.85252 30.62366 32.99882 32.19693 35.3739 35.22217 35.24779 35.39837 35.22217 35.22217 35.22217 37.62788 39.86803 39.54457 35.0511 34.47142 34.47142 34.47142 38.51404 34.97235 37.3829 43.32545 34.04877 32.19408 37.02827 39.47627 39.88787 40.13998 40.21896 38.99711 39.79868 39.17228 39.31868 41.28818 42.625 42.625 42.625 42.70058 45.21205 41.30739 39.45752 39.49429 39.45752 41.45954 41.71163 41.94397 42.02272 42.0192 42.10896 44.23373
34.45925 34.35302 28.97434 29.46325 27.74818 23.92666 35.75969 34.89526 32.76196 26.40395 23.99497 24.45057 27.6951 39.22568 39.63895 39.46912 39.5893 38.19716 33.33017 33.14258 26.5853 30.57751 26.32626 33.9733 35.22217 36.13715 35.63231 35.22217 35.22217 35.22217 33.10728 38.96392 36.89349 34.47142 34.47142 34.47142 34.81262 40.07934 39.37883 30.27453 41.30094 37.35925 35.93386 38.64853 40.16571 40.03075 40.03075 40.03075 40.0846 40.21648 40.24518 40.19296 41.66481 42.625 42.50555 42.60663 44.38232 42.5854 41.93532 44.70796 40.36299 40.57566 44.07996 41.01193 41.34328 42.02272 42.02272 42.09349 44.72285
25.12577 30.27531 30.28856 25.27792 23.92666 25.81218 30.03611 27.38235 33.56075 29.42946 25.88549 24.96467 29.42528 37.23801 40.04752 40.55342 40.63382 40.01035 40.32864 35.38651 28.06399 25.97068 28.7711 33.51778 35.22217 36.54107 35.44135 35.22217 35.22217 35.22217 39.12665 37.487 34.47142 34.47142 34.47142 34.30359 34.95749 37.6512 36.16713 33.08155 42.35782 39.10781 37.5312 39.10465 39.58661 39.4445 40.03081 40.03267 40.02787 40.03138 40.11475 41.88902 42.34771 42.63635 42.19613 43.57002 40.88602 40.22104 44.88674 46.15123 41.19421 40.34629 42.92025 40.89526 40.54658 42.02297 42.15563 42.05972 42.81224
31.50706 28.48368 25.30731 24.006 23.92666 25.94477 23.92666 27.3784 32.74838 33.82361 29.71666 25.07544 37.09764 38.39194 40.70299 40.69347 40.80664 40.61922 41.31764 38.71622 29.70471 25.63648 27.40656 36.07448 35.22421 35.38029 35.22217 35.22217 35.22217 35.22217 40.18303 37.53655 34.60855 35.65686 37.29885 36.43097 35.82131 34.47142 34.47142 35.40698 36.5908 37.0907 34.20009 34.76387 35.36849 36.26695 38.86648 39.0951 39.79033 38.52137 39.12009 42.5826 42.625 46.0187 41.84523 41.32193 42.50736 43.18864 44.50851 43.64099 39.62045 40.91161 44.26336 41.93846 41.0624 41.9344 42.3079 42.36872 42.30061
34.29989 32.45844 24.82154 23.92666 23.92666 23.92666 23.92666 23.92666 27.49052 30.41038 34.35123 29.43769 37.18668 36.72639 40.48011 40.77626 40.80664 40.2262 38.32876 39.85417 32.85751 25.63648 28.12065 35.8671 35.22217 35.22217 35.22217 35.22217 35.42218 35.28963 34.82655 35.39965 38.97981 35.91462 34.53379 34.47142 34.47142 34.47142 34.47142 33.07285 31.19715 26.74357 26.93684 28.15066 29.77236 35.98957 31.94799 38.01728 40.11185 37.43893 38.21029 41.89222 42.71584 47.00804 40.25269 40.78428 42.43263 42.625 42.93241 39.45752 39.45752 41.59576 44.30431 44.29727 40.86113 42.0277 42.62052 42.53954 42.46776
35.88874 34.27362 36.93362 24.67292 23.92666 23.92666 23.92666 24.42066 29.90152 31.46624 31.16232 29.28957 30.80976 31.97575 38.75975 40.67662 39.18429 39.54845 35.42348 35.7726 37.19218 25.74568 35.26257 35.4449 35.22217 35.22217 35.22217 35.22217 35.48629 34.95055 34.47142 35.52975 35.96761 34.47142 34.47142 34.47142 34.47142 34.47142 34.47142 33.61528 30.91294 32.88894 26.50362 27.84313 33.02399 30.08133 33.43464 37.57669 38.45293 35.03769 40.03124 40.15428 41.74132 45.18752 42.95118 42.43274 42.625 42.625 42.42325 39.45752 39.45752 40.00542 43.63831 44.45459 41.02383 42.71351 43.01911 42.53954 42.53954
36.85365 35.36827 40.15998 31.68684 28.0007 25.32404 24.05666 26.86142 30.65841 30.87401 30.86136 31.4537 30.41855 30.65841 38.37195 36.55006 37.99456 38.78772 36.64761 36.79362 35.50548 34.51897 35.57305 35.99413 35.22217 35.22217 35.22217 35.22217 35.22217 34.82518 34.47142 37.59092 34.48383 34.47142 34.47142 34.47142 34.47142 34.47142 34.47142 34.47142 32.01447 26.94221 25.49551 24.26627 26.56074 33.54074 36.40542 38.99319 38.92978 38.54519 35.87755 37.61864 38.7159 43.18782 43.96563 42.75985 42.625 42.625 44.2939 39.45752 40.92748 44.47943 46.40871 42.67983 40.21095 41.17043 42.53954 42.47618 42.46888
34.90226 38.57263 36.65663 31.67824 30.41855 29.92915 28.52237 30.42669 30.44723 30.59553 30.89427 32.77987 33.09734 30.11203 36.94201 39.1927 33.83644 37.66747 34.37651 37.11187 36.66264 35.57305 35.57305 35.03675 35.1901 35.22217 35.22217 35.22217 35.22217 34.6278 35.54463 36.65439 33.74306 34.47142 34.30249 33.1815 32.99284 34.11055 35.08419 32.27296 28.02131 25.35455 30.16527 27.68523 26.33952 34.80466 34.25774 39.22725 38.54713 38.33139 36.61723 38.50427 38.87189 42.87243 46.01389 43.81084 42.625 43.60013 42.05174 39.65361 45.15265 45.37092 46.27143 40.10707 40.59968 41.10193 42.36028 42.06297 42.38314
39.4682 39.29224 38.01984 36.01839 32.27925 30.83563 31.12314 30.00906 30.21791 30.42669 30.70224 31.14129 31.83779 31.29272 30.11987 31.34632 31.68653 37.53006 38.22512 33.57049 34.78186 35.57305 35.53218 34.97829 35.22217 35.22217 35.22217 35.22217 34.96708 29.38346 28.14024 28.77433 28.55445 30.61241 34.02676 34.01355 34.47142 34.47142 34.47142 34.46868 32.88158 31.31797 34.08962 34.27491 33.25372 32.42442 32.00545 37.06949 37.39287 35.41729 36.95278 37.95859 39.66157 40.73993 41.82683 45.04307 43.01704 40.85014 40.54395 40.48555 43.84694 42.75999 44.09253 45.01945 43.40454 41.44497 42.79328 42.10672 42.10681
38.13766 36.78869 38.94384 38.90863 34.76712 36.35067 38.70003 33.44797 30.79122 31.42039 31.71555 30.97733 31.67859 30.0729 29.30504 29.33951 29.99005 32.99974 38.27279 36.66723 33.64355 34.81115 35.1201 35.1284 35.22217 35.22217 35.22217 35.22217 31.47897 23.67979 27.17583 26.41941 28.26997 33.98892 34.47142 34.47142 34.47142 34.47142 34.47142 34.45935 34.05149 34.98989 32.05553 30.91035 30.85943 36.11361 35.90669 38.53951 35.73888 36.25615 39.18342 36.63118 38.39606 44.2219 44.24035 40.06677 42.53298 42.73229 45.95947 46.56863 46.58619 45.05048 42.548 46.02218 42.81339 42.00523 44.27449 42.91492 41.80721
40.24745 39.25691 39.36129 39.70454 39.47125 38.64178 33.59227 36.91874 31.64003 32.28326 34.17717 36.02623 31.99879 30.48688 29.7812 29.90779 29.6295 29.3127 30.34593 36.69451 34.93818 33.17405 34.1306 35.22217 35.22217 35.22217 35.22217 35.22217 28.97311 26.73249 23.76122 23.84031 29.98833 34.47142 34.47142 34.47142 34.47142 34.47142 34.47023 34.03452 40.35719 33.59027 29.81956 32.91406 31.9832 36.91453 38.58995 35.22725 37.69069 39.8897 36.09923 34.21459 38.94531 47.01852 46.58606 45.50961 43.78447 46.16997 46.65081 46.65298 43.36777 43.88539 39.63414 42.1523 44.15285 43.92657 46.1011 43.28369 41.38065
40.07254 39.96886 39.38923 39.47591 38.21997 35.13733 37.26081 32.13119 37.30901 34.75703 34.93081 38.13828 34.11886 30.56339 29.86651 29.72884 29.85663 31.39405 29.62959 31.30267 38.07859 34.19086 33.45014 35.20886 35.22217 35.22217 35.22217 35.22217 26.95551 23.83179 23.67979 23.68894 30.03497 34.47142 34.47142 34.47142 34.47142 34.47142 34.47142 34.56753 37.4087 28.39234 27.08528 32.84384 32.45131 38.49626 34.03834 36.52965 36.7435 39.43021 37.80376 37.81529 38.47599 46.26493 45.42979 44.57472 44.4956 45.119 44.48692 44.21413 44.32514 40.45959 42.71895 45.26015 45.20077 44.56239 43.98473 42.3353 41
28.93979 36.85865 38.52982 35.50336 31.63353 38.42661 31.98111 31.09229 36.77642 37.99951 37.10027 34.39485 38.70578 30.51279 30.55912 29.01703 31.23914 32.83333 32.53259 32.09694 34.45674 37.50728 34.36207 34.93136 35.22217 35.22217 35.22217 35.22217 28.45256 23.67979 23.67979 23.67979 29.67237 34.47142 34.47142 34.47142 34.47141 34.31054 32.47217 29.90404 28.55199 23.78823 30.72594 30.902 29.70796 32.30769 32.63467 34.27241 34.95645 37.15162 36.03922 34.40903 37.92103 44.41574 42.68702 45.98475 46.35932 45.70942 47.22735 47.21891 45.58111 40.52448 42.45811 46.92114 46.95283 45.25544 44.93301 42.1208 39.99864
28.99487 29.29404 31.71694 32.00232 36.41143 39.07774 31.70993 31.11796 31.07159 33.37236 37.57365 39.2468 40.3262 36.81916 35.21698 27.96157 32.83332 32.83331 32.83333 32.83329 32.79753 33.88041 34.97092 39.53627 34.39822 35.21304 35.22217 35.05019 26.17524 23.67979 23.67979 23.77691 32.46201 34.47142 34.47142 34.47142 34.47142 34.47142 34.37544 33.20396 33.21537 28.94529 32.83988 30.39794 25.79393 28.49901 32.47816 31.04621 32.40447 33.65166 32.54117 38.11765 39.50781 41.0569 42.67195 46.58187 47.35498 47.35498 47.35498 47.35498 47.06714 43.63243 46.66159 47.04614 46.27332 45.812 44.98104 42.42617 38.73413
39.66216 29.06792 36.03009 30.99311 34.55357 37.51961 37.9696 37.18773 38.76224 37.04971 35.08344 35.47454 40.06855 34.22989 32.78468 35.53731 32.83333 32.83329 33.71408 32.8333 32.83329 32.83329 32.85819 43.7295 34.44243 34.63624 37.10963 34.9015 26.06627 23.65646 23.67979 27.9468 33.62751 34.47142 34.47142 34.47142 34.47142 34.47142 34.47142 34.47142 31.75147 29.05325 31.9346 27.01089 29.10456 31.81876 33.34874 32.90837 32.91406 32.91406 36.19671 38.79312 38.91151 40.57067 42.90241 46.20686 47.43159 47.35498 47.35498 47.35498 47.35498 47.32848 47.35498 46.59636 43.9104 46.58158 42.6605 40.8111 39.5432
29.81701 32.6766 30.31104 34.78719 32.04662 37.05054 39.42918 34.89287 34.07858 33.30405 30.52087 31.39914 33.34619 36.18484 35.91971 35.13361 29.43773 32.83332 34.13324 32.83334 32.8333 32.83327 34.20331 41.53631 37.89531 32.9026 32.8333 33.19708 43.7383 23.691 21.62781 28.63799 31.73364 34.29867 34.47142 34.47142 34.47142 34.47142 33.7202 33.20686 32.17612 30.05902 32.11138 28.03835 30.17712 31.4523 32.80659 33.17763 33.03515 32.93824 37.88641 42.56466 39.50751 41.00877 45.02213 43.16954 47.37917 47.35498 47.35498 47.35498 47.35498 46.63145 44.01113 45.85163 47.16722 44.58784 40.16972 40.49615 39.99285
25.34063 26.98294 30.92175 30.72986 35.14292 32.90749 38.528 39.0727 34.33831 33.02515 30.85717 31.62959 37.0559 37.56548 38.72854 31.82882 25.50115 32.83332 34.04456 32.85384 32.83331 32.8333 33.37135 39.7599 33.05376 32.83331 32.83332 32.83329 38.10533 25.07254 20.51318 29.72436 35.73991 28.58396 25.25223 29.14234 33.01967 33.68205 33.41069 33.70491 32.78675 32.31502 29.57994 32.9323 32.12398 34.12664 32.95837 33.62359 33.57146 32.91406 35.94098 38.02071 39.61356 39.97531 43.22423 42.96074 45.21801 47.43193 47.35498 47.35498 47.35498 47.34975 47.01694 47.35132 47.28603 45.45 44.8954 43.60604 41.75917
28.68626 29.91116 31.16852 26.54504 25.39619 31.63082 36.67079 37.00748 36.42147 37.95121 35.57418 31.34122 31.12172 32.31764 38.12083 33.68915 27.60819 32.83333 34.83728 34.22599 32.83331 32.83329 35.86047 42.29025 32.83328 32.83333 32.83333 32.83333 33.8759 26.94727 20.89638 20.60987 23.45001 33.1589 21.52018 24.48022 27.0111 22.72395 26.58594 30.5679 32.24431 28.47547 28.84749 29.92895 32.882 31.46764 31.72847 31.5311 30.3469 34.50048 41.67721 39.08399 39.59638 40.00639 39.22668 40.32578 41.36895 45.16628 47.35582 47.35498 47.35498 47.35498 47.35498 47.35498 47.35498 47.34342 47.23357 43.08438 43.36726
26.04226 30.3279 29.70888 28.52274 26.26526 27.42298 36.99693 34.62721 34.47789 34.65463 33.98022 32.54779 31.28441 30.3913 33.71133 27.76521 28.9165 34.78025 39.30653 35.18177 32.8333 32.83331 32.83333 33.40114 32.83329 32.83333 -9999 32.83333 40.97415 34.19562 20.80891 20.51318 32.64944 42.56107 39.06881 40.19704 33.92134 20.50069 20.57014 21.46497 30.21048 39.89033 28.01715 27.35217 29.41137 29.71446 32.05997 33.0764 37.42634 39.59896 40.11683 39.96634 40.03075 39.64487 40.03844 41.0204 39.29082 42.65302 46.73439 47.35498 47.35498 47.35498 47.35498 47.35498 46.20758 46.31746 46.59061 41.77564 42.85231
27.06064 31.77743 29.88428 26.80856 24.79296 24.53881 34.44564 35.3314 34.82552 36.20897 33.81854 34.49822 33.86383 31.19161 32.03697 31.64531 23.69861 33.62198 41.51633 40.21101 34.29193 32.8333 -9999 32.83331 32.83329 32.83333 -9999 -9999 44.47364 37.09345 23.95716 21.21424 38.58242 40.26952 42.98997 42.9924 41.7677 21.40313 22.59563 33.30014 34.66269 33.85159 20.5886 21.29651 28.2331 36.71222 39.54433 38.87937 39.19886 38.83054 38.71351 38.75006 37.4321 37.86531 39.60804 40.84531 40.12875 40.59795 44.69646 47.35498 47.35498 47.35498 47.35498 46.85317 44.03641 44.38628 43.76662 41.42616 43.39181
27.47374 26.1819 26.60798 29.40509 28.33547 27.42451 36.46494 30.39116 32.76342 34.34414 37.06593 38.69886 32.36298 31.59028 31.65022 31.33315 24.05862 35.96835 43.56804 37.59695 36.45835 32.83332 44.47364 35.43285 32.83329 -9999 -9999 32.83333 40.9061 27.79583 33.66273 26.96369 32.13735 37.00334 42.99033 43.00933 42.98997 31.03608 32.39439 38.65031 35.91395 36.70778 23.13101 21.31564 22.44886 26.59255 24.77028 31.66633 29.52161 34.43787 38.19579 38.67207 38.67207 38.71582 40.3705 39.61796 39.09626 40.65378 46.01491 47.35498 47.35498 47.35498 47.35498 44.7319 42.82089 42.24348 41.16144 42.0026 43.20992
33.1454 31.68613 29.48139 29.55372 33.04277 24.70467 29.38909 31.45708 30.93788 33.89336 35.26772 38.53142 34.97056 30.37786 31.41281 32.85341 26.16251 28.17105 41.3712 38.67784 33.87492 32.24784 44.47366 33.05415 32.83331 33.17665 38.41536 32.93435 37.19682 28.42378 38.56146 26.8826 42.28545 39.14914 43.38152 42.96025 41.91437 28.29653 20.49596 23.63816 34.27342 34.99126 25.68386 21.19489 20.80788 20.85498 21.25403 21.85686 21.25852 23.62725 33.8952 33.53125 34.2527 37.48747 39.41565 38.67224 38.86959 41.08636 45.37399 47.35498 47.35498 47.35464 47.25296 43.52741 42.4963 41.24196 42.18318 44.09577 43.28798
29.5181 33.74478 33.20375 30.42849 30.16836 23.85238 26.29938 32.68273 32.19673 31.19062 34.53403 37.46995 38.10472 33.48981 33.25089 33.37429 30.87148 20.99887 36.76034 40.81358 36.48468 33.34211 39.91087 33.13318 32.8134 38.85836 38.24817 32.83331 39.80275 30.2927 36.82213 34.83102 41.31554 39.24837 42.32032 41.03691 39.04813 32.69909 31.72061 36.43034 29.4468 26.06421 31.36776 20.22695 20.13222 20.17027 20.99936 22.99827 22.81254 29.93772 24.20326 35.6216 34.2852 38.76849 38.86928 35.71912 36.88907 41.66999 46.09149 47.35498 47.35498 46.0885 44.62437 44.86935 43.22723 41.0035 42.86458 44.88818 43.94405
37.93279 33.5821 33.20372 31.50612 24.24063 23.74456 26.56757 29.43863 32.6341 31.82427 33.02016 33.79544 33.56651 32.71384 32.90299 31.44626 30.3116 23.70831 29.1501 34.08232 39.90262 35.39954 37.74604 34.65149 31.87819 33.01063 35.21539 32.83332 37.52628 36.201 26.00169 36.2613 39.67247 40.50566 42.36152 41.11399 39.09732 33.44884 28.08051 23.31342 28.10782 31.48062 35.47202 26.03336 20.97075 29.36876 37.90647 29.06523 28.02964 23.71246 25.54648 35.52208 41.54372 37.67361 41.63821 33.44264 35.22989 40.52936 46.02731 47.12712 45.08169 45.13853 44.9562 45.06857 44.5467 41.12232 42.05228 44.79143 44.88818
36.41673 36.2138 36.49275 31.94958 26.88627 24.35753 26.88642 30.90772 35.31737 36.25021 31.1625 30.94143 31.79555 34.11379 32.89485 30.81261 22.24322 20.89477 21.67055 22.15693 41.6577 37.04388 38.79509 33.71343 31.875 34.28788 35.61926 32.83331 35.80623 38.87045 32.12402 35.49661 39.01757 38.51199 42.9782 41.34623 38.90023 39.87711 24.43222 34.93301 29.84969 32.62989 35.47599 36.66626 38.94271 42.36764 41.94195 35.53825 37.53923 26.39878 26.16808 37.01483 37.21186 32.53324 36.72714 40.97183 42.07771 43.70829 46.81064 46.38364 40.27223 46.94427 43.85461 42.65331 41.8892 41.1171 41.4618 43.72923 44.88818
31.74579 36.97173 39.36389 33.3092 33.60935 30.88757 32.65485 32.91972 33.03289 34.76159 32.04224 31.37984 30.97251 28.11923 23.80146 23.75195 20.89477 20.89477 20.89477 20.89477 36.1265 38.03909 40.26047 34.47339 31.875 32.9119 33.27424 33.38934 36.32656 37.12483 33.41829 36.2714 37.35544 37.31483 41.3302 40.10229 39.65908 37.37173 29.86762 35.07771 31.7914 31.41075 37.94006 42.03996 42.59919 42.63807 42.64465 42.65336 42.03732 38.23106 31.93851 37.44664 37.04995 32.73558 39.88281 40.63876 41.1696 46.68098 46.84211 46.84211 45.44854 44.73164 40.92879 40.24906 40.6119 40.94206 41.2906 44.32066 44.83735
