STOTEN_Data/raw/AVG_CLAY.asc
ncols         250
nrows         718
xllcorner     -2256000
yllcorner     1557000
cellsize      1000
NODATA_value  -9999
[rows 29 to 57 of 718, columns 130 to 194 of 250]
9.120424 10.94233 11.96037 15.54593 19.08707 12.27579 13.15566 12.12857 12 11.27499 6.551289 6.916918 16.40736 18.35625 13.58699 14.19698 7.890908 8.257083 9.824185 10.97675 9.902999 11.9515 18.98124 15.60597 21.39338 20.96449 20.93787 21.13517 21.42326 21.42333 21.62728 19.84532 18.31492 17.6487 17.63948 16.98674 15.86606 15.85717 16.19689 16.11598 15.86691 15.85717 15.85717 16.22598 17.70281 19.71477 22.20515 24.17526 22.14265 20.68407 22.95913 23.74493 23.53347 23.52139 23.27368 22.66955 22.16856 20.49534 15.45041 15.26249 17.342 19.75 20.77707 20.90672 18.6993
8.079031 7.721691 11.30477 13.35427 18.26102 17.04941 12.08111 12 11.50649 4.59729 4.860266 5.806294 16.86994 12.51009 9.567718 15.21646 9.044977 6.645813 10.6276 12.34422 11.959 9.585027 20.64083 20.97183 20.20532 21.2112 21.02736 21.096 21.45353 21.52024 21.46282 19.10114 18.39016 18.16333 17.95962 17.26914 19.7963 16.21199 16.74826 17.2673 16.60254 15.86267 15.85717 15.95375 15.85717 15.85717 16.90874 23.6712 17.64101 15.85717 17.2549 18.14416 23.21027 23.51107 23.51107 23.14501 23.19523 20.47977 17.40186 17.78205 20.28042 20.54048 20.3077 18.57562 15.64041
10.66189 7.8664 8.527555 13.64225 11.72389 15.48058 14.6778 14.84593 18.59744 4.597289 5.209069 10.33698 12.45309 9.972357 7.083099 8.190207 7.114018 6.833552 9.996137 12.45778 13.07671 9.52974 21.15003 20.85637 20.62552 21.00111 21.0465 21.43304 21.66676 21.66676 21.61793 19.43181 18.70866 18.4919 17.9664 17.28367 22.92263 17.21889 21.21125 17.51932 17.26914 16.36082 15.85717 15.85717 15.85717 15.85717 15.85717 15.85717 15.85717 15.85717 15.85717 15.85717 21.12688 23.51107 21.45677 17.04352 23.37101 21.44848 17.80268 20.31115 17.00808 16.08654 16.18961 15.84594 15.81371
13.50748 8 8 12.84195 11.4814 11.0739 11.15435 17.64612 14.31251 -9999 -9999 -9999 14.7427 12.12503 7.018 7 7 7.603195 13.90585 13.62731 12.82277 8.500262 19.47561 20.61781 21.38292 16.09213 20.50093 21.64424 21.66456 21.64609 21.61104 19.83858 19.10021 18.35298 17.93803 18.23696 20.31429 17.99619 20.76344 22.37555 16.88197 15.97888 15.85717 15.85717 15.85717 15.85717 15.85717 15.85717 15.84645 15.78559 15.84714 15.85717 16.03244 17.2808 16.40289 15.85717 17.29993 16.97486 16.46248 17.60868 15.74153 15.85717 15.85717 15.69293 15.71933
17.52367 8.569737 8 11.71419 16.59543 16.97616 9.983933 16.77976 16.10085 11.46882 10.44398 12.22879 11.89489 10.025 7.4655 7 8.546932 13.4191 13.51089 13.52577 13.61907 12.84226 20.8262 21.24907 21.66676 18.56949 21.18929 21.33254 20.06955 20.30824 19.91004 19.69801 19.6213 18.41722 18.14416 18.32848 14.86135 17.78498 17.94725 19.97974 15.87369 15.85717 15.85717 15.85717 15.85717 15.85717 15.85717 15.85717 15.61227 15.3108 15.52115 15.85717 15.85717 15.85717 15.85717 16.28701 15.96212 15.85717 15.85717 18.01012 18.51884 15.85717 15.85717 15.85717 15.85717
7.849124 7.8534 7.962775 8 8.20797 9.93774 11.7324 13.00278 13.25249 9.841892 13.27149 15.48845 8.46236 7 7 7.940835 12.72004 23.06664 20.38595 16.48654 22.44005 23.4978 23.28347 21.70086 21.66676 21.65342 21.66676 21.43676 21.03855 19.68068 19.69801 19.69801 19.62898 19.33496 15.13619 15.85274 8.840226 15.55845 16.74971 15.90419 15.85717 15.85717 15.85717 15.85717 15.85717 15.85717 15.85717 15.85717 15.50993 15 22.3345 20.16548 15.50221 16.8407 21.37274 21.59564 18.68846 19.41039 20.30291 26.64198 24.52515 20.12558 16.07575 15.85717 15.85717
9.249676 10.01768 9.353846 13.94865 12.00162 9.195601 12 12 12.01813 15.54844 19.95228 19.95228 11.38444 7 7.0135 11.76682 15.84583 23.16423 22.08945 20.00288 21.30588 20.21411 20.21352 21.55779 21.66664 17.88789 21.66676 21.6219 18.15536 18.90407 18.16558 18.56394 19.58257 19.54562 18.20801 14.1899 9.998581 18.32845 16.17647 15.85717 15.85717 15.85717 15.90316 15.85717 15.85717 15.85717 15.85717 15.8655 15.48677 15 18.981 26.91011 19.35864 24.46958 27.65015 26.02081 22.52431 27.65015 19.20828 27.55048 18.66222 15.00633 15.0096 16.11084 17.59609
11.2301 11.21333 9.524192 7.19908 13.96488 9.424049 8.950376 8.44615 10.68165 14.93768 18.92025 18.99006 13.72573 7.256701 7.0011 13.77853 20.19503 23.05537 20.2671 18.66711 11.63748 10.57068 10.17945 13.04333 21.63713 21.19158 16.48723 16.82684 11.38281 18.63618 18.2308 18.46312 19.56616 19.56616 18.76464 13.18073 17.05939 9.467009 17.56214 16.0399 15.85717 15.91095 18.04658 18.79731 18.22869 18.24751 19.09299 20.08131 16.71841 15 17.79315 26.53188 24.46611 27.65015 27.65015 27.65015 27.40777 27.65015 25.76442 24.68496 15.63504 15 15 15 16.72106
8.660775 9.8036 9.150374 7.35449 7.310324 7.851103 7.935201 8.259521 10.52726 10.05114 10.86635 12.15824 6.799589 6.818192 8.092151 9.783772 17.49665 18.8898 19.74943 15.21688 9.39635 9.061275 10.55073 9.934087 21.6668 10.98734 11.02655 10.98735 10.51965 18.1481 17.18292 19.52584 16.63649 19.55415 18.71593 13.18834 17.10769 6.499058 17.81631 17.91051 18.54863 19.33843 19.56616 19.56616 23.6913 18.44115 20.98346 23.17282 17.19358 16.19684 16.58147 22.74862 23.59398 24.3687 26.29405 27.31269 24.22553 27.64297 21.16768 23.75834 20.38659 15 16.38266 20.07954 15.70459
7.7428 8.041975 10.15203 9.016557 8.011006 9.03836 9.25762 9.754909 9.090967 7.981526 7.662478 4.807372 4.198625 5.035418 8.831725 8.004749 17.55713 17.3195 12.24704 15.88482 7.975825 8.155351 8.676801 3.316748 3.316744 13.99967 15.3059 10.98784 13.33559 15.85717 14.50808 16.58245 10.98735 12.08972 14.54326 13.2014 9.01792 11.23769 16.0134 18.41141 19.17295 19.56616 19.56616 19.56616 22.798 21.69752 18.66185 21.96292 20.89805 15.74457 21.03675 21.59609 22.48345 22.73763 16.08451 21.84691 21.66676 26.98023 27.19182 23.28885 22.77847 19.88585 15.62868 19.44604 18.20372
8.12692 11.1193 13.22735 10.88248 7.585166 9.767823 8.239903 4.876535 2.816068 1.931288 3.187695 4.159337 4.220092 6.895975 9.066944 9.185857 15.29539 13.81421 15.90774 11.25945 7.86305 8.079848 3.99268 3.307043 3.311928 9.000274 15.47883 6.649416 13.92335 14.9616 11.04579 11.58014 10.62695 8.955308 10.98735 10.98735 14.45457 15.19639 13.02961 18.32848 18.72009 19.42581 21.60414 20.32929 23.20315 24.21086 21.66676 21.66676 19.99341 15.35399 15.13757 18.42405 21.66609 21.37675 18.05871 21.5277 18.1997 21.71784 25.541 21.66676 21.66676 21.97041 20.74686 23.37075 21.48314
8.115509 10.36868 11.79287 7.751493 2.111559 2.939728 2.129551 1.432127 2.704073 1.877768 1.406795 3.452337 4.212062 4.339348 8.227024 7.40779 8.390779 5.785978 14.16176 5.419551 7.604837 5.122838 3.316743 3.156205 3.034305 3.865628 4.773419 3.99961 11.1349 11.4904 10.98735 9.619242 10.98735 10.78926 10.98735 10.98735 11.17602 9.37247 12.9017 18.0412 18.32848 19.06936 22.29107 24.01963 23.45593 22.13047 21.66676 18.01538 16.42494 15 15 15.33801 21.33809 21.66676 21.66676 24.82539 25.25881 22.22919 21.66676 21.66676 21.66676 22.80116 19.18749 23.54322 18.63683
7.934725 8.82235 9.865588 4.129373 2.965943 2.524991 2.06949 2.108795 2.849196 2.844098 1.218374 2.733639 3.45224 1.364824 2.182361 3.0952 3.423257 4.328577 6.508135 3.358379 3.457543 3.316743 3.346316 3.848815 3.08239 2.527981 1.771689 2.676101 8.73003 8.969403 10.50625 10.68191 10.48893 6.24273 10.49532 10.98735 10.98735 7.422949 8.837749 12.37409 14.75877 15.76131 18.43599 22.65829 25.0048 21.66676 21.66676 16.80269 15 15 15 19.95206 21.66676 21.66676 21.66676 22.55469 21.7224 21.66676 21.66676 21.66676 21.66676 22.07063 22.33306 23.13055 21.59985
8.022475 8.48125 6.948399 3.297233 3.655248 2.061127 1.52705 2.815468 2.988424 2.372422 1.668865 1.14177 1.456306 1.269687 2.81597 3.668045 3.640488 3.385932 3.199082 3.117216 3.323631 3.290716 3.31869 3.41742 2.799365 2.377553 1.564263 2.79007 2.161188 3.247558 11.27363 9.900405 10.98735 9.9413 10.98735 10.98735 10.98735 7.145007 9.454321 10.3289 10.2089 9.317 10.34971 16.8712 25.59499 21.66676 21.42809 15.02533 15 15 15 17.98938 21.66676 21.66676 21.66676 21.64569 21.66676 21.66676 21.66676 21.51174 21.66676 21.66676 23.08778 23.47708 23.29476
10.55477 9.158924 9.457394 5.915551 1.216425 1.447737 2.004841 2.996125 2.594301 1.368698 1.681867 1.205416 1.188999 1.877907 3.228846 3.352808 3.65842 3.211529 2.715973 3.232672 3.21111 2.957857 3.19325 3.037136 2.77568 1.802412 1.37065 1.910308 1.772238 4.797768 11.05455 10.95029 10.51257 10.98735 10.98735 10.98735 10.98735 8.316303 10.35569 6.930838 10.65217 8.455701 10.7039 13.99282 26.48295 22.23968 21.66676 19.52406 17.07736 15.062 16.04468 17.97604 21.66676 21.60986 20.95211 20.50205 21.66676 21.66676 21.66676 21.12074 21.66676 21.66676 22.69669 23.67865 23.18373
10.38162 10.15145 9.947044 8.112106 3.63647 2.674396 2.729923 2.557704 1.325923 1.634489 1.481957 1.741582 2.052754 3.168065 3.586282 3.164169 3.640171 3.687777 2.754379 3.121221 3.336537 3.778162 2.818266 2.725325 1.962672 1.122496 1.155132 2.125058 2.020049 7.457593 10.98735 10.65507 6.385228 10.98735 10.10041 10.87297 10.98735 8.426215 9.899944 8.513567 10.98015 10.13 11 14.92628 26.67926 21.03646 21.66676 21.66676 21.30142 19.95073 19.84073 21.66676 21.66676 20.74263 19.69801 20.42861 21.66676 21.66676 21.66676 21.19685 21.66676 21.84253 22.96423 23.45678 21.48316
8.26599 8.224575 9.088047 7.891494 3.570227 3.914477 4.157576 3.02715 1.453097 3.188716 2.396607 2.139859 3.213133 2.651567 3.772153 3.409078 3.836286 3.572123 3.541797 3.668333 3.550765 4.004942 4.928069 2.576724 0.2170584 0.1980618 5.807743 5.079057 2.116438 3.241703 10.92652 9.295902 5.194761 9.69592 6.658083 10.59053 10.98735 9.350219 9.453751 9.444942 11.1738 11.13844 13.7785 21.27478 24.94931 19.98172 21.35208 21.66676 21.66676 21.66676 21.66676 21.66006 21.3179 20.00465 20.39303 22.55792 21.70684 22.42306 24.92831 23.63231 21.94139 23.7436 24.28109 23.25365 23.56642
8.832546 5.369841 6.107424 5.215442 3.011555 3.892427 3.254112 2.918519 2.905138 2.085869 2.176436 6.006361 3.934739 4.180316 3.23802 3.370214 3.337199 3.542721 3.554869 3.354838 3.304194 2.343482 3.516536 4.013469 1.023478 0.1988633 6.070464 6.025729 2.758754 2.640454 9.729159 12.87363 10.29467 7.946321 9.42051 10.98735 10.98735 9.541921 8.725066 11.95625 11.09243 14.09435 21.30566 21.25718 20.1965 19.69695 19.72065 20.43649 21.41259 21.66676 21.58328 21.24368 20.71803 20.06063 21.92858 19.97757 22.65251 27.16554 25.62401 26.14155 25.1558 25.7501 24.61794 22.61197 22.42688
8.082789 5.634808 3.985445 4.26829 4.33981 4.123882 3.235427 2.918519 2.933365 3.29631 4.474601 4.804723 4.374112 4.376401 4.612188 2.388552 3.214019 3.925658 3.866749 3.36609 2.723102 1.533777 2.708186 3.838445 3.508516 5.82995 5.902738 5.1361 2.056081 2.236754 7.530679 12.17969 7.690326 10.9966 11.5654 6.447852 10.98735 10.84741 10.7605 11.49601 11.83492 12.14261 20.13924 20.89393 19.80998 19.67803 19.69801 19.69801 19.91772 21.03794 20.25733 19.89646 19.75018 21.50951 19.69801 19.79814 24.59763 24.67394 23.68125 23.31419 23.68125 23.64136 23.67909 23.4802 23.05294
7.719783 6.775102 4.25132 3.508825 3.61458 3.588351 4.046928 4.402032 6.667165 3.765054 4.33169 5.371763 5.232913 2.804287 3.711698 3.334612 3.624846 3.380063 3.258413 3.358609 3.18962 2.907194 3.808311 3.220746 3.34744 5.415266 3.904449 2.802395 1.932627 2.2995 3.718152 12.37207 13.0224 13.25793 15.7944 14.74622 13.20068 10.98735 10.98735 10.64402 12 12.00838 20.13015 21.44447 20.93638 19.80515 19.67076 19.66 19.64352 18.96016 19.91083 20.53532 20.89304 21.11748 20.39987 20.53768 21.85267 23.66836 23.68125 22.63713 23.62678 23.26683 23.37264 23.3697 23.51732
7.277717 4.413176 3.928646 9.937614 17.53487 23.69087 11.90236 4.337612 3.826209 4.164234 3.728967 5.572623 4.775964 2.603887 3.078132 3.607953 3.551129 3.675912 3.584283 3.520717 3.659033 3.813155 3.35396 4.326856 2.899327 2.748996 1.883162 2.115248 2.15594 2.283594 10.0758 15.54392 14.05575 13.47933 14.19276 14.32734 15.85619 14.62997 12.70883 11.33059 12.26875 12.84843 18.43151 21.3785 21.44447 20.4946 19.56851 19.3006 17.36117 17.47441 21.62443 21.66676 21.66676 21.66676 21.65376 21.66676 21.66676 23.46973 23.68125 23.38115 23.43978 23.64552 23.63355 23.47708 21.23709
5.591799 3.895548 3.372342 23.78562 26.15738 26.15738 25.5938 13.08591 3.671993 6.597741 4.155357 3.302839 3.016308 2.468621 3.381716 3.530523 3.532429 3.360352 3.52453 2.961895 2.788526 3.913367 3.148412 4.294551 4.213286 2.270334 2.245257 2.292158 2.2995 2.265754 8.566974 15.1259 15.49397 14.74152 15.11581 15.85717 15.85717 15.85717 15.43166 10.11978 11.78658 12.93091 19.42505 19.75137 20.71564 19.78158 19.37723 16.42279 15.85717 18.54991 21.66676 21.66676 21.66676 21.66676 21.66676 21.66676 21.66676 22.84826 23.68125 23.75675 23.82315 23.34466 23.64829 23.36206 19.35043
6.445301 3.498721 5.829645 25.07327 26.10645 25.93972 20.25942 14.56703 6.886934 6.224886 7.271827 4.82752 3.945494 4.245381 4.267321 3.993526 4.520403 3.839739 4.610656 3.197304 3.552234 3.758432 2.879698 3.350111 4.816063 2.691452 2.517452 2.124703 2.155953 2.762947 7.463733 8.807129 15.69213 15.0102 14.61147 13.93576 15.85717 15.85717 15.24177 12.42168 7.105955 12.58559 20.82638 12.15156 13.89693 18.85768 18.45198 15.85717 15.85717 19.58518 21.66676 21.66676 21.66676 21.66676 21.66676 21.66676 21.66676 22.38593 23.68125 23.84681 23.93286 23.42483 21.60872 21.53339 17.26599
5.421084 2.656238 3.452355 19.14999 24.88314 22.00186 9.920886 8.279187 5.162642 4.76625 5.183181 4.820743 4.289136 4.140953 4.05481 4.451542 4.313528 2.657792 2.980731 2.951043 4.027005 3.350937 3.75959 3.397631 3.811218 2.38832 2.294956 2.206014 2.767057 5.881581 7.879675 7.75 14.80479 15.0468 15.15674 15.38452 15.85717 15.85717 15.00328 12.93091 11.91171 12.50006 17.26941 13.17756 12.46829 20.69563 16.52318 15.85717 15.85717 18.97052 21.31846 21.49173 21.66676 21.66676 21.66676 21.54715 21.62159 22.67123 21.90731 23.55063 23.83883 22.38283 21.62245 19.46862 18.39197
9.864477 7.197194 2.542222 4.443968 16.43415 3.100232 3.529023 5.742941 7.001188 4.805401 4.137551 4.46563 4.611324 3.657825 3.168854 3.363836 3.84174 4.801828 3.714718 2.747795 4.828997 2.899188 2.708489 2.70494 3.154048 2.416707 2.299501 2.2995 2.843162 7.996578 7.887087 9.146058 15.2325 15 15.22029 15.85717 15.85717 15.85717 15.15486 12.9353 12.93091 12.93091 15.35727 21.42593 21.44447 21.44447 18.63962 16.37422 15.85717 19.56194 18.76917 18.99829 21.66676 21.66676 21.66676 21.48399 21.003 21.04872 21.42898 23.91145 22.92245 21.42542 21.93257 19.25024 18.35148
11.51683 10 10 10.12028 9.031366 5.241938 3.809716 3.433003 6.713891 4.55632 2.591615 3.019537 4.763737 6.312953 7.55287 6.129597 3.830145 4.339916 4.421656 3.427402 2.977562 2.542221 3.011032 3.68971 2.581702 2.6643 2.333604 2.2995 2.564861 7.757921 9.752833 15.72689 15.03874 15 15.00531 15.37629 15.85717 15.85717 19.3555 13.85645 12.93091 12.93091 15.06611 21.44447 21.44447 12.7063 12.36391 17.23985 16.11221 21.586 20.55372 18.94009 21.32837 21.66676 21.66676 21.6279 20.91064 20.80966 19.84184 22.54119 21.11761 22.02116 21.67131 20.59489 22.72631
10.09201 10.38723 10 10 9.508389 10.42667 9.585162 9.590913 4.831212 4.726701 2.865511 2.713937 2.647427 3.068849 3.485596 4.665397 7.271633 6.736268 6.181043 4.505373 3.814596 2.998749 3.695171 3.976511 2.788551 2.781076 2.439308 2.325692 8.334534 13.35292 15.75771 15.8059 15.05743 15 15 15.42164 15.85717 22.60435 26.59628 21.53656 15.47942 13.91455 13.6137 21.33826 21.25993 6.56018 9.52275 19.01642 17.57738 21.66676 21.19182 21.59143 20.44612 21.56605 21.66676 21.3654 20.88806 21.03274 22.83171 21.16258 21.41329 21.33787 18.34654 23.1974 23.93526
10.0009 11.01619 10 10 13.26152 10.86099 10.2049 8.868723 7.990721 7.125118 5.423917 2.576301 3.175315 3.396698 3.257879 2.68792 2.739476 6.208553 6.010396 5.403494 3.348799 3.680358 2.883684 3.366795 3.256365 2.675545 3.01063 2.387412 6.341735 15.85716 15.85717 15.77831 15.01071 14.79255 14.17867 16.14744 22.55365 26.49215 26.36863 25.04266 20.94477 21.15138 18.16282 19.77716 12.61816 13.9459 19.38366 20.75117 18.82122 21.66676 20.56911 21.5968 21.21723 19.43109 21.34078 20.91936 20.88806 20.83022 20.70692 20.7575 22.70693 23.6199 16.9666 20.5115 23.95762
13.52941 10.02379 12.16012 10.10597 14.53643 11.43104 9.939538 7.8799 7.999375 7.986024 7.191744 3.548243 3.316743 3.607236 3.256723 3.044659 3.187088 4.211737 7.398416 8.79889 5.005498 3.445643 3.509318 3.134105 2.940688 3.684701 2.818216 5.128551 6.923677 15.49998 15.41932 15.6355 15.1536 14.98906 11.03817 10.07478 19.72439 26.41151 22.18324 20.95289 20.90943 20.90943 20.91764 19.95577 15.30068 20.19925 21.66676 17.34849 17.41008 21.28448 21.50052 21.66478 21.48779 20.41303 20.81454 20.89424 20.88806 19.88961 20.14797 23.51884 23.47145 23.95762 18.89773 18.26435 23.27783
