STOTEN_Data/raw/AVG_SILT.asc
ncols         250
nrows         718
xllcorner     -2256000
yllcorner     1557000
cellsize      1000
NODATA_value  -9999
[rows 28 to 55 of 718, columns 65 to 129 of 250]
33.56067 31.85291 34.60928 37.23969 35.04741 16.47729 18.78492 41.75706 33.68529 31.88906 27.35349 32.80576 33.27372 33.10387 29.8982 27.79856 31.16091 32.02557 36.13094 38.2958 37.67198 36.70314 37.17691 32.7529 31.63623 31.76534 32.57203 34.58727 36.23763 37.44055 35.69815 35.28665 30.69432 30.1421 30.54148 34.08128 35.34512 33.22144 33.23127 30.60479 33.38808 34.71817 32.99138 33.77003 33.15281 30.88668 31.113 29.91759 27.91679 34.1346 33.56091 31.35134 29.43299 28.85334 27.57643 28.87999 28.91644 33.78684 25.79847 15.73932 18.90768 21.47628 17.36539 16.97285 24.12796
35.74648 35.61316 35.66891 37.81254 37.40124 25.56376 14.42062 34.29878 33.28126 32.11781 31.41799 32.47133 32.67809 33.25782 27.07882 31.48583 31.10971 34.75442 36.91664 37.05466 38.15419 37.24773 34.36353 32.03998 31.63623 32.80582 32.35656 33.41135 33.91357 36.38117 38.15075 38.42322 33.02798 35.39605 32.40141 32.28579 33.3123 30.92537 33.67227 36.39117 35.21176 35.45366 31.19372 33.15294 30.38913 26.21601 28.66967 27.55894 24.52075 26.4119 31.33318 35.86514 29.49986 26.15441 24.87809 30.17986 36.92363 36.45658 27.9735 15.42663 15.44282 16.37659 17.98117 17.74658 22.16213
34.03643 35.29125 37.98515 38.14556 34.69757 31.08237 25.68383 19.47491 34.81161 33.5702 31.72771 29.88738 32.38784 32.29417 26.36338 33.63237 30.9739 35.93512 37.28241 37.82016 38.06043 34.54038 33.82015 31.63623 31.63623 31.91391 33.68031 32.6669 33.62211 33.16222 38.5 38.5 37.79972 32.5307 33.3899 34.28488 36.62048 35.66161 32.98892 29.86429 33.3528 36.80956 33.51043 28.12569 30.84958 32.42601 27.25149 31.7779 30.66005 30.1375 30.58648 36.12941 36.71733 36.92363 35.83528 36.04166 36.92363 36.49134 24.74103 15.7409 15.55131 17.06001 24.52761 23.22477 25.13494
33.53105 34.9902 35.17776 29.87097 25.92861 23.42776 30.17754 38.04893 22.69422 24.38087 25.20412 30.17662 32.14317 31.6593 28.65662 31.54897 31.24263 34.70897 35.92399 36.61018 34.60072 35.22693 35.0542 31.63623 31.63623 31.63623 32.0249 33.01846 33.8594 37.95002 38.25771 35.35795 36.8827 37.11866 35.57946 36.68998 34.64128 30.86957 35.39695 35.81921 34.74558 36.17445 31.6701 27.82677 27.2265 23.1799 26.78516 28.13112 29.36093 31.73376 27.33376 29.82524 29.1876 35.0093 36.73182 35.42092 35.29437 36.92363 28.49392 26.85411 31.05482 24.5409 25.26705 24.90318 24.24615
33.66386 32.24964 32.17572 34.33136 37.47758 32.09539 32.60024 39.66118 38.84415 20.69871 13.96082 16.32889 31.29865 31.76379 33.26098 33.68668 26.49931 31.70552 36.1553 36.68542 34.27816 36.50468 33.51035 31.63352 32.43746 31.64463 31.28936 31.06555 31.15659 34.31831 31.71833 30.58228 30.65729 34.80827 35.475 35.46934 34.7392 33.32508 31.1202 30.01009 34.77818 35.79398 33.84942 34.22107 31.89467 34.27703 34.16773 28.85014 28.50077 32.83951 35.49422 35.50584 35.83001 34.24234 35.42702 35.26653 36.67208 36.92186 34.9472 35.01047 33.93649 36.64187 28.85503 23.77204 24.79332
33.60203 34.57883 34.05366 34.88992 34.25574 34.88825 36.31779 31.59499 38.015 35.08818 27.16324 20.92529 21.69495 24.41155 36.20473 34.81705 32.13158 33.96315 33.99239 33.52396 30.06615 31.81126 31.23771 31.63529 31.80573 31.18137 30.6384 31.62078 29.32861 32.1796 31.40982 30.39896 30.35156 34.07708 34.96935 33.51274 33.51789 32.36971 30.87351 27.73177 29.01207 35.81911 29.83114 29.40223 30.61086 35.37061 36.11974 36.45975 35.74906 35.51271 35.50584 34.96071 35.27964 28.17897 24.27358 31.03019 33.9348 35.09465 35.51438 35.76857 35.4417 37.85254 36.98597 30.41806 30.31235
34.34549 35.10094 32.27271 31.5776 31.95073 31.3479 26.70973 21.64595 35.97204 40.33136 40.91533 41.28172 37.85515 22.16969 36.69499 35.61404 32.03157 30.01092 30.74763 30.00356 32.23033 33.57955 31.63623 31.63623 31.63623 31.50981 30.39703 28.14236 31.2378 31.63623 31.63623 31.13212 30.67246 31.08127 33.19516 31.39125 30.64548 30.73168 30.41708 29.96982 29.01058 33.4667 36.43786 35.17587 34.4645 28.56739 22.62882 25.09188 27.75507 24.29901 25.52532 24.00409 22.83902 15.32182 15.19998 15.19998 23.00393 31.19194 29.99375 34.72775 36.95496 37.25968 37.45039 37.70287 27.76808
36.42215 37.6852 36.33342 36.83882 33.71844 35.27946 31.83057 31.72425 35.04914 34.85279 36.30355 37.60221 38.41104 31.26414 32.97295 31.28673 26.15388 31.07865 31.97323 31.63623 31.63623 32.19105 31.63623 31.63623 31.63623 31.63623 32.66717 33.77477 35.96563 32.89916 31.64035 31.63623 31.4995 31.04414 30.79709 30.67811 31.72985 31.4236 30.65658 31.50748 31.70357 23.88921 26.65156 28.31812 31.86754 28.10385 15.22171 16.23404 19.07001 15.19998 15.19998 15.19998 15.19998 15.19998 15.19998 15.19998 24.03579 33.92348 33.67198 22.55186 28.47924 34.29725 30.37499 22.91166 25.86878
39.54681 37.99611 37.51619 36.71229 37.67517 35.98495 36.23554 37.20515 36.14325 36.06844 34.53561 34.64686 35.66655 39.56726 25.44115 29.44025 28.54416 24.87934 31.63623 32.14955 31.63623 31.63623 31.63623 31.65202 32.05158 34.36076 35.73012 34.84601 38.16627 36.56236 32.62598 31.65048 37.44915 34.97066 37.7935 36.23852 36.46891 34.13096 30.75359 30.47217 30.51304 31.50901 30.33933 35.91169 35.1845 20.58388 15.19998 15.51498 16.34047 15.19998 15.19998 15.19998 15.19998 15.19998 15.19998 17.21073 33.26917 34.52148 34.52148 26.89528 23.49084 18.99473 15.46403 22.91669 21.99193
38.08149 37.50575 39.22207 36.40201 32.75123 33.46735 36.36629 35.86327 36.80033 36.21401 34.53091 34.75455 35.06864 39.37916 20.71946 26.39129 32.58669 29.65953 29.3197 30.46598 31.70655 31.63623 31.663 32.75598 37.2707 38.5 38.5 38.5 38.39822 37.53701 31.90597 33.84983 41.68499 38.34703 34.75389 34.48263 32.33163 33.12959 31.1243 30.87282 30.5649 34.59199 35.50584 35.61785 36.15987 26.30332 20.27465 20.90644 15.19998 15.19998 15.19998 15.19998 15.19998 15.19998 19.70347 23.53568 31.29093 22.92856 24.24243 27.18897 27.64108 30.99917 23.73723 22.70527 22.2439
35.03104 36.39583 37.80007 38.69713 34.79769 31.89415 35.30132 34.2175 36.54254 35.57696 34.91154 34.70673 35.05294 40.61555 24.3174 29.07399 36.02686 36.19168 34.58651 33.18922 32.27596 33.13013 31.63623 32.62403 37.70205 38.5 38.5 38.5 38.5 38.39293 35.86705 35.27576 41.38673 38.28621 36.7445 35.95485 34.46262 32.49296 31.22629 31.64009 31.96071 35.01659 35.21136 35.50584 35.50233 24.74981 21.42369 29.73289 17.79913 15.72787 21.98962 15.4142 16.66842 20.40133 33.15545 27.42776 24.63309 33.66167 28.18017 29.10318 28.44549 26.40099 22.60103 17.97996 21.76083
35.12169 35.40073 34.73674 35.5961 36.5592 33.66156 32.5211 30.15021 35.86389 35.64188 36.27974 34.29262 35.03695 41.06477 25.98924 33.27988 37.49503 34.62565 33.40809 33.43877 33.96062 31.8336 31.63623 31.63623 34.61786 38.48284 37.59742 38.47323 38.21278 38.20251 39.6377 32.87721 42.60007 38.41619 35.82724 34.57474 31.59176 31.60993 31.47484 30.88715 30.56378 33.28255 35.44894 34.90294 33.3367 20.52021 30.98791 25.96963 26.22662 35.55586 35.65911 31.06208 33.0439 29.56018 32.84938 29.75035 33.47526 34.52148 34.52148 30.25718 31.70127 36.02419 29.10494 15.79745 18.3644
32.21734 29.69237 29.75471 35.40062 35.24277 36.38105 34.42953 34.32611 34.42522 34.88574 33.74034 34.47647 34.93248 36.23732 15.92045 36.72962 37.18301 31.93224 32.10701 33.04652 33.90434 31.63623 31.63623 32.16474 32.54637 32.25809 31.63623 32.78797 34.35634 35.89737 38.83943 37.53179 39.18965 38.50943 38.42862 36.20675 34.92305 31.12919 32.00251 33.62809 33.38382 36.01871 33.88305 33.14478 30.49987 31.67628 25.99095 28.63474 35.51137 35.50584 35.50584 35.50436 35.28211 35.22469 35.33234 32.17177 32.76201 35.92865 35.62333 35.07369 36.67786 36.92363 36.52826 21.90962 22.83351
33.71516 39.72652 26.96942 28.41331 27.50543 22.96848 21.23365 26.39308 32.4417 23.12754 28.75233 29.96002 34.86341 34.11309 17.30469 37.41178 34.94775 36.81373 32.72249 32.66882 32.75751 33.60767 34.48929 37.82349 38.48147 33.74874 31.79189 31.782 31.61898 34.41718 35.96587 35.40344 35.76699 34.7728 37.73865 36.52186 34.50529 32.29035 32.73804 35.7261 33.01394 33.79994 31.23566 33.05349 34.45568 34.43293 32.09502 33.6946 35.55773 35.50584 34.37337 32.7172 33.23225 35.67049 35.02138 34.61156 34.58442 35.7634 36.87415 36.80785 34.83088 36.69471 36.92363 34.49814 26.93675
31.12339 37.02145 35.7604 34.59978 35.43748 34.00031 34.68203 34.40982 35.41169 42.48692 48.25304 23.36546 13.9909 18.28837 17.85015 28.43971 23.63601 24.85451 26.77249 31.9442 33.87572 36.78393 37.16938 39.01685 37.91997 36.29882 37.84395 34.26007 33.88705 34.94988 34.73444 32.53031 33.46709 31.65918 33.44552 33.65623 31.85038 31.62987 31.74511 30.84577 31.10484 30.91405 28.8104 32.27045 36.09437 36.72475 31.10789 32.24157 34.0575 36.74867 34.17514 27.41002 29.41456 36.4073 36.5343 36.71465 36.59309 36.1398 35.10016 36.28106 35.68101 36.36011 36.91547 31.86246 25.40543
36.34569 33.98195 31.19108 34.34782 28.39299 29.63596 30.25194 30.39792 29.78064 31.56383 30.94412 26.73896 27.09268 9.514256 16.46224 28.83701 35.48255 35.94622 35.65787 34.93476 35.09681 35.18303 37.25342 39.49611 38.06031 37.37539 37.04665 35.13036 36.37411 35.67051 36.07171 36.60831 32.88721 31.69196 31.63623 32.90328 32.36173 31.60874 31.13482 30.6776 30.65255 30.5142 33.31969 36.53585 36.92366 36.92366 36.71655 36.77891 36.70818 36.92788 26.6673 33.77033 36.85305 36.92368 36.7429 36.92363 36.92363 36.83717 36.71417 36.92075 34.3558 26.0327 19.33783 23.92975 21.94062
30.61612 29.82535 22.30026 27.89405 27.16813 26.96319 27.5503 27.71395 27.97635 24.5445 26.4022 29.77167 28.34488 22.4058 12.79508 14.50395 31.73171 35.64082 35.20673 35.98086 37.78406 39.0535 39.34525 38.7191 37.78475 36.37474 35.6324 34.54365 34.52156 33.19102 33.09343 36.32386 37.72334 36.61518 32.83444 31.67808 31.99863 31.89919 31.89849 33.19075 35.02262 36.10448 35.34004 33.15803 36.90682 -9999 36.7987 36.80764 37.06462 37.01971 36.93192 36.92368 36.92368 36.92369 36.92368 36.92364 36.63076 35.83833 35.82368 35.14748 35.50491 27.46946 17.39837 25.68114 25.2824
22.21437 19.35143 24.77007 26.88595 25.46578 27.13445 23.7228 27.0638 29.12033 26.43644 30.12112 28.55043 28.15977 34.12657 21.49216 25.88762 31.6049 35.4627 38.38263 39.29771 39.5 38.15672 39.5 39.07934 41.35206 40.42712 39.44548 37.06264 34.51981 33.16172 32.7564 35.5243 37.5056 37.50063 36.91145 35.26687 33.30417 36.62403 31.01802 30.94202 33.20502 34.64283 34.5938 34.46021 35.24665 35.20425 34.78625 34.68216 34.64284 -9999 36.91786 36.91872 36.92366 36.92364 36.49919 36.65671 33.36012 32.20999 36.38915 35.4989 30.12074 26.72055 21.41199 21.55636 23.40103
23.72508 19.4527 23.92013 25.31601 27.31899 27.01567 22.27424 26.25904 23.7047 22.42631 29.17689 28.19875 31.77263 16.56987 15.257 35.66304 37.96437 39.5 39.24622 39.22232 37.4 38.02198 37.64907 41.74081 49.83493 51.30519 40.85524 39.3376 36.32272 36.48348 43.13061 46.31935 36.82384 35.43008 31.98899 31.35013 30.48023 30.48023 30.48023 30.48023 32.68433 34.64283 34.64283 34.29484 34.64283 34.64283 34.64283 34.64283 34.64283 34.33137 36.89051 36.92368 36.3979 36.19959 36.57145 36.70364 36.7413 36.92363 32.41815 27.92571 19.083 26.43345 26.79859 21.19872 21.07543
21.63148 23.18009 25.30312 27.68053 31.26957 25.42203 24.10408 24.44767 23.60893 24.57728 25.40581 17.14041 12.88332 18.81615 33.29647 39.20968 39.41546 38.23852 35.94 36.31325 36.10519 35.98119 36.29869 36.17084 38.00294 48.63712 46.8262 40.64462 41.65926 38.79907 48.90651 43.41161 36.22683 44.26417 39.20187 37.17348 32.83171 40.69944 39.05733 35.37919 35.76097 34.28854 34.64283 32.73386 34.40056 34.64283 34.64283 34.64283 34.64283 26.91081 25.35254 29.3412 29.26938 27.93965 36.31683 36.92363 36.92363 36.92363 31.66434 15.19998 16.28131 23.16002 25.52999 23.28304 23.40466
19.59231 25.04497 25.14542 28.02229 29.9269 21.73886 24.85956 22.04829 23.3521 25.0617 24.41253 19.29653 26.13823 37.38171 39.16231 39.5 37.06989 34.95689 34.68382 35.41807 36.05552 35.90627 35.36305 35.93914 36.77511 37.16985 40.915 50.38794 52.04437 45.87605 52.10103 49.41192 49.40435 49.16171 41.66425 39.5 36.58166 34.8018 37.33291 38.62963 37.71679 36.02095 35.3867 36.26446 34.64283 33.9189 34.24493 31.76575 30.10173 23.77771 23.75349 23.65048 23.86102 25.45721 28.24226 27.28704 27.02779 34.2636 34.43028 22.45076 23.28153 19.07786 19.08859 22.94478 23.59998
26.84267 26.1812 25.44043 27.06217 27.91178 21.61592 23.06597 26.05043 25.95943 25.29078 24.80366 20.42236 26.94514 33.96242 35.75847 23.79932 34.08909 36.62479 35.55949 38.49604 37.47946 36.85049 38.97541 36.51244 36.0028 35.6857 48.55199 52.49229 41.19619 46.97483 50.37424 49.41192 49.41192 49.41192 45.74451 39.47846 38.04285 39.03576 38.51467 38.60246 39.42357 38.52124 36.8735 42.91862 37.3271 25.95409 27.10147 26.50633 27.57325 23.96665 24.60129 24.3589 24.55103 24.67057 24.67057 24.67057 26.64873 31.43513 29.42373 36.04966 26.05893 21.56252 22.54935 22.96914 23.59998
26.72302 25.47904 25.3054 26.22041 25.87507 24.01836 24.70414 28.37539 27.63836 28.16396 32.65789 31.88434 30.55738 24.85592 35.40014 25.08211 38.49401 37.87225 36.83139 36.96549 37.2016 36.17569 36.542 36.87979 40.29749 39.87389 47.93896 49.41192 48.54779 50.1207 49.41192 49.41192 39.56002 49.41192 49.41192 45.06209 37.50534 38.03022 39.5 39.42294 39.5 39.5 35.63011 39.07302 39.5 33.49992 24.71277 24.59935 24.66168 24.33474 24.45486 24.67057 24.67057 24.67057 24.67057 24.67057 24.67057 26.98384 27.54973 35.20226 30.19934 25.548 25.11939 23.70798 23.55895
25.6387 25.1518 23.76602 24.79342 26.27918 24.92199 24.6556 24.69422 27.16466 27.82862 29.54361 33.33812 41.47419 51.77677 50.80461 30.30048 35.93042 35.57962 35.64556 35.2048 34.74947 34.53521 34.31726 40.1931 49.41192 47.90709 45.2499 47.44935 48.73951 48.19318 49.41192 49.41192 49.29185 47.97304 49.41192 43.19802 31.16004 35.78734 39.5 39.5 39.5 39.5 38.25713 35.4743 38.32085 35.55916 28.90667 24.67057 24.67057 24.48881 24.55001 24.67057 24.67057 24.67057 24.67057 24.67057 24.67057 24.42198 24.55725 29.69539 23.39945 26.75373 25.39465 24.21019 23.42875
24.25929 22.53103 22.80718 26.06791 27.15941 24.35463 26.32058 27.62216 27.3322 31.55889 29.60096 36.87587 37.8499 33.09085 32.9493 34.10595 39.5 33.14785 33.63935 34.26522 -9999 34.26521 37.30779 46.4465 43.75744 39.94664 41.46723 42.32025 46.49529 48.49537 49.41192 49.41192 47.47674 41.92942 49.41192 45.88612 27.28273 30.17154 37.71053 39.21198 39.5 39.5 39.5 37.58118 35.58067 38.59105 25.23656 24.21737 24.52812 24.67057 24.67057 24.67057 24.67057 24.67057 24.67057 24.67057 24.67057 24.63223 23.56247 23.45151 20.74937 21.61141 23.03819 23.17799 23.33277
20.59551 23.26931 24.14466 26.98642 30.53972 23.44003 27.51949 27.71189 28.48835 33.74141 35.07989 22.94513 28.30491 34.66164 39.02155 34.78991 39.43682 37.82898 29.06424 32.01586 29.70831 40.22438 36.06488 38.29577 39.49104 41.16029 39.02754 40.76485 44.96352 47.07952 49.41192 49.41192 47.01648 45.7177 49.41192 44.8547 38.76038 38.05011 32.71941 36.18222 37.43267 39.5 39.5 39.49242 38.17944 38.52607 33.1813 23.9712 23.97152 24.65338 24.67057 24.67057 24.67057 24.67057 24.67057 24.67057 25.79304 29.68758 22.84073 22.59676 20.51017 21.58338 23.08093 23.09998 23.09998
22.53881 24.72106 25.94215 26.53527 28.86132 22.09795 24.53086 26.09227 30.33179 27.0724 27.40362 33.81367 32.37635 35.25834 33.94965 36.58271 35.24103 35.96943 38.91199 36.56988 38.80713 38.14599 39.5 38.389 38.50033 39.58519 38.66413 40.46139 43.89381 44.63923 49.41192 49.41192 49.41192 44.35247 38.02722 29.99891 29.87029 26.7851 32.81877 34.29521 35.76325 37.81077 36.81121 35.28521 35.93432 37.42384 36.61765 26.81409 24.67057 24.67057 24.67057 24.67057 24.67057 24.67057 24.51368 27.24065 32.81618 35.07694 23.54517 23.19096 22.57123 23.30634 23.10115 23.09999 23.09998
23.25229 24.96247 25.39495 25.13724 24.16249 22.04865 22.889 23.44308 22.75713 29.38243 35.13914 40.08756 34.98571 39.03843 38.86152 38.33462 39.49337 39.5 38.89996 39.06541 39.37115 39.5 39.5 39.5 39.09333 39.34967 38.80477 39.60654 39.56615 41.82936 39.84761 44.58754 45.08634 34.93046 37.97778 31.82987 31.66582 39.09272 36.16327 36.58814 36.69829 38.8867 38.13254 37.45923 38.21866 36.8998 36.7754 37.06374 32.85645 29.18884 27.56146 26.56821 25.47651 23.95481 26.01462 29.99287 35.40001 35.51563 32.8568 25.75769 24.78957 25.61231 28.23672 23.39558 23.07953
