STOTEN_Data/raw/AVG_SILT.asc
ncols         250
nrows         718
xllcorner     -2256000
yllcorner     1557000
cellsize      1000
NODATA_value  -9999
[rows 0 to 27 of 718, columns 65 to 129 of 250]
36.50631 36.36344 36.41648 36.54018 36.76138 36.68908 36.98504 -9999 37.31915 35.35151 35.51482 34.56086 34.85453 34.02013 20.52511 23.27685 22.1383 22.84836 34.64934 36.55625 36.09571 34.13979 33.77144 33.77143 34.56059 35.52673 35.33044 30.3876 32.37583 34.25584 25.38768 33.36695 28.57036 34.52438 32.34939 34.43897 29.87874 14.97743 13.79815 18.70941 23.41509 23.77843 24.18969 24.18969 21.4133 19.09998 20.89398 29.79163 38.19589 28.95447 31.65513 31.2251 30.74137 27.39521 15.19999 15.19999 15.19999 18.61825 18.17987 19.81543 20.40592 25.70859 31.23649 30.27103 21.43461
36.57705 35.77399 36.556 36.02579 37.47448 37.89996 36.99905 35.44462 36.38021 37.03542 36.6161 37.28641 38.25957 34.20204 25.70751 30.60959 37.95995 34.46062 35.78352 36.55625 37.22067 36.46665 35.76359 35.27424 34.56056 35.04444 36.0894 35.72312 36.50311 36.75839 29.20748 27.57219 34.74214 33.54066 30.53496 34.65238 31.64159 19.10571 15.38128 18.89491 21.66831 24.09642 24.19051 25.55742 21.04667 19.09998 23.52028 32.79403 30.41453 29.49954 32.41867 35.46838 28.3586 24.83652 25.68166 23.14536 18.72025 19.48654 19.06312 18.64713 17.35383 19.73408 28.54798 29.68741 21.59377
34.38175 35.736 34.76266 35.36861 35.06747 28.82726 24.89445 34.87551 34.60981 34.4472 35.18394 34.66683 37.1533 36.45447 33.97083 34.44077 38.79285 37.0945 35.89277 37.38077 38.69061 36.47972 36.26262 35.77466 34.7722 35.77353 36.4758 33.73357 28.27661 34.59158 33.27661 27.91171 32.05545 31.50735 23.86078 35.61848 34.29793 23.39239 19.1029 19.09998 26.01943 20.40556 24.87181 31.1905 29.89175 23.39456 27.35339 32.37559 28.81771 28.4343 30.00089 30.92492 23.89149 22.39775 31.53415 28.47241 18.84476 18.17354 19.03742 19.04879 17.98467 17.69349 24.4241 24.46115 18.4225
22.70125 30.70131 35.95116 36.89192 36.10875 28.72017 32.26889 31.61922 31.4135 31.83957 35.23647 33.42351 32.51751 31.07687 23.7441 34.80121 38.24182 36.62901 35.42894 37.10877 38.01224 36.10701 36.19283 35.03894 35.31926 35.67373 35.6803 35.67715 31.83534 33.63282 35.62751 29.89785 26.54356 23.46254 34.23392 36.78175 33.92495 33.42589 26.02201 24.08868 32.75747 21.49592 22.8126 30.67602 30.81325 23.96126 30.81207 31.8935 29.41391 28.59322 32.224 32.4154 26.69291 31.99152 30.32688 18.69399 19.06322 18.19644 19.09527 24.54101 18.92988 16.73283 24.13586 25.41294 17.38618
30.64901 36.30265 35.50243 36.97822 36.36295 32.48527 33.98819 31.01774 30.15874 32.68817 34.27652 33.90516 33.98213 32.12962 34.06328 34.41131 34.50977 34.77854 33.54091 37.3043 38.63259 37.22808 37.10842 37.25221 36.08566 35.10556 34.95565 35.59975 35.66323 35.84399 34.79388 35.96679 36.66475 36.85121 36.81008 37.1548 34.47388 36.76858 36.89034 36.00583 35.93156 35.14383 30.0299 33.15404 35.68837 35.345 31.4694 29.25138 28.48565 29.98786 33.14743 31.82497 33.72981 36.87619 32.13306 20.05505 17.15997 19.37842 19.77501 23.39026 24.77452 16.99831 28.9219 27.51654 23.56985
24.31653 29.62317 36.22641 36.68804 37.07306 29.24078 33.99544 32.86308 31.81979 31.9501 32.42326 34.43041 35.81812 33.05037 35.00418 35.26103 34.55566 35.74711 37.0838 37.28304 37.53813 37.04141 36.53211 36.84216 36.08562 36.50876 35.76987 36.15385 35.50198 36.96856 35.72663 36.4816 36.14473 35.63962 36.56664 38.15032 37.71325 37.24749 37.16422 36.92815 34.48264 35.43721 34.8895 32.0144 33.03465 27.41852 28.15331 28.55193 29.73635 30.34506 32.46247 32.10077 22.86258 22.32103 23.23229 22.2734 19.43641 23.15547 25.5562 25.11155 30.83973 29.77008 29.58189 31.24974 31.24974
29.03822 33.19177 36.40288 40.80941 31.35488 29.179 29.4068 32.64237 29.52503 35.04401 33.30697 33.57503 35.74274 32.10222 35.47711 35.21655 35.33031 36.30394 37.18906 36.91426 37.89019 38.77694 38.69818 37.24693 36.18925 36.22485 37.38907 34.89706 34.43459 35.81018 34.9799 35.31855 32.43872 25.81693 28.73995 36.41474 35.10695 34.73173 34.2009 35.54165 32.00003 32.6081 34.72781 32.37294 28.78594 29.91883 32.64909 30.24495 32.02063 34.89019 32.54568 28.04501 15.21736 15.19998 15.31238 17.48599 29.83263 36.53989 33.34513 24.49215 27.33106 30.97497 31.22511 31.24974 31.24974
20.87571 30.8567 35.44247 38.00266 33.64219 28.28233 27.54133 31.17499 27.49991 33.71528 36.02679 35.35043 30.65571 30.79868 35.70915 35.20702 36.18479 36.36071 36.80046 37.2316 37.42658 37.66272 37.875 38.22195 38.74095 38.10587 38.79492 33.02187 34.50283 38.74039 32.99209 29.4863 24.16117 26.4518 28.79708 33.97042 35.19709 34.60489 33.75801 30.74483 28.37082 32.52633 33.41465 34.98407 33.21021 30.73516 30.29223 30.66005 32.64273 34.36131 24.16519 20.51209 15.30973 15.45478 16.11831 16.53194 24.26687 28.09034 24.79371 24.40833 27.90691 28.36159 23.89427 29.26326 31.32159
20.06216 34.83559 34.92392 39.52436 32.64999 30.83025 33.32327 34.822 28.60084 23.79567 31.59236 36.31874 35.30579 32.78637 35.29433 35.96057 36.59234 37.3811 37.30005 37.30005 37.26558 36.96474 37.14778 37.30005 37.39116 37.91008 38.20795 38.33421 41.46141 40.08709 23.1428 21.73663 30.63085 30.44108 35.49852 35.74938 35.7426 35.23538 34.88434 26.14518 27.15276 29.06404 31.02564 31.45849 33.63473 29.7911 31.092 33.811 34.32364 34.75777 31.35603 31.68824 26.9849 17.97049 16.30703 16.70335 15.98159 16.04204 16.99245 18.37395 27.14622 23.81252 19.67414 24.51695 31.14984
24.61067 36.9991 36.50097 36.02689 36.78679 39.97276 29.96986 32.92088 33.876 32.15843 36.28249 35.03443 36.95684 36.0859 37.06846 36.81821 36.37881 38.54591 37.30005 37.30005 37.2933 36.62352 36.66174 36.95252 37.18658 37.212 37.11528 36.2728 28.13675 39.82152 29.47639 26.37042 37.02691 31.51251 33.20025 37.27857 36.28373 34.42292 36.28696 32.37209 27.05082 23.23614 26.08508 28.3193 33.26831 32.51555 33.00801 32.99812 33.73394 34.2454 34.79558 35.84763 26.27842 30.17943 25.72985 16.33092 16.3032 16.89303 17.20928 17.29339 22.79838 23.69274 21.79885 19.11109 28.66853
30.28434 35.5265 34.87005 33.54723 34.15376 35.09239 31.79447 30.20978 20.59 29.55121 37.25216 31.59855 37.57565 35.83334 33.40372 39.99361 38.62513 33.79066 28.32612 31.06173 29.32116 32.88445 32.94442 36.82441 36.91315 37.06181 37.14767 35.82747 33.89735 41.08401 35.20781 31.39507 36.46914 36.24532 37.45012 37.23161 35.71325 31.52739 34.48025 31.94541 28.45344 28.64441 29.12506 31.99839 32.14714 31.6595 32.85649 33.15285 35.92005 35.08937 28.30943 19.0809 23.34609 20.01431 16.30891 15.76643 15.24407 15.52091 16.23864 16.45354 22.43874 23.92334 19.42535 21.92235 25.21549
35.37218 34.38464 34.37996 35.01103 34.84217 31.49302 28.45789 20.68479 25.45332 37.75719 37.32076 33.23723 36.6624 36.58902 35.62297 37.87112 36.45108 33.47082 25.00667 30.87798 26.37735 22.65154 19.62297 22.73769 25.968 30.29756 34.82421 32.79673 35.01338 36.55533 36.98554 35.08428 35.64021 35.63213 35.88553 35.14549 35.44916 34.20399 35.55152 30.70605 30.43521 30.69947 31.67823 33.81731 31.41724 30.74941 30.86177 31.87843 34.14158 32.01556 26.87938 19.91749 33.8898 31.05334 25.08416 16.12138 15.19999 15.85844 17.41651 21.06783 20.18749 26.81665 26.19005 17.83382 29.01297
36.15598 35.59837 34.39467 35.41291 35.41801 36.70356 37.35013 35.44587 34.11693 36.91344 37.51128 27.95657 38.60965 34.70278 38.38336 36.85994 32.20688 38.39732 29.42629 38.64233 43.13906 46.95993 35.71645 31.5182 31.19476 29.327 32.25204 34.60064 35.76163 38.31336 37.95711 37.5916 37.2485 37.44224 36.47595 36.90773 34.40765 35.20008 32.00999 31.54062 32.43799 32.63464 30.82541 31.78066 35.21775 33.24568 35.70172 36.05025 31.94418 28.86684 23.35234 27.7428 36.10262 33.44158 33.44293 28.98482 15.25598 16.26319 16.47805 17.6751 20.14578 22.62311 21.0311 18.65265 34.21314
32.96439 35.06101 36.31754 36.96602 36.54446 35.9403 35.34448 36.05377 34.8001 35.10145 35.42368 33.53298 34.10228 35.56591 39.23463 32.67867 32.19509 39.42176 37.06967 38.64269 42.652 37.97334 33.99049 32.97044 29.71023 31.50894 30.09236 33.49929 37.20456 38.47073 38.46 37.71441 38.21993 35.95914 32.73496 33.27475 32.25691 31.98948 30.99916 31.53155 31.38041 34.43399 33.96156 30.86635 32.02662 34.93457 36.12875 34.61851 35.69223 36.2403 29.27591 21.8085 15.2 21.78759 23.24801 20.76993 15.7616 15.60555 19.18694 23.08834 24.29749 24.5458 19.47969 21.50026 34.85938
29.13063 34.08623 38.43716 38.72868 38.42483 38.63401 35.3321 38.06087 34.60917 35.78025 35.25229 35.20667 35.28888 35.85485 32.64187 31.81186 33.33304 37.07454 32.58161 36.02184 33.86762 30.43387 31.2062 32.47198 34.1044 38.5 38.5 37.40184 38.5 34.38129 33.55829 35.25827 37.62812 35.37976 30.95668 30.63898 30.23177 32.96495 33.63482 31.3229 30.17944 31.83445 33.14857 32.87878 29.80315 33.07825 36.39464 31.90182 31.53989 35.46877 33.18943 27.05837 15.70715 22.29461 23.54617 21.55016 20.2296 18.19926 19.73045 24.53777 24.5458 24.36107 20.07338 22.27505 34.11787
35.26935 31.82513 32.45009 31.27299 30.4932 35.98411 36.55608 38.06146 35.17544 35.54862 36.99806 34.53679 33.8797 33.47748 34.62867 34.53591 33.76671 35.00504 29.45182 35.82175 31.76442 33.36975 31.60563 34.06787 32.26154 37.85155 37.33953 37.94746 38.5 27.93358 37.35465 35.40217 37.1855 37.79349 34.93953 35.73139 34.11238 38.06428 33.75818 30.28566 33.10221 31.7313 34.41792 34.268 36.1567 34.2328 31.2896 33.42366 31.26356 34.30399 33.66798 28.40731 23.38549 21.58463 29.69434 29.82686 29.59715 23.67999 17.92809 22.30646 22.84328 20.09957 19.33885 25.1812 26.83112
36.32244 36.22341 35.34579 33.90709 29.95222 16.28169 31.33411 37.79765 33.8212 35.05606 36.07655 34.09447 36.25058 34.25729 32.65945 33.35036 32.80421 32.43908 23.64828 32.93573 33.87635 36.93184 29.3208 33.40564 37.27029 38.64195 38.52785 38.48932 36.84962 29.78507 36.53574 34.90863 38.76088 36.45626 35.25344 36.70519 36.11852 35.25608 34.86551 32.33078 34.81396 35.06234 35.20352 36.18569 36.74926 34.1675 31.28094 28.36352 32.34772 31.65669 30.81694 20.56993 18.82396 24.04805 17.2507 21.02456 23.43542 26.57412 18.56408 19.04155 20.67217 23.41978 28.985 27.09222 29.8792
34.40465 36.33081 34.87064 33.77619 38.94674 15.52424 29.09877 34.02111 33.67164 35.77419 36.49284 34.85271 36.60971 35.87822 33.78595 35.25877 30.79141 30.31467 27.95165 33.52877 32.37702 28.02484 31.91229 33.63739 35.81861 34.86272 35.5214 36.99912 37.44477 35.75509 35.58942 39.07156 40.44593 36.25298 33.55754 35.30969 34.61174 35.49902 35.78468 31.73956 33.27726 34.84628 32.96383 33.46755 34.11442 35.18725 34.85613 35.34126 34.79916 32.62878 30.0247 29.69501 32.08616 21.38037 17.1438 24.00942 36.29313 30.06165 25.40632 21.47787 29.10088 24.15954 27.24851 30.23936 36.16216
34.62085 36.47339 35.73692 33.67528 37.85306 16.01402 31.85667 33.41259 31.22031 32.68322 35.78206 33.06028 33.42434 29.01212 36.12135 33.17752 30.73819 32.4796 26.80239 32.25089 35.37936 32.52052 34.24876 36.36407 38.4211 38.45764 38.1909 35.05123 39.42553 35.00206 35.95472 40.72671 36.46226 33.60467 33.78553 34.23723 33.81272 36.74374 34.97118 33.4057 34.87909 36.1825 33.13192 33.30753 34.62285 37.44829 34.79834 33.43232 31.5394 31.41578 33.81609 31.59065 30.74713 30.75916 17.51719 20.82202 28.36616 33.90581 27.66548 21.98695 32.11678 24.44514 21.30709 25.02161 34.94761
38.41552 36.97694 33.74851 37.94273 28.53005 24.52836 31.92748 33.27615 27.71496 32.93917 32.96365 36.93641 31.92317 34.41807 34.47779 31.29064 31.34138 28.3535 27.62589 32.77132 34.8431 37.27431 37.42274 37.15044 34.39755 34.26694 35.89888 35.8788 34.46363 37.05323 35.16565 33.81635 33.91929 35.96985 32.61812 29.61627 30.94258 30.49157 32.2967 32.65277 36.66157 33.41088 30.07777 32.76453 35.47457 34.14893 35.1336 35.51656 36.54413 35.4913 35.76084 32.04073 26.97039 23.35362 25.7741 25.76569 21.6362 32.30058 28.70182 18.59206 20.21736 26.92025 17.81219 20.33441 26.55745
39.20149 37.37988 38.02879 33.50757 21.56034 26.31617 31.3456 31.05066 30.34476 33.53114 32.96523 34.3462 32.32563 34.4201 32.46828 29.88878 29.57734 26.17839 31.65631 35.11035 36.17478 36.77834 34.60457 30.58345 31.13051 35.46392 36.37939 35.0654 35.78052 38.05629 38.09341 34.34069 34.60999 30.16233 30.07795 32.81453 35.74936 37.5934 30.70752 33.03474 35.37033 32.68132 32.44732 35.01434 34.76761 32.68287 35.68156 35.0519 35.23312 35.00818 36.00361 36.28052 36.45563 32.39291 31.85658 30.61771 27.90835 29.20989 33.36362 31.46381 18.76206 18.87219 18.82709 19.77994 24.76361
39.05379 38.2112 35.43803 34.70638 27.49131 27.97357 30.05109 29.77595 32.37249 33.9893 33.3472 32.71126 31.39958 35.36482 31.97309 22.56529 32.90915 25.86786 32.28156 30.71599 36.81209 34.55119 34.18314 35.66283 36.82708 36.71788 37.82071 36.08562 34.3488 29.72612 29.33332 31.2109 32.45103 32.25428 32.66339 34.77765 33.45241 35.97814 35.39458 33.69854 34.40334 33.40303 28.97165 29.6964 30.87347 34.77246 33.95131 34.56412 36.03623 36.65739 36.51959 37.18282 30.47449 32.5455 32.5445 35.96471 28.91154 35.87029 21.86285 28.17295 26.90357 17.81821 17.81821 26.08816 22.60192
38.44439 34.9831 25.43554 40.12426 40.13111 20.52824 30.89009 30.01207 31.94861 34.25055 33.56083 30.06749 34.74287 35.56467 31.9989 19.55212 28.19289 30.79771 32.56372 34.61934 33.45266 31.25789 38.57004 38.15708 34.75181 37.86924 37.11137 36.99218 30.52286 35.86536 38.41731 34.87236 33.89202 31.42457 35.08971 31.38081 30.17554 34.57773 29.94573 30.11098 28.64648 27.84281 33.45843 31.7642 32.00356 31.19958 34.12682 33.76477 32.62289 33.1288 34.40606 34.15752 33.86717 32.74121 27.58732 32.4464 33.09207 35.29999 26.33385 36.57603 33.74245 23.77725 21.85512 28.96865 22.9708
39.69779 39.63908 40.77465 40.41552 28.25151 10.10832 32.2827 33.66716 32.45991 33.99682 30.69943 27.15821 35.41314 35.03042 32.26316 29.18106 24.12276 28.23491 27.45847 29.15779 27.58168 34.6772 38.50481 39.0492 35.11768 37.07668 38.05021 30.72989 39.14416 37.25969 34.29423 31.57628 31.76105 33.83722 35.45034 36.30193 38.47735 38.43344 38.05079 35.30968 33.16503 33.82224 32.60196 30.38578 30.35156 30.35156 30.51839 30.36536 30.35156 30.65875 32.2548 29.56363 35.57579 36.40158 36.92363 36.92363 31.43491 19.99408 24.81348 31.2891 36.45857 31.18195 17.91921 28.78521 21.73895
28.36287 38.03522 28.22656 34.05101 22.9933 22.70666 36.90135 39.57239 32.39454 31.94351 30.83693 33.25618 33.42871 33.75392 33.58802 28.25194 28.10504 30.6304 32.2886 30.24905 39.17258 37.97855 31.29351 30.97366 27.73185 29.51586 31.07885 31.86613 36.91124 32.67742 35.1376 33.18717 33.80405 36.32281 32.7161 32.07458 33.29405 31.43871 31.76808 31.83842 30.8897 32.44215 32.22903 30.35156 30.35156 30.35156 30.35156 30.35156 30.35156 30.58247 35.40217 35.57049 35.8716 36.14612 34.98221 28.73451 27.25249 17.68984 24.66716 28.09849 36.27987 35.17825 23.72217 16.4636 18.74554
24.66378 32.39142 23.4731 7.457119 10.44957 22.15905 39.57366 36.1772 33.91932 31.62592 30.35407 32.31807 33.51025 32.85149 33.25974 25.64753 31.67041 33.55127 30.70432 31.25924 31.27914 31.13659 35.62337 33.38971 32.10121 31.47239 28.75308 29.37051 30.02899 30.10266 30.00345 30.2533 35.29524 35.25932 32.03913 32.38444 33.01357 32.35785 31.19564 30.53897 30.35156 30.80626 34.0624 31.75497 30.97212 30.35156 30.35156 30.35156 30.35156 30.42722 34.64563 36.47063 34.54058 29.58213 26.15142 25.71012 26.37751 35.69392 23.68923 26.84757 35.41809 28.58176 19.81844 15.19998 21.10452
37.37701 37.10053 29.15068 26.21949 11.50355 16.73396 36.97504 36.90643 32.96732 31.61374 31.3656 32.58936 33.78547 32.43996 30.73214 31.0363 33.00118 34.40035 36.39887 30.63815 31.42793 31.18408 33.66232 33.29142 32.17365 32.82661 34.6952 34.94142 37.61963 32.34904 30.09684 30.49825 29.34537 35.80305 30.77334 31.68068 32.30835 36.44455 32.81867 31.54238 31.26663 31.62418 31.85023 34.33522 34.76079 30.40742 30.90522 31.05437 32.55124 34.42837 35.59751 35.23206 42.16122 20.82967 22.44568 29.21747 24.72966 31.1289 27.30181 20.4115 17.37887 15.89778 17.86547 15.20445 23.82269
37.53075 32.58124 37.60846 33.70242 23.36387 9.105527 34.43316 38.41874 32.5915 31.61295 28.766 32.6722 33.31903 34.04676 31.93178 30.76393 33.00514 31.435 33.98219 36.23287 31.65653 30.09736 31.60228 32.77918 30.64381 26.82418 33.82442 37.87624 37.71281 38.00709 37.74143 34.08865 34.00691 37.50648 30.59898 30.06869 30.99091 34.44085 32.02821 35.31222 30.74865 34.68916 32.5835 33.96305 36.63285 33.32553 32.30577 31.42478 30.96337 35.52749 35.65706 35.51041 27.5938 27.26718 25.28489 28.65703 24.10465 30.46568 32.63673 30.23923 26.96618 27.67899 16.09701 19.18913 25.17221
