STOTEN_Data/raw/BioClim_BIO12.asc
ncols         250
nrows         718
xllcorner     -2256000
yllcorner     1557000
cellsize      1000
NODATA_value  -9999
[rows 288 to 323 of 718, columns 0 to 80 of 250]
-9999 -9999 -9999 -9999 -9999 -9999 -9999 -9999 -9999 -9999 -9999 -9999 -9999 -9999 -9999 -9999 553 524 516 513 507 500 493 489 484 478 471 467 460 453 448 442 438 440 440 436 426 429 434 434 435 430 425 419 416 416 415 410 408 405 403 398 397 396 394 393 396 394 394 394 398 398 397 396 399 399 401 401 403 406 407 408 410 412 414 416 418 419 420 422 424
-9999 -9999 -9999 -9999 -9999 -9999 -9999 -9999 -9999 -9999 -9999 -9999 -9999 -9999 -9999 -9999 554 521 514 510 504 -9999 -9999 -9999 -9999 -9999 469 465 457 451 445 442 435 430 427 430 427 430 432 433 428 425 419 416 416 418 414 409 406 403 399 395 394 393 392 390 392 391 391 392 394 395 395 395 397 398 400 400 401 403 404 406 409 410 412 414 417 419 421 422 425
-9999 -9999 -9999 -9999 -9999 -9999 -9999 -9999 -9999 -9999 -9999 -9999 -9999 -9999 -9999 -9999 555 518 512 508 502 -9999 -9999 -9999 -9999 -9999 -9999 462 456 448 443 441 432 428 424 429 430 431 431 429 428 427 421 417 418 413 411 406 401 396 393 392 391 390 389 390 390 388 388 392 392 394 393 393 395 396 396 399 401 401 402 404 408 409 410 412 417 418 419 422 425
-9999 -9999 -9999 -9999 -9999 -9999 -9999 -9999 -9999 -9999 -9999 -9999 -9999 556 -9999 -9999 -9999 510 503 500 -9999 -9999 -9999 -9999 -9999 -9999 -9999 -9999 454 448 441 439 431 426 422 425 426 428 428 428 431 429 422 416 417 413 411 406 400 397 395 392 388 388 385 387 387 386 385 389 391 390 391 393 394 394 395 399 400 400 401 404 407 408 408 412 415 417 419 420 425
-9999 -9999 -9999 -9999 -9999 -9999 -9999 -9999 -9999 -9999 -9999 -9999 -9999 541 -9999 528 514 510 -9999 -9999 -9999 -9999 -9999 -9999 -9999 -9999 -9999 -9999 446 440 433 429 424 420 420 419 419 420 423 430 430 424 419 418 416 410 409 404 400 397 395 392 388 386 384 386 385 385 383 386 389 388 388 391 392 394 394 396 399 399 401 405 407 408 409 412 412 415 418 420 424
-9999 -9999 -9999 -9999 -9999 -9999 -9999 -9999 -9999 -9999 -9999 -9999 -9999 537 526 519 512 -9999 -9999 -9999 -9999 -9999 -9999 -9999 -9999 -9999 453 449 443 439 432 428 422 418 412 412 411 424 423 427 417 423 416 416 410 410 404 404 399 398 395 392 387 384 381 383 383 382 382 383 384 384 385 390 390 391 392 394 396 396 400 402 404 406 408 411 413 416 420 423 426
-9999 -9999 -9999 -9999 -9999 -9999 -9999 -9999 -9999 -9999 -9999 -9999 -9999 -9999 526 -9999 -9999 -9999 -9999 -9999 -9999 -9999 -9999 -9999 -9999 456 451 447 441 436 430 427 420 416 409 409 409 420 424 425 423 418 407 411 409 403 394 398 396 394 390 385 379 378 376 380 380 379 379 381 381 383 384 388 387 388 389 394 394 395 397 402 402 405 405 409 412 414 417 422 425
-9999 -9999 -9999 -9999 -9999 -9999 -9999 -9999 -9999 -9999 -9999 -9999 -9999 -9999 -9999 -9999 -9999 -9999 -9999 -9999 -9999 -9999 -9999 -9999 -9999 -9999 451 445 439 434 430 424 419 413 409 405 403 409 424 423 419 415 410 399 400 397 394 389 393 390 387 382 377 375 374 377 376 376 377 380 381 381 381 386 387 387 387 390 391 393 394 399 400 404 405 408 410 412 415 421 425
-9999 -9999 -9999 -9999 -9999 -9999 -9999 -9999 -9999 -9999 -9999 -9999 -9999 -9999 -9999 -9999 -9999 -9999 -9999 -9999 -9999 -9999 -9999 -9999 -9999 -9999 -9999 437 432 426 423 418 412 406 408 404 401 403 421 417 417 405 410 394 390 385 394 382 388 387 387 380 375 372 374 373 373 373 374 378 378 380 379 381 382 384 386 389 390 394 395 399 401 403 405 408 408 412 414 421 422
-9999 -9999 -9999 -9999 -9999 -9999 -9999 -9999 -9999 -9999 -9999 -9999 -9999 -9999 -9999 -9999 -9999 -9999 487 -9999 -9999 -9999 -9999 -9999 -9999 -9999 -9999 -9999 -9999 -9999 421 416 409 404 402 398 397 401 414 405 398 401 400 394 386 386 388 385 383 381 384 374 371 368 372 370 370 370 374 374 375 376 379 380 380 382 386 387 388 390 395 397 399 401 403 408 411 413 416 421 424
-9999 -9999 -9999 -9999 -9999 -9999 -9999 -9999 -9999 -9999 -9999 -9999 -9999 -9999 510 504 497 491 487 480 474 469 463 455 -9999 -9999 -9999 -9999 -9999 -9999 -9999 -9999 -9999 402 400 394 392 390 403 399 395 394 396 388 388 383 375 374 371 366 369 369 367 366 367 367 367 367 371 371 372 373 376 378 379 380 383 384 387 387 394 396 397 400 403 407 408 412 416 421 424
-9999 -9999 -9999 -9999 -9999 -9999 -9999 -9999 -9999 -9999 -9999 -9999 -9999 -9999 -9999 498 490 485 479 471 468 490 459 451 451 -9999 -9999 -9999 -9999 -9999 -9999 412 406 400 398 393 389 385 387 394 391 389 393 382 380 377 373 368 364 364 366 367 364 363 365 366 366 366 369 369 371 372 376 377 377 379 381 383 384 385 391 394 396 397 402 404 408 409 415 419 424
-9999 -9999 -9999 -9999 -9999 -9999 -9999 -9999 -9999 -9999 -9999 -9999 -9999 -9999 -9999 -9999 488 485 479 471 468 -9999 -9999 -9999 451 439 430 424 -9999 -9999 410 405 398 393 390 390 -9999 -9999 381 381 384 377 388 383 372 366 367 363 363 362 362 362 361 362 363 363 364 365 366 366 368 370 373 374 375 377 380 383 384 385 392 393 396 399 403 406 408 408 414 417 420
-9999 -9999 -9999 -9999 -9999 -9999 -9999 -9999 -9999 -9999 -9999 -9999 -9999 -9999 -9999 -9999 488 487 478 472 466 -9999 -9999 -9999 -9999 439 431 422 416 413 -9999 -9999 397 393 -9999 -9999 -9999 375 374 371 369 366 373 363 360 360 361 360 360 358 360 359 360 360 361 361 361 362 364 365 365 365 371 372 373 374 378 380 382 384 389 392 394 396 402 404 407 410 415 419 423
-9999 -9999 -9999 -9999 -9999 -9999 -9999 -9999 -9999 -9999 -9999 -9999 -9999 -9999 -9999 -9999 -9999 487 477 474 468 471 -9999 -9999 -9999 -9999 437 428 422 411 404 -9999 -9999 -9999 -9999 -9999 -9999 375 371 368 364 366 362 359 356 358 356 355 354 357 357 356 354 355 358 360 360 359 364 364 365 365 367 370 371 373 377 378 380 382 385 389 392 395 400 402 405 408 414 418 421
-9999 -9999 -9999 -9999 -9999 -9999 -9999 -9999 -9999 -9999 -9999 -9999 -9999 -9999 -9999 -9999 478 476 473 470 469 462 474 -9999 -9999 -9999 -9999 437 425 414 404 399 394 390 -9999 -9999 -9999 373 369 367 362 362 359 356 354 355 354 353 350 352 353 354 352 355 356 356 354 360 360 361 363 365 367 368 370 374 376 376 378 380 383 386 389 393 397 400 403 407 412 415 420
-9999 -9999 -9999 -9999 -9999 -9999 -9999 -9999 -9999 -9999 -9999 -9999 -9999 -9999 -9999 -9999 478 475 472 470 465 464 458 481 -9999 -9999 -9999 -9999 -9999 410 401 397 391 385 379 -9999 -9999 370 367 364 359 359 355 353 351 352 350 348 346 349 348 350 349 351 351 352 352 354 356 359 361 363 365 366 367 372 373 376 377 382 384 387 390 395 398 402 403 407 410 413 417
-9999 -9999 -9999 -9999 -9999 -9999 -9999 -9999 -9999 -9999 -9999 -9999 -9999 -9999 -9999 -9999 479 473 471 469 466 465 459 461 -9999 -9999 -9999 -9999 -9999 -9999 408 401 394 384 378 372 -9999 365 360 357 354 352 350 349 346 346 346 343 344 346 347 346 346 349 349 350 351 353 354 355 357 362 362 364 365 370 371 373 375 379 382 385 387 393 396 399 402 408 411 415 419
-9999 -9999 -9999 -9999 -9999 -9999 -9999 -9999 -9999 -9999 -9999 -9999 -9999 -9999 -9999 489 478 472 468 468 467 463 459 455 -9999 -9999 -9999 -9999 -9999 -9999 -9999 407 396 384 379 373 366 362 358 355 353 350 347 346 343 344 343 342 341 343 343 343 343 347 347 348 348 351 352 353 353 358 359 360 361 367 369 371 372 377 379 382 385 390 394 397 400 405 409 412 415
-9999 -9999 -9999 -9999 -9999 -9999 -9999 -9999 -9999 -9999 -9999 -9999 -9999 -9999 -9999 479 471 465 467 467 465 461 458 453 -9999 -9999 -9999 -9999 -9999 -9999 -9999 419 405 388 381 377 368 361 360 354 352 -9999 346 344 342 342 340 338 338 340 340 340 341 345 345 346 347 351 352 352 352 357 359 360 361 367 369 369 370 374 377 379 383 388 391 394 397 403 407 410 414
-9999 -9999 -9999 -9999 -9999 -9999 -9999 -9999 -9999 -9999 -9999 -9999 -9999 502 486 479 472 467 461 -9999 466 461 459 454 464 -9999 -9999 -9999 -9999 -9999 -9999 -9999 399 388 381 381 368 362 358 352 352 348 345 342 342 340 338 336 337 337 338 338 338 342 342 343 344 347 348 349 350 355 358 359 359 363 365 368 370 375 377 379 384 388 392 395 398 401 404 407 410
-9999 -9999 -9999 -9999 -9999 -9999 -9999 -9999 -9999 -9999 -9999 -9999 -9999 507 489 480 474 468 461 -9999 -9999 -9999 -9999 458 460 -9999 -9999 -9999 -9999 -9999 -9999 -9999 -9999 -9999 -9999 374 363 359 354 351 347 346 343 339 338 336 336 334 337 336 336 335 338 339 340 341 344 345 346 346 350 351 355 357 358 360 362 365 367 371 375 377 380 386 389 392 396 402 405 407 411
-9999 -9999 -9999 -9999 -9999 -9999 -9999 -9999 -9999 -9999 -9999 -9999 -9999 491 482 482 475 468 463 459 -9999 -9999 482 464 457 462 -9999 -9999 -9999 -9999 -9999 -9999 -9999 -9999 -9999 -9999 365 363 362 358 348 347 343 336 336 334 334 333 334 334 334 336 336 338 338 339 342 342 344 344 347 349 351 353 358 359 359 361 367 370 372 375 380 384 385 389 396 398 402 404 408
-9999 -9999 -9999 -9999 -9999 -9999 -9999 -9999 -9999 -9999 -9999 -9999 -9999 497 485 480 470 467 462 465 -9999 -9999 -9999 477 462 462 -9999 -9999 -9999 -9999 -9999 -9999 -9999 -9999 -9999 -9999 -9999 -9999 -9999 -9999 -9999 358 344 337 334 334 333 331 333 333 332 332 336 336 337 337 339 340 342 342 346 348 351 351 358 358 359 359 366 367 369 372 377 380 384 386 392 396 398 402 408
-9999 -9999 -9999 -9999 -9999 -9999 -9999 -9999 -9999 -9999 -9999 -9999 -9999 -9999 488 -9999 475 471 466 464 -9999 -9999 -9999 -9999 475 463 485 -9999 -9999 -9999 -9999 -9999 -9999 -9999 -9999 -9999 -9999 -9999 -9999 -9999 -9999 -9999 -9999 339 334 333 332 330 331 331 330 330 333 334 335 335 337 337 339 340 343 346 348 349 354 357 358 359 363 368 369 372 377 380 384 386 393 396 396 398 404
-9999 -9999 -9999 -9999 -9999 -9999 -9999 -9999 -9999 -9999 -9999 -9999 -9999 -9999 -9999 -9999 -9999 483 476 464 -9999 -9999 -9999 -9999 -9999 471 470 -9999 -9999 -9999 -9999 -9999 -9999 -9999 -9999 -9999 -9999 -9999 -9999 -9999 -9999 -9999 -9999 336 334 332 332 329 329 328 328 329 330 330 330 332 336 336 337 337 341 343 344 347 351 353 356 357 360 363 366 369 374 376 381 384 390 392 396 399 405
-9999 -9999 -9999 -9999 -9999 -9999 -9999 -9999 -9999 -9999 -9999 -9999 -9999 -9999 -9999 -9999 -9999 -9999 505 468 -9999 -9999 -9999 -9999 -9999 489 -9999 -9999 -9999 -9999 -9999 -9999 -9999 -9999 -9999 -9999 -9999 -9999 -9999 -9999 -9999 -9999 339 335 334 331 328 326 328 327 326 326 330 330 330 331 334 334 336 335 338 340 341 345 349 350 352 353 358 360 363 365 372 374 377 379 386 389 392 396 401
-9999 -9999 -9999 -9999 -9999 -9999 -9999 -9999 -9999 -9999 -9999 -9999 -9999 -9999 -9999 -9999 -9999 -9999 -9999 484 -9999 -9999 -9999 -9999 -9999 -9999 -9999 -9999 -9999 -9999 -9999 -9999 -9999 -9999 -9999 -9999 -9999 -9999 -9999 -9999 -9999 -9999 -9999 335 332 330 327 326 327 326 325 326 326 326 326 331 331 331 332 334 337 340 342 343 348 349 352 354 356 358 360 362 367 372 373 377 384 385 390 392 397
-9999 -9999 -9999 -9999 -9999 -9999 -9999 -9999 -9999 -9999 -9999 -9999 -9999 -9999 -9999 -9999 -9999 -9999 -9999 -9999 -9999 -9999 -9999 -9999 -9999 -9999 -9999 -9999 -9999 -9999 -9999 -9999 -9999 -9999 -9999 -9999 -9999 -9999 -9999 -9999 -9999 -9999 -9999 335 332 328 327 327 327 325 325 325 325 324 324 327 329 329 330 334 334 338 338 343 345 347 349 354 356 357 360 364 368 371 374 377 383 387 387 389 394
-9999 -9999 -9999 -9999 -9999 -9999 -9999 -9999 -9999 -9999 -9999 -9999 -9999 -9999 -9999 -9999 -9999 -9999 -9999 -9999 -9999 -9999 -9999 -9999 -9999 -9999 -9999 -9999 -9999 -9999 -9999 -9999 -9999 -9999 -9999 -9999 -9999 -9999 -9999 -9999 -9999 -9999 -9999 330 327 327 325 326 326 324 324 324 323 323 323 325 325 326 327 331 332 335 334 339 342 344 345 351 353 355 357 361 365 367 370 377 380 382 384 391 393
-9999 -9999 -9999 -9999 -9999 -9999 -9999 -9999 -9999 -9999 -9999 -9999 -9999 -9999 -9999 -9999 -9999 -9999 -9999 -9999 -9999 -9999 -9999 -9999 -9999 -9999 -9999 -9999 -9999 -9999 -9999 -9999 -9999 -9999 -9999 -9999 -9999 -9999 -9999 -9999 -9999 -9999 334 329 327 327 324 324 323 322 321 322 322 322 322 324 324 324 325 329 331 331 331 335 338 341 342 348 350 351 354 360 361 364 366 374 377 379 381 388 389
-9999 -9999 -9999 -9999 -9999 -9999 -9999 -9999 -9999 -9999 -9999 -9999 -9999 -9999 -9999 -9999 -9999 -9999 -9999 -9999 -9999 -9999 -9999 -9999 -9999 -9999 -9999 -9999 -9999 -9999 -9999 -9999 -9999 -9999 -9999 -9999 -9999 -9999 -9999 -9999 -9999 -9999 338 329 327 325 323 323 322 321 320 321 321 320 320 322 324 324 324 327 330 330 330 335 337 338 341 346 346 350 350 356 358 361 363 371 373 376 379 384 386
-9999 -9999 -9999 -9999 -9999 -9999 -9999 -9999 -9999 -9999 -9999 -9999 -9999 -9999 -9999 -9999 -9999 -9999 -9999 -9999 -9999 -9999 -9999 -9999 -9999 -9999 -9999 -9999 -9999 -9999 -9999 -9999 -9999 -9999 -9999 -9999 -9999 -9999 -9999 -9999 -9999 -9999 -9999 328 327 324 322 322 321 320 318 320 319 318 318 321 321 321 321 325 326 327 329 331 334 338 338 343 346 348 350 355 358 360 363 370 372 375 377 380 383
-9999 -9999 -9999 -9999 -9999 -9999 -9999 -9999 -9999 -9999 -9999 -9999 -9999 -9999 -9999 -9999 -9999 -9999 -9999 -9999 -9999 -9999 -9999 -9999 -9999 -9999 -9999 -9999 -9999 -9999 -9999 -9999 -9999 -9999 -9999 -9999 -9999 -9999 -9999 -9999 -9999 -9999 -9999 327 324 322 321 321 320 318 318 317 316 315 315 319 319 320 320 323 324 324 325 330 330 332 335 340 342 344 347 352 354 358 359 365 368 371 373 379 381
-9999 -9999 -9999 -9999 -9999 -9999 -9999 -9999 -9999 -9999 -9999 -9999 -9999 -9999 -9999 -9999 -9999 -9999 -9999 -9999 -9999 -9999 -9999 -9999 -9999 -9999 -9999 -9999 -9999 -9999 -9999 -9999 -9999 -9999 -9999 -9999 -9999 -9999 -9999 -9999 -9999 -9999 -9999 326 323 321 321 318 315 315 315 315 315 315 315 316 318 318 320 320 321 322 325 327 329 329 335 337 338 342 343 349 352 354 357 362 365 366 370 376 378
-9999 -9999 -9999 -9999 -9999 -9999 -9999 -9999 -9999 -9999 -9999 -9999 -9999 -9999 -9999 -9999 -9999 -9999 -9999 -9999 -9999 -9999 -9999 -9999 -9999 -9999 -9999 -9999 -9999 -9999 -9999 -9999 -9999 -9999 -9999 -9999 -9999 -9999 -9999 -9999 -9999 -9999 -9999 -9999 -9999 -9999 319 315 315 314 314 314 314 313 314 314 314 314 319 319 320 321 325 325 327 329 335 335 335 338 343 345 349 350 357 359 361 363 370 372 373
