STOTEN_Data/raw/BioClim_BIO12.asc
ncols         250
nrows         718
xllcorner     -2256000
yllcorner     1557000
cellsize      1000
NODATA_value  -9999
[rows 540 to 575 of 718, columns 162 to 242 of 250]
195 195 197 198 200 202 203 204 207 208 209 212 213 215 216 220 221 224 224 226 226 228 232 233 235 238 239 243 245 248 249 253 254 256 259 263 265 267 270 275 276 280 282 287 289 293 296 303 306 308 311 319 322 325 330 337 342 345 349 354 354 358 360 -9999 -9999 -9999 -9999 -9999 409 -9999 -9999 -9999 -9999 -9999 -9999 -9999 -9999 -9999 -9999 -9999 -9999
194 195 195 198 198 199 202 204 205 206 208 210 212 212 213 219 220 221 223 226 226 228 232 233 235 237 239 243 246 246 248 251 253 255 257 261 264 266 268 273 275 278 280 286 288 290 294 300 304 306 309 316 320 323 333 335 338 341 345 350 351 355 360 385 -9999 -9999 -9999 -9999 406 -9999 -9999 -9999 -9999 -9999 -9999 -9999 -9999 -9999 -9999 -9999 -9999
193 194 194 197 198 198 200 203 204 204 205 209 210 211 212 216 218 220 221 226 225 226 229 232 233 235 238 241 244 246 248 251 254 255 256 261 264 266 268 271 275 277 279 283 286 288 291 297 300 304 307 311 317 321 355 332 335 338 341 347 349 350 354 365 395 -9999 -9999 -9999 389 427 -9999 -9999 -9999 -9999 -9999 -9999 -9999 -9999 -9999 -9999 -9999
193 193 195 197 198 199 200 203 203 204 204 207 209 210 211 214 215 218 220 223 224 226 227 231 232 233 236 239 242 244 246 249 251 253 255 259 262 264 266 272 274 276 279 284 286 289 293 299 302 304 304 310 313 321 324 327 331 336 338 344 345 347 352 359 364 -9999 -9999 -9999 381 414 -9999 -9999 -9999 -9999 -9999 -9999 -9999 -9999 -9999 -9999 -9999
190 193 194 195 196 198 200 201 203 204 205 207 208 209 213 214 215 217 220 221 223 224 227 229 231 232 234 238 239 243 244 248 249 251 255 256 259 262 264 269 271 274 276 282 285 287 291 297 300 303 306 312 327 324 322 328 331 335 337 343 343 345 348 354 359 362 365 372 378 -9999 -9999 -9999 -9999 -9999 -9999 -9999 -9999 -9999 -9999 -9999 -9999
188 189 193 194 194 196 199 199 201 202 204 205 208 208 210 213 214 215 220 221 223 225 228 229 231 232 237 238 239 239 244 245 248 249 255 255 257 260 264 266 270 273 274 279 282 285 288 294 297 301 304 309 319 319 320 327 328 331 334 340 342 345 349 355 360 363 371 381 504 -9999 -9999 -9999 -9999 -9999 -9999 -9999 -9999 -9999 -9999 -9999 -9999
187 188 192 193 194 194 198 198 199 200 203 204 205 207 209 209 212 214 216 218 221 223 225 227 229 231 234 236 237 240 245 246 249 250 253 255 256 259 264 264 267 270 274 277 280 283 288 291 294 299 304 306 311 314 320 325 326 327 334 337 340 343 349 353 361 365 370 388 449 -9999 -9999 -9999 -9999 -9999 -9999 -9999 -9999 -9999 -9999 -9999 -9999
187 188 191 193 193 194 197 197 197 199 202 202 203 204 208 209 209 213 214 216 217 221 225 225 228 230 232 234 236 237 243 244 246 248 251 252 256 256 263 264 267 270 275 277 280 283 289 292 296 300 302 305 308 311 317 320 323 326 332 335 339 341 346 352 369 371 370 381 414 -9999 -9999 -9999 -9999 -9999 -9999 -9999 -9999 -9999 -9999 -9999 -9999
186 187 189 191 192 193 195 196 197 198 201 202 204 205 208 208 210 211 214 214 216 218 224 224 227 228 231 232 235 235 240 243 244 246 249 251 252 255 259 263 264 267 272 275 279 280 286 291 292 297 303 306 309 313 318 322 325 328 333 336 336 340 345 351 369 369 399 -9999 -9999 -9999 -9999 -9999 -9999 -9999 -9999 -9999 -9999 -9999 -9999 -9999 -9999
185 186 188 189 190 192 193 194 196 197 200 201 203 203 206 207 209 210 213 214 217 220 224 224 226 227 231 233 234 234 238 240 243 244 248 249 251 253 257 259 262 263 270 273 276 279 284 286 290 293 300 303 306 309 316 319 324 326 332 336 339 342 349 358 359 452 -9999 -9999 -9999 -9999 -9999 -9999 -9999 -9999 -9999 -9999 -9999 -9999 -9999 -9999 -9999
184 186 187 187 188 192 193 193 195 197 199 200 201 203 204 206 207 208 212 212 214 218 222 223 225 226 229 231 233 235 238 241 243 244 247 249 252 253 256 259 259 261 268 271 273 277 281 285 287 291 299 300 302 306 314 317 320 325 331 334 338 341 347 352 357 -9999 -9999 -9999 -9999 -9999 -9999 -9999 -9999 -9999 -9999 -9999 -9999 -9999 -9999 -9999 -9999
184 185 187 187 188 192 192 193 194 195 196 198 199 202 203 205 206 208 210 212 213 218 219 222 223 226 228 230 231 235 236 238 241 244 247 248 249 252 255 257 260 263 269 271 275 277 283 285 287 292 293 298 300 305 310 315 319 322 328 334 346 341 -9999 375 364 366 -9999 -9999 -9999 -9999 -9999 -9999 -9999 -9999 -9999 -9999 -9999 -9999 -9999 -9999 -9999
183 185 186 186 187 190 191 192 193 195 196 197 199 202 203 204 206 208 210 210 212 215 218 219 221 226 227 228 229 233 234 236 238 243 244 247 248 252 254 254 258 263 267 269 272 277 279 283 286 292 294 298 302 309 314 316 319 321 376 -9999 -9999 347 358 -9999 -9999 383 -9999 -9999 -9999 -9999 -9999 -9999 -9999 -9999 -9999 -9999 -9999 -9999 -9999 -9999 -9999
183 185 185 186 187 188 190 190 191 194 195 196 197 201 202 202 204 207 208 210 212 216 218 219 220 226 226 228 229 232 234 234 236 242 243 244 246 249 252 254 254 262 265 268 270 276 278 280 283 287 291 294 298 306 309 313 315 321 389 -9999 -9999 349 384 -9999 -9999 -9999 -9999 -9999 -9999 -9999 -9999 -9999 -9999 -9999 -9999 -9999 -9999 -9999 -9999 -9999 -9999
182 183 184 185 186 187 189 190 190 192 193 195 196 198 200 202 203 206 207 208 210 214 216 218 219 223 226 226 227 232 233 234 236 242 243 245 247 250 252 254 254 258 262 265 267 275 277 278 280 286 288 290 295 303 306 309 312 329 -9999 -9999 342 348 -9999 -9999 -9999 -9999 -9999 -9999 -9999 -9999 -9999 -9999 -9999 -9999 -9999 -9999 -9999 -9999 -9999 -9999 -9999
182 183 184 185 185 187 189 190 190 191 192 192 195 197 197 199 200 203 205 207 209 212 214 216 218 221 224 225 226 230 232 233 234 239 242 244 245 249 251 253 255 260 262 266 269 274 276 278 281 286 286 288 290 299 303 306 308 -9999 -9999 -9999 -9999 347 -9999 -9999 -9999 -9999 -9999 -9999 -9999 -9999 -9999 -9999 -9999 -9999 -9999 -9999 -9999 -9999 -9999 -9999 -9999
182 182 183 184 185 185 187 189 190 191 191 193 194 197 197 198 201 203 206 206 207 210 212 214 217 219 221 223 225 227 230 232 233 237 240 243 244 247 250 251 253 258 261 263 266 270 274 276 278 282 285 288 291 299 303 305 306 -9999 -9999 -9999 344 343 -9999 -9999 -9999 -9999 -9999 -9999 -9999 -9999 -9999 -9999 -9999 -9999 -9999 -9999 -9999 -9999 -9999 -9999 -9999
180 182 182 183 185 185 185 186 190 190 191 191 194 196 197 198 201 202 204 206 209 210 212 214 217 219 221 224 225 227 227 230 232 234 238 241 242 245 247 250 251 256 259 261 264 267 271 274 276 280 282 285 288 295 299 300 302 311 342 -9999 363 356 -9999 -9999 -9999 -9999 -9999 -9999 -9999 -9999 -9999 -9999 -9999 -9999 -9999 -9999 -9999 -9999 -9999 -9999 -9999
179 180 181 182 184 185 185 185 187 188 189 190 193 193 195 196 199 201 202 205 208 210 210 212 217 217 219 221 225 226 227 229 233 235 239 241 245 245 247 250 251 253 257 259 264 265 268 271 273 277 279 282 285 292 294 296 298 305 324 -9999 -9999 -9999 -9999 -9999 -9999 -9999 -9999 -9999 -9999 -9999 -9999 -9999 -9999 -9999 -9999 -9999 -9999 -9999 -9999 -9999 -9999
179 180 180 181 184 185 185 185 187 187 188 189 192 192 193 195 198 199 202 201 206 209 209 210 214 217 217 219 223 225 226 228 232 233 235 239 242 244 245 247 252 255 257 258 263 265 269 271 275 278 279 279 285 288 291 293 298 301 307 -9999 -9999 -9999 -9999 -9999 -9999 -9999 -9999 -9999 -9999 -9999 -9999 -9999 -9999 -9999 -9999 -9999 -9999 -9999 -9999 -9999 -9999
178 179 180 181 183 184 184 185 186 187 188 189 190 192 193 195 198 199 200 202 204 206 208 208 212 215 216 218 222 223 225 226 230 232 233 235 241 242 244 245 250 253 255 257 260 263 265 269 272 276 278 280 286 288 292 294 298 302 307 383 -9999 -9999 -9999 -9999 -9999 -9999 -9999 -9999 -9999 -9999 -9999 -9999 -9999 -9999 -9999 -9999 -9999 -9999 -9999 -9999 -9999
178 178 179 179 181 183 183 183 186 186 187 188 190 190 191 194 196 198 199 201 205 207 208 209 212 215 217 218 222 223 223 224 228 229 232 233 239 241 242 243 247 250 253 255 259 261 264 266 271 273 277 278 284 286 291 293 297 299 310 343 -9999 -9999 -9999 -9999 -9999 -9999 -9999 -9999 -9999 -9999 -9999 -9999 -9999 -9999 -9999 -9999 -9999 -9999 -9999 -9999 -9999
177 177 178 179 181 182 182 183 185 185 186 187 189 189 190 192 196 196 198 199 203 205 207 208 211 213 215 216 220 222 223 224 228 229 232 235 239 241 243 244 247 247 251 254 257 258 262 264 271 271 275 277 282 285 289 292 296 298 303 -9999 -9999 -9999 340 -9999 -9999 -9999 -9999 -9999 -9999 -9999 -9999 -9999 -9999 -9999 -9999 -9999 -9999 -9999 -9999 -9999 -9999
176 176 178 180 182 182 182 184 184 184 184 187 188 189 190 192 194 196 197 199 202 203 205 207 210 212 213 215 218 220 222 223 226 228 230 233 236 240 242 242 247 248 252 255 258 259 263 266 271 274 276 276 282 284 287 290 295 297 300 304 -9999 -9999 330 -9999 -9999 -9999 -9999 -9999 -9999 -9999 -9999 -9999 -9999 -9999 -9999 -9999 -9999 -9999 -9999 -9999 -9999
175 175 176 179 181 182 182 182 183 183 184 186 187 189 190 192 195 196 197 199 199 202 203 207 209 210 212 215 216 219 221 223 224 227 228 233 235 236 240 242 243 248 250 252 256 258 262 265 269 270 273 277 283 284 288 291 296 300 302 307 -9999 -9999 324 336 383 -9999 -9999 -9999 -9999 -9999 -9999 -9999 -9999 -9999 -9999 -9999 -9999 -9999 -9999 -9999 -9999
175 175 175 178 179 180 181 182 182 183 183 185 186 187 189 191 193 195 196 199 201 203 204 207 209 210 212 215 217 219 219 222 223 225 228 230 233 236 238 242 243 245 250 252 255 257 258 265 267 269 272 277 280 284 286 291 295 298 300 307 -9999 315 -9999 -9999 -9999 -9999 -9999 -9999 -9999 -9999 -9999 -9999 -9999 -9999 -9999 -9999 -9999 -9999 -9999 -9999 -9999
175 175 175 176 177 179 179 181 181 182 182 184 186 187 188 190 192 194 194 198 199 201 203 205 208 209 211 213 216 219 219 222 224 226 228 231 234 237 240 242 243 243 249 250 254 256 258 263 266 268 269 276 278 282 284 289 292 295 299 302 307 311 -9999 -9999 -9999 -9999 -9999 -9999 -9999 -9999 -9999 -9999 -9999 -9999 -9999 -9999 -9999 -9999 -9999 -9999 -9999
175 175 174 176 177 179 179 181 181 182 182 184 185 186 187 188 191 193 194 196 198 200 202 204 206 209 210 213 214 217 218 221 223 224 227 229 233 235 238 242 243 247 250 252 255 256 259 263 267 269 272 274 276 280 283 286 290 293 297 302 306 310 318 -9999 -9999 -9999 -9999 -9999 -9999 -9999 -9999 -9999 -9999 -9999 -9999 -9999 -9999 -9999 -9999 -9999 -9999
174 175 175 175 176 178 179 180 180 181 182 184 185 186 187 190 192 193 194 196 196 198 200 203 204 207 208 212 213 214 217 220 221 223 225 228 231 233 236 241 243 245 248 251 253 256 258 262 264 268 270 273 277 280 284 287 291 295 298 303 308 312 312 325 334 347 -9999 -9999 -9999 -9999 -9999 -9999 -9999 -9999 -9999 -9999 -9999 -9999 -9999 -9999 -9999
174 175 175 175 176 177 179 179 180 181 182 183 185 186 187 189 192 193 194 195 197 199 202 203 204 207 209 212 213 215 219 219 220 222 223 227 230 232 235 239 241 244 247 250 253 254 257 261 262 267 269 273 275 279 282 286 288 292 296 301 305 308 313 359 -9999 -9999 375 -9999 -9999 -9999 -9999 -9999 -9999 -9999 -9999 -9999 -9999 -9999 -9999 -9999 -9999
174 175 175 175 175 176 178 179 179 179 182 182 184 186 187 188 190 192 194 194 195 197 202 203 204 206 209 212 212 214 219 219 221 222 224 228 231 233 235 239 242 242 245 248 251 253 256 259 262 265 268 271 273 278 280 285 286 289 293 298 301 305 307 344 -9999 -9999 -9999 -9999 -9999 -9999 -9999 -9999 -9999 -9999 -9999 -9999 -9999 -9999 -9999 -9999 -9999
174 174 175 175 176 177 177 178 179 180 180 182 183 184 186 188 189 191 194 194 194 197 200 202 203 204 208 210 211 212 217 218 220 222 224 227 229 231 235 238 240 243 247 249 252 254 258 261 264 267 270 272 272 276 280 283 285 286 290 295 298 301 305 325 -9999 332 -9999 -9999 -9999 -9999 -9999 -9999 -9999 -9999 -9999 -9999 -9999 -9999 -9999 -9999 -9999
174 174 174 175 176 177 177 178 179 179 182 183 183 184 188 189 190 191 193 194 194 197 197 201 203 203 207 209 210 211 214 217 218 221 222 226 228 229 234 236 239 242 246 248 251 253 257 259 263 265 269 271 274 276 281 283 286 287 294 296 299 302 305 308 328 318 333 -9999 -9999 -9999 -9999 -9999 -9999 -9999 -9999 -9999 -9999 -9999 -9999 -9999 -9999
174 174 174 175 175 176 177 177 178 179 180 182 183 184 187 188 189 190 192 193 195 196 198 202 203 205 208 209 210 211 215 215 217 218 221 223 227 228 232 235 237 241 244 247 249 252 255 258 261 264 267 271 272 273 279 282 284 285 291 294 296 301 304 308 312 319 333 -9999 -9999 -9999 -9999 -9999 -9999 -9999 -9999 -9999 -9999 -9999 -9999 -9999 -9999
174 174 174 174 175 176 177 177 178 178 180 181 182 183 186 188 189 190 191 192 193 195 197 199 202 202 206 208 210 211 214 216 217 220 221 225 228 228 234 235 239 239 243 245 248 251 254 258 259 262 267 269 272 273 278 280 282 284 288 293 294 310 308 319 312 318 329 361 -9999 -9999 -9999 -9999 -9999 -9999 -9999 -9999 -9999 -9999 -9999 -9999 -9999
174 174 174 175 175 177 177 177 177 179 179 180 181 182 185 187 187 189 190 191 192 194 196 197 200 202 204 206 208 210 213 215 216 218 220 223 227 227 231 234 237 240 243 247 249 252 257 259 261 266 267 270 270 272 275 279 280 283 287 299 310 309 325 323 323 323 331 -9999 -9999 -9999 -9999 -9999 -9999 -9999 -9999 -9999 -9999 -9999 -9999 -9999 -9999
