STOTEN_Data/raw/BioClim_BIO12.asc
ncols         250
nrows         718
xllcorner     -2256000
yllcorner     1557000
cellsize      1000
NODATA_value  -9999
[rows 72 to 107 of 718, columns 0 to 80 of 250]
-9999 -9999 -9999 -9999 -9999 -9999 -9999 -9999 -9999 -9999 -9999 -9999 -9999 -9999 -9999 -9999 -9999 -9999 -9999 -9999 -9999 -9999 -9999 -9999 -9999 -9999 -9999 -9999 -9999 -9999 -9999 -9999 -9999 -9999 -9999 -9999 -9999 -9999 -9999 -9999 -9999 -9999 -9999 -9999 645 650 640 634 623 618 617 605 596 587 587 587 584 575 582 578 570 564 563 559 558 558 561 561 561 562 564 566 569 572 578 581 585 590 598 605 615
-9999 -9999 -9999 -9999 -9999 -9999 -9999 -9999 -9999 -9999 -9999 -9999 -9999 -9999 -9999 -9999 -9999 -9999 -9999 -9999 -9999 -9999 -9999 -9999 -9999 -9999 -9999 -9999 -9999 -9999 -9999 -9999 -9999 -9999 -9999 -9999 -9999 -9999 -9999 -9999 -9999 -9999 -9999 -9999 637 640 637 634 627 619 607 604 596 586 580 573 573 569 567 563 559 557 558 556 554 555 559 559 558 561 562 564 567 571 574 579 583 588 595 601 610
-9999 -9999 -9999 -9999 -9999 -9999 -9999 -9999 -9999 -9999 -9999 -9999 -9999 -9999 -9999 -9999 -9999 -9999 -9999 -9999 -9999 -9999 -9999 -9999 -9999 -9999 -9999 -9999 -9999 -9999 -9999 -9999 -9999 -9999 -9999 -9999 -9999 -9999 -9999 -9999 -9999 -9999 -9999 -9999 632 625 632 624 620 621 615 606 598 584 583 576 573 565 564 562 558 556 556 554 554 554 556 557 559 560 562 565 569 571 576 581 581 588 592 600 606
-9999 -9999 -9999 -9999 -9999 -9999 -9999 -9999 -9999 -9999 -9999 -9999 -9999 -9999 -9999 -9999 -9999 -9999 -9999 -9999 -9999 -9999 -9999 -9999 -9999 -9999 -9999 -9999 -9999 -9999 -9999 -9999 -9999 -9999 -9999 -9999 -9999 -9999 -9999 -9999 -9999 -9999 -9999 635 634 625 618 610 610 603 613 604 598 590 584 575 574 570 563 558 556 554 555 554 553 553 555 556 558 558 562 564 568 571 576 580 584 589 596 605 612
-9999 -9999 -9999 -9999 -9999 -9999 -9999 -9999 -9999 -9999 -9999 -9999 -9999 -9999 -9999 -9999 -9999 -9999 -9999 -9999 -9999 -9999 -9999 -9999 -9999 -9999 -9999 -9999 -9999 -9999 -9999 -9999 -9999 -9999 -9999 -9999 -9999 -9999 -9999 -9999 -9999 -9999 637 650 642 615 604 606 596 596 589 588 583 581 584 584 576 570 564 562 557 555 553 552 553 553 554 555 556 557 560 563 567 570 574 578 582 587 596 604 611
-9999 -9999 -9999 -9999 -9999 -9999 -9999 -9999 -9999 -9999 -9999 -9999 -9999 -9999 -9999 -9999 -9999 -9999 -9999 -9999 -9999 -9999 -9999 -9999 -9999 -9999 -9999 -9999 -9999 -9999 -9999 -9999 -9999 -9999 -9999 -9999 -9999 -9999 -9999 -9999 -9999 644 641 659 656 623 626 619 608 591 580 576 572 574 568 564 558 563 552 553 551 552 552 552 552 553 553 553 556 557 558 563 565 570 573 578 582 587 594 604 611
-9999 -9999 -9999 -9999 -9999 -9999 -9999 -9999 -9999 -9999 -9999 -9999 -9999 -9999 -9999 -9999 -9999 -9999 -9999 -9999 -9999 -9999 -9999 -9999 -9999 -9999 -9999 -9999 -9999 -9999 -9999 -9999 -9999 -9999 -9999 -9999 -9999 -9999 -9999 -9999 -9999 640 637 651 662 642 633 617 606 595 585 577 573 568 564 562 558 555 552 550 549 551 550 549 549 552 552 555 556 556 560 564 566 572 575 581 588 587 593 605 613
-9999 -9999 -9999 -9999 -9999 -9999 -9999 -9999 -9999 -9999 -9999 -9999 -9999 -9999 -9999 -9999 -9999 -9999 -9999 -9999 -9999 -9999 -9999 -9999 -9999 -9999 -9999 -9999 -9999 -9999 -9999 -9999 -9999 -9999 -9999 -9999 -9999 -9999 -9999 -9999 -9999 623 624 633 622 642 622 607 593 591 587 580 573 569 565 565 560 555 553 551 550 548 550 550 549 551 551 553 555 556 558 562 565 571 574 580 588 593 603 613 620
-9999 -9999 -9999 -9999 -9999 -9999 -9999 -9999 -9999 -9999 -9999 -9999 -9999 -9999 -9999 -9999 -9999 -9999 -9999 -9999 -9999 -9999 -9999 -9999 -9999 -9999 -9999 -9999 -9999 -9999 -9999 -9999 -9999 -9999 -9999 -9999 -9999 -9999 -9999 -9999 614 616 616 616 615 607 603 603 596 586 577 571 566 559 556 555 555 554 551 550 549 550 550 548 547 550 550 553 553 556 558 561 563 569 573 579 587 593 601 612 620
-9999 -9999 -9999 -9999 -9999 -9999 -9999 -9999 -9999 -9999 -9999 -9999 -9999 -9999 -9999 -9999 -9999 -9999 -9999 -9999 -9999 -9999 -9999 -9999 -9999 -9999 -9999 -9999 -9999 -9999 -9999 -9999 -9999 -9999 -9999 -9999 -9999 -9999 -9999 -9999 614 611 605 611 602 602 596 597 590 586 579 571 565 560 555 551 550 547 546 544 543 546 547 547 546 548 551 551 553 556 557 559 561 569 572 578 585 594 602 611 620
-9999 -9999 -9999 -9999 -9999 -9999 -9999 -9999 -9999 -9999 -9999 -9999 -9999 -9999 -9999 -9999 -9999 -9999 -9999 -9999 -9999 -9999 -9999 -9999 -9999 -9999 -9999 -9999 -9999 -9999 -9999 -9999 -9999 -9999 -9999 -9999 -9999 -9999 -9999 -9999 616 605 597 602 602 596 588 584 590 582 575 571 565 560 559 553 552 548 548 547 546 542 544 545 545 547 550 551 556 557 559 560 564 572 575 584 591 594 601 608 618
-9999 -9999 -9999 -9999 -9999 -9999 -9999 -9999 -9999 -9999 -9999 -9999 -9999 -9999 -9999 -9999 -9999 -9999 -9999 -9999 -9999 -9999 -9999 -9999 -9999 -9999 -9999 -9999 -9999 -9999 -9999 -9999 -9999 -9999 -9999 -9999 -9999 -9999 -9999 618 609 595 588 587 589 589 582 578 580 574 568 562 565 562 558 553 552 550 546 545 546 545 546 545 545 546 548 549 556 557 559 560 562 571 574 581 587 600 607 615 624
-9999 -9999 -9999 -9999 -9999 -9999 -9999 -9999 -9999 -9999 -9999 -9999 -9999 -9999 -9999 -9999 -9999 -9999 -9999 -9999 -9999 -9999 -9999 -9999 -9999 -9999 -9999 -9999 -9999 -9999 -9999 -9999 -9999 -9999 -9999 -9999 -9999 -9999 -9999 606 608 599 590 576 578 568 565 559 564 558 553 551 553 548 546 540 547 546 542 541 543 542 543 544 546 546 548 549 554 556 559 561 562 569 573 579 587 597 606 614 624
-9999 -9999 -9999 -9999 -9999 -9999 -9999 -9999 -9999 -9999 -9999 -9999 -9999 -9999 -9999 -9999 -9999 -9999 -9999 -9999 -9999 -9999 -9999 -9999 -9999 -9999 -9999 -9999 -9999 -9999 -9999 -9999 -9999 -9999 -9999 -9999 -9999 -9999 -9999 594 600 589 582 575 571 568 560 555 554 549 546 544 544 541 540 538 539 538 539 540 540 540 541 543 546 547 549 549 552 554 558 561 562 566 572 578 582 595 604 611 622
-9999 -9999 -9999 -9999 -9999 -9999 -9999 -9999 -9999 -9999 -9999 -9999 -9999 -9999 -9999 -9999 -9999 -9999 -9999 -9999 -9999 -9999 -9999 -9999 -9999 -9999 -9999 -9999 -9999 -9999 -9999 -9999 -9999 -9999 -9999 -9999 -9999 -9999 -9999 589 591 583 575 569 570 562 556 552 550 547 543 548 542 540 543 542 537 537 538 539 540 540 541 541 545 548 548 550 554 558 560 563 567 570 575 579 592 601 601 608 619
-9999 -9999 -9999 -9999 -9999 -9999 -9999 -9999 -9999 -9999 -9999 -9999 -9999 -9999 -9999 -9999 -9999 -9999 -9999 -9999 -9999 -9999 -9999 -9999 -9999 -9999 -9999 -9999 -9999 -9999 -9999 -9999 -9999 -9999 -9999 -9999 -9999 -9999 587 584 578 575 573 566 559 557 557 555 548 554 548 544 544 543 540 540 539 539 540 540 539 539 540 542 544 547 548 549 553 556 559 563 565 570 575 579 584 599 603 613 622
-9999 -9999 -9999 -9999 -9999 -9999 -9999 -9999 -9999 -9999 -9999 -9999 -9999 -9999 -9999 -9999 -9999 -9999 -9999 -9999 -9999 -9999 -9999 -9999 -9999 -9999 -9999 -9999 -9999 -9999 -9999 -9999 -9999 -9999 -9999 -9999 -9999 -9999 599 584 585 583 579 566 563 562 557 551 550 544 538 541 538 539 536 534 539 539 537 536 539 539 540 541 545 546 548 550 553 555 559 561 565 570 573 578 583 592 598 609 620
-9999 -9999 -9999 -9999 -9999 -9999 -9999 -9999 -9999 -9999 -9999 -9999 -9999 -9999 -9999 -9999 -9999 -9999 -9999 -9999 -9999 -9999 -9999 -9999 -9999 -9999 -9999 -9999 -9999 -9999 -9999 -9999 -9999 -9999 -9999 -9999 -9999 -9999 607 596 592 584 575 572 563 557 552 558 550 543 536 532 532 530 529 534 532 533 533 536 537 538 539 544 546 547 550 550 553 555 557 561 565 570 572 577 583 591 601 605 616
-9999 -9999 -9999 -9999 -9999 -9999 -9999 -9999 -9999 -9999 -9999 -9999 -9999 -9999 -9999 -9999 -9999 -9999 -9999 -9999 -9999 -9999 -9999 -9999 -9999 -9999 -9999 -9999 -9999 -9999 -9999 -9999 -9999 -9999 -9999 -9999 -9999 623 607 602 590 581 574 570 559 553 548 546 541 536 531 532 530 528 530 529 531 531 532 534 535 537 538 542 545 547 550 554 554 558 560 564 570 572 576 581 589 598 598 605 613
-9999 -9999 -9999 -9999 -9999 -9999 -9999 -9999 -9999 -9999 -9999 -9999 -9999 -9999 -9999 -9999 -9999 -9999 -9999 -9999 -9999 -9999 -9999 -9999 -9999 -9999 -9999 -9999 -9999 -9999 -9999 -9999 -9999 -9999 650 630 614 604 598 584 579 569 564 559 555 551 551 545 546 542 533 530 529 528 528 530 531 531 532 534 534 535 539 541 543 547 548 555 554 558 559 563 568 571 574 580 588 597 602 610 618
-9999 -9999 -9999 -9999 -9999 -9999 -9999 -9999 -9999 -9999 -9999 -9999 -9999 -9999 -9999 -9999 -9999 -9999 -9999 -9999 -9999 -9999 -9999 -9999 -9999 -9999 -9999 -9999 -9999 -9999 -9999 -9999 -9999 -9999 -9999 638 621 599 588 586 577 571 564 561 555 551 549 543 539 532 530 527 527 527 528 531 531 531 532 533 535 534 537 541 543 545 547 554 555 558 560 564 566 569 574 581 586 594 601 610 616
-9999 -9999 -9999 -9999 -9999 -9999 -9999 -9999 -9999 -9999 -9999 -9999 -9999 -9999 -9999 -9999 -9999 -9999 -9999 -9999 -9999 -9999 -9999 -9999 -9999 -9999 -9999 -9999 -9999 -9999 -9999 -9999 -9999 -9999 -9999 -9999 621 600 591 583 573 569 561 558 549 544 544 542 538 532 527 528 526 525 530 531 531 533 535 535 535 535 538 542 544 546 549 553 553 556 560 562 565 568 574 580 585 591 600 608 615
-9999 -9999 -9999 -9999 -9999 -9999 -9999 -9999 -9999 -9999 -9999 -9999 -9999 -9999 -9999 -9999 -9999 -9999 -9999 -9999 -9999 -9999 -9999 -9999 -9999 -9999 -9999 -9999 -9999 -9999 -9999 -9999 -9999 -9999 -9999 -9999 603 597 591 577 573 569 561 554 551 546 544 537 535 528 524 524 526 527 530 531 532 532 535 536 535 534 537 542 543 547 550 551 555 559 560 564 568 574 578 584 591 597 597 606 613
-9999 -9999 -9999 -9999 -9999 -9999 -9999 -9999 -9999 -9999 -9999 -9999 -9999 -9999 -9999 -9999 -9999 -9999 -9999 -9999 -9999 -9999 -9999 -9999 -9999 -9999 -9999 -9999 -9999 -9999 -9999 -9999 -9999 -9999 -9999 -9999 584 580 578 571 563 562 557 545 540 535 535 535 530 525 524 528 531 531 530 530 531 530 535 535 534 534 537 540 543 546 548 551 553 558 559 564 567 573 577 584 590 595 602 611 618
-9999 -9999 -9999 -9999 -9999 -9999 -9999 -9999 -9999 -9999 -9999 -9999 -9999 -9999 -9999 -9999 -9999 -9999 -9999 -9999 -9999 -9999 -9999 -9999 -9999 -9999 -9999 -9999 -9999 -9999 -9999 -9999 -9999 -9999 -9999 -9999 -9999 -9999 580 573 568 564 557 551 545 534 533 531 528 527 528 528 528 529 528 529 528 528 531 531 532 534 536 539 541 545 548 552 554 555 559 562 566 570 577 583 588 594 600 607 615
-9999 -9999 -9999 -9999 -9999 -9999 -9999 -9999 -9999 -9999 -9999 -9999 -9999 -9999 -9999 -9999 -9999 -9999 -9999 -9999 -9999 -9999 -9999 -9999 -9999 -9999 -9999 -9999 -9999 -9999 -9999 -9999 -9999 -9999 -9999 -9999 -9999 -9999 -9999 558 555 553 559 549 545 537 532 531 525 522 524 522 522 526 527 525 526 530 530 533 535 536 537 540 543 547 553 554 554 555 559 561 565 568 576 580 588 592 600 607 613
-9999 -9999 -9999 -9999 -9999 -9999 -9999 -9999 -9999 -9999 -9999 -9999 -9999 -9999 -9999 -9999 -9999 -9999 -9999 -9999 -9999 -9999 -9999 -9999 -9999 -9999 -9999 -9999 -9999 -9999 -9999 -9999 -9999 -9999 -9999 -9999 -9999 -9999 -9999 548 542 539 549 538 537 531 528 528 525 521 521 521 521 526 525 525 526 528 531 532 533 534 538 539 541 543 553 554 559 561 562 564 567 573 579 585 590 595 604 604 610
-9999 -9999 -9999 -9999 -9999 -9999 -9999 -9999 -9999 -9999 -9999 -9999 -9999 -9999 -9999 -9999 -9999 -9999 -9999 -9999 -9999 -9999 -9999 -9999 -9999 -9999 -9999 -9999 -9999 -9999 -9999 -9999 -9999 -9999 -9999 -9999 -9999 -9999 553 538 530 529 529 532 527 523 521 521 522 525 521 523 527 528 526 525 526 528 530 531 532 535 536 539 540 542 551 555 556 557 562 564 567 572 578 582 589 594 602 608 616
-9999 -9999 -9999 -9999 -9999 -9999 -9999 -9999 -9999 -9999 -9999 -9999 -9999 -9999 -9999 -9999 -9999 -9999 -9999 -9999 -9999 -9999 -9999 -9999 -9999 -9999 -9999 -9999 -9999 -9999 -9999 -9999 -9999 -9999 -9999 -9999 -9999 -9999 540 537 537 529 525 522 521 519 521 522 520 520 515 524 528 528 524 524 527 527 530 532 533 535 537 538 540 542 547 555 556 558 560 563 566 570 577 582 587 592 601 606 614
-9999 -9999 -9999 -9999 -9999 -9999 -9999 -9999 -9999 -9999 -9999 -9999 -9999 -9999 -9999 -9999 -9999 -9999 -9999 -9999 -9999 -9999 -9999 -9999 -9999 -9999 -9999 -9999 -9999 -9999 -9999 -9999 -9999 -9999 -9999 -9999 -9999 -9999 -9999 550 549 535 528 530 527 519 518 518 520 520 513 515 522 528 526 525 527 527 529 530 532 536 539 540 541 545 549 554 556 556 559 562 567 569 576 581 586 591 599 606 611
-9999 -9999 -9999 -9999 -9999 -9999 -9999 -9999 -9999 -9999 -9999 -9999 -9999 -9999 -9999 -9999 -9999 -9999 -9999 -9999 -9999 -9999 -9999 -9999 -9999 -9999 -9999 -9999 -9999 -9999 -9999 -9999 -9999 -9999 -9999 -9999 -9999 -9999 570 554 542 535 536 536 529 523 519 517 536 516 513 514 515 523 526 526 528 528 529 531 534 536 537 539 541 545 547 552 555 558 562 565 569 575 580 586 590 596 604 604 609
-9999 -9999 -9999 -9999 -9999 -9999 -9999 -9999 -9999 -9999 -9999 -9999 -9999 -9999 -9999 -9999 -9999 -9999 -9999 -9999 -9999 -9999 -9999 -9999 -9999 -9999 -9999 -9999 -9999 -9999 -9999 -9999 -9999 -9999 -9999 -9999 -9999 555 545 543 545 542 535 526 518 514 515 515 548 514 514 513 514 518 520 522 526 529 531 532 532 535 536 539 542 544 547 551 555 556 560 564 568 574 580 585 588 596 602 608 614
-9999 -9999 -9999 -9999 -9999 -9999 -9999 -9999 -9999 -9999 -9999 -9999 -9999 -9999 -9999 -9999 -9999 -9999 -9999 -9999 -9999 -9999 -9999 -9999 -9999 -9999 -9999 -9999 -9999 -9999 -9999 -9999 -9999 -9999 -9999 -9999 -9999 -9999 553 551 544 541 531 523 514 512 515 532 529 514 515 514 514 518 519 521 525 529 529 531 533 535 536 539 542 544 547 551 554 557 560 563 567 574 579 584 587 595 600 604 611
-9999 -9999 -9999 -9999 -9999 -9999 -9999 -9999 -9999 -9999 -9999 -9999 -9999 -9999 -9999 -9999 -9999 -9999 -9999 -9999 -9999 -9999 -9999 -9999 -9999 -9999 -9999 -9999 -9999 -9999 -9999 -9999 -9999 -9999 -9999 -9999 -9999 567 557 544 535 535 525 518 513 513 517 519 522 515 513 515 515 517 518 522 523 526 529 531 534 537 539 541 545 547 550 554 556 557 560 563 566 572 577 583 585 593 598 604 609
-9999 -9999 -9999 -9999 -9999 -9999 -9999 -9999 -9999 -9999 -9999 -9999 -9999 -9999 -9999 -9999 -9999 -9999 -9999 -9999 -9999 -9999 -9999 -9999 -9999 -9999 -9999 -9999 -9999 -9999 -9999 -9999 -9999 -9999 -9999 -9999 -9999 566 -9999 536 523 527 516 514 517 515 519 516 531 513 512 514 515 516 518 522 523 525 529 532 534 536 538 539 543 547 549 554 556 559 563 566 570 575 581 585 590 597 601 607 607
-9999 -9999 -9999 -9999 -9999 -9999 -9999 -9999 -9999 -9999 -9999 -9999 -9999 -9999 -9999 -9999 -9999 -9999 -9999 -9999 -9999 -9999 -9999 -9999 -9999 -9999 -9999 -9999 -9999 -9999 -9999 -9999 -9999 -9999 -9999 -9999 -9999 -9999 -9999 -9999 -9999 513 517 527 520 515 516 -9999 531 518 511 511 515 517 517 521 522 524 527 531 534 536 538 540 541 546 547 553 556 558 562 564 570 572 579 584 589 596 600 606 611
