STOTEN_Data/raw/BioClim_BIO12.asc
ncols         250
nrows         718
xllcorner     -2256000
yllcorner     1557000
cellsize      1000
NODATA_value  -9999
[rows 432 to 467 of 718, columns 81 to 161 of 250]
-9999 233 231 231 230 230 230 230 229 230 228 228 229 228 228 227 226 226 226 227 229 229 231 232 233 235 236 236 237 240 240 242 243 246 247 249 250 254 256 259 261 266 267 269 271 274 276 279 280 282 286 288 289 294 295 297 298 304 305 305 307 313 314 317 318 322 325 328 330 332 334 337 338 342 345 347 349 358 364 -9999 -9999
-9999 -9999 231 231 229 229 228 228 229 227 227 227 227 227 225 224 225 226 226 226 227 228 228 229 233 233 233 235 237 238 239 239 243 245 245 246 250 252 253 256 261 263 266 267 271 273 274 275 278 282 286 287 288 293 294 297 298 303 305 305 305 311 313 314 316 320 323 324 325 331 332 333 336 341 342 344 346 353 358 360 -9999
-9999 -9999 231 231 227 227 226 226 227 226 226 225 225 224 223 223 224 224 224 224 226 227 228 229 232 233 233 233 236 236 237 238 241 244 245 245 248 250 252 253 258 261 263 265 268 271 273 273 278 279 281 283 288 291 292 293 298 300 301 303 306 309 311 313 314 318 322 324 325 330 330 331 333 338 340 342 344 348 352 356 -9999
-9999 -9999 -9999 230 226 225 225 224 225 225 224 223 225 223 222 222 224 223 223 223 225 225 225 227 230 231 232 232 235 236 237 238 239 243 244 245 247 250 250 250 255 258 260 262 267 268 270 272 275 277 279 280 286 288 290 292 297 297 300 300 305 306 308 310 314 316 317 320 325 328 330 331 335 338 339 341 345 347 349 356 -9999
-9999 -9999 -9999 225 224 224 222 221 223 222 221 221 222 221 221 221 222 221 221 221 223 223 223 224 229 229 229 231 233 234 235 237 238 239 242 245 245 247 249 250 254 258 259 261 267 267 269 271 274 274 277 278 282 285 287 289 293 295 297 298 302 304 305 307 311 313 315 316 321 324 325 329 331 333 336 339 343 345 347 348 359
232 227 224 225 224 222 221 221 221 220 219 218 220 220 219 218 219 219 219 219 222 222 222 223 225 227 228 229 232 232 233 235 236 237 238 240 245 245 245 249 251 254 257 258 263 265 267 268 272 274 276 277 281 283 286 288 292 294 295 297 299 301 303 304 309 311 313 314 320 322 324 326 329 330 332 334 340 340 341 342 349
-9999 -9999 229 224 222 221 220 221 219 218 216 218 218 218 217 218 218 217 218 220 220 222 222 222 225 225 227 228 231 231 232 233 235 236 236 238 242 244 245 246 250 251 253 256 261 263 265 266 270 272 273 275 278 280 283 285 290 291 292 294 298 301 302 303 308 309 312 313 318 320 320 321 328 328 328 331 337 339 341 342 346
232 -9999 226 225 222 219 216 220 216 215 215 215 215 215 215 217 218 217 217 218 218 219 220 222 223 224 225 228 229 230 231 233 235 236 236 239 241 243 244 244 247 249 250 253 258 260 262 263 267 269 271 272 276 278 279 282 287 289 290 291 295 297 299 301 305 306 309 311 315 317 319 321 325 327 329 330 336 338 340 341 345
228 226 225 220 217 216 215 215 215 215 215 214 214 214 214 216 216 216 215 217 217 217 217 221 222 223 224 226 227 228 229 231 233 233 235 238 239 240 242 244 247 248 249 255 256 260 261 265 266 269 269 272 274 276 277 282 283 285 286 289 293 294 296 297 302 304 306 307 311 313 315 318 321 324 326 328 333 336 336 338 343
-9999 -9999 -9999 224 217 215 214 214 214 214 212 214 212 213 212 214 213 213 213 216 216 216 216 218 219 220 221 225 225 226 227 230 231 232 232 236 237 238 239 244 245 246 247 252 253 255 257 263 265 265 267 271 272 275 277 279 282 284 285 290 290 291 293 297 299 301 302 307 309 311 312 318 319 321 322 324 329 331 333 334 338
-9999 225 224 224 218 215 214 214 213 210 209 210 210 211 211 212 211 210 210 213 214 215 215 216 217 218 220 224 224 224 225 229 229 230 231 233 235 237 238 241 243 244 245 249 252 253 254 261 262 264 265 270 271 272 273 277 279 281 282 288 288 290 292 296 297 299 301 306 307 309 310 314 315 318 319 324 325 328 329 334 336
223 224 220 221 218 215 214 212 210 209 208 208 208 207 207 210 211 210 210 211 211 212 213 216 216 216 217 221 222 223 224 227 228 229 231 233 234 236 237 239 240 242 243 247 248 251 253 255 259 261 262 267 267 270 271 275 276 278 280 284 286 288 289 293 294 296 298 303 305 306 307 312 315 316 318 322 323 325 326 331 332
221 221 219 -9999 220 218 210 209 209 208 208 208 207 206 207 208 209 209 209 210 210 211 211 214 216 216 216 219 220 221 222 225 226 227 228 231 232 233 235 238 240 241 242 246 248 249 252 255 257 260 260 264 266 267 269 273 273 275 277 282 282 283 286 290 291 293 295 300 302 303 305 309 312 313 315 319 319 321 323 327 330
219 -9999 -9999 222 221 220 211 209 207 205 206 206 205 205 207 207 208 206 209 209 209 210 211 212 212 214 216 217 219 220 222 223 224 226 226 229 230 231 233 237 238 239 240 244 245 248 249 254 255 255 259 262 264 267 267 272 273 273 274 281 281 281 283 287 289 291 291 297 299 301 302 306 308 309 311 316 316 317 319 324 327
218 -9999 -9999 -9999 -9999 -9999 -9999 211 206 202 204 203 203 204 205 205 205 204 207 207 207 208 210 211 211 211 216 216 218 218 220 221 222 223 226 227 228 229 233 234 236 237 240 241 243 245 249 250 253 254 259 261 262 263 265 267 269 272 272 277 279 279 280 285 287 288 292 295 297 298 300 303 304 305 308 312 313 314 316 321 324
-9999 -9999 -9999 -9999 -9999 -9999 -9999 -9999 208 203 202 203 202 202 203 204 204 204 205 206 206 207 208 209 210 211 215 215 216 217 220 221 221 222 226 226 227 227 232 233 233 235 239 239 241 242 247 248 250 251 254 257 259 261 265 266 267 269 272 273 275 279 280 283 285 286 292 294 294 295 298 301 303 304 305 310 312 312 312 319 322
-9999 -9999 -9999 -9999 -9999 -9999 -9999 -9999 205 205 202 202 201 202 202 203 203 204 204 204 204 206 207 208 209 209 211 212 214 216 218 219 221 221 224 224 226 226 229 231 233 234 237 239 240 241 246 247 249 250 253 254 256 258 262 265 266 266 271 272 272 274 279 280 281 282 286 288 290 291 298 298 300 301 305 308 309 310 312 316 318
-9999 -9999 -9999 -9999 -9999 -9999 -9999 -9999 -9999 203 202 201 201 201 202 202 203 203 203 203 204 204 206 206 208 208 210 210 211 214 217 217 219 220 221 222 224 225 227 228 230 232 235 237 238 239 243 245 246 248 252 253 253 257 260 264 264 265 268 270 272 272 276 278 280 280 285 285 287 289 294 296 297 298 301 303 304 306 311 312 315
-9999 -9999 -9999 -9999 -9999 -9999 -9999 -9999 -9999 203 202 201 200 200 201 202 202 202 203 203 203 204 205 206 206 208 210 210 211 212 214 215 217 218 221 221 222 224 226 226 227 228 234 235 236 237 240 243 244 245 250 250 252 253 259 259 261 263 266 268 269 271 275 276 277 278 283 283 284 287 293 293 293 294 300 300 300 304 307 309 311
-9999 -9999 -9999 -9999 -9999 -9999 -9999 -9999 -9999 207 202 201 200 200 199 200 201 202 202 201 202 204 204 205 205 208 208 210 210 210 214 214 216 216 220 221 221 222 225 226 226 226 231 233 235 236 238 241 242 244 247 248 250 251 255 258 258 260 264 265 267 268 272 274 275 277 281 282 283 283 289 290 293 293 296 299 300 303 307 308 310
-9999 -9999 -9999 -9999 -9999 -9999 -9999 -9999 -9999 -9999 202 201 198 199 198 198 199 201 201 200 201 202 202 203 203 206 206 208 209 210 212 213 214 216 218 220 220 222 223 225 226 228 229 232 234 235 238 240 241 244 245 245 247 250 251 254 256 258 262 264 265 265 270 271 272 274 277 278 280 280 284 286 287 289 293 295 297 299 304 307 308
-9999 -9999 -9999 -9999 -9999 -9999 -9999 -9999 -9999 -9999 200 198 195 196 196 197 198 201 199 199 199 201 202 202 203 204 205 206 206 210 210 211 212 214 216 217 219 221 221 222 223 226 228 229 230 235 236 238 239 244 245 245 246 251 251 252 254 258 261 261 264 265 267 268 270 271 276 276 277 279 282 283 285 286 291 294 296 296 301 304 307
-9999 -9999 -9999 -9999 -9999 -9999 -9999 -9999 -9999 -9999 200 197 195 195 195 195 196 198 199 199 199 200 201 201 202 204 205 206 206 209 209 211 211 214 214 215 216 220 220 221 221 225 226 226 228 233 234 236 239 241 243 244 245 249 250 251 251 256 257 259 262 265 265 267 269 272 274 275 276 279 280 283 283 286 288 292 292 296 299 300 301
-9999 -9999 -9999 -9999 -9999 -9999 -9999 -9999 -9999 -9999 202 196 195 195 194 195 195 197 198 198 198 199 199 200 200 203 203 204 205 207 209 210 211 213 214 215 216 220 220 221 221 223 224 225 226 231 232 233 235 239 239 242 243 245 246 248 249 254 255 256 258 262 263 264 265 270 271 272 273 277 277 280 283 285 289 289 290 295 296 297 300
-9999 -9999 -9999 -9999 -9999 -9999 -9999 -9999 217 217 209 199 195 194 195 195 195 196 197 197 196 198 199 199 199 201 202 203 203 205 205 208 210 212 213 214 215 217 219 220 220 221 223 225 226 229 230 233 235 238 238 238 240 244 245 245 248 251 253 255 255 259 263 263 263 268 270 270 271 274 276 278 280 283 286 287 288 292 294 295 296
-9999 -9999 -9999 -9999 -9999 -9999 -9999 221 217 213 202 198 195 195 195 195 196 196 197 195 196 198 198 198 199 200 201 201 203 204 205 205 206 211 212 213 213 215 217 218 219 220 221 222 223 227 227 229 231 236 237 238 239 243 244 246 248 250 253 253 255 257 258 261 263 264 268 269 271 272 273 275 277 281 283 285 286 290 292 292 292
-9999 -9999 -9999 -9999 -9999 -9999 -9999 -9999 216 211 203 199 195 195 195 195 195 196 195 195 195 196 197 198 199 200 200 201 203 204 204 205 206 208 210 211 213 214 216 216 217 219 220 221 222 225 227 227 228 234 236 236 237 241 242 242 243 248 249 251 251 256 256 259 261 264 266 267 270 271 273 274 274 279 280 282 284 288 288 290 291
-9999 -9999 -9999 -9999 -9999 -9999 -9999 -9999 -9999 -9999 203 199 195 195 195 194 195 195 195 194 194 195 195 197 198 199 200 200 202 203 204 205 205 207 209 210 213 214 214 216 218 218 219 219 222 222 224 226 228 230 233 235 237 237 240 241 243 246 247 249 250 256 256 256 258 263 264 266 267 270 272 273 274 279 280 282 282 286 287 287 289
-9999 -9999 -9999 -9999 -9999 228 217 -9999 -9999 -9999 203 198 195 194 194 194 194 194 194 194 194 193 194 195 197 198 198 199 201 203 203 205 205 205 205 207 212 212 213 214 217 217 216 219 222 222 222 225 228 229 232 232 236 237 237 239 243 243 244 247 250 251 254 255 258 259 260 264 267 269 269 272 274 277 279 279 280 283 283 284 287
-9999 -9999 -9999 221 -9999 222 -9999 -9999 -9999 -9999 197 194 193 194 193 192 193 193 194 194 193 193 193 194 196 197 198 198 200 200 202 203 204 205 205 206 209 211 213 213 215 215 216 216 220 221 222 222 227 228 229 231 236 236 237 238 242 243 244 245 250 251 251 253 256 257 258 260 265 266 268 269 273 274 276 278 280 281 282 285 287
231 225 221 -9999 216 -9999 212 206 206 201 197 195 194 193 192 192 193 193 193 194 193 193 193 194 196 197 197 198 199 201 202 202 204 204 205 205 207 207 209 210 213 214 215 216 217 220 220 221 224 227 228 229 233 235 235 237 240 242 242 243 247 249 250 252 255 256 258 260 263 266 267 269 270 272 272 275 279 279 280 282 286
226 222 216 215 212 207 204 206 201 199 196 195 194 193 192 192 192 192 193 193 194 193 193 193 194 196 197 197 198 198 199 201 204 204 205 205 207 207 208 209 213 213 214 215 216 216 218 220 222 224 226 227 231 232 233 235 238 239 241 242 246 247 248 250 254 254 256 257 261 263 265 265 270 270 271 273 279 279 280 282 286
223 214 210 206 206 214 210 204 203 198 198 196 194 193 193 192 192 192 192 193 194 194 193 193 194 195 196 197 198 198 198 201 201 202 203 203 205 206 207 207 210 212 214 214 216 216 218 220 223 224 224 226 228 230 232 233 236 238 239 240 243 245 247 248 252 254 255 254 260 261 262 264 268 269 270 271 275 277 278 279 285
217 210 217 222 225 225 217 208 208 204 202 197 195 195 193 192 192 191 191 193 193 193 194 193 193 194 195 197 197 198 198 199 199 200 200 203 204 205 206 207 208 210 211 214 214 214 216 220 221 221 223 224 227 229 231 232 236 236 238 240 242 244 244 246 249 251 253 254 256 257 259 262 264 266 269 270 272 275 277 278 281
218 230 240 235 231 235 223 -9999 220 215 208 202 201 200 196 192 192 191 189 191 192 193 193 193 193 194 195 197 197 197 198 198 198 199 199 201 203 203 204 207 207 208 208 212 213 214 214 216 219 221 221 224 225 226 228 232 234 235 236 240 241 241 243 248 248 249 251 254 255 256 258 262 264 264 265 267 271 271 273 275 279
227 249 -9999 -9999 -9999 -9999 -9999 -9999 -9999 227 214 203 202 202 201 193 193 191 189 190 191 192 193 193 193 193 194 195 196 197 197 198 198 199 199 201 202 203 203 206 207 207 208 209 210 214 214 214 218 220 221 222 224 226 227 229 232 234 235 237 239 241 241 245 248 249 249 253 254 255 256 262 263 265 265 269 270 271 272 276 278
