STOTEN_Data/raw/DTW60YrJurgens.asc
ncols         250
nrows         718
xllcorner     -2256000
yllcorner     1557000
cellsize      1000
NODATA_value  -9999
[rows 256 to 287 of 718, columns 72 to 143 of 250]
179.8085 179.5621 177.5023 175.2099 172.6263 169.5114 166.336 163.0999 163.1911 163.4945 163.8886 164.3473 164.8554 165.4195 165.3787 164.3116 163.2094 162.4663 163.2546 164.1563 165.1715 166.2223 166.8972 167.1706 167.2422 167.3005 167.2553 167.2253 167.5805 168.1327 168.5344 168.5625 168.6726 168.8649 167.9312 166.6216 165.4018 164.6667 164.3554 163.9053 163.4068 163.3191 -9999 -9999 -9999 -9999 -9999 -9999 -9999 -9999 -9999 -9999 -9999 -9999 -9999 -9999 -9999 -9999 -9999 -9999 -9999 -9999 -9999 -9999 -9999 -9999 -9999 -9999 -9999 -9999 -9999 -9999
178.4009 177.5181 175.8983 174.0352 171.4683 168.3622 165.2249 162.767 162.8157 162.955 163.1851 163.5332 163.94 164.4027 164.0347 163.1428 162.154 161.715 162.1877 162.5074 163.1799 164.9829 166.3842 167.384 167.7993 168.0446 168.1865 168.1452 168.1581 168.3604 168.5967 168.6037 168.835 168.9614 167.433 165.961 164.5787 164.2219 164.1616 163.9626 163.7466 163.6589 -9999 -9999 -9999 -9999 -9999 -9999 -9999 -9999 -9999 -9999 -9999 -9999 -9999 -9999 -9999 -9999 -9999 -9999 -9999 -9999 -9999 -9999 -9999 -9999 -9999 -9999 -9999 -9999 -9999 -9999
176.6539 175.7173 174.5375 173.1144 170.4386 167.3892 164.3085 162.5443 162.3362 162.2741 162.3866 162.663 162.9685 163.33 162.7875 162.0709 161.2574 161.5004 162.2497 162.8461 163.564 164.8398 166.2883 167.8394 168.4597 168.8922 169.2213 168.8758 168.5465 168.4064 168.1116 167.7131 167.5389 167.3807 166.454 165.2231 163.6881 163.9159 164.1067 164.1587 164.0864 -9999 -9999 -9999 -9999 -9999 -9999 -9999 -9999 -9999 -9999 -9999 -9999 -9999 -9999 -9999 -9999 -9999 -9999 -9999 -9999 -9999 -9999 -9999 -9999 -9999 -9999 -9999 -9999 -9999 -9999 -9999
175.1877 174.3384 173.4201 172.4018 169.4403 166.4475 163.4233 162.1854 161.713 161.3868 161.3974 161.6766 161.9604 162.3161 162.0244 161.096 160.4577 161.4387 162.4647 163.3377 164.1396 165.1026 166.2386 167.2926 167.9725 168.7558 169.5786 169.3314 168.7456 168.2632 167.4023 166.5983 166.0186 165.7375 165.3609 164.6801 163.9541 164.0724 164.2296 164.4257 164.4263 -9999 -9999 -9999 -9999 -9999 -9999 -9999 -9999 -9999 -9999 -9999 -9999 -9999 -9999 -9999 -9999 -9999 -9999 -9999 -9999 -9999 -9999 -9999 -9999 -9999 -9999 -9999 -9999 -9999 -9999 -9999
174.6332 174.0681 173.3459 172.1363 169.5027 166.0768 162.5695 161.6804 160.9438 160.3534 160.4036 160.6742 160.9496 162.775 165.4294 166.4548 165.5495 163.3594 162.9619 163.9824 164.5423 165.1926 166.0159 166.6424 167.1351 167.7313 168.2099 168.1682 168.0129 167.7163 166.5452 165.2764 164.2741 164.3985 164.5719 164.4412 164.2596 164.3074 164.3943 164.4901 164.4773 -9999 -9999 -9999 -9999 -9999 -9999 -9999 -9999 -9999 -9999 -9999 -9999 -9999 -9999 -9999 -9999 -9999 -9999 -9999 -9999 -9999 -9999 -9999 -9999 -9999 -9999 -9999 -9999 -9999 -9999 -9999
174.2359 173.9548 173.5166 172.9424 171.7418 169.7488 166.9739 164.158 161.6987 159.5959 159.405 159.6672 159.9341 164.8629 170.4633 174.4348 173.2316 167.7992 164.1595 163.0365 166.181 167.2051 166.1087 165.8887 166.1943 166.6034 166.9548 167.1187 167.169 166.8634 165.8689 164.7769 163.6326 165.3259 165.5808 164.5065 164.5261 164.5036 164.52 164.5397 164.5269 -9999 -9999 -9999 -9999 -9999 -9999 -9999 -9999 -9999 -9999 -9999 -9999 -9999 -9999 -9999 -9999 -9999 -9999 -9999 -9999 -9999 -9999 -9999 -9999 -9999 -9999 -9999 -9999 -9999 -9999 -9999
174.2568 173.9986 173.8445 174.5408 174.7731 174.2131 171.7399 168.2791 165.1749 163.334 164.004 163.6733 162.3419 168.9026 177.1261 184.0437 179.121 170.4463 163.5643 163.5669 170.5464 175.4055 177.1972 171.5272 167.7172 165.7671 165.8182 166.183 166.4389 166.1081 165.2904 164.375 165.0544 169.349 172.2054 173.6233 171.2838 168.9143 166.5446 164.5894 -9999 -9999 -9999 -9999 -9999 -9999 -9999 -9999 -9999 -9999 -9999 -9999 -9999 -9999 -9999 -9999 -9999 -9999 -9999 -9999 -9999 -9999 -9999 -9999 -9999 -9999 -9999 -9999 -9999 -9999 -9999 -9999
176.3441 176.1887 175.9404 177.6995 178.7766 179.4697 176.1493 172.0436 168.2945 168.105 170.585 172.0642 173.217 177.4226 183.1434 190.3795 182.4195 171.4507 161.1764 166.2178 177.0323 185.7264 186.3102 177.2764 170.1026 165.1729 165.1028 165.1949 165.4491 165.2756 164.8095 164.0708 167.9145 174.8106 180.2683 182.836 180.4666 178.0972 175.7276 173.3579 -9999 -9999 -9999 -9999 -9999 -9999 -9999 -9999 -9999 -9999 -9999 -9999 -9999 -9999 -9999 -9999 -9999 -9999 -9999 -9999 -9999 -9999 -9999 -9999 -9999 -9999 -9999 -9999 -9999 -9999 -9999 -9999
178.6582 178.9127 180.02 183.0125 185.323 186.7871 182.1673 177.0542 171.4479 173.8767 178.1667 181.4559 182.9622 184.4274 187.4079 190.0762 184.3615 176.776 167.3199 174.5822 185.4304 198.1494 193.5633 181.1657 170.6281 164.5886 164.2254 164.0244 163.9911 164.0215 163.8797 163.5658 171.1245 180.7179 189.7697 192.0187 189.6494 187.2801 184.9106 182.5409 -9999 -9999 -9999 -9999 -9999 -9999 -9999 -9999 -9999 -9999 -9999 -9999 -9999 -9999 -9999 -9999 -9999 -9999 -9999 -9999 -9999 -9999 -9999 -9999 -9999 -9999 -9999 -9999 -9999 -9999 -9999 -9999
181.1988 181.8633 184.7815 189.0075 192.5515 193.6825 189.9547 185.7337 181.0634 183.1233 186.2519 190.4491 191.0847 189.9171 190.1572 190.5055 188.1741 183.972 179.7829 185.3771 192.842 202.1776 195.3226 184.4059 171.543 163.8422 163.1859 162.6917 162.5979 162.9396 163.1092 163.5603 173.5611 183.4168 193.1274 195.2809 195.1319 194.9829 194.0936 191.7239 -9999 -9999 -9999 -9999 -9999 -9999 -9999 -9999 -9999 -9999 -9999 -9999 -9999 -9999 -9999 -9999 -9999 -9999 -9999 -9999 -9999 -9999 -9999 -9999 -9999 -9999 -9999 -9999 -9999 -9999 -9999 -9999
190.6082 189.1051 191.4275 195.6906 200.4619 201.0711 198.2354 194.9064 191.9992 192.1263 193.3221 195.5866 194.3397 193.2079 192.2562 192.7082 193.8576 193.0388 192.0905 194.3013 198.3828 202.7422 197.2914 189.8944 180.5513 175.5195 171.3856 167.2949 163.9877 162.0299 162.5109 165.8796 176.1427 186.2608 196.0087 195.8596 195.7105 195.5614 195.7096 -9999 -9999 -9999 -9999 -9999 -9999 -9999 -9999 -9999 -9999 -9999 -9999 -9999 -9999 -9999 -9999 -9999 -9999 -9999 -9999 -9999 -9999 -9999 -9999 -9999 -9999 -9999 -9999 -9999 -9999 -9999 -9999 -9999
201.2511 199.4896 200.1832 202.1478 205.3834 205.4525 204.7975 204.4066 201.8663 200.0606 199.3237 199.0523 197.4145 195.9569 194.6794 195.1853 195.9703 196.9723 198.4724 200.2367 202.0529 203.1374 201.2063 197.3291 191.7969 187.5418 183.3299 179.1611 176.171 173.4004 170.6317 172.8194 180.0771 189.2498 196.5875 196.4382 196.289 196.14 196.6782 197.3968 -9999 -9999 -9999 -9999 -9999 -9999 -9999 -9999 -9999 -9999 -9999 -9999 -9999 -9999 -9999 -9999 -9999 -9999 -9999 -9999 -9999 -9999 -9999 -9999 -9999 -9999 -9999 -9999 -9999 -9999 -9999 -9999
211.6674 209.273 207.6681 207.3341 208.083 206.6864 205.5539 204.6855 204.3613 203.9812 203.4176 202.2727 200.3092 198.5257 197.2698 197.4456 197.8383 198.4479 199.8436 201.396 203.0655 203.9121 204.3439 204.8361 203.8541 199.521 195.231 191.128 188.3524 185.5786 182.8066 184.8582 189.3618 195.3883 198.2558 197.5684 197.0186 196.9203 197.566 198.3147 199.3512 199.38 -9999 -9999 -9999 -9999 -9999 -9999 -9999 -9999 -9999 -9999 -9999 -9999 -9999 -9999 -9999 -9999 -9999 -9999 -9999 -9999 -9999 -9999 -9999 -9999 -9999 -9999 -9999 -9999 -9999 -9999
214.9602 215.2527 213.8221 211.2494 209.5304 207.6564 206.0463 204.7569 204.8921 204.8438 204.6121 203.1836 201.5241 199.9935 199.4075 199.4889 199.4893 199.8746 201.0977 202.438 203.8955 204.2636 204.5862 204.9692 204.5251 203.4839 202.3167 201.5579 200.5321 197.7551 195.1475 195.3743 197.1238 200.3962 200.4041 199.4678 198.6691 198.3252 198.4944 198.9044 199.3792 199.38 -9999 -9999 -9999 -9999 -9999 -9999 -9999 -9999 -9999 -9999 -9999 -9999 -9999 -9999 -9999 -9999 -9999 -9999 -9999 -9999 -9999 -9999 -9999 -9999 -9999 -9999 -9999 -9999 -9999 -9999
213.7057 213.9376 212.8553 211.5804 210.062 208.2793 206.2747 205.1394 205.6064 205.89 205.955 203.9332 202.0404 200.2766 200.5411 201.2225 201.5817 201.8399 202.4459 203.3628 204.4015 204.5546 204.7681 205.0419 204.453 203.6399 202.7007 202.4705 202.6946 202.8646 203.0331 203.4326 203.3631 203.7376 202.4147 201.2295 200.1819 199.5929 199.3266 199.3011 199.3606 199.3188 -9999 -9999 -9999 -9999 -9999 -9999 -9999 -9999 -9999 -9999 -9999 -9999 -9999 -9999 -9999 -9999 -9999 -9999 -9999 -9999 -9999 -9999 -9999 -9999 -9999 -9999 -9999 -9999 -9999 -9999
213.3564 212.8151 212.0812 211.1546 210.0324 208.677 207.0854 206.4069 206.687 207.0826 206.8089 204.5539 202.4278 200.4308 201.9969 203.2611 204.2031 204.3972 204.577 204.9924 205.2846 205.17 205.0482 204.9658 204.507 203.922 203.2109 203.4372 203.7592 204.0271 204.0226 204.03 204.2542 204.2943 203.5045 202.6802 201.5625 200.6199 199.918 199.4571 199.3246 199.2441 -9999 -9999 -9999 -9999 -9999 -9999 -9999 -9999 -9999 -9999 -9999 -9999 -9999 -9999 -9999 -9999 -9999 -9999 -9999 -9999 -9999 -9999 -9999 -9999 -9999 -9999 -9999 -9999 -9999 -9999
211.3073 211.8852 211.4996 210.9311 210.2391 209.311 208.1465 207.8754 207.9465 208.1331 207.6077 205.9769 203.8153 202.17 203.775 205.622 207.1467 206.7189 206.4725 206.4617 206.4398 206.3383 206.2295 205.7675 204.9286 204.2594 203.9032 204.4581 204.8779 205.2437 204.7953 204.4105 204.2426 203.8374 203.1101 202.3483 201.5928 200.8983 200.1622 199.391 199.2773 199.1791 199.0676 199.0317 -9999 -9999 -9999 -9999 -9999 -9999 -9999 -9999 -9999 -9999 -9999 -9999 -9999 -9999 -9999 -9999 -9999 -9999 -9999 -9999 -9999 -9999 -9999 -9999 -9999 -9999 -9999 -9999
206.8596 208.0143 208.9073 209.6277 210.1701 210.1811 209.4818 209.2283 209.0904 209.068 208.9234 208.2526 207.0511 206.6618 207.6198 208.8291 209.6287 208.6801 208.1324 207.6954 207.6023 207.5138 207.418 206.5226 205.3767 204.4006 204.1319 204.7725 205.4333 205.9787 205.326 204.5742 204.0141 203.4151 202.7503 202.0509 201.4017 200.7823 200.1213 199.6025 199.5307 199.3972 199.2022 199.0522 -9999 -9999 -9999 -9999 -9999 -9999 -9999 -9999 -9999 -9999 -9999 -9999 -9999 -9999 -9999 -9999 -9999 -9999 -9999 -9999 -9999 -9999 -9999 -9999 -9999 -9999 -9999 -9999
202.6736 204.3016 205.668 207.068 208.2996 209.1501 209.7153 210.1052 210.1304 209.9498 210.7699 211.0591 210.8176 210.9024 211.406 212.1609 211.4433 209.4244 207.9973 207.446 208.0907 208.5373 208.6137 207.1079 205.6551 204.372 204.3405 204.9446 205.5688 205.9002 205.5747 205.0682 204.3747 203.4845 202.5045 201.788 201.2521 200.7078 200.122 199.8755 199.9151 199.8931 199.8178 199.7727 -9999 -9999 -9999 -9999 -9999 -9999 -9999 -9999 -9999 -9999 -9999 -9999 -9999 -9999 -9999 -9999 -9999 -9999 -9999 -9999 -9999 -9999 -9999 -9999 -9999 -9999 -9999 -9999
198.7493 200.8507 202.6904 204.8894 206.81 208.3496 209.6602 210.7096 211.3944 211.8819 212.6999 213.6384 214.6814 214.8918 214.941 215.2415 212.6661 209.5768 207.0794 206.5235 207.5264 208.3313 208.6427 207.4337 205.9799 204.2811 204.5288 205.0964 205.6842 206.0026 206.0042 205.8248 205.3791 204.6512 203.8335 202.9272 202.0015 201.0888 200.1891 200.2102 200.3612 200.4506 200.4005 200.3116 200.3158 -9999 -9999 -9999 -9999 -9999 -9999 -9999 -9999 -9999 -9999 -9999 -9999 -9999 -9999 -9999 -9999 -9999 -9999 -9999 -9999 -9999 -9999 -9999 -9999 -9999 -9999 -9999
198.7183 199.5733 200.8528 203.2477 205.7015 207.9302 209.9699 211.6788 213.023 213.7795 214.3793 215.0998 215.7527 216.0733 216.5446 217.1476 213.2837 209.1375 205.5697 205.7991 207.1603 208.3234 208.6231 207.8571 206.8462 205.8073 205.8252 205.9287 206.1178 206.3014 206.6145 206.7623 206.4732 205.9075 205.2522 204.4483 203.4991 202.5629 201.6707 201.5025 201.368 201.2671 200.8654 200.6366 200.4913 200.4484 200.4484 -9999 -9999 -9999 -9999 -9999 -9999 -9999 -9999 -9999 -9999 -9999 -9999 -9999 -9999 -9999 -9999 -9999 -9999 -9999 -9999 -9999 -9999 -9999 -9999 -9999
198.705 199.0441 200.2782 202.6051 204.9697 207.3514 209.7749 212.5631 215.0162 215.5565 215.9382 216.4406 216.6734 216.7215 216.9203 216.5622 213.8649 210.5225 206.5352 206.7281 207.2319 208.5136 208.8484 208.5254 207.9575 207.4338 207.2968 207.2455 207.208 206.9146 206.8729 207.0829 207.1289 207.2315 206.7606 205.9564 204.9837 204.024 203.285 203.0559 202.8605 202.6925 202.2227 201.7266 201.2042 200.8664 -9999 -9999 -9999 -9999 -9999 -9999 -9999 -9999 -9999 -9999 -9999 -9999 -9999 -9999 -9999 -9999 -9999 -9999 -9999 -9999 -9999 -9999 -9999 -9999 -9999 -9999
198.4065 198.2298 199.666 201.9251 204.2217 206.2557 208.0198 210.1484 212.6218 214.7618 216.3936 217.5171 217.4435 217.219 217.1453 216.6218 215.091 212.9153 210.7616 210.6162 210.7019 211.0188 210.5455 209.9813 209.3632 208.9747 208.6828 208.4766 208.0246 207.2761 206.7792 206.5164 206.2984 206.1945 206.2048 206.2974 206.0707 205.4722 204.8656 204.5757 204.3194 204.0426 203.6203 203.1718 202.697 202.8039 -9999 -9999 -9999 -9999 -9999 -9999 -9999 -9999 -9999 -9999 -9999 -9999 -9999 -9999 -9999 -9999 -9999 -9999 -9999 -9999 -9999 -9999 -9999 -9999 -9999 -9999
197.9224 197.3095 199.0906 201.2074 203.4362 204.7954 205.8999 207.3691 209.6932 212.7525 215.3036 217.2411 217.2399 217.2042 217.1339 217.312 216.9622 215.953 214.8366 214.2731 213.9408 213.7592 213.3465 212.8799 212.3593 210.9454 209.9356 209.4022 208.589 207.3859 206.4338 205.7783 205.3538 205.0435 204.9533 205.7112 206.1185 206.1752 205.9302 205.7238 205.5832 205.419 205.0443 204.6433 204.3282 204.4483 204.8482 205.8887 -9999 -9999 -9999 -9999 -9999 -9999 -9999 -9999 -9999 -9999 -9999 -9999 -9999 -9999 -9999 -9999 -9999 -9999 -9999 -9999 -9999 -9999 -9999 -9999
197.3484 196.9845 199.1071 201.1855 203.2196 203.6407 203.6618 204.2251 207.273 211.2515 214.7218 216.8267 216.8881 216.9149 216.9714 218.3855 219.1955 219.4014 218.5726 217.6918 216.9485 216.5165 216.2014 215.8324 214.9812 212.6334 210.762 209.367 208.3793 207.3304 206.2032 205.1626 204.2951 203.7783 204.0836 205.4755 206.5168 207.1364 206.745 206.4194 206.1598 205.9502 205.7766 205.6401 205.6152 205.6205 205.6857 205.9303 205.9303 -9999 -9999 -9999 -9999 -9999 -9999 -9999 -9999 -9999 -9999 -9999 -9999 -9999 -9999 -9999 -9999 -9999 -9999 -9999 -9999 -9999 -9999 -9999
196.6567 196.9652 199.1679 201.3264 203.2463 203.8015 204.1664 204.3413 207.3531 210.9701 214.7023 216.4469 216.5708 216.6602 217.5564 220.0631 221.9657 223.2284 221.8351 220.6244 219.596 219.1313 218.9304 218.8389 217.0543 213.8449 211.112 209.0769 208.248 207.3407 206.3552 205.2671 204.238 203.2787 203.8102 205.4648 207.2657 208.0044 207.4939 207.0493 206.6731 206.3952 206.1545 205.9509 205.9511 206.005 206.0594 206.0584 205.9894 -9999 -9999 -9999 -9999 -9999 -9999 -9999 -9999 -9999 -9999 -9999 -9999 -9999 -9999 -9999 -9999 -9999 -9999 -9999 -9999 -9999 -9999 -9999
196.4684 197.1154 199.273 201.5115 203.2533 204.1524 204.8613 205.6969 208.9903 212.399 215.9228 216.8811 217.0605 216.9654 218.774 222.3449 225.3401 226.6384 224.9153 223.3745 222.0162 221.4809 221.0681 220.7725 218.1113 214.562 211.1294 208.8822 208.195 207.4294 206.5268 205.3018 204.1466 203.0611 203.7392 204.9186 206.3608 207.2796 207.4985 207.4546 207.1482 206.8032 206.4953 206.2337 206.2865 206.3398 206.3934 206.3646 -9999 -9999 -9999 -9999 -9999 -9999 -9999 -9999 -9999 -9999 -9999 -9999 -9999 -9999 -9999 -9999 -9999 -9999 -9999 -9999 -9999 -9999 -9999 -9999
197.6608 198.7652 200.2665 202.0095 203.4441 204.6735 205.7462 207.4272 210.5124 213.7127 216.8215 217.7715 218.447 218.8482 222.1378 225.9094 229.427 229.9322 227.8129 225.9422 224.4553 223.7133 223.0886 222.581 218.8087 215.0481 211.4044 210.3414 209.9692 209.08 207.2931 205.2668 203.9853 202.9639 203.4055 204.1098 205.0768 206.041 206.735 207.1663 206.8903 206.4139 206.1845 206.3357 206.6216 206.6741 206.7255 206.6099 206.53 206.4902 -9999 -9999 -9999 -9999 -9999 -9999 -9999 -9999 -9999 -9999 -9999 -9999 -9999 -9999 -9999 -9999 -9999 -9999 -9999 -9999 -9999 -9999
199.3508 200.1734 201.2376 202.5435 203.6499 204.7773 205.9611 208.1573 211.2959 214.8878 217.4899 218.9361 220.108 221.2707 225.7557 229.9868 233.9638 233.4774 231.6724 229.6849 227.7518 226.203 224.9919 223.4777 219.3892 215.4175 211.5626 212.374 212.9365 212.9821 210.7821 207.9176 205.3931 203.7082 203.123 203.0382 203.6334 205.0652 206.2343 207.1407 206.3218 205.3986 204.7224 204.952 205.6798 206.2717 206.6062 206.649 206.6116 206.4911 206.4896 -9999 -9999 -9999 -9999 -9999 -9999 -9999 -9999 -9999 -9999 -9999 -9999 -9999 -9999 -9999 -9999 -9999 -9999 -9999 -9999 -9999
200.9405 201.3399 201.9671 202.8303 203.7993 204.8247 205.9065 207.7101 210.0289 212.8011 216.1017 219.103 221.5607 224.6832 229.6277 234.3181 238.4976 237.205 235.7299 234.0724 231.9243 229.8954 228.1319 225.3116 220.9355 216.2561 212.9093 214.9235 216.4207 217.4011 213.9311 210.4518 207.3125 205.4031 204.2858 203.4627 203.4072 204.4917 205.9022 207.1233 205.5063 204.1363 203.0134 203.7043 204.6782 205.5161 205.692 205.4694 205.3935 205.5365 205.9592 -9999 -9999 -9999 -9999 -9999 -9999 -9999 -9999 -9999 -9999 -9999 -9999 -9999 -9999 -9999 -9999 -9999 -9999 -9999 -9999 -9999
201.9181 202.1269 202.4701 203.116 203.8923 204.8157 205.7638 206.8096 208.3087 210.2611 214.4454 218.43 221.871 225.7081 230.5924 236.0991 240.7067 241.115 239.9699 238.606 235.8313 233.3222 231.0786 227.8959 224.0684 219.9375 217.5821 218.1328 219.4812 220.5693 216.7401 212.6461 208.892 206.8039 205.1544 203.7991 203.5079 204.0029 204.8238 205.3335 204.4299 203.0836 201.4616 202.5927 203.8127 204.8966 204.6311 204.143 203.8017 203.8984 204.3212 -9999 -9999 -9999 -9999 -9999 -9999 -9999 -9999 -9999 -9999 -9999 -9999 -9999 -9999 -9999 -9999 -9999 -9999 -9999 -9999 -9999
202.7612 202.727 202.8271 203.762 204.8816 205.8111 206.3697 206.3458 206.1353 207.8211 213.3328 218.3007 222.725 226.0554 229.8141 234.1952 238.1494 240.6489 242.1561 241.7822 239.053 236.4836 233.7593 230.7836 227.5045 223.9222 221.7321 220.8399 220.7456 219.9027 217.0587 213.8431 210.4355 207.9401 205.7287 203.8413 203.2827 203.188 203.4194 203.7541 203.6514 203.1059 202.5189 202.8295 203.4376 204.2731 203.4546 202.6699 202.0632 202.2603 -9999 -9999 -9999 -9999 -9999 -9999 -9999 -9999 -9999 -9999 -9999 -9999 -9999 -9999 -9999 -9999 -9999 -9999 -9999 -9999 -9999 -9999
