STOTEN_Data/raw/DTW60YrJurgens.asc
ncols         250
nrows         718
xllcorner     -2256000
yllcorner     1557000
cellsize      1000
NODATA_value  -9999
[rows 192 to 223 of 718, columns 0 to 71 of 250]
-9999 -9999 -9999 -9999 -9999 -9999 -9999 -9999 -9999 -9999 -9999 -9999 -9999 -9999 -9999 -9999 -9999 -9999 -9999 -9999 -9999 -9999 -9999 -9999 -9999 -9999 -9999 -9999 -9999 142.4796 142.3824 142.704 142.3833 142.2837 141.7785 141.073 140.3813 140.3938 141.3235 142.5323 143.9079 144.9749 146.0307 147.0753 147.4886 147.415 147.2159 146.9354 147.0103 147.5296 148.1455 148.2512 148.2615 148.2237 148.6559 149.1835 149.8066 150.5882 150.6535 150.574 151.218 152.5658 153.8819 154.2435 151.6116 148.5856 145.1655 145.5231 145.4275 144.7561 143.0871 141.9913
-9999 -9999 -9999 -9999 -9999 -9999 -9999 -9999 -9999 -9999 -9999 -9999 -9999 -9999 -9999 -9999 -9999 -9999 -9999 -9999 -9999 -9999 -9999 -9999 -9999 -9999 -9999 -9999 -9999 142.9749 143.139 143.814 144.2937 144.5476 143.9126 143.4501 142.8 142.7608 143.1858 143.8899 144.8913 145.9785 147.0545 148.0025 148.4347 148.8326 149.1963 148.8176 148.3588 148.0742 148.3065 148.5849 148.7679 148.904 149.1635 149.5184 150.0021 150.9569 151.8957 152.8186 154.7473 156.9822 158.3556 158.1889 156.2698 153.9566 152.3385 153.8602 154.8061 155.1761 152.4067 149.5737
-9999 -9999 -9999 -9999 -9999 -9999 -9999 -9999 -9999 -9999 -9999 -9999 -9999 -9999 -9999 -9999 -9999 -9999 -9999 -9999 -9999 -9999 -9999 -9999 -9999 -9999 -9999 -9999 143.598 143.4702 144.091 145.1195 145.9526 146.1165 145.1695 144.395 143.8029 144.1955 144.5833 144.9664 145.8859 146.9933 148.0895 148.921 149.415 149.8748 150.1579 149.7255 149.2843 148.8343 149.0005 149.1953 149.3697 149.4888 149.5756 149.7579 150.2609 151.2446 152.2124 153.1761 154.5826 156.4026 158.6361 160.3519 160.7465 159.7216 160.21 162.7732 164.7605 165.2744 162.1921 159.1986
-9999 -9999 -9999 -9999 -9999 -9999 -9999 -9999 -9999 -9999 -9999 -9999 -9999 -9999 -9999 -9999 -9999 -9999 -9999 -9999 -9999 -9999 -9999 -9999 -9999 -9999 -9999 -9999 144.7652 144.325 145.2565 146.6204 147.8069 147.5129 146.2538 145.1672 144.5907 144.9919 145.3884 145.7801 146.5975 147.62 148.8437 149.8736 150.4295 150.9512 151.0586 150.6421 150.2168 149.9017 150.2401 150.5274 150.7636 150.5453 150.2987 150.0917 150.5357 151.5484 152.545 153.3457 154.0045 155.0767 156.6364 160.4881 163.1089 164.4988 166.6214 169.9834 174.1789 175.1315 171.8887 168.7347
-9999 -9999 -9999 -9999 -9999 -9999 -9999 -9999 -9999 -9999 -9999 -9999 -9999 -9999 -9999 -9999 -9999 -9999 -9999 -9999 -9999 -9999 -9999 -9999 -9999 -9999 -9999 -9999 146.471 146.1183 146.8235 147.797 149.0389 148.4597 147.1643 145.7669 145.3833 145.7932 146.1982 146.5821 147.0393 147.6978 148.5575 150.4659 151.8851 152.7732 152.3501 151.5676 151.1581 151.1 151.5309 151.9106 152.1532 151.7957 151.4777 151.1993 152.1575 153.1176 153.8387 153.6138 153.0129 153.3373 155.7773 161.8551 166.7021 170.308 171.3294 173.1842 175.8723 176.2236 175.4872 174.7585
-9999 -9999 -9999 -9999 -9999 -9999 -9999 -9999 -9999 -9999 -9999 -9999 -9999 -9999 -9999 -9999 -9999 -9999 -9999 -9999 -9999 -9999 -9999 -9999 -9999 -9999 -9999 -9999 148.1768 147.9023 148.1221 148.6102 149.2832 148.7434 147.9346 146.8567 146.5009 146.6275 147.0128 147.1866 147.2798 147.5743 148.6675 151.5782 153.9579 155.8064 155.0996 154.2471 153.3832 153.107 153.154 153.3448 153.4355 153.0066 152.6172 152.4836 154.115 155.5074 156.6608 156.7606 156.3229 155.5111 158.1998 164.6444 171.5262 175.6899 175.204 175.5515 176.7324 176.0173 175.2672 174.5247
-9999 -9999 -9999 -9999 -9999 -9999 -9999 -9999 -9999 -9999 -9999 -9999 -9999 -9999 -9999 -9999 -9999 -9999 -9999 -9999 -9999 -9999 -9999 -9999 -9999 -9999 -9999 149.4455 149.4455 149.4179 149.1523 149.155 149.3495 149.2962 148.9739 148.3805 147.7516 147.3918 147.3009 148.0164 148.353 148.034 149.3503 153.2215 156.5616 158.6811 157.8604 157.0284 156.185 156.095 156.0946 156.1204 155.6243 154.8054 153.9606 154.2479 156.3116 158.1363 159.6685 160.2814 160.5203 160.385 163.8562 168.9524 174.7943 177.7098 177.3852 177.0163 176.575 175.8035 175.0396 174.2833
-9999 -9999 -9999 -9999 -9999 -9999 -9999 -9999 -9999 -9999 -9999 -9999 -9999 -9999 -9999 -9999 -9999 -9999 -9999 -9999 -9999 -9999 -9999 -9999 -9999 -9999 -9999 149.4455 149.4455 149.2594 149.1669 149.1466 149.6257 150.118 150.2823 149.8488 148.7333 147.8869 147.3712 149.5491 151.0715 151.9382 153.4642 155.9333 159.0543 161.0302 160.6326 159.821 159.1309 159.0569 159.009 158.9874 158.3143 157.5422 156.7442 157.7322 159.7001 161.5086 162.9813 164.1764 165.0917 165.7646 168.767 172.5149 177.0084 177.9458 177.7016 177.4129 176.8143 175.9214 175.0078 174.2149
-9999 -9999 -9999 -9999 -9999 -9999 -9999 -9999 -9999 -9999 -9999 -9999 -9999 -9999 -9999 -9999 -9999 -9999 -9999 -9999 -9999 -9999 -9999 -9999 -9999 -9999 -9999 -9999 -9999 -9999 148.764 148.7154 150.0488 151.2704 152.0888 151.5304 149.8693 148.1131 148.3738 151.7375 154.4456 156.498 157.1379 158.4278 160.3696 161.6271 162.1059 162.1814 162.0314 161.9776 161.8972 161.7294 161.0301 160.3049 159.5538 161.5705 163.8267 165.9234 167.0603 167.8356 168.8749 170.366 172.7407 175.3319 178.3459 178.2263 178.0623 177.854 177.1631 176.3075 175.4313 174.7145
-9999 -9999 -9999 -9999 -9999 -9999 -9999 -9999 -9999 -9999 -9999 -9999 -9999 -9999 -9999 -9999 -9999 -9999 -9999 -9999 -9999 -9999 -9999 -9999 -9999 -9999 -9999 -9999 -9999 -9999 148.25 148.521 150.875 152.8258 154.3734 153.9571 152.8678 151.4622 152.1857 155.1577 158.407 160.7009 160.1596 160.2703 161.033 162.6273 163.8353 164.64 164.8147 164.8073 164.7743 164.4863 163.8289 163.1158 162.8644 165.5682 168.1126 170.4976 170.8753 171.1732 171.735 172.5389 173.847 175.7449 177.5049 177.8374 178.3366 178.3303 177.5326 176.7143 175.8754 175.0956
-9999 -9999 -9999 -9999 -9999 -9999 -9999 -9999 -9999 -9999 -9999 -9999 -9999 -9999 -9999 -9999 -9999 -9999 -9999 -9999 -9999 -9999 -9999 -9999 -9999 -9999 -9999 -9999 -9999 -9999 149.2905 149.554 152.1044 154.7844 156.9015 156.7 156.1823 155.3486 156.905 159.3757 162.1236 163.2447 162.6328 162.0146 161.9572 164.0307 165.9678 167.5018 167.6236 167.6625 167.6758 167.3312 166.7748 166.1626 166.6723 169.1786 171.9685 174.6903 174.4264 174.2467 174.3311 174.122 174.3636 175.1949 175.7035 175.7347 175.9324 176.1721 176.1666 176.2043 176.285 175.358
-9999 -9999 -9999 -9999 -9999 -9999 -9999 -9999 -9999 -9999 -9999 -9999 -9999 -9999 -9999 -9999 -9999 -9999 -9999 -9999 -9999 -9999 -9999 -9999 -9999 -9999 -9999 -9999 -9999 153.1343 152.3459 152.8777 154.5768 156.6922 158.5603 159.3235 159.813 159.6548 161.347 163.3164 165.563 165.6527 165.0524 164.4457 164.7347 166.1739 167.9104 169.6104 170.239 170.5434 170.6031 170.2319 169.7764 169.265 170.2197 172.2128 174.4897 176.0295 175.9968 176.0626 176.1088 175.0943 174.2903 174.055 173.7355 173.4652 173.3616 173.3087 173.2251 173.1847 173.5014 174.3324
-9999 -9999 -9999 -9999 -9999 -9999 -9999 -9999 -9999 -9999 -9999 -9999 -9999 -9999 -9999 -9999 -9999 -9999 -9999 -9999 -9999 -9999 -9999 -9999 -9999 -9999 -9999 -9999 -9999 156.1897 155.4013 155.7851 156.7312 158.0936 159.0281 159.5642 160.2259 161.5856 164.178 166.6505 168.6496 168.0672 167.4784 166.8832 167.2147 168.116 169.3147 170.2631 170.7363 171.2954 171.905 172.3386 172.6723 172.4233 173.4833 174.9635 176.7272 177.2703 177.0597 176.9475 176.4559 175.1964 174.0723 173.0891 172.1521 171.0484 170.6242 170.402 170.2404 170.122 171.4265 173.5423
-9999 -9999 -9999 -9999 -9999 -9999 -9999 -9999 -9999 -9999 -9999 -9999 -9999 -9999 -9999 -9999 -9999 -9999 -9999 -9999 -9999 -9999 -9999 -9999 -9999 -9999 -9999 -9999 -9999 157.89 158.0471 158.2761 158.4692 159.0786 159.3703 159.6793 160.1139 161.9921 164.8011 167.4902 169.3108 169.249 169.1935 169.1491 169.3973 169.7607 170.4215 170.8299 171.1478 171.5516 172.1188 172.733 173.2474 173.7951 175.1234 176.7272 178.6066 178.4127 178.0242 177.7341 176.6675 175.1629 173.7937 172.7767 172.141 171.3387 170.3771 169.3944 168.2337 167.0162 170.062 173.4625
-9999 -9999 -9999 -9999 -9999 -9999 -9999 -9999 -9999 -9999 -9999 -9999 -9999 -9999 -9999 -9999 -9999 -9999 -9999 -9999 -9999 -9999 -9999 -9999 -9999 -9999 -9999 -9999 157.4804 157.5644 158.1879 159.3665 160.1178 160.3703 159.8359 159.6689 159.8764 162.5183 165.5439 168.4497 169.6842 169.6108 169.5438 169.6264 170.1145 170.6169 171.1334 171.3029 171.4735 171.722 172.4326 173.2273 173.9223 174.546 175.376 176.4816 177.6689 177.8152 177.9283 178.008 176.7436 174.9939 173.3796 172.6308 172.2966 171.7956 171.1831 170.5223 169.6835 168.7239 170.5 173.2738
-9999 -9999 -9999 -9999 -9999 -9999 -9999 -9999 -9999 -9999 -9999 -9999 -9999 -9999 -9999 -9999 -9999 -9999 -9999 -9999 -9999 -9999 -9999 -9999 -9999 -9999 -9999 -9999 157.1549 157.2389 158.7559 160.707 162.231 162.782 162.2495 161.716 161.403 163.7057 166.4478 169.529 170.0511 169.9662 169.8877 170.0895 170.552 171.0286 171.4363 171.5946 171.7564 171.9216 172.818 173.8118 174.697 175.0214 175.3531 175.9604 176.5467 176.7534 176.9267 176.9714 176.1333 174.9584 173.4468 172.9434 172.6188 172.4192 172.1671 171.8282 171.3113 170.642 170.6137 171.5831
-9999 -9999 -9999 -9999 -9999 -9999 -9999 -9999 -9999 -9999 -9999 -9999 -9999 -9999 -9999 -9999 -9999 -9999 -9999 -9999 -9999 -9999 -9999 -9999 -9999 -9999 -9999 -9999 156.9466 156.9466 159.751 162.4748 164.7713 165.1947 164.6641 164.1325 164.1992 165.7073 167.6547 169.8871 170.015 170.1187 170.1982 170.5384 170.9752 171.4261 171.7309 171.883 172.0385 172.3283 173.1215 173.9861 174.9222 175.07 175.1308 175.1637 175.4579 175.7249 175.9585 176.0877 175.8586 175.2928 174.4908 174.3847 174.1869 173.8975 173.4225 173.1792 173.1171 171.5625 169.7297 168.8947
-9999 -9999 -9999 -9999 -9999 -9999 -9999 -9999 -9999 -9999 -9999 -9999 -9999 -9999 -9999 -9999 -9999 -9999 -9999 -9999 -9999 -9999 -9999 -9999 -9999 -9999 -9999 -9999 156.9466 157.7003 161.3668 164.2545 167.0235 167.4604 167.0798 166.5501 166.5561 167.2695 168.4224 169.5158 169.6876 169.8351 169.994 170.8714 171.5424 172.0069 172.0336 172.1679 172.3172 172.6896 173.3535 174.089 174.7662 174.931 175.0587 175.1494 175.5561 175.7131 175.5794 175.5407 175.9207 175.9639 175.8581 175.9175 175.8854 175.6803 174.6337 173.873 173.3984 171.0396 168.2766 165.6421
-9999 -9999 -9999 -9999 -9999 -9999 -9999 -9999 -9999 -9999 -9999 -9999 -9999 -9999 -9999 -9999 -9999 -9999 -9999 -9999 -9999 -9999 -9999 -9999 -9999 -9999 -9999 -9999 -9999 -9999 -9999 165.7401 167.4326 167.8392 168.0872 168.1765 168.2014 168.3783 168.7506 169.1688 169.3844 169.5758 170.1093 171.3601 172.4045 173.2273 173.1495 173.0752 173.0045 173.3241 173.5142 174.1204 174.5973 174.8289 175.0235 175.3591 176.3327 177.0155 177.4076 177.4035 177.3744 177.3475 177.3602 177.542 177.6755 177.1227 175.5588 174.2809 173.1575 170.034 167.0389 164.1722
-9999 -9999 -9999 -9999 -9999 -9999 -9999 -9999 -9999 -9999 -9999 -9999 -9999 -9999 -9999 -9999 -9999 -9999 -9999 -9999 -9999 -9999 -9999 -9999 -9999 -9999 -9999 -9999 -9999 -9999 166.1517 166.8805 167.6832 168.3768 168.9117 169.21 168.9411 168.831 168.8795 169.1456 169.313 169.3461 170.4311 172.0553 173.4731 174.3461 174.2619 174.1812 174.1041 175.2451 176.0361 176.4719 176.0656 175.4474 175.0253 175.9007 177.4 178.6087 179.3975 179.3622 179.3292 179.2983 178.9664 178.7904 178.8268 177.9727 176.2336 174.4028 172.2558 168.9001 165.6728 162.6888
-9999 -9999 -9999 -9999 -9999 -9999 -9999 -9999 -9999 -9999 -9999 -9999 -9999 -9999 -9999 -9999 -9999 -9999 -9999 -9999 -9999 -9999 -9999 -9999 -9999 -9999 -9999 -9999 -9999 -9999 179.7149 173.8699 168.741 169.073 169.8949 170.078 169.5221 169.125 168.9612 169.5053 169.9152 170.191 171.0916 172.4923 174.268 175.4614 175.3708 175.2836 175.7325 177.5212 178.9547 180.0329 179.3535 178.6684 178.0203 178.3665 179.3404 180.5495 181.358 181.3188 181.2818 181.1327 180.3604 179.8003 179.4527 178.4528 177.1141 175.5541 172.8251 168.9995 164.7392 161.9776
-9999 -9999 -9999 -9999 -9999 -9999 -9999 -9999 -9999 -9999 -9999 -9999 -9999 -9999 -9999 -9999 -9999 -9999 -9999 -9999 -9999 -9999 -9999 -9999 -9999 -9999 -9999 -9999 -9999 -9999 202.3652 196.5203 191.3272 186.3826 181.6333 175.0278 169.9445 169.2604 169.2124 169.999 170.6516 171.1474 171.4953 172.218 173.3157 174.9634 176.1468 176.7177 177.8376 180.1526 182.2285 183.3933 182.6044 181.8524 181.1374 181.4075 181.956 182.7397 182.9195 182.8315 182.8682 182.5788 181.5419 180.5979 179.871 179.1543 178.2161 177.0565 174.6441 171.6046 168.1305 165.4496
-9999 -9999 -9999 -9999 -9999 -9999 -9999 -9999 -9999 -9999 -9999 -9999 -9999 -9999 -9999 -9999 -9999 -9999 -9999 -9999 -9999 -9999 -9999 -9999 -9999 -9999 -9999 -9999 -9999 -9999 225.0156 219.2114 213.718 208.42 203.3174 190.2747 179.3118 171.5822 169.8777 170.6561 171.5221 171.8542 171.5241 171.5689 172.1217 175.0253 177.3164 178.995 180.3239 181.9985 184.0547 185.2924 185.3152 184.9994 184.3252 184.2132 184.3364 184.6948 184.3256 184.012 183.8232 183.261 182.3904 181.4456 180.5934 180.069 179.5395 178.7165 176.8978 174.6445 171.9565 169.0364
-9999 -9999 -9999 -9999 -9999 -9999 -9999 -9999 -9999 -9999 -9999 -9999 -9999 -9999 -9999 -9999 -9999 -9999 -9999 -9999 -9999 -9999 -9999 -9999 -9999 -9999 -9999 -9999 -9999 244.0125 243.0244 241.7601 235.9135 230.2622 222.3323 202.2884 185.4778 171.9005 170.8068 171.4066 172.1053 172.1455 171.5825 170.8995 171.6884 175.6997 179.0985 181.8256 182.4286 183.4131 184.7791 185.3719 185.5492 185.6411 185.7298 185.9449 186.2356 186.2709 185.607 185.0678 184.6534 184.0173 183.2808 182.4701 181.6615 180.9629 180.3606 179.6822 178.7417 177.8482 176.0685 172.0355
-9999 -9999 -9999 -9999 -9999 -9999 -9999 -9999 -9999 -9999 -9999 -9999 -9999 -9999 -9999 -9999 -9999 -9999 -9999 -9999 -9999 -9999 -9999 -9999 -9999 -9999 -9999 -9999 -9999 247.8416 246.8535 246.5676 246.0861 244.9958 235.0199 211.0687 188.4104 171.3148 171.6372 172.0584 172.5784 172.4675 172.1216 171.6557 173.3993 177.046 180.8824 183.859 184.1517 184.4461 185.1195 185.5368 185.8686 186.115 186.1771 186.2555 186.4095 186.4025 186.0878 185.7254 185.3259 184.8477 184.2453 183.5688 182.6333 181.7604 180.9838 180.0606 179.0351 178.0567 176.4518 173.2741
-9999 -9999 -9999 -9999 -9999 -9999 -9999 -9999 -9999 -9999 -9999 -9999 -9999 -9999 -9999 -9999 -9999 -9999 -9999 -9999 -9999 -9999 -9999 -9999 -9999 -9999 -9999 -9999 -9999 251.6706 250.6825 251.7762 252.396 252.4069 240.9456 221.7097 199.8092 182.7773 176.8266 172.6114 172.9182 172.9095 172.7807 172.5319 175.0582 178.3617 181.855 183.6781 184.0364 184.4563 184.9671 185.6558 186.2734 186.6743 186.5488 186.4905 186.5078 186.3951 186.1665 185.8903 185.5923 185.2828 184.9267 184.4595 183.5009 182.4615 181.5106 180.392 179.2816 178.2182 176.362 173.6915
-9999 -9999 -9999 -9999 -9999 -9999 -9999 -9999 -9999 -9999 -9999 -9999 -9999 -9999 -9999 -9999 -9999 -9999 -9999 -9999 -9999 -9999 -9999 -9999 -9999 -9999 -9999 -9999 -9999 254.7111 255.2637 257.5937 259.3147 260.4268 249.5358 235.1191 218.0377 207.7436 202.08 196.2576 190.0592 183.5387 177.1787 173.7566 176.5273 179.4877 182.6379 183.4356 183.6823 183.9907 184.3616 184.8374 185.431 186.0946 186.4883 186.6168 186.5305 186.4353 186.2929 186.1028 185.9054 185.6801 185.4083 184.9891 184.3008 183.4631 182.4666 181.1687 179.5699 178.3327 176.5526 174.3893
-9999 -9999 -9999 -9999 -9999 -9999 -9999 -9999 -9999 -9999 -9999 -9999 -9999 -9999 -9999 -9999 -9999 -9999 -9999 -9999 -9999 -9999 -9999 -9999 -9999 -9999 -9999 -9999 254.7111 254.7111 257.7437 262.3456 265.632 266.9233 260.7907 251.1931 238.9308 232.8686 227.492 221.9567 215.5067 208.6958 202.0454 194.436 187.1406 183.4623 183.2765 183.1314 183.2666 183.4634 183.6384 183.9013 184.282 185.0527 185.9262 186.5344 186.818 186.745 186.603 186.3918 186.2651 186.124 185.9364 185.6681 185.2502 184.6829 184.048 183.294 182.2393 180.7837 178.2976 175.8491
-9999 -9999 -9999 -9999 -9999 -9999 -9999 -9999 -9999 -9999 -9999 -9999 -9999 -9999 -9999 -9999 -9999 -9999 -9999 -9999 -9999 -9999 -9999 -9999 -9999 -9999 -9999 -9999 -9999 -9999 -9999 268.0782 271.0224 269.6757 263.8707 258.3673 254.0696 254.8336 253.0628 247.8146 240.7936 233.6924 226.7517 213.9927 200.1556 189.9355 184.9242 184.5338 184.1226 183.6798 183.003 182.8474 183.0152 184.2761 185.6293 186.7173 187.2293 187.2814 187.2644 187.1465 186.8938 186.6777 186.4981 186.4895 186.3492 186.0521 185.9303 185.7202 185.2094 183.8019 181.2479 178.7315
-9999 -9999 -9999 -9999 -9999 -9999 -9999 -9999 -9999 -9999 -9999 -9999 -9999 -9999 -9999 -9999 -9999 -9999 -9999 -9999 -9999 -9999 -9999 -9999 -9999 -9999 -9999 -9999 -9999 -9999 -9999 275.5913 276.4801 272.1265 265.776 259.7271 256.3459 256.5647 257.085 257.6491 256.7321 255.8261 251.2974 229.9324 209.5534 192.7916 186.5926 186.2395 185.8658 185.3161 184.4559 183.6972 183.0669 184.247 185.6318 187.1654 187.7098 187.8869 187.995 187.8674 187.5485 187.2663 187.0819 187.1737 187.2186 187.2166 187.74 188.4471 188.4802 186.7826 184.1607 181.5764
-9999 -9999 -9999 -9999 -9999 -9999 -9999 -9999 -9999 -9999 -9999 -9999 -9999 -9999 -9999 -9999 -9999 -9999 -9999 -9999 -9999 -9999 -9999 -9999 -9999 -9999 -9999 -9999 -9999 -9999 -9999 280.6469 280.6469 274.2757 267.3797 260.7854 258.3206 257.9943 257.9695 257.7272 256.7903 255.8645 252.7129 232.3884 212.0911 191.8209 188.2816 187.966 187.6297 186.851 185.8075 184.8654 184.4315 185.2415 186.2561 187.4754 187.9592 188.3927 188.7809 188.5516 188.1666 187.8182 187.7281 187.9047 188.0344 188.1483 188.4911 188.9658 189.5723 188.1267 186.3296 184.3837
-9999 -9999 -9999 -9999 -9999 -9999 -9999 -9999 -9999 -9999 -9999 -9999 -9999 -9999 -9999 -9999 -9999 -9999 -9999 -9999 -9999 -9999 -9999 -9999 -9999 -9999 -9999 -9999 -9999 -9999 -9999 280.6469 279.3112 273.822 268.5565 262.6881 260.4128 259.1225 258.5525 257.7943 256.8376 255.8919 247.6949 227.3213 206.9749 188.5481 188.6324 188.7374 188.8631 188.2215 187.0578 185.9324 185.5915 186.0313 186.6758 187.4402 188.0008 188.5162 188.9863 188.7973 188.5537 188.2735 188.4212 188.6825 188.897 189.0061 189.1104 189.3465 189.4434 187.77 186.0525 184.291
