STOTEN_Data/raw/DTW60YrJurgens.asc
ncols         250
nrows         718
xllcorner     -2256000
yllcorner     1557000
cellsize      1000
NODATA_value  -9999
[rows 320 to 351 of 718, columns 72 to 143 of 250]
207.2724 206.0147 201.9951 199.5999 198.2062 195.8955 193.1071 190.3222 193.2485 196.3178 198.978 197.2038 194.9407 193.3119 193.1672 193.7858 194.1658 194.2047 193.7953 193.3397 192.838 193.2171 195.7694 198.3672 200.9173 203.3624 205.7265 205.9048 201.6013 195.5002 188.5725 188.2142 187.8327 187.4281 186.1816 185.0482 184.0981 183.618 183.2651 182.7289 182.1639 181.9431 181.7281 181.5189 183.7148 185.9072 188.0842 188.734 -9999 -9999 -9999 -9999 188.1083 -9999 -9999 -9999 -9999 -9999 -9999 -9999 -9999 -9999 -9999 -9999 -9999 -9999 -9999 -9999 -9999 -9999 -9999 -9999
219.5061 212.8221 205.8647 200.5318 198.2645 196.8177 194.8932 193.9145 195.92 198.4285 201.114 198.3289 195.1548 192.3789 192.8229 193.873 194.6844 194.8588 194.5329 194.1608 193.589 192.6077 191.9037 191.4769 191.5104 192.5515 195.0621 196.1949 195.1425 192.2925 189.4828 189.1664 188.8268 188.3785 187.01 185.485 183.8034 182.9182 182.5885 182.3839 182.1001 181.8689 181.6434 182.0471 184.2826 186.5028 188.7076 188.752 -9999 -9999 -9999 188.1083 188.1083 188.1083 188.1083 -9999 -9999 -9999 -9999 -9999 -9999 -9999 -9999 -9999 -9999 -9999 -9999 -9999 -9999 -9999 -9999 -9999
222.9875 216.2963 208.5137 199.8393 198.8005 198.2175 197.1568 197.0037 198.0993 199.698 200.5489 198.5551 196.1238 193.3854 194.0942 194.7052 195.4417 195.559 195.3166 195.028 194.059 192.5764 191.371 190.6833 191.0211 191.2054 191.2362 191.0599 190.9279 190.8824 190.4164 190.1418 189.8441 189.294 188.2086 186.9667 185.6633 185.3989 184.9151 184.212 183.147 182.0069 181.5529 182.6026 184.8658 187.1137 188.8285 188.8128 -9999 -9999 -9999 188.1083 188.1083 188.1083 -9999 -9999 -9999 -9999 -9999 -9999 -9999 -9999 -9999 -9999 -9999 -9999 -9999 -9999 -9999 -9999 -9999 -9999
223.0882 218.371 212.5624 206.0897 202.626 200.3873 199.3737 199.5898 199.7756 200.4644 200.4213 199.2188 197.5788 196.4303 197.3161 198.1041 198.7601 196.8977 195.8444 195.6001 194.2519 192.2679 190.5612 190.07 190.6853 191.1472 191.3572 191.0604 190.8223 190.6429 190.6615 190.7112 190.7721 190.366 189.5638 188.6049 187.9666 188.0991 188.0121 187.6723 186.5784 185.468 184.3412 184.6645 185.9264 187.7542 188.8894 188.8737 -9999 -9999 -9999 -9999 188.1083 188.1083 -9999 -9999 -9999 -9999 -9999 -9999 -9999 -9999 -9999 -9999 -9999 -9999 -9999 -9999 -9999 -9999 -9999 -9999
224.2804 221.5372 217.7025 212.2787 206.5995 202.1452 199.2551 199.6566 200.0979 200.579 200.8494 200.3201 199.4714 199.5732 200.6359 201.6008 201.2079 197.8824 195.3658 193.6584 192.6186 191.284 189.6503 189.665 190.5031 191.2425 191.4052 191.0023 190.658 190.4129 190.4309 190.4601 190.5007 190.5436 190.3996 190.0561 190.408 191.0186 191.3284 191.0903 190.0262 188.9456 187.8619 187.5345 187.773 188.5774 188.3335 -9999 -9999 -9999 -9999 -9999 -9999 -9999 -9999 -9999 -9999 -9999 -9999 -9999 -9999 -9999 -9999 -9999 -9999 -9999 -9999 -9999 -9999 -9999 -9999 -9999
225.0263 224.7427 223.9341 217.2427 209.3479 202.6781 199.2099 199.5392 199.9085 200.5163 202.6434 203.7647 203.88 203.4502 203.976 205.1953 202.8467 198.0579 194.0782 191.5407 191.0462 190.2527 189.1599 189.7391 190.4456 191.2185 191.2551 190.8733 190.4351 190.1914 190.1889 190.1978 190.2815 190.6977 190.9144 190.9316 191.409 192.1606 193.0958 193.3857 193.388 192.4397 191.1895 189.8387 189.0538 188.8265 187.2339 -9999 -9999 -9999 -9999 -9999 -9999 -9999 -9999 -9999 -9999 -9999 -9999 -9999 -9999 -9999 -9999 -9999 -9999 -9999 -9999 -9999 -9999 -9999 -9999 -9999
224.1665 223.8705 223.5814 218.1842 211.1064 202.8153 199.1248 199.382 199.6792 201.4969 205.4434 208.3839 210.0258 207.6229 206.2628 205.9454 202.7177 197.9086 192.4101 189.7266 189.773 189.5204 189.2269 189.7467 190.3329 190.9857 190.8586 190.6116 190.29 190.0759 189.979 189.9276 190.2743 191.0512 191.6286 191.9906 192.2264 192.6458 193.2489 192.4915 191.7797 191.4628 191.2173 190.6178 189.7687 188.1814 185.9275 183.5546 180.5136 180.4495 -9999 -9999 -9999 -9999 -9999 -9999 -9999 -9999 -9999 -9999 -9999 -9999 -9999 -9999 -9999 -9999 -9999 -9999 -9999 -9999 -9999 -9999
223.2998 222.9915 222.2499 218.5798 213.6964 207.5997 205.4666 203.8973 202.2853 204.117 209.2493 214.0091 215.0417 210.7528 207.5067 205.268 202.3955 198.8336 194.5821 191.7884 190.1749 189.2383 189.2577 189.6878 190.1539 190.5743 190.5366 190.4244 190.2376 190.0143 189.835 189.7012 189.9628 190.7095 191.7996 192.9147 192.8601 192.9475 193.023 191.2025 189.7767 188.7458 188.5924 188.3967 187.9778 186.7386 184.6956 182.3871 180.4495 180.4495 -9999 -9999 -9999 -9999 -9999 -9999 -9999 -9999 -9999 -9999 -9999 -9999 -9999 -9999 -9999 -9999 -9999 -9999 -9999 -9999 -9999 -9999
222.3648 222.1055 221.6645 220.1888 217.4997 214.0256 212.576 211.0838 209.549 211.0009 213.9767 218.0735 217.2816 212.5408 207.7079 204.3883 202.7629 200.4481 197.4324 193.9178 191.0801 188.9192 188.8458 189.346 189.8392 190.1625 190.2814 190.3117 190.2143 189.9071 189.6454 189.4292 189.2292 189.3546 189.8234 190.4436 191.0512 191.7082 191.5738 189.5187 187.3789 185.7594 186.1908 186.3989 186.3838 185.3165 183.7536 181.9252 180.8547 180.7454 -9999 -9999 -9999 -9999 -9999 -9999 -9999 -9999 -9999 -9999 -9999 -9999 -9999 -9999 -9999 -9999 -9999 -9999 -9999 -9999 -9999 -9999
221.4168 222.1564 222.0988 221.9409 221.8878 221.1005 219.7281 218.313 216.9367 216.7638 217.712 219.7812 215.86 210.8262 205.9544 202.9321 202.0669 202.2219 200.1091 195.3703 191.3083 187.9233 188.4408 188.9534 189.4592 189.7166 189.8649 189.9969 189.721 189.3057 189.3995 188.9915 188.152 187.6561 187.5037 187.9231 188.4414 189.0091 188.7162 187.468 185.7779 184.3795 184.4382 184.6244 184.9772 184.1599 183.077 181.7288 181.2782 -9999 -9999 -9999 -9999 -9999 -9999 -9999 -9999 -9999 -9999 -9999 -9999 -9999 -9999 -9999 -9999 -9999 -9999 -9999 -9999 -9999 -9999 -9999
221.0671 222.8887 222.558 222.2104 221.9677 222.183 222.6216 223.0873 223.0197 221.4055 220.3262 219.7652 214.2764 208.9495 203.7847 199.8869 197.1768 195.4869 194.4979 192.7225 189.9742 187.4837 188.0427 188.5678 189.0861 189.287 189.4646 189.6259 188.4397 187.1038 186.277 186.2298 186.3087 185.8207 184.9736 185.3533 185.7823 186.2607 186.3005 185.8516 184.9608 184.4119 184.3846 184.4048 184.1476 183.2422 182.508 181.8111 181.7018 -9999 -9999 -9999 -9999 -9999 -9999 -9999 -9999 -9999 -9999 -9999 -9999 -9999 -9999 -9999 -9999 -9999 -9999 -9999 -9999 -9999 -9999 -9999
221.3156 223.5545 222.9124 222.3751 221.9427 222.2447 222.634 223.0506 221.8679 220.2382 219.1898 217.1132 212.3431 206.9108 201.3966 195.8216 191.2666 187.7318 187.8177 187.8016 186.8127 185.8674 186.0024 186.6137 187.684 188.8736 189.0804 189.2711 186.6494 184.3929 182.6454 183.2516 184.3558 184.8931 184.8387 184.5702 184.2953 184.0629 184.3268 184.6772 184.5856 184.3967 184.2833 184.2176 183.4575 182.2423 181.1984 180.6399 180.9799 -9999 -9999 -9999 -9999 -9999 -9999 -9999 -9999 -9999 -9999 -9999 -9999 -9999 -9999 -9999 -9999 -9999 -9999 -9999 -9999 -9999 -9999 -9999
222.1727 223.7381 223.1478 222.4611 221.9662 222.2791 222.6193 222.9866 220.1348 217.4535 215.3536 211.707 206.868 202.0671 197.2067 191.405 184.4645 179.3944 182.1104 183.8536 184.624 183.7748 183.0485 182.7984 183.4281 184.6051 185.7982 186.4106 184.2343 181.1729 178.5047 180.8403 182.9698 184.5324 184.7785 184.5215 184.2581 184.1243 184.2354 184.3721 184.4758 184.1981 184.1345 183.9827 182.5962 181.0712 179.7176 179.3224 179.6624 -9999 -9999 -9999 -9999 -9999 -9999 -9999 -9999 -9999 -9999 -9999 -9999 -9999 -9999 -9999 -9999 -9999 -9999 -9999 -9999 -9999 -9999 -9999
223.0851 223.8006 223.3843 222.8717 222.2059 221.8375 222.0262 222.0329 217.8202 214.0874 210.936 206.2626 201.3548 196.485 192.8309 189.0889 184.208 180.2545 180.7973 181.8439 183.2699 181.2059 179.6183 178.5069 179.156 180.3036 181.4675 182.2277 181.8068 180.4152 178.8476 180.4673 182.437 184.7386 184.7247 184.4791 184.2271 184.1601 184.2251 184.3156 183.9931 183.0953 182.5404 182.2675 181.1607 179.7217 178.0654 178.0049 -9999 -9999 -9999 -9999 -9999 -9999 -9999 -9999 -9999 -9999 -9999 -9999 -9999 -9999 -9999 -9999 -9999 -9999 -9999 -9999 -9999 -9999 -9999 -9999
224.007 223.9592 223.717 223.3786 221.9778 220.6018 219.7829 218.452 215.3322 211.6163 207.1399 200.8532 195.8035 190.8648 189.594 187.9115 185.0903 183.0916 182.7232 182.8587 182.7315 180.6359 178.1249 175.2199 174.8677 175.986 177.1205 179.0155 180.35 180.7139 180.8285 181.8152 183.152 184.3596 183.6344 183.4001 183.6565 184.1704 184.1892 184.2335 183.1676 181.6496 180.4745 179.7837 179.2777 178.4396 177.3176 177.0313 -9999 -9999 -9999 -9999 -9999 -9999 -9999 -9999 -9999 -9999 -9999 -9999 -9999 -9999 -9999 -9999 -9999 -9999 -9999 -9999 -9999 -9999 -9999 -9999
223.7663 224.2291 224.1761 223.9817 221.1926 218.8089 216.9823 215.4672 213.4253 210.7874 207.2241 202.3993 196.7661 190.7927 188.8392 187.873 187.1114 185.4249 184.1454 183.3697 182.6241 181.2798 179.52 177.5065 176.0694 175.0833 174.5483 177.0148 179.8638 181.9832 182.4595 182.8132 183.5169 183.2412 181.6284 180.5064 180.1359 181.3832 182.431 183.2792 181.8266 179.861 178.0658 177.6321 177.727 177.4896 176.9168 176.1718 -9999 -9999 -9999 -9999 -9999 -9999 -9999 -9999 -9999 -9999 -9999 -9999 -9999 -9999 -9999 -9999 -9999 -9999 -9999 -9999 -9999 -9999 -9999 -9999
223.5068 224.9026 225.7825 225.2467 221.1825 217.3119 213.6348 213.0784 212.1145 210.5546 208.1166 204.7537 200.5825 195.9355 192.2587 189.5348 187.7512 186.2788 184.8248 183.377 182.9321 182.3391 181.3306 179.3421 177.0892 175.2873 174.5643 176.2309 178.3581 180.946 181.9471 182.9009 183.5318 181.632 179.1316 177.1219 176.8647 178.4729 179.8816 180.7649 179.1917 177.5022 175.6962 175.9088 176.4797 176.8719 176.3519 175.3323 174.1533 173.0195 173.0195 -9999 -9999 -9999 -9999 -9999 -9999 -9999 -9999 -9999 -9999 -9999 -9999 -9999 -9999 -9999 -9999 -9999 -9999 -9999 -9999 -9999
223.7632 226.0919 227.9048 226.5422 222.1279 217.9071 214.3699 213.12 211.9557 210.8772 209.8175 207.9165 205.2072 200.1255 194.7254 190.2781 187.3565 185.851 184.3639 182.9932 183.0613 183.111 183.1424 180.7266 177.6579 175.0403 174.1528 174.9864 176.2805 177.802 178.7012 179.6197 180.5578 178.7213 176.3173 173.5036 173.7931 175.7622 177.5318 178.0359 176.6733 175.1942 173.8349 174.4918 175.1181 175.7138 175.2746 174.4766 173.5276 173.0195 173.0195 -9999 -9999 -9999 -9999 -9999 -9999 -9999 -9999 -9999 -9999 -9999 -9999 -9999 -9999 -9999 -9999 -9999 -9999 -9999 -9999 -9999
223.8627 227.7971 230.543 227.644 222.8797 218.3088 215.1974 213.7925 212.4733 211.316 210.519 209.6057 208.576 203.0797 196.2391 190.0686 186.9434 185.4049 183.8846 182.9006 183.0018 183.0846 183.0223 180.0532 177.1333 174.2625 173.3801 173.2812 173.7423 174.5718 175.4358 176.3191 176.8371 175.5838 173.9208 171.8481 172.711 174.0387 175.566 175.4556 174.2712 173.0027 172.3931 173.1055 173.7873 174.3646 173.991 173.4663 172.7905 172.646 -9999 -9999 -9999 -9999 -9999 -9999 -9999 -9999 -9999 -9999 -9999 -9999 -9999 -9999 -9999 -9999 -9999 -9999 -9999 -9999 -9999 -9999
221.8372 224.8662 228.411 226.2097 222.8793 218.517 215.9392 214.3793 212.9051 211.8785 211.292 210.5891 209.3639 205.0623 199.8071 193.5982 188.4859 185.1853 183.3871 182.8263 182.9606 183.0765 182.221 179.1629 176.154 173.2472 173.0347 172.7932 172.5226 172.4558 172.4851 172.9991 173.3684 172.856 171.934 170.9858 171.753 172.7198 173.8861 173.3967 172.5022 171.392 171.2466 171.7911 172.487 172.9588 172.8584 172.607 172.232 172.218 -9999 -9999 -9999 -9999 -9999 -9999 -9999 -9999 -9999 -9999 -9999 -9999 -9999 -9999 -9999 -9999 -9999 -9999 -9999 -9999 -9999 -9999
219.2958 221.3918 223.3752 222.9239 221.4475 218.946 217.2941 215.5396 213.62 212.5574 212.1813 211.6889 210.5754 207.9985 204.468 199.5117 191.5451 185.2398 180.5959 180.7649 181.6994 182.6575 181.3704 178.2234 175.1255 172.8784 172.7185 172.5296 172.3116 172.283 172.2754 172.2882 171.8519 171.1817 170.4516 170.1891 170.5954 171.2013 171.8421 171.5533 171.0489 170.3288 170.6989 171.2416 171.7852 172.0394 172.0207 171.9069 171.8494 171.8872 171.8675 171.767 171.767 -9999 -9999 -9999 -9999 -9999 -9999 -9999 -9999 -9999 -9999 -9999 -9999 -9999 -9999 -9999 -9999 -9999 -9999 -9999
216.2386 217.4016 219.2605 220.6632 221.0408 220.3624 219.071 217.6147 215.9935 214.5368 213.4359 212.6848 212.3148 211.8884 210.0827 203.9143 192.9429 183.6329 176.729 177.5972 178.4891 179.4046 178.7306 176.9913 174.4773 172.6993 172.4314 172.295 172.1547 172.0897 172.0452 172.0211 171.5303 170.9682 170.3463 169.9769 169.8478 169.851 169.8773 169.9257 169.8113 169.6102 170.1502 170.6912 171.2331 171.5186 171.6719 171.73 171.7545 171.784 171.7876 171.767 171.767 -9999 -9999 -9999 -9999 -9999 -9999 -9999 -9999 -9999 -9999 -9999 -9999 -9999 -9999 -9999 -9999 -9999 -9999 -9999
218.1258 217.6821 218.4131 219.8629 221.6592 222.0059 221.0128 219.8548 218.3558 216.2725 214.539 213.1553 211.8357 211.0173 210.7344 203.7762 192.2845 180.3647 173.5804 174.406 175.2552 176.1257 176.5619 176.2234 175.1104 173.8283 172.8817 172.2227 171.9954 171.8959 171.7946 171.6627 171.2685 170.8146 170.3008 169.801 169.4327 169.1966 169.2352 169.2704 169.1926 169.2403 169.6085 170.1398 170.6725 171.0928 171.4181 171.6483 171.7608 171.8371 171.8875 171.8848 171.854 -9999 -9999 -9999 -9999 -9999 -9999 -9999 -9999 -9999 -9999 -9999 -9999 -9999 -9999 -9999 -9999 -9999 -9999 -9999
220.3467 220.0572 220.4744 221.2593 222.4119 222.475 222.1174 221.8293 220.3743 217.6584 215.2923 213.1438 210.821 209.0339 207.7823 198.8555 188.4171 177.3963 172.6735 172.3671 172.2715 173.3306 175.1677 176.2302 176.424 174.6697 173.203 172.0239 171.9345 172.0236 172.0084 171.659 171.1303 170.7165 170.2328 169.4929 168.8852 168.4099 168.7061 168.9458 169.0724 169.3669 169.7748 170.1607 170.5047 170.8502 171.2594 171.6441 171.793 171.9161 172.0133 172.0041 -9999 -9999 -9999 -9999 -9999 -9999 -9999 -9999 -9999 -9999 -9999 -9999 -9999 -9999 -9999 -9999 -9999 -9999 -9999 -9999
222.6486 222.4158 222.168 222.2879 222.7755 222.2338 221.7508 221.3372 220.0963 218.188 215.9137 212.7478 209.2707 206.5149 203.3201 194.5172 185.132 175.1645 173.058 172.3702 171.8933 172.7545 174.5423 176.4557 177.3392 175.2236 173.2368 171.596 171.9779 172.2555 172.4289 171.8292 171.0927 170.4711 169.8326 169.0657 168.2857 167.7343 168.2901 168.7342 169.0652 169.5154 169.9629 170.3886 170.6556 170.8883 171.1834 171.5152 171.7844 172.0018 172.1541 172.1233 -9999 -9999 -9999 -9999 -9999 -9999 -9999 -9999 -9999 -9999 -9999 -9999 -9999 -9999 -9999 -9999 -9999 -9999 -9999 -9999
224.7183 224.442 223.7314 222.9488 222.6013 221.9233 221.3148 220.7756 219.9015 218.6551 217.0428 213.409 209.1772 205.1901 199.4034 190.8558 182.4294 174.5115 173.2316 172.1626 171.3044 172.4176 173.9784 175.6647 175.6596 174.1813 172.5546 171.4926 172.1167 172.5917 172.9436 171.8845 170.9402 170.1109 169.3722 168.6289 167.8726 167.5384 167.846 168.2993 168.9302 169.6858 170.173 170.6383 170.7442 170.8641 171.0464 171.3804 171.7434 172.0545 172.2449 172.2769 -9999 -9999 -9999 -9999 -9999 -9999 -9999 -9999 -9999 -9999 -9999 -9999 -9999 -9999 -9999 -9999 -9999 -9999 -9999 -9999
226.437 226.7395 226.8805 226.5507 224.7021 222.3664 220.8873 220.291 220.0727 219.4883 218.538 213.8256 209.1513 204.7217 197.2855 188.4136 179.721 174.096 173.0028 171.7491 170.7467 171.9551 173.2889 174.7483 174.1284 172.9186 171.5603 171.3 172.0087 172.6707 172.8863 171.8659 170.6729 169.6358 168.9249 168.2052 167.4725 167.1968 167.2407 167.4303 168.0653 169.0637 169.9422 170.6255 170.7478 170.7776 170.8471 171.2975 171.7542 172.159 172.352 172.4329 -9999 -9999 -9999 -9999 -9999 -9999 -9999 -9999 -9999 -9999 -9999 -9999 -9999 -9999 -9999 -9999 -9999 -9999 -9999 -9999
228.0446 229.5079 230.5003 231.022 227.5231 223.6383 220.61 219.2078 219.1108 219.3754 219.0014 213.9974 208.8806 204.0085 194.9883 185.792 176.775 173.1794 172.3767 171.4134 170.981 171.782 172.6955 173.5532 172.7457 171.8043 170.7144 171.1542 171.9476 172.6943 172.7373 172.0361 171.1584 170.1106 169.0446 168.0245 167.0855 166.7094 166.4897 166.4157 167.3203 168.5353 169.6305 170.3839 170.6971 170.9048 171.05 171.4613 171.8753 172.3154 172.4619 172.5553 172.6758 172.7469 172.7469 -9999 -9999 -9999 -9999 -9999 -9999 -9999 -9999 -9999 -9999 -9999 -9999 -9999 -9999 -9999 -9999 -9999
229.5598 232.3106 234.591 235.778 229.4875 224.0535 219.4761 217.6469 216.8959 216.5065 214.8933 211.2536 207.2245 201.9306 192.496 182.991 173.6497 172.4233 171.9111 171.2383 171.2573 171.8549 172.565 172.7549 171.7841 170.8441 170.0518 171.0552 171.9334 172.7647 172.7648 172.3829 171.8244 170.8869 169.7379 168.6348 167.6755 167.0505 166.3776 165.6566 166.6951 168.1267 169.4385 170.2478 170.752 171.1505 171.4983 171.9048 172.3139 172.6849 172.6948 172.7188 172.757 172.7469 -9999 -9999 -9999 -9999 170.8411 -9999 -9999 -9999 -9999 -9999 -9999 -9999 -9999 -9999 -9999 -9999 -9999 -9999
229.2662 230.9968 233.2915 233.9518 228.9204 223.4387 217.4909 215.7243 214.3194 213.276 211.1745 208.2392 204.9145 198.8513 189.6187 180.2744 172.2608 171.8454 171.6006 171.2238 171.4212 171.8154 172.3222 171.9258 170.8991 169.9033 169.5596 170.5545 171.5574 172.5379 172.7645 172.9062 172.667 171.6173 170.3853 169.1992 168.3584 167.8202 167.2341 166.9026 167.8103 168.7766 169.8016 170.3183 170.9123 171.5018 171.944 172.3456 172.7498 173.002 172.9863 172.9847 172.9757 172.7199 -9999 -9999 -9999 170.8411 170.8411 170.8411 170.8411 -9999 -9999 -9999 -9999 -9999 -9999 -9999 -9999 -9999 -9999 -9999
228.4085 229.119 230.3936 229.0808 224.8637 220.1964 216.0638 214.3485 212.2717 209.8332 207.8452 205.6142 202.9938 195.8837 186.8531 177.7108 171.9897 171.2658 170.7124 170.4359 170.9161 171.4326 171.9668 171.0658 169.9833 168.9317 169.0594 170.0397 171.0281 171.8145 172.09 172.3384 172.5442 171.7594 170.8304 169.7177 169.0893 168.6379 168.1385 168.1934 168.9951 169.8555 170.6456 170.9188 171.2976 171.782 172.2047 172.7027 173.1831 173.3049 173.2637 173.2365 173.06 172.563 -9999 -9999 -9999 170.8771 170.8444 170.9213 -9999 -9999 -9999 -9999 -9999 -9999 -9999 -9999 -9999 -9999 -9999 -9999
226.9442 226.6772 226.9317 224.66 221.2573 217.4044 214.977 213.9158 212.4929 210.4911 207.6539 204.8195 201.9878 193.0298 184.1991 175.2588 171.5481 170.5156 169.6537 169.3701 169.7844 170.2351 170.5861 169.8427 168.9683 167.9629 168.5511 169.517 170.4908 171.1182 171.4424 171.7397 171.8194 171.2954 170.6272 169.8148 169.6092 169.3515 169.038 169.4256 170.1213 170.8757 171.3315 171.4138 171.6018 171.8708 172.1044 172.4322 172.8541 173.0278 173.1887 173.3823 173.0128 172.323 171.6188 171.0445 170.9946 -9999 170.8636 171.4185 -9999 -9999 -9999 -9999 -9999 -9999 -9999 -9999 -9999 -9999 -9999 -9999
