STOTEN_Data/raw/DTW60YrJurgens.asc
ncols         250
nrows         718
xllcorner     -2256000
yllcorner     1557000
cellsize      1000
NODATA_value  -9999
[rows 160 to 191 of 718, columns 0 to 71 of 250]
-9999 -9999 -9999 -9999 -9999 -9999 -9999 -9999 -9999 -9999 -9999 -9999 -9999 -9999 -9999 -9999 -9999 -9999 -9999 -9999 -9999 -9999 -9999 -9999 -9999 -9999 -9999 -9999 -9999 -9999 -9999 -9999 -9999 -9999 -9999 -9999 -9999 89.50286 89.2765 88.02525 86.21292 84.06557 83.05807 83.65112 84.6469 85.44129 84.4565 83.49008 82.48654 82.03866 81.65514 81.2839 80.56622 79.77167 79.08776 78.76381 78.79293 78.7355 78.5473 77.99503 77.46401 77.15853 77.33644 77.63603 78.07043 78.30704 78.19041 77.92362 78.52599 81.67743 84.69581 87.58112
-9999 -9999 -9999 -9999 -9999 -9999 -9999 -9999 -9999 -9999 -9999 -9999 -9999 -9999 -9999 -9999 -9999 -9999 -9999 -9999 -9999 -9999 -9999 -9999 -9999 -9999 -9999 -9999 -9999 -9999 -9999 -9999 -9999 -9999 -9999 -9999 -9999 89.92533 89.89172 89.25297 88.04977 86.50832 85.73392 85.59858 85.86598 85.64316 84.62517 83.62553 82.92346 83.22942 83.50299 83.74416 83.16017 82.16555 81.28156 81.16988 81.3555 81.45459 81.24624 80.65549 80.08602 79.53335 78.94469 78.35172 77.7544 77.5257 77.68066 77.68546 79.49854 82.89065 86.14969 88.59129
-9999 -9999 -9999 -9999 -9999 -9999 -9999 -9999 -9999 -9999 -9999 -9999 -9999 -9999 -9999 -9999 -9999 -9999 -9999 -9999 -9999 -9999 -9999 -9999 -9999 -9999 -9999 -9999 -9999 -9999 -9999 -9999 -9999 -9999 -9999 -9999 -9999 89.92533 89.77733 89.26115 88.67719 88.03554 87.62627 87.14331 86.68233 85.82666 84.77547 83.74263 83.38924 83.75379 84.08595 84.25648 83.83747 83.36032 82.82504 83.40061 84.00461 84.26021 83.9239 83.2947 82.68676 82.10076 81.51994 80.9348 80.3437 79.736 79.1403 78.55659 80.82842 84.23692 87.73663 89.45659
-9999 -9999 -9999 -9999 -9999 -9999 -9999 -9999 -9999 -9999 -9999 -9999 -9999 -9999 -9999 -9999 -9999 -9999 -9999 -9999 -9999 -9999 -9999 -9999 -9999 -9999 -9999 -9999 -9999 -9999 -9999 -9999 -9999 -9999 -9999 -9999 89.92533 89.92533 89.73071 89.3371 88.87572 88.42426 88.10536 87.73649 87.30954 86.14381 84.97945 83.84137 83.88742 84.31055 84.70129 84.77973 84.46585 84.09383 83.82433 84.36044 84.97719 85.67455 85.67307 85.59504 85.26624 84.6725 84.09953 83.52222 82.92268 82.29327 81.67585 81.22 83.79159 86.5998 89.64465 90.31058
-9999 -9999 -9999 -9999 -9999 -9999 -9999 -9999 -9999 -9999 -9999 -9999 -9999 -9999 -9999 -9999 -9999 -9999 -9999 -9999 -9999 -9999 -9999 -9999 -9999 -9999 -9999 -9999 -9999 -9999 -9999 -9999 -9999 -9999 -9999 -9999 88.58774 89.3103 89.75186 89.48083 89.14203 88.86296 88.63442 88.35591 87.806 86.6378 85.47096 84.3055 84.65813 85.02467 85.38821 85.36111 85.15237 84.88548 84.84934 85.23966 85.71059 86.15572 86.03204 85.92462 85.83346 86.44397 86.6191 86.215 85.48966 84.83853 84.1994 84.3745 86.51813 88.89838 91.43992 91.35961
-9999 -9999 -9999 -9999 -9999 -9999 -9999 -9999 -9999 -9999 -9999 -9999 -9999 -9999 -9999 -9999 -9999 -9999 -9999 -9999 -9999 -9999 -9999 -9999 -9999 -9999 -9999 -9999 -9999 -9999 -9999 -9999 -9999 -9999 -9999 -9999 85.7877 86.50517 87.13615 87.70535 88.21276 88.78642 89.21344 89.02531 88.30109 87.13042 85.96111 85.17465 85.54965 85.92164 86.29062 86.04712 85.81542 85.61711 85.73072 86.03825 86.36338 86.52783 86.37477 86.23796 86.39938 88.20132 89.42403 90.0675 89.25069 88.22688 87.2017 87.44241 89.00803 90.96034 92.48346 92.41546
-9999 -9999 -9999 -9999 -9999 -9999 -9999 -9999 -9999 -9999 -9999 -9999 -9999 -9999 -9999 -9999 -9999 -9999 -9999 -9999 -9999 -9999 -9999 -9999 -9999 -9999 -9999 -9999 -9999 -9999 -9999 -9999 -9999 -9999 -9999 -9999 82.98766 83.73159 84.47434 85.1553 85.76483 86.24238 86.78327 87.38751 87.54501 87.2578 86.44988 86.06374 86.44418 86.82161 87.03438 86.70889 86.4168 86.1581 86.0639 86.14474 86.39677 86.86699 86.82927 86.53505 87.68838 90.5379 92.80818 94.24548 93.22552 92.20418 91.18147 92.35914 93.80479 95.02597 94.74732 93.62162
-9999 -9999 -9999 -9999 -9999 -9999 -9999 -9999 -9999 -9999 -9999 -9999 -9999 -9999 -9999 -9999 -9999 -9999 -9999 -9999 -9999 -9999 -9999 -9999 -9999 -9999 -9999 -9999 -9999 -9999 -9999 -9999 -9999 -9999 -9999 80.91983 80.78342 81.01981 81.87431 82.66702 83.27201 83.635 84.06133 84.56652 85.26125 85.60637 85.60186 86.19202 86.95236 87.62022 87.72316 87.33728 86.98479 86.6258 86.22591 85.99718 85.93963 87.628 88.80848 89.31538 90.79794 93.47655 96.63828 98.21919 97.20171 96.18285 95.42425 97.50034 99.35195 100.9791 99.59281 97.81562
-9999 -9999 -9999 -9999 -9999 -9999 -9999 -9999 -9999 -9999 -9999 -9999 -9999 -9999 -9999 -9999 -9999 -9999 -9999 -9999 -9999 -9999 -9999 -9999 -9999 -9999 -9999 -9999 -9999 -9999 -9999 -9999 -9999 -9999 -9999 81.44844 81.31203 81.58805 81.78006 81.811 81.31802 80.96427 81.27604 82.00008 83.32713 84.30455 84.94529 85.96535 86.89293 87.72803 87.65848 87.36665 87.15956 86.84995 86.21674 85.67845 85.99033 89.06259 91.46127 93.18637 94.53315 96.33801 98.62599 99.52015 99.35521 99.19164 100.2538 102.866 105.1236 106.867 104.0781 101.6494
-9999 -9999 -9999 -9999 -9999 -9999 -9999 -9999 -9999 -9999 -9999 -9999 -9999 -9999 -9999 -9999 -9999 -9999 -9999 -9999 -9999 -9999 -9999 -9999 -9999 -9999 -9999 -9999 -9999 -9999 -9999 -9999 -9999 -9999 -9999 81.97705 81.9453 82.58971 83.07305 83.39531 82.87368 82.15068 81.36434 81.36869 82.12563 83.35236 84.64384 85.83114 86.92597 87.92832 87.40012 86.95502 86.59466 86.28938 85.89521 85.39727 86.92867 91.11157 94.78763 97.33725 97.78524 98.71635 100.1306 100.1886 100.0212 99.85515 101.3761 104.3586 107.7485 109.8426 108.1885 105.1229
-9999 -9999 -9999 -9999 -9999 -9999 -9999 -9999 -9999 -9999 -9999 -9999 -9999 -9999 -9999 -9999 -9999 -9999 -9999 -9999 -9999 -9999 -9999 -9999 -9999 -9999 -9999 -9999 -9999 -9999 -9999 -9999 -9999 -9999 83.12437 82.67397 82.81673 83.75246 84.52712 85.03777 84.49269 83.88425 83.21247 83.4334 83.97169 84.63089 85.29321 86.06213 87.06532 87.74011 87.057 86.45864 85.94502 85.83258 85.62611 85.31586 88.24996 92.5658 96.80814 99.43791 99.9569 100.5758 101.027 100.8557 100.6858 100.5173 102.0911 104.337 106.9902 107.7873 106.7363 105.3518
-9999 -9999 -9999 -9999 -9999 -9999 -9999 -9999 -9999 -9999 -9999 -9999 -9999 -9999 -9999 -9999 -9999 -9999 -9999 -9999 -9999 -9999 -9999 -9999 -9999 -9999 -9999 -9999 -9999 -9999 -9999 -9999 -9999 -9999 84.86975 84.41935 84.61607 85.28033 86.06387 86.53838 86.17504 85.68117 85.17844 85.3772 85.69686 86.13741 86.34981 86.69505 87.27455 87.45068 86.93157 86.21227 85.46762 85.47956 85.46078 85.33823 89.64476 94.09354 98.46883 100.0505 100.3889 100.8272 101.2429 101.3856 101.3632 101.2967 102.3988 103.9081 105.8247 106.0654 105.6174 104.836
-9999 -9999 -9999 -9999 -9999 -9999 -9999 -9999 -9999 -9999 -9999 -9999 -9999 -9999 -9999 -9999 -9999 -9999 -9999 -9999 -9999 -9999 -9999 -9999 -9999 -9999 -9999 -9999 -9999 -9999 -9999 -9999 -9999 -9999 86.61513 86.16473 86.41723 86.86577 87.43358 87.48199 87.18027 86.91369 86.85508 87.13921 87.30113 87.48486 87.17213 87.09369 87.24951 87.33325 87.17619 86.81893 86.42823 86.16553 85.91245 86.66919 91.12493 95.69479 100.203 100.5633 100.7211 100.9787 101.4682 101.9093 102.1854 102.4523 103.0391 103.7837 104.6061 104.677 104.832 104.6536
-9999 -9999 -9999 -9999 -9999 -9999 -9999 -9999 -9999 -9999 -9999 -9999 -9999 -9999 -9999 -9999 -9999 -9999 -9999 -9999 -9999 -9999 -9999 -9999 -9999 -9999 -9999 -9999 -9999 -9999 -9999 -9999 -9999 -9999 88.25137 87.98556 88.09911 88.33192 88.68402 88.39046 88.02519 87.69507 87.77103 88.0933 88.39448 88.41196 87.8465 87.28841 87.01084 87.41601 87.62099 87.62579 87.37923 87.09917 86.82871 88.80962 93.30112 97.77285 101.3408 101.1393 100.9533 101.0304 101.8585 102.598 103.1725 103.4525 103.7541 104.2135 104.7413 105.0452 105.1873 105.2211
-9999 -9999 -9999 -9999 -9999 -9999 -9999 -9999 -9999 -9999 -9999 -9999 -9999 -9999 -9999 -9999 -9999 -9999 -9999 -9999 -9999 -9999 -9999 -9999 -9999 -9999 -9999 -9999 -9999 -9999 -9999 -9999 -9999 89.04151 88.87944 88.83942 89.04443 89.34825 89.67599 89.26379 88.83498 88.44131 88.70807 89.06847 89.4078 89.21445 88.63563 88.06419 87.79234 88.17581 88.45763 88.63264 88.32063 88.0232 87.73537 90.96983 95.49708 100.0046 102.389 102.1817 101.9777 101.9429 102.7336 103.527 104.3247 104.295 104.3114 104.4856 105.0382 105.6346 106.0693 106.3904
-9999 -9999 -9999 -9999 -9999 -9999 -9999 -9999 -9999 -9999 -9999 -9999 -9999 -9999 -9999 -9999 -9999 -9999 -9999 -9999 -9999 -9999 -9999 -9999 -9999 -9999 -9999 -9999 -9999 -9999 -9999 -9999 -9999 89.66958 89.5075 89.41624 89.44254 89.56764 90.20303 90.99985 91.05131 90.36066 89.74746 90.06474 90.44221 90.00954 89.41738 88.8326 88.92375 89.49105 89.9567 90.05479 89.4572 88.97293 88.60197 93.1498 97.71281 102.256 103.434 103.2209 103.011 103.2259 104.0115 104.8 105.4423 105.2144 104.9896 104.7679 105.4969 106.3858 107.113 107.3979
-9999 -9999 -9999 -9999 -9999 -9999 -9999 -9999 -9999 -9999 -9999 -9999 -9999 -9999 -9999 -9999 -9999 -9999 -9999 -9999 -9999 -9999 -9999 -9999 -9999 -9999 -9999 -9999 -9999 -9999 -9999 -9999 -9999 90.77835 90.13557 89.89424 89.74182 89.68821 91.47543 93.62029 95.01978 94.66638 92.80288 91.6307 91.13958 90.75647 90.19198 89.59364 90.15681 90.90794 91.55742 91.36362 90.56109 89.87186 90.55254 95.1588 99.77147 104.3905 104.4087 104.2569 104.0411 104.5061 105.2867 106.0702 106.4434 106.21 105.9796 105.8557 106.5167 107.2655 108.1022 108.1936
-9999 -9999 -9999 -9999 -9999 -9999 -9999 -9999 -9999 -9999 -9999 -9999 -9999 -9999 -9999 -9999 -9999 -9999 -9999 -9999 -9999 -9999 -9999 -9999 -9999 -9999 -9999 -9999 -9999 -9999 -9999 -9999 -9999 99.83856 97.27526 94.11732 91.6358 89.83069 93.49319 96.98609 99.73363 98.28078 95.16698 92.74449 91.55325 91.49818 91.26172 90.90355 91.46763 92.26712 93.25979 92.55914 91.55165 90.65748 92.56256 97.15726 101.7584 105.2956 105.1064 104.9376 104.7893 105.5929 106.4765 107.3376 107.4415 107.2024 106.9665 106.9905 107.4925 108.0824 108.6826 108.6316
-9999 -9999 -9999 -9999 -9999 -9999 -9999 -9999 -9999 -9999 -9999 -9999 -9999 -9999 -9999 -9999 -9999 -9999 -9999 -9999 -9999 -9999 -9999 -9999 -9999 -9999 -9999 -9999 -9999 -9999 -9999 -9999 111.2368 108.8988 105.4404 101.0591 97.35423 95.10625 97.53439 100.591 104.2762 101.2038 96.83974 93.16697 92.1483 92.42126 92.51284 92.46615 92.60445 92.97818 93.58839 93.91098 93.41665 92.10538 94.56619 99.14932 103.7389 106.0098 105.7837 105.578 105.5894 106.4089 107.2512 108.1163 108.0902 107.9848 107.8789 108.0373 108.3804 108.8114 109.1182 109.0727
-9999 -9999 -9999 -9999 -9999 -9999 -9999 -9999 -9999 -9999 -9999 -9999 -9999 -9999 -9999 -9999 -9999 -9999 -9999 -9999 -9999 -9999 -9999 -9999 -9999 -9999 -9999 -9999 -9999 -9999 -9999 -9999 120.1489 117.959 112.9291 107.3244 102.3962 100.2047 101.4961 103.4161 105.2012 102.2481 98.73022 94.64751 93.74255 93.52573 93.94534 93.79333 93.50586 93.45381 94.25489 96.05496 97.03809 97.23786 99.20032 101.9797 105.576 106.6231 106.4405 106.1979 106.4239 107.202 108.0029 108.6601 108.5562 108.4517 108.3467 108.7666 109.1926 109.5618 109.6007 109.5168
-9999 -9999 -9999 -9999 -9999 -9999 -9999 -9999 -9999 -9999 -9999 -9999 -9999 -9999 -9999 -9999 -9999 -9999 -9999 -9999 -9999 -9999 -9999 -9999 -9999 -9999 -9999 -9999 -9999 -9999 -9999 -9999 120.1489 120.1489 116.1226 111.8033 106.7618 104.6746 104.8293 105.6126 105.7752 103.8437 101.3473 98.64256 98.34615 98.02966 97.69309 96.42051 94.9196 93.69402 95.73833 99.01587 101.4765 102.7367 103.2217 104.5236 106.6424 106.8985 106.9994 106.9525 107.3018 107.9651 108.7318 109.1256 109.0227 108.9192 108.9276 109.5129 110.0415 110.5133 110.458 110.3246
-9999 -9999 -9999 -9999 -9999 -9999 -9999 -9999 -9999 -9999 -9999 -9999 -9999 -9999 -9999 -9999 -9999 -9999 -9999 -9999 -9999 -9999 -9999 -9999 -9999 -9999 -9999 -9999 -9999 -9999 -9999 -9999 -9999 -9999 116.3078 113.4841 110.3606 109.5022 108.7767 108.0104 106.9141 106.0041 104.5293 103.2299 102.9698 102.6896 102.2926 100.9414 99.53693 98.07912 100.4932 103.7167 106.8577 107.4186 106.4261 106.2505 106.806 107.3217 107.6897 107.91 108.1803 108.5915 109.1421 109.9849 110.2556 109.7461 109.628 110.3159 110.9471 111.434 111.3233 111.2045
-9999 -9999 -9999 -9999 -9999 -9999 -9999 -9999 -9999 -9999 -9999 -9999 -9999 -9999 -9999 -9999 -9999 -9999 -9999 -9999 -9999 -9999 -9999 -9999 -9999 -9999 -9999 -9999 -9999 -9999 -9999 -9999 -9999 -9999 -9999 116.7499 115.2619 114.6509 113.9991 113.3065 111.85 110.3247 108.8003 107.9699 107.6135 107.3697 106.7704 105.5156 104.2076 103.2044 106.6601 110.0331 113.3235 111.8783 109.6459 107.8996 107.4222 107.8926 108.5277 108.8997 108.9195 109.0786 109.3772 111.721 113.4025 114.304 114.1394 113.7094 113.2823 112.5663 112.1966 112.0924
-9999 -9999 -9999 -9999 -9999 -9999 -9999 -9999 -9999 -9999 -9999 -9999 -9999 -9999 -9999 -9999 -9999 -9999 -9999 -9999 -9999 -9999 -9999 -9999 -9999 -9999 -9999 -9999 -9999 -9999 -9999 -9999 -9999 -9999 121.6828 121.2964 120.3777 119.8404 119.2622 118.4896 116.9618 115.4348 113.9088 113.3157 112.86 112.4301 111.4771 110.1886 108.9315 109.3045 112.9096 116.4322 119.5016 115.9038 112.7922 110.1667 110.6134 111.48 111.8889 111.2608 109.9289 109.4263 110.3645 114.2371 117.3297 119.6421 119.368 118.9329 118.5006 117.5793 116.4006 115.2311
-9999 -9999 -9999 -9999 -9999 -9999 -9999 -9999 -9999 -9999 -9999 -9999 -9999 -9999 -9999 -9999 -9999 -9999 -9999 -9999 -9999 -9999 -9999 -9999 -9999 -9999 -9999 -9999 -9999 -9999 -9999 122.7287 122.7287 -9999 122.0293 121.8277 122.7443 123.6894 124.1609 123.6021 122.0726 120.544 119.164 118.6358 118.1334 117.6568 116.4521 115.1456 113.8491 115.2499 118.7964 122.6847 123.9202 119.4432 115.4523 112.1105 114.2623 115.9565 117.1931 116.3951 115.0273 113.6793 114.3623 117.8172 121.9288 125.0367 124.5937 124.1535 123.7161 122.583 121.3876 120.2014
-9999 -9999 -9999 -9999 -9999 -9999 -9999 -9999 -9999 -9999 -9999 -9999 -9999 -9999 -9999 -9999 -9999 -9999 -9999 -9999 -9999 -9999 -9999 -9999 -9999 -9999 -9999 -9999 -9999 -9999 -9999 122.7287 122.6831 122.4737 122.2495 122.0452 124.2359 126.0373 127.3652 126.9625 125.9215 124.886 124.2562 123.93 123.3809 122.7518 121.4172 120.0926 118.7781 120.7925 123.7208 126.9909 126.2436 122.1192 117.836 115.495 118.3688 120.8906 122.9334 121.5096 120.1057 118.7217 119.581 121.848 124.7718 126.8587 127.3703 128.0181 128.6741 127.5775 126.3654 125.1626
-9999 -9999 -9999 -9999 -9999 -9999 -9999 -9999 -9999 -9999 -9999 -9999 -9999 -9999 -9999 -9999 -9999 -9999 -9999 -9999 -9999 -9999 -9999 -9999 -9999 -9999 -9999 -9999 -9999 -9999 122.7287 122.7287 122.9261 122.851 122.4307 123.0697 126.201 128.8588 131.043 130.1471 129.0963 128.051 127.8507 127.9564 127.9233 127.4044 126.2837 125.0297 124.0249 125.9932 128.3033 130.9552 128.407 124.5699 120.5739 120.3328 123.2581 126.0981 127.8073 126.567 125.1642 123.7442 124.1429 125.2221 126.958 127.7029 127.9682 128.3696 128.7856 128.9939 129.0876 129.1396
-9999 -9999 -9999 -9999 -9999 -9999 -9999 -9999 -9999 -9999 -9999 -9999 -9999 -9999 -9999 -9999 -9999 -9999 -9999 -9999 -9999 -9999 -9999 -9999 -9999 -9999 -9999 -9999 -9999 -9999 122.7287 122.7287 123.9402 124.9798 125.403 126.3762 128.8724 131.9646 134.3924 133.3263 132.2657 131.2105 131.584 131.9408 132.1588 131.4982 130.3956 129.283 129.1803 130.8756 132.5941 134.1202 130.7292 127.1794 123.4707 125.2559 128.3357 131.3301 132.1078 130.9035 129.6794 128.71 128.4585 127.9925 128.4874 128.4108 128.4298 128.5849 129.0115 129.4267 129.7275 129.946
-9999 -9999 -9999 -9999 -9999 -9999 -9999 -9999 -9999 -9999 -9999 -9999 -9999 -9999 -9999 -9999 -9999 -9999 -9999 -9999 -9999 -9999 -9999 -9999 -9999 -9999 -9999 -9999 -9999 -9999 122.7287 122.8001 125.5707 127.725 129.2629 130.2265 131.6449 133.6592 135.1787 135.297 135.0132 134.6514 135.4561 136.064 136.5331 135.602 134.5174 133.4229 134.0221 135.6755 137.352 137.4505 134.2169 130.6111 127.0475 130.2645 133.4986 136.6474 136.4282 135.26 134.0718 133.6196 133.7561 133.6781 132.999 131.1206 129.6592 128.664 129.3519 129.9741 130.4818 130.6465
-9999 -9999 -9999 -9999 -9999 -9999 -9999 -9999 -9999 -9999 -9999 -9999 -9999 -9999 -9999 -9999 -9999 -9999 -9999 -9999 -9999 -9999 -9999 -9999 -9999 -9999 -9999 -9999 -9999 -9999 126.4817 125.9265 128.1837 131.0865 133.7364 133.481 133.8215 134.7579 135.9844 136.8297 137.273 137.6988 138.5475 139.4608 140.1927 139.6098 138.6492 137.5727 138.8408 140.4521 142.0867 141.3919 138.8316 135.899 134.1824 136.101 138.5842 141.4784 140.7581 139.6364 138.4842 138.7438 139.2683 139.5782 138.2488 135.6165 133.4011 131.9551 132.0524 132.0607 131.9801 131.2412
-9999 -9999 -9999 -9999 -9999 -9999 -9999 -9999 -9999 -9999 -9999 -9999 -9999 -9999 -9999 -9999 -9999 -9999 -9999 -9999 -9999 -9999 -9999 -9999 -9999 -9999 -9999 -9999 -9999 133.9017 132.3797 132.1553 133.4494 135.276 136.8011 136.1451 135.5028 135.2607 137.1921 138.7644 139.9347 140.6816 141.4135 142.21 142.5509 142.1248 141.612 141.2971 142.9798 145.107 146.7981 145.7055 143.8185 141.5592 140.7528 141.6502 143.1122 144.3702 143.9118 143.3086 142.5947 143.8279 144.9949 145.6929 143.0818 139.6954 136.726 135.4327 135.691 135.8603 135.7541 134.7504
-9999 -9999 -9999 -9999 -9999 -9999 -9999 -9999 -9999 -9999 -9999 -9999 -9999 -9999 -9999 -9999 -9999 -9999 -9999 -9999 -9999 -9999 -9999 -9999 -9999 -9999 -9999 -9999 -9999 139.7998 138.2778 137.8516 138.1826 139.0461 139.2966 138.6159 137.9489 137.7476 139.1821 140.8956 142.8883 143.5999 144.215 144.8946 144.9957 144.7265 144.3705 144.3385 145.2173 146.5406 148.0799 148.013 147.8506 147.5917 146.7585 146.6347 147.0756 147.4068 147.2103 146.8689 146.8905 148.181 149.4398 150.667 147.3474 143.6087 139.6341 138.9994 139.4186 139.7488 139.4333 138.3836
