STOTEN_Data/raw/HiWatTabDepMin.asc
ncols         250
nrows         718
xllcorner     -2256000
yllcorner     1557000
cellsize      1000
NODATA_value  -9999
[rows 152 to 189 of 718, columns 0 to 86 of 250]
6 6 6 6 6 6 6 6 6 6 6 6 6 6 6 6 6 6 6 5.5824 5.28 5.534118 6 6 6 6 6 6 6 6 6 6 6 5.994 5.781 5.751 5.871 6 6 6 6 5.916 5.7 5.7 5.3333 3.8279 3.77 3.77 3.77 3.77 3.77 3.77 3.77 3.77 3.77 3.77 3.77 3.77 3.77 3.77 3.77 3.77 3.77 4.1652 4.0264 4.33 4.0765 3.94 3.94 3.94 3.94 3.94 3.6817 3.94 3.94 3.94 3.94 3.94 3.94 3.94 3.94 3.94 3.94 3.94 3.94 3.94 3.94
6 6 6 6 6 6 6 6 6 6 6 6 6 6 6 6 6 6 6 6 5.9064 6 6 6 6 6 6 6 6 6 6 6 6 6 6 6 6 6 6 6 6 5.985 5.5923 5.5842 5.7 4.7736 3.77 3.926 4.16 4.082 3.7895 3.77 3.77 3.77 3.77 3.77 3.77 3.77 3.77 3.77 3.77 3.77 4.5695 4.888 3.6538 4.0063 3.94 3.94 3.94 3.94 3.94 3.94 3.448 3.8539 3.94 3.94 3.94 3.94 3.94 3.94 3.94 3.94 3.94 3.94 3.94 3.94 3.94
6 6 6 6 6 6 6 6 6 6 6 6 6 6 6 6 6 6 6 6 6 6 6 6 6 6 6 6 6 6 6 6 6 6 6 6 6 6 6 6 6 6 4.5282 4.0595 5.7 4.0209 3.77 5.018 5.3495 5.447 3.809 3.77 3.77 3.77 3.77 3.77 3.77 3.77 3.77 3.77 3.77 4.7255 5.72 4.2224 3.64 3.823 3.94 3.94 3.94 3.94 3.94 3.93385 3.42955 3.92155 3.94 3.94 3.94 3.94 3.94 3.94 3.94 3.94 3.94 3.94 3.94 3.94 3.94
6 6 6 6 6 6 6 6 6 6 6 6 5.99264 5.94112 5.9632 6 6 6 6 6 6 6 6 6 6 6 6 6 6 6 6 6 6 6 6 6 6 6 6 6 6 6 5.7627 4.7645 4.7016 4.2185 4.9205 5.4665 4.9985 4.6865 3.77 3.77 3.77 3.77 3.77 3.77 3.77 3.77 3.8285 4.6475 5.1935 5.72 5.512 3.6608 3.643 3.886 3.94 3.94 3.94 3.94 3.94 3.79855 3.5833 3.94 3.94 3.94 3.94 3.94 3.94 3.94 3.94 3.94 3.94 3.94 3.94 3.94 3.94
6 6 6 6 6 6 6 6 6 6 6 6 5.9678 5.908 5.96688 6 6 6 6 6 6 6 6 6 6 6 6 6 6 6 6 6 6 6 6 6 6 6 6 6 5.777 5.554 5.8633 5.0654 5.252 5.3885 4.238 3.848 3.77 3.77 3.77 3.77 3.77 3.77 3.77 3.77 3.77 3.77 4.16 4.8425 5.4665 5.72 4.5344 3.64 3.649 3.904 3.94 3.94 3.94 3.94 3.94 3.78625 3.7678 3.94 3.94 3.94 3.94 3.94 3.94 3.94 3.94 3.94 3.94 3.94 3.94 3.94 3.94
6 6 6 6 6 6 6 6 6 6 6 6 5.94296 5.908 5.96964 6 6 6 6 6 6 6 6 6 6 6 6 6 6 6 6 6 6 6 6 6 6 6 6 6 5.9331 4.2829 3.8815 3.77 3.7895 3.926 3.77 3.77 3.77 3.77 3.77 3.77 3.77 3.77 3.77 3.77 3.77 3.77 3.77 3.8675 5.2052 4.3472 3.64 3.64 3.649 3.868 3.94 3.94 3.94 3.94 3.94 3.94 3.94 3.94 3.94 3.94 3.94 3.94 3.94 3.94 3.94 3.94 3.94 3.94 3.94 3.94 3.94
6 6 6 6 6 6 6 6 6 6 5.9908 5.94388 5.908 5.908 5.93376 6 6 6 6 6 6 6 6 6 6 6 6 6 6 6 6 6 6 6 6 6 6 6 6 6 6 5.8662 3.8815 3.77 3.77 3.77 3.77 3.77 3.77 3.77 3.77 3.77 3.77 3.77 3.77 3.77 3.77 3.77 3.77 4.979 4.3888 3.64 3.64 3.64 3.826 3.94 3.94 3.94 3.94 3.94 3.94 3.94 3.94 3.94 3.94 3.94 3.94 3.94 3.94 3.94 3.94 3.94 3.94 3.94 3.94 3.94 3.94
6 6 6 6 6 6 6 6 6 6 5.9172 5.908 5.908 5.908 5.908 5.94112 5.99172 6 6 6 6 6 6 6 6 6 6 6 6 6 6 6 6 6 6 6 6 6 6 6 6 4.8404 3.77 3.77 3.77 3.77 3.77 3.77 3.77 3.77 3.77 3.77 3.77 3.77 3.77 3.77 3.77 3.77 3.77 5.2325 3.8688 3.64 3.64 3.658 3.913 3.94 3.94 3.94 3.94 3.94 3.94 3.94 3.94 3.94 3.94 3.94 3.94 3.94 3.94 3.94 3.94 3.94 3.94 3.94 3.94 3.94 3.94
6 6 6 6 6 6 6 6 6 6 5.94388 5.908 5.908 5.908 5.908 5.908 5.9126 5.98344 6 5.685 5.7375 6 6 6 6 6 6 6 6 6 6 6 6 6 6 6 6 6 6 6 6 5.554 4.5505 3.77 3.77 3.77 3.77 3.77 3.77 3.77 3.77 3.77 3.77 3.77 3.77 3.77 3.77 3.77 3.7895 5.4249 3.7232 3.64 3.64 3.763 3.94 3.94 3.94 3.94 3.94 3.94 3.94 3.94 3.94 3.94 3.94 3.94 3.94 3.94 3.94 3.94 3.94 3.94 3.94 3.94 3.94 3.94 3.94
6 6 6 6 6 6 6 6 6 6 5.99724 5.93376 5.908 5.908 5.908 5.908 5.908 5.93192 6 6 4.55625 6 6 6 6 6 6 6 6 6 6 6 6 6 6 6 6 6 6 6 6 4.3721 3.8369 3.77 3.77 3.77 3.77 3.77 3.77 3.77 3.77 3.77 3.77 3.77 3.77 3.77 3.77 3.77 4.5695 5.0336 3.64 3.64 3.64 3.649 3.904 3.94 3.94 3.94 3.94 3.94 3.94 3.94 3.94 3.94 3.94 3.94 3.94 3.94 3.94 3.94 3.94 3.94 3.94 3.94 3.94 3.99025 4.52625
6 6 6 6 6 6 6 6 6 6 6 5.99356 5.91352 5.908 5.908 5.908 5.908 5.908 5.9954 6 4.215 6 6 6 6 6 6 6 6 6 6 6 6 6 6 6 6 6 6 6 6 4.3944 3.77 3.77 3.77 3.77 3.77 3.77 3.77 3.77 3.77 3.77 3.77 3.77 3.77 3.77 3.8675 5.0375 5.6797 4.056 3.64 3.829 3.661 3.658 3.922 3.94 3.94 3.94 3.94 3.94 3.94 3.94 3.94 3.94 3.94 3.94 3.94 3.94 3.94 3.94 3.94 3.94 3.95675 4.677 4.8445 5.1125 5.615
6 6 6 6 6 6 6 6 6 6 6 6 5.95032 5.908 5.908 5.908 5.908 5.908 5.98436 6 4.005 5.79 6 6 6 6 6 6 6 6 6 6 6 6 6 6 6 6 6 6 5.108 3.7923 3.77 3.77 3.77 3.77 3.77 3.77 3.77 3.77 3.77 3.77 3.77 3.77 3.77 3.7895 5.096 4.667 3.8441 3.64 3.64 3.856 3.805 3.721 3.94 3.94 3.94 3.94 3.94 3.94 3.94 3.94 3.94 3.94 3.94 3.94 3.94 3.94 3.94 3.94 3.94 4.074 4.79425 5.615 5.615 5.615 5.615
6 6 6 6 6 6 6 6 6 6 6 6 5.977 5.908 5.908 5.908 5.908 5.908 5.91904 5.9153 3.45375 5.60625 6 6 6 6 6 6 6 6 6 6 6 6 6 5.8216 4.5951 6 6 6 4.3944 3.77 3.77 3.77 3.77 3.77 3.77 3.77 3.77 3.77 3.77 3.77 3.77 3.77 3.8285 4.7645 5.1274 3.77 3.6894 3.64 3.646 3.928 3.94 3.79 3.94 3.94 3.94 3.94 3.94 3.94 3.94 3.94 3.94 3.94 3.94 3.94 3.94 4.15775 4.76075 4.86125 4.9785 5.5815 5.615 5.615 5.615 5.615 5.615
6 6 6 6 6 6 6 6 6 6 6 6 5.9678 5.908 5.908 5.908 5.908 5.908 5.908 5.908 3.375 5.475 6 6 6 6 6 6 6 6 6 6 6 6 6 5.3756 4.6397 6 6 5.4425 4.8181 3.77 3.77 3.77 3.77 3.77 3.77 3.77 3.77 3.77 3.77 3.77 3.77 4.277 5.4665 5.5064 4.0797 3.705 3.64 3.64 3.676 3.94 3.94 3.94 3.94 3.94 3.94 3.94 3.94 3.94 3.94 3.94 3.94 3.94 3.94 3.94 4.074 4.35875 5.39725 5.615 5.615 5.615 5.5666 3.8968 3.6412 5.5692 5.615
6 6 6 6 6 6 6 6 6 6 6 5.993 5.913823 5.908 5.908 5.908 5.908 5.908 5.908 5.908 3.75495 5.4225 6 6 6 6 6 6 6 6 6 6 6 6 5.7547 4.9742 3.9707 5.8439 5.7101 3.8146 3.77 3.77 3.77 3.77 3.77 3.77 3.77 3.77 3.77 3.77 3.77 3.77 3.77 4.088 4.7944 4.2426 3.8431 3.6569 3.64 3.64 3.64 3.748 3.88 3.886 3.94 3.94 3.94 3.94 3.94 3.94 3.94 3.94 3.94 3.94 3.94 3.78355 4.14815 4.2356 5.131 5.3972 4.9858 5.615 4.3808 3.2262 3.3479 4.7448 5.615
6 6 6 6 6 6 6 6 6 6 6 5.986857 5.908 -9999 5.908 5.908 5.908 5.908 5.908 5.55338 3.40033 4.97625 6 6 6 6 6 6 6 6 6 6 6 6 4.3693 4.082 4.082 5.6765 4.3944 3.77 3.77 3.77 3.77 3.77 3.77 3.77 3.77 3.77 3.77 3.77 3.77 3.77 3.77 3.7836 3.8414 3.9349 3.7705 3.6426 3.64 3.64 3.64 3.64 3.658 3.886 3.94 3.94 3.94 3.94 3.94 3.94 3.94 3.94 4.2078 4.5374 5.2172 5.4184 4.4853 3.27915 3.2192 3.2918 3.195 4.7196 3.195 3.2132 3.325 4.5387 5.615
6 6 6 6 6 6 6 6 6 6 6 6 -9999 5.908 5.908 5.908 5.908 5.908 5.908 5.04678 3.375 3.50625 4.60875 6 6 6 6 6 6 6 6 6 6 6 5.8572 5.7256 5.7536 5.9188 4.216 3.77 3.77 3.77 3.77 3.77 3.77 3.77 3.77 3.77 3.77 3.77 3.77 3.77 3.77 3.77 3.821 3.906 3.7446 3.64 3.64 3.64 3.64 3.7 3.715 3.898 3.94 3.94 3.94 3.94 3.94 3.94 3.94 4.6404 5.9176 6 6 6 6 4.56945 3.2511 3.195 3.195 3.195 3.195 3.2431 3.5585 5.39955 5.6582
6 6 6 6 5.99356 5.93376 5.99632 6 6 6 6 6 6 5.922 5.908 5.908 5.908 5.908 5.908 4.84414 3.375 3.375 4.8975 6 6 6 6 6 6 6 6 6 6 6 5.804 5.8908 6 5.8216 3.8815 3.77 3.77 3.77 3.77 3.77 3.77 3.77 3.77 3.77 3.77 3.77 3.77 3.77 3.77 3.7938 3.889 3.9264 3.928 3.862 3.898 3.661 3.64 3.736 3.829 3.811 3.94 3.94 3.94 3.94 3.94 3.94 4.3108 5.9794 6 6 6 6 6 6 5.52315 4.2048 3.195 3.195 3.195 3.2652 4.37575 5.66 5.66
5.98005 6 6 6 6 5.93192 5.97424 6 6 6 6 6 6 5.96872 5.908 5.908 5.908 5.908 5.908 5.55338 3.375 3.375 4.95 6 6 6 6 6 6 6 6 6 6 6 5.7984 5.8236 5.2947 4.1491 3.77 3.77 3.77 3.77 3.77 3.77 3.77 3.77 3.77 3.77 3.77 3.77 3.77 3.77 3.77 3.7819 3.9366 3.94 3.94 3.796 3.718 3.64 3.64 3.862 3.937 3.934 3.94 3.94 3.94 3.94 3.94 4.0018 5.5262 6 6 6 6 6 6 6 6 6 4.4292 3.195 3.195 4.1058 5.4265 5.66 5.66
5.81475 6 6 6 6 5.97148 5.95216 6 6 6 6 6 6 6 5.931 5.908 5.908 5.908 5.908 5.68003 3.50165 3.375 5.02875 6 6 6 6 6 6 6 6 6 6 6 5.7452 5.72 5.1935 4.4135 3.77 3.77 3.77 3.77 3.77 3.77 3.77 3.77 3.77 3.77 3.77 3.77 3.77 3.77 3.77 3.7717 3.9145 3.94 3.865 3.73 3.64 3.64 3.64 3.823 3.94 3.94 3.94 3.94 3.94 3.94 4.249 5.6498 6 6 6 6 6 6 6 6 6 6 3.9804 3.195 4.5261 5.53675 5.66 5.66 5.66
5.88315 5.90025 6 6 6 6 5.97516 5.95216 5.9816 6 6 6 6 6 5.97976 5.91168 5.908 5.908 5.908 5.68003 3.47632 3.375 5.3175 6 6 6 6 6 6 6 6 6 6 5.9721 5.1239 4.2575 4.433 4.472 3.77 3.77 3.77 3.77 3.77 3.77 3.77 3.77 3.77 3.77 3.77 3.77 3.77 3.77 3.77 3.8601 3.94 3.94 3.91 3.715 3.64 3.64 3.658 3.916 3.94 3.94 3.94 3.94 3.9606 4.9494 5.8558 6 6 6 6 6 6 6 6 6 6 6 5.1585 3.39135 3.8359 5.5614 4.25495 5.63535 5.66
5.943 5.772 6 6 6 6 6 5.9954 5.98712 6 6 6 6 6 6 5.9586 5.908 5.908 5.908 5.09744 3.375 3.375 5.475 6 6 6 6 6 6 6 6 6 6 4.5951 3.848 4.979 4.745 4.472 4.043 3.887 4.121 3.77 3.77 3.77 3.77 3.77 3.77 3.77 3.77 3.77 3.77 3.77 3.77 3.8601 3.94 3.94 3.94 3.853 3.64 3.64 3.724 3.94 3.94 3.94 3.94 3.94 4.4962 6 6 6 6 6 6 6 6 6 6 6 6 6 6 3.6438 4.7233 4.9205 3.81125 4.45215 5.66
5.9829 5.7435 5.8689 6 6 6 6 6 6 6 6 -9999 6 6 6 5.9724 5.908 5.908 5.908 4.03358 3.375 3.375 5.475 6 6 6 6 6 6 6 6 6 6 4.9519 4.082 4.472 5.1935 4.6085 4.355 4.745 4.784 3.77 3.77 3.77 3.77 3.77 3.77 3.77 3.8193 3.8057 3.77 3.77 3.77 3.7802 3.94 3.94 3.94 3.835 3.646 3.64 3.64 3.874 3.94 3.94 3.94 3.94 4.7022 6 6 6 6 6 6 6 6 6 6 6 6 6 6 4.51335 3.7373 3.41685 4.10705 5.43815 5.167
5.88315 5.9829 5.9031 5.98575 6 6 6 6 6 6 6 6 6 6 6 5.97056 5.908 5.908 5.908 3.55231 3.375 3.375 5.6325 6 6 6 6 6 6 6 6 6 6 4.885 5.2325 5.681 4.1405 3.77 3.77 3.77 3.77 3.77 3.77 3.77 3.9065 3.7895 3.77 3.8363 3.94 3.94 3.8295 3.77 3.77 3.7734 3.94 3.94 3.94 3.712 3.919 3.661 3.655 3.934 3.94 3.895 3.796 3.844 4.764 6 6 6 6 6 6 6 6 6 6 6 6 6 6 5.6073 3.6999 3.195 3.21965 3.26895 3.5401
5.9829 6 6 6 6 6 6 6 6 6 6 6 6 6 6 5.95216 5.908 5.908 5.908 4.36287 3.375 3.375 5.9475 6 6 6 6 6 6 6 6 5.958 5.734 5.4498 5.72 4.979 3.77 3.77 3.77 3.77 3.77 3.77 3.77 3.887 5.681 4.7443 3.9941 4.6681 4.3502 3.9179 3.8839 3.77 3.77 3.804 3.94 3.94 3.94 3.739 3.94 3.721 3.649 3.778 3.7 3.64 3.64 3.739 4.764 6 6 6 6 6 6 6 6 6 6 6 6 6 6 6 5.52315 3.2511 3.195 3.195 3.195
6 6 6 6 6 6 6 6 6 6 6 6 6 6 6 5.9172 5.908 5.908 5.908 5.68003 3.75495 3.8475 6 6 6 6 6 6 6 6 6 5.944 5.804 5.804 5.7928 5.6199 4.784 3.848 3.77 3.77 3.77 3.77 3.77 4.433 5.72 4.9902 5.364 5.486 4.2965 3.7751 3.9383 3.8057 3.77 3.8363 3.94 3.94 3.94 3.931 3.94 3.886 3.655 3.64 3.64 3.64 3.64 3.643 4.7628 6 6 6 6 6 6 6 6 6 6 6 6 6 6 6 6 3.89625 3.195 3.195 3.195
6 6 6 6 6 6 6 6 6 6 6 6 6 6 5.96964 5.908 5.908 5.908 5.908 5.908 5.85734 5.88629 6 6 6 6 6 6 6 6 6 6 6 6 6 6 5.8964 4.94 3.848 5.213 4.0625 3.77 3.887 5.4275 5.72 5.3885 4.7255 3.77 3.77 3.8329 3.94 3.9247 3.7989 3.8193 3.94 3.94 3.94 3.94 3.94 3.94 3.751 3.64 3.64 3.64 3.64 3.64 4.82 6 6 6 6 6 6 6 6 6 6 6 6 6 6 6 5.91585 3.2511 3.195 3.195 3.195
5.9649 6 6 6 6 6 6 6 6 6 6 5.93284 6 6 5.99908 5.96596 5.9218 5.92272 5.91076 5.908 5.96044 5.96964 6 6 6 6 6 6 6 6 6 6 6 6 6 6 6 5.2132 4.628 5.642 4.277 3.77 4.745 5.6615 5.096 3.887 3.77 3.77 3.7802 3.9128 3.94 3.9315 3.7819 3.7785 3.9383 3.94 3.94 3.94 3.94 3.94 3.778 3.64 3.64 3.64 3.64 3.64 5.1976 6 6 6 6 6 6 6 6 6 6 6 6 6 6 6 5.24265 3.195 3.195 3.195 3.90985
5.99595 6 6 6 6 6 6 6 6 6 6 5.95308 5.96504 6 6 6 6 6 5.94388 5.91996 6 6 6 6 6 6 6 6 6 6 6 6 6 6 6 6 6 5.5816 4.433 3.9455 4.004 3.77 4.316 5.603 4.121 3.77 3.77 3.77 3.7751 3.9026 3.94 3.8822 3.77 3.77 3.8941 3.94 3.94 3.94 3.94 3.94 3.889 3.64 3.64 3.64 3.64 3.64 4.7728 6 6 6 6 6 6 6 6 6 6 6 6 6 6 6 4.62555 3.195 3.195 3.5894 5.33955
6 6 6 6 6 6 6 6 6 6 6 5.97976 5.92732 6 6 6 6 6 5.98436 5.94296 6 6 6 6 6 6 6 6 6 6 6 6 6 6 6 6 6 5.9554 4.8789 5.447 5.7005 4.1795 3.809 4.2185 3.77 3.77 3.77 3.8414 3.9128 3.94 3.94 3.8516 3.77 3.7904 3.8227 3.9145 3.94 3.94 3.94 3.94 4.5214 5.616 3.8272 3.64 3.64 3.64 3.6636 4.82 6 6 6 6 6 6 6 6 6 6 6 6 6 6 4.00845 3.195 3.195 4.2303 5.66
6 6 6 6 6 6 6 6 6 6 6 5.9724 5.94296 6 6 6 6 6 5.96504 5.92456 6 6 6 6 6 6 6 6 6 6 6 6 6 6 6 6 6 6 5.7732 5.72 5.72 4.2575 4.2965 4.238 4.6475 4.082 3.7887 3.8329 3.9366 3.94 3.94 3.9281 3.77 3.8159 3.9383 3.9383 3.94 3.94 3.94 4.83 5.72 5.1792 3.64 3.64 3.64 3.64 3.64 3.64 4.3716 5.8584 6 6 6 6 6 6 6 6 6 6 6 4.6536 3.195 3.195 4.20565 5.6107 5.66
6 6 6 6 6 6 6 6 6 6 6 5.96228 5.92456 6 6 6 6 6 5.98252 5.90984 5.98712 6 6 6 6 6 6 6 6 6 6 6 6 6 6 6 6 5.9664 5.7256 5.72 5.603 4.7645 5.72 5.72 5.5445 4.1524 3.9281 3.94 3.94 3.94 3.94 3.94 3.8278 3.8482 3.94 3.94 3.94 3.9578 5.0614 5.72 5.72 4.4629 3.64 3.64 3.64 3.64 3.64 3.64 3.64 4.112 5.9292 6 6 6 6 6 6 6 6 6 5.01825 3.195 3.195 3.7866 5.66 5.66 5.66
6 6 6 6 6 6 6 6 6 6 6 5.99816 5.96504 6 6 6 6 6 6 5.95308 5.93376 5.97332 5.94848 6 6 6 6 6 6 6 6 6 6 6 6 6 6 5.9748 5.7228 5.8936 5.9608 5.8292 5.72 5.72 4.55 3.7751 3.8992 3.9009 3.94 3.94 3.94 3.94 3.94 3.94 3.94 3.94 3.94 4.9368 5.72 5.72 5.72 4.4291 3.6699 3.64 3.64 3.64 3.64 3.64 3.7 3.64 4.4188 5.528 5.9764 6 6 6 6 6 6 5.91585 3.72795 3.195 3.195 4.5261 5.66 5.66 5.66
6 6 6 6 6 6 6 6 6 6 6 6 6 6 6 6 6 6 6 5.99632 5.91168 5.908 5.908 5.97148 6 6 6 6 6 6 6 6 6 6 6 6 6 5.874 5.8712 6 6 5.8936 5.72 5.72 5.3105 4.043 3.77 3.7785 3.8397 3.9009 3.94 3.94 3.94 3.94 3.94 4.2248 5.1148 5.72 5.72 5.72 5.72 4.784 3.744 3.64 3.64 3.64 3.64 3.742 3.94 3.82 3.676 3.64 3.9468 4.07735 3.87265 5.2707 6 6 6 4.2609 3.195 3.195 3.21965 5.33955 5.66 5.66 5.66
6 6 6 6 6 6 6 6 6 6 6 6 6 6 6 6 6 6 6 5.9954 5.90984 5.908 5.908 5.9632 6 6 6 6 6 6 6 6 6 6 6 6 6 6 6 6 6 5.9104 5.72 5.72 5.72 5.33 3.77 3.77 3.77 3.7734 3.8516 3.9281 3.94 3.94 4.4189 4.7518 5.5055 5.72 5.72 5.72 5.72 5.5445 3.9455 3.6582 3.64 3.64 3.697 3.916 3.94 3.94 3.94 3.793 3.64 3.64 3.4353 3.44745 5.69145 6 5.97195 3.27915 3.195 3.195 4.05775 5.66 5.66 5.66 5.66
6 6 6 6 6 6 6 6 5.9908 5.98344 6 6 6 6 6 6 6 6 6 5.977 5.908 5.908 5.908 5.9632 6 6 6 6 6 6 6 6 6 6 6 6 6 6 6 6 5.9972 5.804 5.72 5.72 5.72 5.2715 4.2965 3.77 3.887 3.926 3.872 3.94 3.94 3.94 4.6629 3.77 4.862 4.3355 4.1795 5.72 5.72 5.72 4.355 3.6907 3.64 3.652 3.889 3.94 3.94 3.94 3.94 3.934 3.68405 3.35075 3.26175 3.195 3.39135 4.2609 3.6999 3.195 3.195 3.31825 5.3642 5.66 5.66 5.66 5.66
6 6 6 6 6 6 6 6 5.93652 5.908 5.95124 6 6 6 6 6 6 6 6 5.99356 5.93836 5.908 5.908 5.97148 6 6 6 6 6 6 6 6 6 6 6 6 6 6 6 6 5.9412 5.72 5.72 5.72 5.72 5.6225 4.2965 4.5305 5.5055 4.238 3.9415 4.2604 3.94 3.94 5.1987 4.199 3.77 3.77 4.2965 5.72 5.72 5.72 4.2185 3.7102 3.64 3.727 3.94 3.94 3.94 3.94 3.94 3.94 3.93255 3.44085 3.195 3.195 3.195 3.195 3.195 3.195 3.195 4.30425 5.66 5.66 5.66 5.66 5.66
6 6 6 6 6 6 6 5.97608 5.90984 5.908 5.90984 5.9862 6 6 6 6 6 6 6 6 6 5.908 5.95584 5.99908 6 6 6 6 6 6 6 6 6 6 6 6 6 6 6 6 5.9328 5.72 5.72 5.72 5.72 5.7005 5.5055 5.5445 4.1015 4.1405 5.447 5.6844 5.5242 4.7944 4.6698 4.55 3.77 3.77 4.199 5.603 5.72 5.72 5.2715 3.9234 3.64 3.652 3.913 3.94 3.94 3.94 3.94 3.94 3.94 3.8804 3.24715 3.195 3.195 3.195 3.195 3.195 3.195 4.89585 5.66 5.66 5.66 5.66 5.66
