STOTEN_Data/raw/HiWatTabDepMin.asc
ncols         250
nrows         718
xllcorner     -2256000
yllcorner     1557000
cellsize      1000
NODATA_value  -9999
[rows 76 to 113 of 718, columns 87 to 173 of 250]
6 6 6 6 6 6 6 6 6 6 6 6 6 6 6 6 6 6 6 6 6 6 6 6 6 6 6 6 6 6 6 5.40655 5.3994 5.3136 5.285 5.285 5.3136 5.428 5.77835 6 6 6 6 6 6 6 6 6 6 5.98028 5.942 5.942 5.942 5.94374 5.96076 5.93606 5.936 5.93615 5.936 5.936 5.936 5.93636 5.9636 6 6 6 6 4.638387 1.31 -9999 1.31 1.31 6 6 6 6 6 6 6 6 6 6 6 6 6 6 6
6 6 6 6 6 6 6 6 6 6 6 6 6 6 6 6 6 6 6 6 6 6 6 6 6 6 6 6 6 6 6 5.9142 6 5.6425 5.285 5.285 5.285 5.285 5.714 6 6 6 6 6 6 6 5.99536 5.98724 5.98086 5.9478 5.942 5.942 5.942 5.942 5.942 5.93873 5.93753 5.93603 5.936 5.936 5.936 5.936 5.984 6 6 6 6 6 -9999 -9999 -9999 -9999 6 6 6 6 6 6 6 6 6 6 6 6 6 6 6
6 6 6 6 6 6 6 6 6 6 6 6 6 6 6 6 6 6 6 6 6 6 6 6 6 6 6 6 6 6 6 6 6 5.5281 5.285 5.37795 5.6139 5.6997 5.99285 6 6 6 6 6 5.99826 5.96114 5.94838 5.942 5.942 5.942 5.942 5.942 5.942 5.942 5.94197 5.939 5.939 5.93792 5.936 5.936 5.936 5.936 5.97888 6 6 6 6 6 -9999 -9999 -9999 -9999 6 6 6 6 6 6 6 6 6 6 6 6 6 6 6
6 6 6 6 6 6 6 6 6 6 6 6 6 6 6 6 6 6 6 6 6 6 6 6 6 6 6 6 6 6 6 6 6 5.9428 5.6282 5.9714 6 6 6 6 6 6 6 6 5.98318 5.942 5.942 5.942 5.942 5.942 5.942 5.942 5.942 5.942 5.94128 5.939 5.939 5.939 5.93705 5.936 5.936 5.936 5.95904 6 6 6 6 6 -9999 -9999 -9999 -9999 6 6 6 6 6 6 6 6 6 6 6 6 6 6 6
6 6 6 6 6 6 6 6 6 6 6 6 6 6 6 6 6 6 6 6 6 6 6 6 6 6 6 6 6 6 6 6 6 6 6 6 6 6 6 6 6 6 5.98608 5.96578 5.9507 5.942 5.942 5.942 5.942 5.942 5.942 5.94191 5.94095 5.94029 5.93924 5.939 5.939 5.939 5.93801 5.936 5.936 5.936 5.93856 5.9968 6 6 6 6 6 -9999 -9999 -9999 6 6 6 6 -9999 6 6 6 6 6 6 6 6 6 6
6 6 6 6 6 6 6 6 6 6 6 6 6 6 6 6 6 6 6 6 6 6 6 6 6 6 6 6 6 6 6 6 6 6 6 6 6 6 6 6 6 5.99768 5.9565 5.942 5.942 5.942 5.942 5.942 5.94092 5.94161 5.94158 5.93963 5.939 5.939 5.939 5.939 5.939 5.939 5.93897 5.93798 5.93675 5.936 5.936 5.96416 6 6 6 6 6 6 -9999 -9999 6 6 -9999 -9999 -9999 -9999 6 6 6 6 6 6 6 6 6
6 6 6 6 6 6 6 6 6 6 6 6 6 6 6 6 6 6 6 6 6 6 6 6 6 6 6 6 6 6 6 6 6 6 6 6 6 6 5.99014 5.9768 5.99362 5.942 5.942 5.942 5.942 5.942 5.942 5.94134 5.93921 5.939 5.939 5.939 5.939 5.939 5.939 5.939 5.939 5.939 5.939 5.93888 5.93636 5.936 5.936 5.936 5.9712 6 6 6 6 6 -9999 -9999 6 6 -9999 -9999 -9999 -9999 6 6 6 6 6 6 6 6 6
6 6 6 6 6 6 6 6 6 6 6 6 6 6 6 6 6 6 6 6 6 6 6 6 6 6 6 6 6 6 6 6 6 6 6 6 6 6 5.95534 5.942 5.9449 5.942 5.942 5.942 5.942 5.942 5.94182 5.93915 5.939 5.939 5.939 5.939 5.939 5.939 5.939 5.939 5.939 5.939 5.93894 5.93756 5.936 5.936 5.936 5.936 5.936 5.96608 6 6 6 6 6 -9999 6 6 -9999 -9999 -9999 -9999 6 6 6 6 6 6 6 6 6
6 6 6 6 6 6 6 6 6 6 6 6 6 6 6 6 6 6 6 6 6 6 6 6 6 6 6 6 6 6 6 6 6 6 6 6 6 5.98376 5.942 5.942 5.942 5.942 5.942 5.942 5.942 5.942 5.94092 5.939 5.939 5.939 5.939 5.939 5.939 5.939 5.939 5.939 5.9381 5.93681 5.93612 5.936 5.936 5.936 5.936 5.936 5.936 5.936 5.9648 6 6 6 6 -9999 6 6 -9999 -9999 -9999 -9999 6 6 6 6 6 6 6 6 6
6 6 6 6 6 6 6 6 6 6 6 6 6 6 6 6 6 6 6 6 6 6 6 6 6 6 6 6 6 6 6 6 6 6 6 6 6 5.98376 5.96056 5.94606 5.942 5.942 5.942 5.942 5.942 5.942 5.94035 5.939 5.939 5.939 5.939 5.939 5.939 5.939 5.939 5.939 5.93828 5.93609 5.936 5.936 5.936 5.936 5.936 5.936 5.936 5.936 5.936 5.97824 6 6 6 6 6 -9999 -9999 -9999 -9999 -9999 6 6 6 6 6 6 6 6 6
5.95455 6 6 6 6 6 6 6 6 6 6 6 6 6 6 6 6 6 6 6 6 6 6 6 6 6 6 6 6 6 6 6 6 6 6 6 6 6 6 5.98782 5.94374 5.942 5.942 5.942 5.942 5.942 5.93969 5.939 5.939 5.939 5.939 5.939 5.939 5.939 5.939 5.93744 5.93618 5.936 5.87825 5.2045 5.859 5.936 5.936 5.936 5.936 5.936 5.936 5.93612 5.94974 5.98658 6 6 6 6 -9999 -9999 -9999 -9999 6 6 6 6 6 6 6 6 6
5.7071 6 6 6 6 6 6 6 6 6 6 6 6 6 6 6 6 6 6 6 6 6 6 6 6 6 6 6 6 6 6 6 6 6 6 6 6 6 6 6 5.97854 5.942 5.942 5.942 5.942 5.94092 5.939 5.939 5.939 5.939 5.939 5.939 5.939 5.939 5.939 5.939 5.93792 5.936 5.76275 4.011 4.627 5.91675 5.936 5.93615 5.93849 5.93831 5.9369 5.9375 5.939 5.939 5.95852 5.99024 6 6 6 -9999 -9999 6 6 6 6 6 6 6 6 6 6
5.6263 6 6 6 6 6 6 6 6 6 6 6 6 6 6 6 6 6 6 6 6 6 6 6 6 6 6 6 6 6 6 6 6 6 6 6 6 6 6 6 6 5.95302 5.9417 5.94134 5.94026 5.93903 5.939 5.939 5.939 5.939 5.939 5.939 5.939 5.939 5.939 5.939 5.93876 5.93609 5.936 4.53075 4.011 4.704 5.91675 5.9369 5.939 5.939 5.939 5.939 5.939 5.939 5.939 5.94144 5.97316 5.99085 6 6 -9999 6 6 6 6 5.99207 5.97621 5.99756 6 6 6
5.697 6 6 6 6 6 6 6 6 6 6 6 6 6 6 6 6 6 6 6 6 6 6 6 6 6 6 6 6 6 6 6 6 6 6 6 6 6 6 5.99939 5.98475 5.9533 5.93903 5.939 5.939 5.939 5.939 5.939 5.939 5.939 5.939 5.939 5.939 5.939 5.939 5.939 5.939 5.93696 5.936 5.474 4.011 4.011 4.80025 5.91918 5.939 5.939 5.939 5.939 5.939 5.939 5.939 5.939 5.939 5.939 5.97011 6 6 6 6 6 5.99939 5.95852 5.939 5.9512 5.96401 5.99695 6
5.7879 6 6 6 6 6 6 6 6 6 6 6 6 6 6 6 6 6 6 6 6 6 6 6 6 6 6 6 6 6 6 6 6 6 6 6 6 6 6 5.97682 5.939 5.939 5.939 5.939 5.939 5.939 5.939 5.939 5.939 5.939 5.939 5.939 5.939 5.939 5.939 5.939 5.939 5.93759 5.936 5.859 4.03025 4.011 4.011 5.3606 5.939 5.939 5.939 5.939 5.939 5.939 5.939 5.939 5.939 5.939 5.94266 5.993127 6 6 6 5.98658 5.94632 5.939 5.939 5.939 5.939 5.95181 5.98902
5.96465 6 6 6 6 6 6 6 6 6 6 6 6 6 6 6 6 6 6 6 6 6 6 6 6 6 6 6 6 6 6 6 6 6 6 6 6 6 6 5.99451 5.94266 5.939 5.939 5.939 5.939 5.939 5.939 5.939 5.939 5.939 5.939 5.939 5.939 5.939 5.939 5.939 5.939 5.93876 5.93612 5.936 4.781 4.011 4.011 5.34132 5.939 5.939 5.939 5.939 5.939 5.939 5.939 5.939 5.939 5.939 5.939 5.95303 5.97621 5.98109 5.96706 5.94022 5.939 5.939 5.939 5.939 5.939 5.939 5.94937
5.95455 6 6 6 6 6 6 6 6 6 6 6 6 6 6 6 6 6 6 6 6 6 6 6 6 6 6 6 6 6 6 6 6 6 6 6 6 6 5.9939 5.9756 5.94815 5.939 5.939 5.939 5.939 5.939 5.939 5.939 5.939 5.939 5.939 5.939 5.939 5.939 5.939 5.939 5.939 5.939 5.93732 5.93654 5.87825 4.5885 4.84004 5.939 5.939 5.939 5.939 5.939 5.939 5.939 5.939 5.939 5.939 5.939 5.939 5.939 5.939 5.939 5.939 5.939 5.939 5.939 5.939 5.939 5.939 5.939 5.939
5.7071 6 6 6 6 6 6 6 6 6 6 6 6 6 6 6 6 6 6 6 6 6 6 6 6 6 6 6 6 6 6 6 6 6 6 6 5.97926 5.97316 5.96157 5.939 5.939 5.939 5.939 5.939 5.939 5.939 5.939 5.939 5.939 5.939 5.939 5.939 5.939 5.939 5.939 5.939 5.939 5.939 5.939 5.93708 5.936 5.936 5.88065 5.939 5.939 5.939 5.939 5.939 5.939 5.939 5.939 5.939 5.939 5.939 5.939 5.939 5.939 5.939 5.939 5.939 5.939 5.939 5.939 5.939 5.939 5.939 5.939
5.53035 6 6 6 6 6 6 6 6 6 6 6 6 6 6 6 6 6 6 6 6 6 6 6 6 6 6 6 6 6 6 6 6 6 6 5.99573 5.939 5.939 5.939 5.939 5.939 5.939 5.939 5.939 5.939 5.939 5.939 5.939 5.939 5.939 5.939 5.939 5.939 5.939 5.939 5.939 5.93864 5.93879 5.93726 5.93615 5.936 5.936 5.9381 5.939 5.939 5.939 5.939 5.939 5.939 5.939 5.939 5.939 5.939 5.939 5.939 5.939 5.939 5.939 5.939 5.939 5.939 5.939 5.939 5.939 5.939 5.939 5.939
5.495 6 6 6 6 6 6 6 6 6 6 6 6 6 6 6 6 6 6 6 6 6 6 6 6 6 6 6 6 6 6 6 6 6 6 6 5.95425 5.939 5.939 5.939 5.939 5.939 5.939 5.939 5.939 5.939 5.939 5.939 5.939 5.939 5.939 5.939 5.939 5.93795 5.93669 5.93735 5.93714 5.936 5.936 5.936 5.936 5.936 5.93816 5.939 5.939 5.939 5.939 5.939 5.939 5.939 5.939 5.939 5.939 5.939 5.939 5.939 5.939 5.939 5.939 5.939 5.939 5.939 5.939 5.939 5.939 5.939 5.939
5.495 5.89395 6 6 6 6 6 6 6 6 6 6 6 6 6 6 6 6 6 6 6 6 6 6 6 6 6 6 6 6 6 6 6 6 6 6 5.98292 5.97377 5.939 5.939 5.939 5.939 5.939 5.939 5.939 5.939 5.939 5.939 5.939 5.939 5.939 5.939 5.939 5.939 5.93897 5.93834 5.93636 5.936 5.936 5.8904 5.82884 5.88014 5.93003 5.939 5.939 5.939 5.939 5.939 5.939 5.939 5.939 5.939 5.939 5.939 5.939 5.939 5.939 5.939 5.939 5.939 5.939 5.939 5.939 5.939 5.939 5.68796 4.09804
5.495 5.75255 6 6 6 6 6 6 6 6 6 6 6 6 6 6 6 6 6 6 6 6 6 6 6 6 6 6 6 6 6 6 6 6 6 6 5.99817 5.95242 5.939 5.939 5.939 5.939 5.939 5.939 5.939 5.939 5.939 5.939 5.939 5.939 5.939 5.939 5.939 5.939 5.939 5.939 5.9375 5.936 5.936 5.84366 5.822 5.822 5.86061 5.939 5.939 5.939 5.939 5.939 5.939 5.939 5.939 5.939 5.939 5.939 5.939 5.939 5.939 5.939 5.939 5.939 5.939 5.939 5.939 5.939 5.939 5.35324 3.55412
5.495 5.8586 6 6 6 6 6 6 6 6 6 6 6 6 6 6 6 6 6 6 6 6 6 6 6 6 6 6 6 6 6 6 6 6 6 6 5.98109 5.93961 5.939 5.939 5.939 5.939 5.939 5.939 5.939 5.939 5.939 5.939 5.939 5.939 5.939 5.939 5.939 5.939 5.939 5.93891 5.93621 5.936 5.936 5.82884 5.822 5.822 5.822 5.93666 5.939 5.939 5.939 5.939 5.939 5.939 5.939 5.939 5.939 5.939 5.939 5.939 5.939 5.939 5.939 5.939 5.939 5.939 5.939 5.939 5.939 5.939 5.939
5.495 5.6162 6 6 6 6 6 6 6 6 6 6 6 6 6 6 6 6 6 6 6 6 6 6 6 6 6 6 6 6 6 6 6 6 6 6 5.99756 5.94022 5.939 5.939 5.939 5.939 5.934 5.9346 5.9351 5.936 5.935 5.9324 5.9314 5.9322 5.93578 5.93867 5.939 5.939 5.939 5.939 5.93729 5.936 5.936 5.85506 5.822 5.822 5.822 5.88635 5.93549 5.939 5.939 5.939 5.939 5.939 5.939 5.939 5.939 5.939 5.939 5.939 5.939 5.939 5.939 5.939 5.939 5.939 5.939 5.939 5.939 5.939 5.939
5.495 5.50005 5.9798 6 6 6 6 6 6 6 6 6 6 6 6 6 6 6 6 6 6 6 6 6 6 6 6 6 6 6 6 6 6 6 6 6 5.99817 5.9451 5.939 5.939 5.939 5.939 5.9363 5.9335 5.9306 5.929 5.929 5.929 5.929 5.93173 5.93467 5.936 5.93612 5.93705 5.93882 5.939 5.93864 5.93639 5.9366 5.88902 5.822 5.822 5.822 5.822 5.83487 5.92028 5.939 5.939 5.939 5.939 5.939 5.939 5.939 5.939 5.939 5.939 5.939 5.939 5.939 5.939 5.939 5.939 5.939 5.939 5.939 5.939 5.939
5.495 5.495 5.90405 6 6 6 6 6 6 6 6 6 6 6 6 6 6 6 6 6 6 6 6 6 6 6 6 6 6 6 6 6 6 6 6 6 6 5.99512 5.96462 5.939 5.939 5.939 5.939 5.939 5.939 5.9365 5.9315 5.929 5.929 5.92921 5.93033 5.93229 5.93586 5.936 5.93642 5.93831 5.939 5.939 5.939 5.90156 5.822 5.822 5.822 5.822 5.822 5.85944 5.939 5.939 5.939 5.939 5.939 5.939 5.939 5.939 5.939 5.939 5.939 5.939 5.939 5.939 5.939 5.939 5.939 5.939 5.939 5.939 5.939
5.495 5.495 5.65155 5.8384 5.9899 6 6 6 6 6 6 6 6 6 6 6 6 6 6 6 6 6 6 6 6 6 6 6 6 6 6 6 6 6 6 6 6 6 5.9939 5.939 5.939 5.939 5.939 5.939 5.939 5.939 5.939 5.9317 5.929 5.929 5.929 5.929 5.93264 5.93603 5.93693 5.93678 5.93894 5.939 5.939 5.939 5.86295 5.822 5.822 5.822 5.822 5.82434 5.92496 5.939 5.939 5.939 5.939 5.939 5.939 5.939 5.939 5.939 5.939 5.939 5.939 5.939 5.939 5.939 5.939 5.939 5.939 5.939 5.85532
5.495 5.495 5.495 5.5859 5.9798 6 6 6 6 6 6 6 6 6 6 6 6 6 6 6 6 6 6 6 6 6 6 6 6 6 6 6 6 6 6 6 6 6 5.98048 5.939 5.939 5.939 5.939 5.939 5.939 5.939 5.939 5.9364 5.929 5.929 5.929 5.929 5.9298 5.93637 5.939 5.93861 5.93894 5.939 5.939 5.939 5.93783 5.83604 5.822 5.822 5.822 5.822 5.84657 5.93549 5.939 5.939 5.939 5.939 5.939 5.939 5.939 5.939 5.939 5.939 5.939 5.939 5.939 5.939 5.939 5.939 5.939 5.939 5.68796
5.495 5.495 5.495 5.9293 6 6 6 6 6 6 6 6 6 6 6 6 6 6 6 6 6 6 6 6 6 6 6 6 6 6 6 6 6 6 6 6 6 6 5.97255 5.939 5.939 5.939 5.939 5.939 5.939 5.939 5.939 5.9387 5.9298 5.929 5.929 5.9299 5.9365 5.939 5.939 5.939 5.939 5.939 5.939 5.939 5.939 5.88635 5.822 5.822 5.822 5.822 5.822 5.8805 5.939 5.939 5.939 5.939 5.939 5.939 5.939 5.939 5.939 5.939 5.939 5.939 5.939 5.939 5.939 5.939 5.939 5.939 5.939
5.495 5.495 5.53035 6 6 6 6 6 6 6 6 6 6 6 6 6 6 6 6 6 6 6 6 6 6 6 6 6 6 6 6 6 6 6 6 6 6 6 5.98048 5.939 5.939 5.939 5.939 5.939 5.939 5.939 5.939 5.939 5.9376 5.9357 5.9296 5.9321 5.939 5.939 5.939 5.939 5.939 5.939 5.939 5.939 5.939 5.93432 5.82902 5.822 5.822 5.822 5.822 5.82902 5.93549 5.939 5.939 5.939 5.939 5.939 5.939 5.939 5.939 5.939 5.939 5.939 5.939 5.939 5.939 5.939 5.939 5.94571 5.95547
5.495 5.495 5.74245 6 6 6 6 6 6 6 6 6 6 6 6 6 6 6 6 6 6 6 6 6 6 6 6 6 6 6 6 6 6 6 6 6 6 6 5.9573 5.939 5.939 5.939 5.939 5.939 5.939 5.939 5.939 5.939 5.939 5.939 5.937 5.9349 5.939 5.939 5.939 5.939 5.939 5.939 5.939 5.939 5.939 5.939 5.90624 5.83019 5.822 5.822 5.822 5.822 5.90273 5.939 5.939 5.939 5.939 5.939 5.939 5.939 5.939 5.939 5.939 5.939 5.939 5.939 5.939 5.939 5.95852 5.99817 6
5.495 5.495 5.7576 6 6 6 6 6 6 6 6 6 6 6 6 6 6 6 6 6 6 6 6 6 6 6 6 6 6 6 6 6 6 6 6 6 6 5.99329 5.94022 5.939 5.939 5.939 5.939 5.939 5.939 5.939 5.939 5.939 5.939 5.939 5.939 5.939 5.939 5.939 5.939 5.939 5.96218 5.9634 5.95181 5.95059 5.94022 5.939 5.939 5.90507 5.82902 5.822 5.822 5.822 5.8688 5.939 5.939 5.939 5.939 5.939 5.939 5.939 5.939 5.939 5.939 5.939 5.939 5.939 5.939 5.939 5.97621 6 6
5.495 5.495 5.77275 6 5.9091 5.7677 5.9495 6 6 6 6 6 6 6 6 6 6 6 6 6 6 6 6 6 6 6 6 6 6 6 6 6 6 6 6 6 6 5.96523 5.939 5.939 5.939 5.939 5.939 5.939 5.939 5.939 5.939 5.939 5.939 5.939 5.939 5.939 5.939 5.939 5.939 5.939 5.96889 6 6 6 5.99024 5.95181 5.939 5.939 5.93432 5.88167 5.82434 5.822 5.82902 5.92496 5.939 5.939 5.939 5.939 5.939 5.939 5.939 5.939 5.939 5.939 5.939 5.939 5.939 5.939 5.939 5.99146 6
5.495 5.495 5.5758 5.6667 5.5354 5.6465 5.8586 6 6 6 6 6 6 6 6 6 6 6 6 6 6 6 6 6 6 6 6 6 6 6 6 6 6 6 6 6 5.99146 5.94022 5.939 5.939 5.939 5.939 5.939 5.939 5.939 5.939 5.939 5.939 5.939 5.939 5.939 5.939 5.939 5.939 5.939 5.939 5.93961 5.99329 6 6 6 5.99817 5.95425 5.939 5.939 5.939 5.90624 5.82551 5.822 5.86178 5.939 5.939 5.939 5.939 5.939 5.939 5.939 5.939 5.939 5.939 5.939 5.939 5.939 5.939 5.939 5.99573 6
5.555 5.537 5.3573 4.6066 5.85355 6 6 6 6 6 6 6 6 6 6 6 6 6 6 6 6 6 6 6 6 6 6 6 6 6 6 6 6 6 6 6 5.96157 5.939 5.939 5.939 5.939 5.939 5.939 5.939 5.939 5.939 5.939 5.939 5.939 5.939 5.939 5.939 5.939 5.939 5.939 5.939 5.97682 6 6 6 6 6 5.97926 5.939 5.939 5.939 5.939 5.88167 5.822 5.822 5.91911 5.939 5.939 5.939 5.939 5.939 5.939 5.939 5.939 5.939 5.939 5.939 5.939 5.939 5.94022 5.99634 6
3.602 3.50135 2.62905 3.7494 6 6 6 6 6 6 6 6 6 6 6 6 6 6 6 6 6 6 6 6 6 6 6 6 6 6 6 6 6 6 6 5.99146 5.94022 5.939 5.939 5.939 5.939 5.939 5.939 5.939 5.939 5.939 5.939 5.939 5.939 5.939 5.939 5.939 5.939 5.939 5.93961 5.97621 6 6 6 6 6 6 5.99085 5.939 5.939 5.939 5.939 5.92847 5.82317 5.822 5.92028 5.939 5.939 5.939 5.939 5.939 5.939 5.939 5.939 5.939 5.939 5.939 5.939 5.939 5.939 5.95364 5.99634
2.36065 2.568 2.9068 4.482 5.9736 6 6 6 6 6 6 6 6 6 6 6 6 6 6 6 6 6 6 6 6 6 6 6 6 6 6 6 6 6 5.99634 5.94998 5.939 5.939 5.939 5.939 5.939 5.939 5.939 5.939 5.939 5.939 5.939 5.939 5.939 5.939 5.939 5.939 5.939 5.939 5.94144 5.99939 6 6 6 6 6 6 6 5.94876 5.939 5.939 5.939 5.939 5.83955 5.84891 5.939 5.939 5.939 5.939 5.939 5.939 5.939 5.939 5.939 5.939 5.939 5.939 5.939 5.939 5.939 5.939 5.98902
3.4513 4.7548 5.34 5.5578 5.8944 6 6 6 6 6 6 6 6 6 6 6 6 6 6 6 6 6 6 6 6 6 6 6 6 6 6 6 6 6 5.96706 5.939 5.939 5.939 5.939 5.939 5.939 5.939 5.939 5.939 5.939 5.939 5.939 5.939 5.939 5.939 5.939 5.939 5.939 5.939 5.939 5.98353 6 6 6 6 6 6 6 5.98231 5.93961 5.939 5.939 5.939 5.83838 5.89805 5.939 5.939 5.939 5.939 5.939 5.939 5.939 5.939 5.939 5.939 5.939 5.939 5.939 5.939 5.939 5.939 5.94693
