STOTEN_Data/raw/HiWatTabDepMin.asc
ncols         250
nrows         718
xllcorner     -2256000
yllcorner     1557000
cellsize      1000
NODATA_value  -9999
[rows 494 to 531 of 718, columns 87 to 173 of 250]
5.933 5.933 5.933 5.933 5.933 5.933 5.933 5.933 5.933 5.933 5.933 5.933 5.94908 6 6 6 6 6 6 6 6 6 6 6 6 6 6 6 5.8449 5.67 5.67 5.67 5.67 5.67 5.67 5.67 5.67 5.67 5.67 5.25248 3.28768 3.214 3.214 3.214 3.214 3.7483 4.995 4.995 4.995 4.9848 4.1382 4.9305 5.4538 5.6194 5.67 5.67 5.67 5.67 5.67 5.67 5.8086 6 6 6 6 6 6 6 6 6 6 6 6 6 6 6 6 6 6 6 6 6 6 6 6 6 6
5.933 5.933 5.933 5.933 5.933 5.933 5.933 5.933 5.933 5.933 5.933 5.933 5.933 5.97789 6 6 6 6 6 6 6 6 6 6 6 6 6 6 5.9802 5.7327 5.67 5.67 5.67 5.67 5.67 5.67 5.67 5.67 5.67 5.67 4.8104 3.23856 3.214 3.214 3.214 3.7483 4.995 4.995 4.995 4.995 4.689 4.0985 5.19765 5.4262 5.67 5.67 5.67 5.67 5.67 5.67 5.6832 5.9934 6 6 5.7888 5.9043 5.9967 5.9934 5.8746 5.9835 6 5.9241 5.9835 6 6 6 6 6 6 6 6 6 6 6 6 6 6
5.933 5.933 5.933 5.933 5.933 5.933 5.933 5.933 5.933 5.933 5.933 5.933 5.933 5.93367 5.97923 6 6 6 6 6 6 6 6 6 6 6 6 6 6 5.9373 5.6733 5.67 5.67 5.67 5.67 5.67 5.67 5.67 5.67 5.67 5.67 5.056 3.53328 3.214 3.214 3.80173 4.995 4.995 4.995 4.995 4.995 4.0566 4.7901 5.463 5.6148 5.6516 5.67 5.67 5.67 5.67 5.7129 5.9703 6 5.967 5.6766 5.67 5.7525 5.7195 5.8647 6 5.8647 5.67 5.6931 5.9274 6 6 6 6 6 6 6 6 6 6 6 6 6
5.933 5.933 5.933 5.933 5.933 5.933 5.933 5.933 5.933 5.933 5.933 5.933 5.933 5.933 5.94439 6 6 6 6 6 6 6 6 6 6 6 6 6 6 6 5.7558 5.67 5.67 5.67 5.67 5.67 5.67 5.67 5.67 5.67 5.67 5.67 5.4244 3.50872 3.214 3.55239 4.995 4.995 4.995 4.995 4.995 4.2912 4.222 5.21 5.2146 5.21 5.4262 5.67 5.67 5.67 5.67 5.9439 5.9439 5.7492 5.67 5.67 5.67 5.7756 6 6 5.7096 5.67 5.67 5.7723 5.9736 6 6 6 6 6 6 6 6 6 6 6 6
5.933 5.933 5.933 5.933 5.933 5.933 5.933 5.933 5.933 5.933 5.933 5.933 5.933 5.933 5.95109 6 6 6 6 6 6 6 6 6 6 6 6 6 6 6 5.9835 5.802 5.67 5.67 5.67 5.67 5.67 5.67 5.67 5.67 5.67 5.67 5.67 4.71216 3.214 3.26743 4.92376 4.995 4.995 4.995 4.995 4.6992 3.975 4.85185 5.21 5.532 5.67 5.67 5.67 5.67 5.67 5.67 5.67 5.67 5.67 5.67 5.6799 5.9769 6 5.9472 5.67 5.67 5.67 5.67 5.8548 6 6 6 6 6 6 6 6 6 6 6 6
5.96851 5.93568 5.933 5.933 5.933 5.933 5.933 5.933 5.933 5.933 5.933 5.933 5.933 5.933 5.933 5.9799 6 6 6 6 6 6 6 6 6 6 6 6 6 6 6 5.9439 5.6997 5.7855 5.8086 5.7657 5.67 5.67 5.67 5.67 5.67 5.67 5.67 5.64544 3.92624 3.214 3.89078 4.995 4.995 4.995 4.995 4.9746 4.0974 4.1973 5.14825 5.486 5.67 5.67 5.67 5.67 5.67 5.67 5.67 5.67 5.67 5.67 5.6832 5.802 5.8779 5.7789 5.67 5.67 5.67 5.67 5.6997 5.9835 6 6 6 6 6 6 6 6 6 6 6
6 5.95712 5.933 5.933 5.933 5.933 5.933 5.933 5.933 5.933 5.933 5.933 5.933 5.933 5.933 5.97722 6 6 6 6 6 6 6 6 6 6 6 6 6 6 6 6 5.9868 6 6 5.9637 5.67 5.67 5.67 5.67 5.67 5.67 5.67 5.67 5.52264 3.63152 3.214 4.01545 4.995 4.995 4.995 4.995 4.6686 3.9852 4.23435 5.2693 5.67 5.67 5.67 5.67 5.67 5.67 5.67 5.67 5.67 5.67 5.67 5.67 5.67 5.67 5.67 5.67 5.67 5.67 5.67 5.8779 6 6 6 6 6 6 6 6 6 6 6
6 5.97923 5.933 5.933 5.933 5.933 5.933 5.933 5.933 5.933 5.933 5.933 5.933 5.933 5.933 5.97454 6 6 6 6 6 6 6 6 6 6 6 6 6 6 6 6 6 6 6 5.9274 5.6997 5.67 5.67 5.67 5.67 5.67 5.67 5.67 5.67 5.03144 3.214 3.214 4.08669 4.995 4.995 4.995 4.995 4.434 3.975 4.2898 5.5683 5.67 5.67 5.67 5.67 5.67 5.67 5.67 5.6148 5.6148 5.67 5.67 5.67 5.67 5.67 5.67 5.67 5.67 5.67 5.835 6 6 6 6 6 6 6 6 6 6 6
6 6 5.95377 5.933 5.933 5.933 5.933 5.933 5.933 5.933 5.933 5.933 5.933 5.933 5.933 5.98526 6 6 6 6 6 6 6 6 6 6 6 6 6 6 6 6 6 6 6 6 6 5.8548 5.6733 5.67 5.67 5.67 5.67 5.67 5.67 5.67 4.3192 3.214 3.214 4.35384 4.995 4.995 4.995 4.9338 4.1586 3.975 4.9206 5.4906 5.6102 5.67 5.532 5.5182 5.4906 5.4032 5.2468 5.3066 5.67 5.67 5.67 5.802 5.7723 5.7129 5.8746 5.6766 5.67 5.8878 6 6 6 6 6 6 6 6 6 6 6
6 5.99263 5.95779 5.933 5.933 5.933 5.933 5.933 5.933 5.933 5.933 5.933 5.933 5.933 5.93769 5.97253 6 6 6 6 6 6 6 6 6 6 6 6 6 6 6 6 6 6 6 6 6 6 5.8581 5.6931 5.67 5.67 5.67 5.67 5.67 5.67 5.64544 3.99992 3.214 3.23181 4.14012 4.92376 4.995 4.995 4.8318 4.0158 4.2961 5.17295 5.21 5.2192 5.21 5.21 5.21 5.21 5.21 5.21 5.5642 5.67 5.6931 5.9901 6 6 6 5.8086 5.7228 6 6 6 6 6 6 6 6 6 6 6 6
5.99734 5.92191 5.92574 5.91914 5.91452 5.9297 5.933 5.933 5.933 5.933 5.933 5.933 5.933 5.933 5.933 5.95042 5.9933 6 6 6 6 6 6 6 6 6 6 6 6 6 6 6 6 6 6 6 6 6 6 5.9373 5.6766 5.67 5.67 5.67 5.67 5.67 5.67 5.64544 4.73672 3.7052 3.214 3.46334 4.72785 4.995 4.995 4.6686 3.9852 4.25905 5.09885 5.21 5.21 5.21 5.21 5.21 5.21 5.21 5.4952 5.67 5.8515 6 6 6 6 6 5.9538 6 6 6 6 6 6 6 6 6 6 6 6
5.87232 5.867 5.867 5.867 5.867 5.86766 5.8934 5.933 5.933 5.933 5.933 5.933 5.933 5.933 5.933 5.933 5.95779 6 6 6 6 6 6 6 6 6 6 6 6 6 6 6 6 6 6 6 6 6 6 6 5.7723 5.67 5.67 5.67 5.52264 3.75432 3.214 3.77888 4.442 4.34376 3.214 3.214 3.40991 4.85252 4.995 4.995 4.7298 4.0566 4.13555 4.963 5.21 5.21 5.21 5.21 5.21 5.2192 5.6194 5.67 5.7228 5.8548 5.9208 6 6 6 6 6 6 6 6 6 6 6 6 6 6 6 6
5.867 5.867 5.867 5.867 5.867 5.867 5.87426 5.933 5.933 5.933 5.933 5.933 5.933 5.933 5.933 5.933 5.93568 5.99598 6 6 6 6 6 6 6 6 6 6 6 6 6 6 6 6 6 6 6 6 6 6 5.9802 5.7096 5.67 5.67 5.62088 4.17184 3.214 3.214 3.214 3.214 3.214 3.214 3.214 3.51677 4.17574 4.65661 4.995 4.7706 3.975 4.01205 4.8395 5.21 5.21 5.21 5.21 5.3388 5.67 5.802 5.9241 5.8647 5.7558 6 6 6 6 6 6 6 6 6 6 6 6 6 6 6 6
5.93882 5.867 5.867 5.867 5.867 5.89406 5.92838 5.933 5.933 5.933 5.933 5.933 5.933 5.933 5.933 5.933 5.933 5.97454 6 6 6 6 6 6 6 6 6 6 6 6 6 6 6 6 6 6 6 6 6 6 5.9967 5.7657 5.67 5.67 5.67 5.67 5.20336 3.92624 3.214 3.214 3.214 3.214 3.214 3.214 3.214 3.23181 4.38946 4.995 4.3014 3.975 3.9997 5.04945 5.21 5.21 5.21 5.233 5.5274 5.672 5.67 5.67 5.7492 6 6 6 6 6 6 6 6 6 6 6 6 6 6 6 6
6 5.90823 5.867 5.867 5.867 5.8736 5.9231 5.933 5.933 5.933 5.933 5.933 5.933 5.933 5.933 5.933 5.933 5.94372 5.99933 6 6 6 6 6 6 6 6 6 6 6 6 6 6 6 6 6 6 6 6 5.8251 5.6931 5.67 5.67 5.67 5.67 5.67 5.67 5.67 4.54024 3.23856 3.214 3.214 3.214 3.214 3.214 3.214 3.85516 4.995 4.9542 4.077 3.975 4.62955 5.21 5.21 5.21 5.21 5.21 5.2514 5.6378 5.6931 5.9769 6 6 6 6 6 6 6 6 6 6 6 6 6 6 6 6
6 5.9867 5.87099 5.867 5.867 5.8736 5.92112 5.933 5.933 5.933 5.933 5.933 5.933 5.933 5.933 5.933 5.933 5.933 5.97387 6 6 6 6 6 6 6 6 6 6 6 6 6 6 6 6 6 6 6 6 6 5.901 5.6832 5.67 5.67 5.67 5.67 5.67 5.67 5.67 4.5648 3.214 3.214 3.214 3.214 3.214 3.214 3.23181 4.72785 4.995 4.42135 3.975 4.58514 5.08856 5.17504 5.21 5.21 5.21 5.233 5.6608 5.67 5.6898 5.8119 5.9637 6 6 6 6 6 6 6 6 6 6 6 6 6 6
6 6 5.91355 5.867 5.867 5.867 5.90726 5.933 5.933 5.933 5.933 5.933 5.933 5.933 5.933 5.933 5.933 5.933 5.93836 5.99531 6 6 6 6 6 6 6 6 6 6 6 6 6 6 6 6 6 6 6 6 5.9967 5.7195 5.67 5.67 5.67 5.67 5.67 5.67 5.67 5.59632 3.63152 3.214 3.214 3.214 3.214 3.214 3.214 3.67706 4.995 5.00588 4.53203 4.45846 5.026 5.07936 5.21 5.21 5.21 5.3342 5.6378 5.44 5.67 5.67 5.7096 5.9835 6 6 6 6 6 6 6 6 6 6 6 6 6
6 6 5.98803 5.89227 5.867 5.867 5.8769 5.88482 5.8802 5.89604 5.92772 5.9264 5.93036 5.933 5.933 5.933 5.933 5.933 5.933 5.95243 5.99933 6 6 6 6 6 6 6 6 6 6 6 6 6 6 6 6 6 6 5.9076 5.7459 5.67 5.67 5.67 5.67 5.67 5.67 5.67 5.67 5.67 5.44896 3.97536 3.214 3.214 3.214 3.214 3.214 3.214 4.21136 4.99779 5.02228 5.026 5.026 5.026 5.16032 5.21 5.21 5.3342 5.463 5.233 5.6562 5.67 5.67 5.8449 6 6 6 6 6 6 6 6 6 6 6 6 6
6 6 6 5.98936 5.89094 5.867 5.867 5.867 5.867 5.867 5.867 5.867 5.87096 5.91716 5.933 5.933 5.933 5.933 5.933 5.933 5.96114 6 6 6 6 6 6 6 6 6 6 6 6 6 6 6 6 6 5.9439 5.6898 5.67 5.67 5.67 5.67 5.67 5.67 5.67 5.67 5.67 5.67 5.67 5.64544 3.90168 3.214 3.214 3.214 3.214 3.214 3.26743 4.60318 5.00089 5.02259 5.026 5.026 5.05728 5.20632 5.21 5.2192 5.2192 5.21 5.5458 5.67 5.67 5.7855 6 6 6 6 6 6 6 6 6 6 6 6 6
6 6 6 6 5.99468 5.92552 5.867 5.867 5.867 5.867 5.867 5.867 5.867 5.8901 5.933 5.933 5.933 5.933 5.933 5.933 5.933 5.97789 6 6 6 6 6 6 6 6 6 6 6 6 6 6 6 5.9439 5.6898 5.67 5.67 5.67 5.67 5.67 5.67 5.67 5.67 5.67 5.67 5.67 5.67 5.67 5.59632 3.63152 3.214 3.214 3.214 3.214 3.214 3.32086 4.51413 4.99779 5.02197 5.026 5.026 5.1364 5.21 5.21 5.21 5.21 5.4078 5.7195 5.7756 5.9373 6 6 6 6 6 6 6 6 6 6 6 6 6
6 6 6 6 6 6 5.9202 5.867 5.867 5.867 5.867 5.867 5.867 5.867 5.89076 5.933 5.933 5.933 5.933 5.933 5.933 5.94506 6 6 6 6 6 6 6 6 6 6 6 6 6 6 5.967 5.7096 5.67 5.67 5.67 5.67 5.67 5.67 5.67 5.67 5.67 5.67 5.67 5.67 5.67 5.67 5.67 5.03144 3.214 3.214 3.214 3.214 3.214 3.214 3.81954 4.995 5.01484 5.026 5.026 5.04992 5.20264 5.21 5.21 5.21 5.2284 5.5951 5.774 5.8183 5.9605 6 6 6 6 6 6 6 6 6 6 6 6
6 6 6 6 6 6 5.99335 5.90823 5.867 5.867 5.867 5.867 5.867 5.867 5.86832 5.8967 5.9297 5.933 5.933 5.933 5.933 5.933 5.99062 6 6 6 6 6 6 6 6 6 6 6 6 6 5.9571 5.8218 5.7855 5.67 5.67 5.67 5.67 5.67 5.67 5.67 5.67 5.67 5.67 5.67 5.67 5.67 5.67 5.67 4.34376 3.214 3.214 3.214 3.214 3.214 3.23181 4.85252 5.01298 5.02569 5.026 5.026 5.10328 5.21 5.21 5.21 5.21 5.21 5.21 5.21 5.2574 5.605 5.8736 5.763 5.7709 6 6 6 6 6 6 6 6
6 6 6 6 6 6 6 5.98936 5.91488 5.867 5.867 5.867 5.867 5.867 5.867 5.867 5.88416 5.91518 5.933 5.933 5.933 5.933 5.95042 5.99933 6 6 6 6 6 6 6 6 6 6 6 6 6 6 5.9967 5.8977 5.6865 5.67 5.67 5.67 5.67 5.67 5.67 5.67 5.67 5.67 5.67 5.67 5.67 5.67 5.64544 3.75432 3.214 3.214 3.214 3.214 3.214 4.4607 4.995 5.01081 5.01515 5.01639 5.026 5.15112 5.21 5.21 5.21 5.21 5.21 5.21 5.21 5.21 5.21 5.21 5.2732 5.6603 5.9289 6 6 6 6 6 6
6 6 6 6 6 6 6 6 6 5.91355 5.867 5.867 5.867 5.867 5.867 5.867 5.867 5.86766 5.89604 5.93102 5.933 5.933 5.933 5.96985 6 6 6 6 6 6 6 6 6 6 6 6 6 6 5.9241 5.7162 5.67 5.67 5.67 5.67 5.67 5.67 5.67 5.67 5.67 5.67 5.67 5.67 5.67 5.67 5.67 5.12968 3.214 3.214 3.214 3.214 3.214 4.01545 4.995 4.995 4.995 4.995 5.00523 5.03485 5.18976 5.21 5.21 5.21 5.21 5.21 5.21 5.21 5.21 5.21 5.21 5.21 5.2179 5.5655 5.9921 6 6 6 6
6 6 6 6 6 6 6 6 6 5.99468 5.8803 5.867 5.867 5.867 5.867 5.867 5.867 5.867 5.867 5.90594 5.93168 5.933 5.933 5.93501 5.99129 6 6 6 6 6 6 6 6 6 6 6 6 6 5.8515 5.67 5.67 5.67 5.67 5.67 5.67 5.67 5.67 5.67 5.67 5.67 5.67 5.67 5.67 5.67 5.67 5.67 3.72976 3.214 3.214 3.214 3.214 3.48115 4.995 4.995 4.995 4.995 4.995 4.99531 5.04385 5.1455 5.21 5.21 5.21 5.21 5.21 5.21 5.21 5.21 5.21 5.21 5.21 5.21 5.6524 6 5.7472 5.5971 5.8815
5.9867 6 6 6 6 6 6 6 6 6 5.92685 5.867 5.867 5.867 5.867 5.867 5.867 5.867 5.867 5.867 5.9033 5.933 5.933 5.933 5.95444 6 6 6 6 6 6 6 6 6 6 6 6 6 5.8812 5.67 5.67 5.67 5.67 5.67 5.67 5.67 5.67 5.67 5.67 5.67 5.67 5.67 5.67 5.67 5.6706 5.677 4.32 3.214 3.214 3.214 3.214 3.214 4.06888 4.97719 4.995 4.995 4.995 4.995 4.995 5.00368 5.06247 5.14376 5.20816 5.21 5.21 5.21 5.21 5.21 5.21 5.21 5.21 5.21 5.447 5.7788 5.21 5.21 5.3838
5.90291 5.96143 5.92419 5.94946 5.99601 6 6 6 6 6 5.94813 5.867 5.867 5.867 5.867 5.867 5.867 5.867 5.867 5.867 5.88416 5.933 5.933 5.933 5.93367 5.98727 6 6 6 6 6 6 6 6 6 6 6 6 5.8119 5.67 5.67 5.67 5.6766 5.7261 5.7558 5.7789 5.8581 5.8812 5.7096 5.67 5.67 5.67 5.67 5.67 5.6814 5.69 5.39248 3.61016 3.214 3.214 3.214 3.214 3.214 4.03326 4.995 4.995 4.995 4.995 5.00182 5.026 5.026 5.026 5.12168 5.1272 5.17504 5.164 5.12536 5.1088 5.14192 5.18608 5.21 5.21 5.2495 5.6603 5.21 5.21 5.4391
5.867 5.867 5.867 5.867 5.88429 5.9069 5.90291 5.92552 5.93217 5.89892 5.867 5.867 5.867 5.867 5.867 5.867 5.867 5.867 5.867 5.867 5.867 5.91782 5.933 5.933 5.933 5.94506 5.99598 6 6 6 6 6 6 6 6 6 6 6 5.8713 5.7624 5.8647 5.9175 5.9802 6 6 6 6 6 5.9538 5.8317 5.7228 5.67 5.67 5.672 5.6898 5.69 5.69 5.59096 4.13012 3.23876 3.214 3.214 3.214 3.30305 4.97719 4.995 5.01639 5.00895 5.00895 5.026 5.026 5.026 5.026 5.026 5.026 5.026 5.03152 5.13088 5.16768 5.06096 5.08488 5.18792 5.21 5.21 5.21 5.21 5.6668
5.867 5.867 5.867 5.867 5.867 5.867 5.867 5.867 5.867 5.867 5.867 5.867 5.867 5.867 5.867 5.867 5.867 5.867 5.867 5.867 5.867 5.86832 5.90528 5.933 5.933 5.933 5.95042 5.99799 6 6 6 6 6 6 6 6 6 6 6 6 6 6 6 6 6 6 6 6 6 5.9802 5.7162 5.67 5.67 5.671 5.6874 5.69 5.69 5.69 5.69 4.79864 3.23876 3.214 3.214 3.214 4.4607 4.995 4.99934 5.01763 5.026 5.026 5.026 5.026 5.026 5.026 5.026 5.026 5.14376 5.1824 5.10144 5.0628 5.026 5.05728 5.2008 5.21 5.21 5.21 5.5918
5.867 5.867 5.867 5.867 5.867 5.867 5.867 5.867 5.867 5.867 5.867 5.867 5.867 5.867 5.867 5.867 5.867 5.867 5.867 5.867 5.867 5.867 5.87096 5.92772 5.933 5.933 5.933 5.95846 6 6 6 6 6 6 6 6 6 6 6 6 6 6 6 6 6 6 6 6 5.9901 5.7393 5.7591 5.7294 5.67 5.67 5.6722 5.6896 5.69 5.69 5.69 5.69 4.99672 3.23876 3.214 3.214 3.35648 4.22917 4.99562 5.02135 5.026 5.026 5.026 5.026 5.026 5.026 5.026 5.03152 5.1548 5.14928 5.20448 5.21 5.12168 5.03888 5.09776 5.21 5.21 5.21 5.4952
5.867 5.867 5.867 5.867 5.867 5.867 5.867 5.867 5.867 5.867 5.867 5.867 5.867 5.867 5.867 5.867 5.867 5.867 5.867 5.867 5.867 5.867 5.867 5.9132 5.933 5.933 5.933 5.93434 5.99598 6 6 6 6 6 6 6 6 6 6 6 6 6 6 6 6 6 6 6 5.9934 5.9274 6 5.7789 5.67 5.67 5.67 5.6786 5.6896 5.69 5.69 5.69 5.69 4.60056 3.214 3.214 3.214 3.214 4.59436 5.026 5.026 5.026 5.026 5.026 5.026 5.026 5.026 5.026 5.026 5.026 5.11616 5.21 5.21 5.18056 5.026 5.1272 5.19528 5.21 5.417
5.867 5.867 5.867 5.867 5.867 5.867 5.867 5.867 5.867 5.867 5.867 5.867 5.867 5.867 5.867 5.867 5.867 5.867 5.867 5.867 5.8967 5.87756 5.867 5.92706 5.933 5.933 5.933 5.933 5.96918 6 6 6 6 6 6 6 6 6 6 6 6 6 6 6 6 6 6 6 6 6 6 5.7129 5.67 5.67 5.67 5.67 5.6726 5.6878 5.69 5.69 5.69 5.69 3.41208 3.214 3.214 3.214 4.08376 5.026 5.026 5.026 5.026 5.026 5.026 5.026 5.026 5.026 5.026 5.026 5.03888 5.13088 5.11064 5.03336 5.026 5.026 5.02968 5.1778 5.53476
5.86788 5.867 5.867 5.867 5.867 5.867 5.867 5.867 5.867 5.867 5.867 5.867 5.867 5.867 5.867 5.867 5.867 5.867 5.867 5.867 5.8967 5.8835 5.867 5.91452 5.933 5.933 5.933 5.933 5.94774 6 6 6 6 6 6 6 6 6 6 6 6 6 6 6 6 6 6 6 6 6 5.9769 5.67 5.67 5.67 5.67 5.67 5.67 5.6844 5.69 5.69 5.69 5.69 4.47676 3.214 3.214 3.214 4.2106 5.026 5.026 5.026 5.026 5.026 5.026 5.026 5.026 5.026 5.026 5.026 5.026 5.026 5.026 5.026 5.026 5.026 5.026 5.026 5.026
5.87327 5.867 5.867 5.867 5.867 5.867 5.867 5.867 5.867 5.867 5.867 5.867 5.867 5.867 5.867 5.867 5.867 5.867 5.867 5.867 5.89076 5.92442 5.89802 5.92772 5.933 5.933 5.933 5.933 5.9531 6 6 6 6 6 6 6 6 6 6 6 6 6 6 6 6 6 6 6 6 6 5.9109 5.67 5.67 5.67 5.67 5.67 5.6708 5.6892 5.69 5.69 5.69 5.69 5.5662 4.0806 3.23876 3.214 3.90256 5.026 5.026 5.026 5.026 5.026 5.026 5.026 5.026 5.026 5.026 5.026 5.026 5.026 5.026 5.026 5.026 5.026 5.026 5.026 5.026
5.87745 5.86711 5.867 5.867 5.867 5.867 5.867 5.867 5.867 5.867 5.867 5.867 5.867 5.867 5.867 5.867 5.867 5.867 5.86832 5.86832 5.89472 5.933 5.933 5.933 5.933 5.933 5.933 5.933 5.97655 6 6 6 6 6 6 6 6 6 6 6 6 6 6 6 6 6 6 6 6 6 5.8086 5.67 5.67 5.67 5.67 5.67 5.6764 5.69 5.69 5.69 5.69 5.69 5.69 5.69 4.6996 3.214 3.214 3.7576 5.026 5.026 5.026 5.026 5.026 5.026 5.026 5.026 5.026 5.026 5.026 5.026 5.026 5.026 5.026 5.026 5.026 5.026 5.026
5.87371 5.867 5.867 5.867 5.867 5.867 5.867 5.867 5.867 5.867 5.867 5.867 5.867 5.867 5.867 5.867 5.867 5.8769 5.9231 5.92904 5.92244 5.933 5.933 5.933 5.933 5.933 5.933 5.95712 5.99933 6 6 6 6 6 6 6 6 6 6 6 6 6 6 6 6 6 6 6 6 6 5.7492 5.67 5.67 5.67 5.67 5.67 5.678 5.69 5.69 5.69 5.69 5.69 5.69 5.69 5.66524 3.41208 3.214 3.92068 5.026 5.026 5.026 5.026 5.026 5.026 5.026 5.026 5.026 5.026 5.026 5.026 5.026 5.026 5.026 5.026 5.026 5.026 5.026
5.87261 5.867 5.867 5.867 5.867 5.867 5.867 5.867 5.867 5.867 5.867 5.867 5.867 5.867 5.89493 5.92419 5.90219 5.9264 5.933 5.933 5.933 5.93903 5.93836 5.933 5.933 5.933 5.96516 6 6 6 6 6 6 6 6 6 6 6 6 6 6 6 6 6 6 6 6 6 6 6 5.8053 5.67 5.67 5.67 5.67 5.67 5.671 5.6892 5.69 5.69 5.69 5.69 5.69 5.69 5.69 4.0806 3.214 4.26496 4.46428 4.50052 5.026 5.026 5.026 5.026 5.026 5.026 5.026 5.026 5.026 5.026 5.026 5.026 5.026 5.026 5.026 5.026 5.026
5.87723 5.86832 5.867 5.867 5.867 5.867 5.867 5.867 5.867 5.867 5.867 5.867 5.867 5.867 5.99468 6 6 5.96784 5.93903 5.94975 5.96248 5.9933 5.99397 5.95779 5.94841 5.9598 5.99933 6 6 6 6 6 6 6 6 6 6 6 6 6 6 6 6 6 6 6 6 6 6 6 5.8878 5.67 5.67 5.67 5.67 5.67 5.67 5.6864 5.69 5.69 5.69 5.69 5.69 5.69 5.69 4.92244 3.214 3.214 3.214 3.214 4.2106 5.026 5.026 5.026 5.026 5.026 5.026 5.026 5.026 5.026 5.026 5.026 5.026 5.026 5.026 5.026 5.026
