STOTEN_Data/raw/HiWatTabDepMin.asc
ncols         250
nrows         718
xllcorner     -2256000
yllcorner     1557000
cellsize      1000
NODATA_value  -9999
[rows 114 to 151 of 718, columns 0 to 86 of 250]
6 6 6 6 6 6 6 6 6 6 6 6 6 6 6 6 6 6 6 6 6 6 6 6 6 6 6 6 5.973 5.841 6 5.9208 5.4024 5.7984 6 6 6 6 6 6 6 6 6 6 6 6 6 6 6 6 6 5.997 5.769 5.7 5.7 5.7 5.3808 5.427 5.7 5.3682 5.28 5.28 5.28 5.28 5.28 5.301 5.385 5.3178 5.4354 5.4816 5.3514 5.301 5.28 5.28 5.28 4.4915 4.33 4.33 4.3557 5.51125 5.66 5.66 5.66 5.66 5.6564 5.64065 4.57495
6 6 6 6 6 6 6 6 6 6 6 6 6 6 6 6 6 6 6 6 6 6 6 6 6 6 6 6 5.916 5.88 6 5.6976 5.3664 5.9928 6 5.988 6 6 6 6 6 6 6 6 6 6 6 6 6 6 6 5.997 5.775 5.7 5.7 5.7 5.3682 5.4942 5.7 5.595 5.2842 5.28 5.28 5.28 5.28 5.28 5.4228 5.6664 5.3052 5.28 5.28 5.28 5.28 5.28 5.28 5.0615 4.33 4.33 4.33 5.394 5.66 5.66 5.66 5.66 5.66 5.63435 5.6276
6 6 6 6 6 6 6 6 6 6 6 6 6 6 6 6 6 6 6 6 6 6 6 6 6 6 6 6 5.832 5.88 5.9712 5.46 5.6256 6 5.973 5.823 6 6 6 6 6 6 6 6 6 6 6 6 6 6 5.967 5.796 5.7 5.7 5.7 5.7 5.4312 5.553 5.7 5.7 5.4648 5.28 5.28 5.28 5.28 5.28 5.28 5.5908 5.553 5.28 5.28 5.28 5.28 5.28 5.28 5.28 4.4725 4.33 4.33 5.2876 5.66 5.66 5.66 5.66 5.66 5.6591 5.6411
6 6 6 6 6 6 6 6 6 6 6 6 6 6 6 6 6 6 6 6 6 6 6 6 6 6 6 5.988 5.73 5.901 5.9496 5.8272 5.8848 6 5.931 5.817 6 6 6 6 6 6 6 6 6 6 6 6 5.982 5.88 5.7 5.7 5.7 5.7 5.7 5.7 5.448 5.574 5.7 5.7 5.6622 5.3934 5.28 5.28 5.5488 5.3556 5.28 5.3094 5.5572 5.49 5.28 5.28 5.28 5.28 5.28 5.28 4.7385 4.482 4.3775 4.7024 5.66 5.66 5.66 5.64965 5.6312 5.44005 5.1267
6 6 6 6 6 6 6 6 6 6 6 6 6 6 6 6 6 6 6 6 6 6 6 6 6 6 5.868 5.733 5.706 5.973 6 6 6 6 5.91 5.79 6 6 6 6 6 6 6 6 6 6 6 6 5.97 5.709 5.7 5.7 5.7 5.7 5.7 5.7 5.448 5.5656 5.7 5.7 5.7 5.6958 5.3136 5.28 5.406 5.6832 5.5194 5.3556 5.2968 5.637 5.4816 5.28 5.28 5.28 5.28 5.28 5.28 5.1375 4.406 4.33 5.20555 5.64785 5.33815 5.37085 4.77975 4.3814 4.33
6 6 6 6 6 6 6 6 6 6 6 6 6 6 6 6 6 6 6 6 6 6 6 6 6 6 5.928 5.91 5.865 6 6 6 6 6 5.922 5.787 6 6 6 6 6 6 6 6 6 6 6 6 6 5.838 5.7 5.7 5.7 5.7 5.7 5.7 5.469 5.4354 5.7 5.7 5.7 5.7 5.4354 5.28 5.2842 5.4984 5.7 5.6622 5.5908 5.5362 5.7 5.4774 5.28 5.28 5.28 5.185 4.976 4.406 4.33 4.33 4.844 5.61545 5.4865 4.57415 4.33 4.3814 5.03675
6 6 6 6 6 6 6 6 6 6 6 6 6 6 6 6 6 6 6 6 6 6 6 6 6 6 6 5.944615 5.997 6 6 6 6 6 5.979 5.748 6 6 6 6 6 6 6 6 6 6 6 6 6 6 5.811 5.7 5.7 5.7 5.7 5.7 5.6118 5.28 5.5908 5.7 5.7 5.7 5.553 5.28 5.343 5.28 5.5068 5.7 5.7 5.7 5.7 5.6412 5.2557 4.7765 4.634 4.3585 4.33 4.33 4.33 4.33 4.9468 5.2295 4.6127 4.36855 4.88255 5.5379 5.4094
6 6 6 6 6 6 6 6 6 6 6 6 6 6 6 6 6 6 6 6 6 6 6 6 6 6 6 6 6 6 6 6 5.994 5.889 6 5.871 5.922 6 6 6 6 6 6 6 6 6 6 5.964 5.94 5.991 5.826 5.7 5.7 5.7 5.7 5.7 5.574 5.28 5.532 5.7 5.7 5.7 5.679 5.2968 5.5362 5.28 5.2884 5.6412 5.7 5.7 5.152 5.7 5.0406 4.33 4.33 4.33 4.33 4.33 4.33 4.33 4.9725 5.19095 5.3066 5.3066 4.844 4.59985 4.6127
6 6 6 6 6 6 6 6 6 6 6 6 6 6 6 6 6 6 6 6 6 6 6 6 6 6 6 6 6 6 6 6 6 5.856 5.859 5.994 5.808 5.961 6 6 6 6 6 6 6 6 5.997 6 5.886 5.781 5.7 5.7 5.7 5.7 5.7 5.7 5.5068 5.28 5.5152 5.7 5.7 5.7 5.7 5.4816 5.6202 5.3304 5.28 5.5236 5.7 5.7 4.6862 5.6178 4.9465 4.33 4.33 4.33 4.33 4.33 4.33 4.33 5.101 5.615 5.615 5.3837 4.6898 4.44565 5.0239
6 6 6 6 6 6 6 6 6 6 6 6 6 6 6 6 6 6 6 6 6 6 6 6 6 6 6 6 6 6 6 6 6 6 5.901 5.778 5.844 5.796 5.997 6 6 6 6 6 6 6 5.961 5.961 6 5.85 5.7 5.7 5.7 5.7 5.7 5.7 5.5866 5.28 5.4018 5.7 5.7 5.7 5.7 5.7 5.7 5.7 5.364 5.3934 5.7 5.7 5.3164 4.9602 4.8232 4.33 4.33 4.33 4.33 4.33 4.33 4.44565 5.5636 5.615 5.615 5.615 5.44795 5.5122 5.615
6 6 6 6 6 6 6 6 6 6 6 6 6 6 6 6 6 6 6 6 6 6 6 6 6 6 6 6 6 6 6 6 6 6 6 5.988 5.847 5.7 5.886 6 6 6 6 6 6 5.976 5.982 5.895 5.937 5.871 5.7 5.7 5.7 5.7 5.7 5.7 5.679 5.28 5.322 5.7 5.7 5.7 5.7 5.7 5.7 5.7 5.6034 5.3346 5.6454 5.7 5.7 5.2479 4.33 4.33 4.33 4.33 4.33 4.33 4.33 4.915 5.615 5.615 5.615 5.615 5.615 5.615 5.615
6 6 6 6 6 6 6 6 6 6 6 6 6 6 6 6 6 6 6 6 6 6 6 6 6 6 6 6 6 6 6 6 6 6 6 6 6 5.91 5.778 5.997 6 6 6 6 6 5.973 5.862 5.991 5.748 5.709 5.7 5.7 5.7 5.7 5.7 5.7 5.5782 5.28 5.3934 5.7 5.7 5.7 5.7 5.3719 5.7 5.7 5.7 5.4732 5.3178 5.532 5.7 5.015 4.33 4.33 4.33 4.33 4.33 4.33 4.2295 3.3451 3.325 3.6456 4.6125 5.012 5.5145 5.615 5.615
6 6 6 6 6 6 6 6 6 6 6 6 6 6 6 6 6 6 6 6 6 6 6 6 6 6 6 6 6 6 6 6 5.949 5.805 5.994 6 5.997 5.979 5.895 5.847 6 6 6 6 6 5.907 5.787 5.997 5.841 5.7 5.7 5.7 5.7 5.7 5.7 5.7 5.4606 5.28 5.5152 5.7 5.7 5.7 5.7 4.7543 5.3333 5.7 5.7 5.4144 5.28 5.3304 5.7 4.5081 4.33 4.33 4.33 4.33 4.33 4.33 3.87775 3.325 3.325 3.3988 3.71245 3.94 4.76075 5.615 5.615
6 6 6 6 6 6 6 6 6 6 6 6 6 6 6 6 6 6 6 6 6 6 6 6 6 6 6 6 6 6 6 5.886 5.709 5.742 5.847 6 5.925 5.859 6 5.823 5.991 6 6 6 6 5.949 5.718 5.922 5.844 5.7 5.7 5.7 5.7 5.7 5.7 5.7 5.4018 5.28 5.5908 5.7 5.7 4.8894 5.7 4.542 3.9244 5.6614 5.7 5.3766 5.28 5.28 5.5866 4.8917 4.33 4.33 4.33 4.33 4.33 4.31995 3.4657 3.554 4.9967 5.03935 4.5765 4.5765 5.548 5.615 5.615
6 6 6 6 6 6 6 6 6 6 6 6 6 6 6 6 6 6 6 6 6 6 6 6 6 6 6 6 6 6 6 5.886 5.766 5.904 5.748 5.748 5.7 5.901 6 5.934 5.898 6 6 6 5.994 5.868 5.919 5.718 5.718 5.7 5.7 5.7 5.7 5.7 5.7 5.6916 5.3094 5.3766 5.3291 4.7157 5.314 4.349 5.1403 4.5613 3.77 3.8858 5.1789 5.6286 5.2884 5.28 5.3472 4.7454 4.33 4.33 4.33 4.33 4.33 4.0486 3.325 3.87995 5.5145 5.615 5.615 5.615 5.615 5.615 5.615
6 6 6 6 6 6 6 6 6 6 6 6 6 6 6 6 6 6 6 6 6 6 6 6 6 6 6 6 6 6 6 6 5.91 5.898 6 6 5.745 5.817 6 5.997 5.787 6 6 6 6 5.829 5.925 5.817 5.7 5.7 5.7 5.7 5.7 5.7 5.7 5.5866 5.28 5.616 4.6385 3.77 5.1596 3.8665 4.6385 5.6421 4.3683 3.77 4.1753 5.1403 5.49 5.4984 5.5782 4.425 4.33 4.33 4.33 4.33 4.33 3.7873 3.4111 4.1287 5.481 5.615 5.615 5.615 5.615 5.615 5.615
6 6 6 6 6 6 6 6 6 6 6 6 6 6 6 6 6 6 6 6 6 6 6 6 6 6 6 6 6 6 6 6 5.844 5.955 6 5.991 5.715 5.7 5.865 6 5.847 5.952 5.997 6 6 5.985 5.781 5.745 5.7 5.7 5.7 5.7 5.7 5.7 5.7 5.5278 5.3388 5.7 4.928 4.1367 5.7 3.963 3.8279 4.928 5.6807 4.9473 4.0788 3.9437 5.6807 5.7 5.3913 4.33 4.33 4.33 4.33 4.33 4.33 3.5461 3.7555 4.7775 5.615 5.615 5.615 5.615 5.615 5.615 5.615
6 6 6 6 6 6 6 6 6 6 6 6 6 6 6 6 6 6 6 6 6 6 6 6 6 6 6 6 6 6 6 6 5.886 5.949 6 5.925 5.739 5.787 5.7 5.838 5.949 5.853 5.955 5.931 5.94 6 5.799 5.7 5.7 5.7 5.7 5.7 5.7 5.7 5.7 5.532 5.406 5.7 5.121 4.5034 5.7 4.8315 3.77 3.8472 5.5263 5.1403 5.4491 4.735 4.6192 5.6807 4.9739 4.33 4.33 4.33 4.33 4.33 4.33 3.48085 3.93385 4.12425 5.43075 5.548 5.615 5.615 5.615 5.615 5.615
6 6 6 6 6 6 6 6 6 6 6 6 6 6 6 6 6 6 6 6 6 6 6 6 6 6 6 6 6 6 6 6 5.964 6 6 5.844 5.904 6 5.841 5.727 5.733 5.7 5.907 5.82 5.781 5.76 5.712 5.7 5.7 5.7 5.7 5.7 5.7 5.7 5.7 5.4732 5.4816 5.7 4.9666 5.0631 5.3333 5.1017 3.963 3.77 4.349 3.963 4.1367 5.5456 3.9437 4.2425 4.3985 4.33 4.33 4.33 4.33 4.33 4.2094 3.54025 3.8908 4.49275 4.5765 5.0455 5.615 5.615 5.615 5.615 5.615
6 6 6 6 6 6 6 6 6 6 6 6 6 6 6 6 6 6 6 6 6 6 6 6 6 6 6 6 6 6 6 6 6 6 5.985 5.748 5.997 6 6 5.979 5.943 5.829 5.748 5.805 5.7 5.7 5.7 5.7 5.7 5.7 5.7 5.7 5.7 5.7 5.6706 5.3598 5.6748 5.7 5.5842 5.7 4.928 3.8472 3.8086 3.77 3.77 3.77 3.77 4.7543 3.77 4.1004 4.33 4.33 4.33 4.33 4.33 4.31995 3.5863 3.33115 3.7678 4.945 4.35875 5.0455 5.615 5.615 5.615 5.615 5.615
6 6 6 6 6 6 6 6 6 6 6 6 6 6 6 6 6 6 6 6 6 6 6 6 6 6 6 6 6 6 6 6 6 5.991 5.784 5.715 6 6 6 6 6 6 5.85 5.7 5.7 5.7 5.7 5.7 5.7 5.7 5.7 5.7 5.7 5.7 5.427 5.532 5.7 5.7 5.7 5.7 4.9666 3.77 3.77 3.77 3.77 3.77 3.77 3.8858 3.77 4.2628 4.33 4.33 4.33 4.33 4.27975 3.61645 3.325 3.325 3.7801 4.02375 3.94 3.94 4.12425 4.79425 5.615 5.615 5.615
6 6 6 6 6 6 6 6 6 6 6 6 6 6 6 6 6 6 6 6 6 6 6 6 6 6 6 6 6 6 6 6 6 5.958 5.823 5.7 5.961 6 6 6 6 6 6 5.829 5.7 5.7 5.7 5.7 5.7 5.5842 4.7543 5.7 5.7 5.7 5.2884 5.6622 5.7 5.6035 5.7 5.6035 5.3912 3.9051 3.77 3.77 3.77 3.77 3.77 3.77 3.7868 4.3244 4.33 4.33 4.33 4.33 3.5863 3.325 3.325 3.325 3.7555 3.94 3.94 3.94 3.94 3.94 5.146 5.615 5.615
6 6 6 6 6 6 6 6 6 6 6 6 6 6 6 6 6 6 6 6 6 6 6 6 6 6 6 6 6 6 6 6 6 5.922 5.733 5.7 5.796 6 6 6 6 6 6 5.901 5.7 5.7 5.7 5.7 5.7 5.6614 3.9437 5.4491 5.507 5.6807 5.2423 5.314 5.0052 4.5999 5.7 4.1946 4.1367 5.2754 4.0402 3.77 3.77 3.77 3.77 3.77 3.9212 4.33 4.33 4.33 4.33 3.9682 3.325 3.325 3.325 3.325 3.7801 3.94 3.94 3.94 3.94 3.94 4.7105 5.615 5.213
6 6 6 6 6 6 6 6 6 6 6 6 6 6 6 6 6 6 6 6 6 6 6 6 6 6 6 6 6 6 6 6 6 5.997 5.808 5.7 5.7 5.85 5.955 5.829 5.853 6 6 5.892 5.7 5.7 5.7 5.7 5.7 5.3719 3.77 3.8858 4.4069 4.8894 3.8757 3.77 3.77 3.9437 5.7 4.0595 3.77 4.2332 4.4455 3.77 3.77 3.77 3.77 3.77 4.1228 4.33 4.33 4.33 4.33 3.49255 3.325 3.325 3.325 3.3496 3.89695 3.94 3.94 3.94 3.94 3.94 4.1745 4.22475 4.074
6 6 6 6 6 6 6 6 6 6 6 6 6 6 6 6 6 6 6 6 5.8992 5.964 6 6 6 6 6 6 6 6 6 6 5.949 5.739 5.748 5.847 5.874 5.88 5.802 5.964 5.757 5.94 6 5.823 5.7 5.7 5.7 5.7 5.7 4.2911 3.77 3.77 3.77 3.77 3.77 3.77 3.77 3.77 5.4684 4.542 3.77 3.8086 4.7543 3.77 3.77 3.77 3.77 3.8484 4.3188 4.33 4.33 4.33 4.2241 3.571 3.325 3.325 3.325 3.6448 3.94 3.94 3.94 3.94 3.94 3.94 3.94 3.94 3.94
6 6 6 6 6 6 6 6 6 6 6 6 6 6 6 6 6 5.748 5.748 5.964 5.424 5.9496 6 6 6 6 6 6 6 6 6 6 5.91 5.796 5.961 6 6 6 6 6 5.883 5.937 5.901 5.754 5.7 5.7 5.7 5.7 5.6228 3.77 3.77 3.77 3.77 3.77 3.77 3.77 3.77 3.77 4.5806 5.1982 3.77 3.77 4.3297 3.77 3.77 3.77 3.77 4.134 4.33 4.33 4.33 4.3183 3.9514 3.3373 3.325 3.325 3.325 3.8047 3.94 3.94 3.94 3.94 3.94 3.94 3.94 3.94 3.94
6 6 6 6 6 6 6 6 6 6 6 6 6 6 6 6 6 5.5032 5.28 5.28 5.28 5.9136 6 6 6 6 6 6 6 6 6 6 5.985 5.865 5.865 5.805 5.928 6 6 6 6 6 5.793 5.7 5.7 5.7 5.7 5.7 4.2139 3.77 3.77 3.77 3.77 3.77 3.77 3.77 3.77 3.77 3.8472 5.5842 3.9244 3.77 3.77 3.77 3.77 3.77 3.7924 4.3188 4.33 4.33 4.3183 4.0492 3.94 3.694 3.325 3.42955 3.60175 3.92155 3.94 3.94 3.94 3.94 3.94 3.94 3.94 3.94 3.94
6 6 6 6 6 6 6 6 6 6 6 6 6 6 6 6 6 5.4024 5.28 5.28 5.4024 6 6 6 6 6 6 6 6 6 6 6 6 6 6 5.976 5.838 5.865 5.994 6 6 6 5.871 5.7 5.7 5.7 5.7 5.5649 3.8279 3.77 3.77 3.77 3.77 3.77 3.77 3.77 3.77 3.77 3.77 5.1982 4.3104 3.77 3.77 3.77 3.77 3.77 3.8876 4.33 4.33 4.33 4.0648 3.94 3.94 3.94 3.94 3.94 3.94 3.94 3.94 3.94 3.94 3.94 3.94 3.94 3.94 3.94 3.94
6 6 6 6 6 6 6 6 6 6 6 6 6 6 6 6 5.964 5.2872 5.28 5.28 5.4888 6 6 6 6 6 6 6 6 6 6 6 6 5.991 5.79 5.775 5.805 5.871 5.991 6 6 6 5.793 5.7 5.7 5.7 5.7 5.314 3.77 3.77 3.77 3.77 3.77 3.77 3.77 3.77 3.77 3.77 3.77 5.0631 4.4262 3.77 3.77 3.77 3.77 3.77 4.0668 4.33 4.33 4.2286 3.94 3.94 3.94 3.94 3.94 3.94 3.94 3.94 3.94 3.94 3.94 3.94 3.94 3.94 3.94 3.94 3.94
6 6 6 6 6 6 6 6 6 6 6 6 6 6 6 6 6 5.8416 5.568 5.4096 6 6 6 6 6 6 6 6 6 6 6 6 6 5.994 5.763 5.955 5.907 5.862 6 6 6 5.931 5.787 5.7 5.7 5.7 5.6228 4.1753 3.77 3.77 3.77 3.77 3.77 3.77 3.77 3.77 3.77 3.77 3.77 5.121 4.8315 3.77 3.77 3.77 3.77 3.938 4.33 4.33 4.33 4.0882 3.94 3.94 3.94 3.94 3.94 3.94 3.94 3.94 3.94 3.94 3.94 3.94 3.94 3.94 3.94 3.94 3.94
6 6 6 6 6 6 6 6 6 6 6 6 6 6 6 6 6 6 6 5.964 6 6 6 6 6 6 6 6 6 6 6 6 6 6 5.814 6 6 6 6 6 6 5.859 5.7 5.7 5.314 4.9087 5.6614 5.4105 4.0402 3.77 3.77 3.77 3.77 3.77 3.77 3.77 3.77 3.77 3.77 4.3104 5.6035 3.8472 3.77 3.77 3.77 4.0052 4.33 4.33 4.2949 3.9517 3.94 3.94 3.94 3.94 3.94 3.94 3.94 3.94 3.94 3.94 3.94 3.94 3.94 3.94 3.94 3.94 3.94
6 6 6 6 6 6 6 6 6 6 6 6 6 6 6 6 6 6 6 6 6 6 6 6 6 6 6 6 6 6 6 6 5.982 5.886 5.772 6 6 6 6 6 6 6 5.784 5.7 4.4069 3.77 5.2947 5.2368 3.8279 3.77 3.77 3.77 3.77 3.77 3.77 3.77 3.77 3.77 3.77 3.77 4.1946 3.7893 3.77 3.77 3.77 3.994 4.33 4.33 4.1389 3.94 3.94 3.94 3.94 3.94 3.94 3.94 3.94 3.94 3.94 3.94 3.94 3.94 3.94 3.94 3.94 3.94 3.94
6 6 6 6 6 6 6 6 6 6 6 6 6 6 6 6 6 6 5.29125 5.29125 6 6 6 6 6 6 6 6 6 6 6 5.964 5.721 5.721 5.7 5.997 6 6 6 6 6 5.907 5.745 5.7 5.2368 3.7893 4.3104 5.1403 3.77 3.77 3.77 3.77 3.77 3.77 3.77 3.77 3.77 3.77 3.77 3.77 3.77 3.77 3.77 3.77 3.77 4.0948 4.33 4.3261 3.9868 3.94 3.94 3.94 3.94 3.94 3.94 3.94 3.94 3.94 3.94 3.94 3.94 3.94 3.94 3.94 3.94 3.94 3.94
6 6 6 6 6 6 6 6 6 6 6 6 6 6 6 6 6 6 4.11 3.9525 6 6 6 6 6 6 6 6 6 6 6 5.814 5.835 5.997 5.844 5.928 6 6 6 6 6 5.958 5.7 5.1596 4.542 3.9437 3.77 5.2561 3.77 3.77 3.77 3.77 3.77 3.77 3.77 3.77 3.77 3.77 3.77 3.77 3.77 3.77 3.77 3.77 3.8092 4.3076 4.33 4.1857 3.94 3.94 3.94 3.94 3.94 3.94 3.94 3.94 3.94 3.94 3.94 3.94 3.94 3.94 3.94 3.94 3.94 3.94 3.94
6 6 6 6 6 6 6 6 6 6 6 6 6 6 6 6 6 5.37 3.48 3.429124 5.832447 6 6 6 6 6 6 6 6 6 6 5.97 6 6 5.931 5.796 6 6 6 6 6 5.757 5.7 4.8315 3.77 3.77 3.77 4.542 3.77 3.77 3.77 3.77 3.77 3.77 3.77 3.77 3.77 3.77 3.77 3.77 3.77 3.77 3.77 3.77 3.9604 4.33 4.33 4.0219 3.94 3.94 3.94 3.94 3.94 3.94 3.94 3.94 3.94 3.94 3.94 3.94 3.94 3.94 3.94 3.94 3.94 3.94 3.94
6 6 6 6 6 6 6 6 6 6 6 6 6 6 6 6 6 5.3175 3.4275 4.006329 6 6 6 6 6 6 6 6 6 6 6 6 6 6 5.958 5.739 5.988 6 6 6 6 5.931 5.7 4.9859 3.77 3.77 3.77 3.77 3.77 3.77 3.77 3.77 3.77 3.77 3.77 3.77 3.77 3.77 3.77 3.77 3.77 3.77 3.77 3.77 4.0332 4.33 4.33 3.979 3.94 3.94 3.94 3.94 3.94 3.94 3.94 3.94 3.94 3.94 3.94 3.94 3.94 3.94 3.94 3.94 3.94 3.94 3.94
6 6 6 6 6 6 6 6 6 6 6 6 6 6 6 6 6 6 4.34625 5.5275 6 6 6 6 6 6 6 6 6 6 6 6 6 6 5.928 5.79 5.937 6 6 6 6 5.925 5.7 4.6385 3.77 3.77 3.77 3.77 3.77 3.77 3.77 3.77 3.77 3.77 3.77 3.77 3.77 3.77 3.77 3.77 3.77 3.77 3.77 3.77 4.1844 4.33 4.2832 3.9439 3.94 3.94 3.94 3.94 3.94 3.94 3.94 3.94 3.94 3.94 3.94 3.94 3.94 3.94 3.94 3.94 3.94 3.94 3.94
6 6 6 6 6 6 6 6 6 6 6 6 6 6 6 6 6 6 6 5.8488 5.6472 5.422105 6 6 6 6 6 6 6 6 6 6 6 6 5.808 5.937 5.814 6 6 6 6 5.976 5.7 5.0052 4.0788 3.77 3.77 3.77 3.77 3.77 3.77 3.77 3.77 3.77 3.77 3.77 3.77 3.77 3.77 3.77 3.77 3.77 3.77 3.7915 4.3244 4.33 4.1506 3.94 3.94 3.94 3.94 3.94 3.94 3.94 3.94 3.94 3.94 3.94 3.94 3.94 3.94 3.94 3.94 3.94 3.94 3.94 3.94
