STOTEN_Data/raw/HydGrp_C.asc
ncols         250
nrows         718
xllcorner     -2256000
yllcorner     1557000
cellsize      1000
NODATA_value  -9999
[rows 148 to 184 of 718, columns 0 to 82 of 250]
27.9416 9.0383 0 39.0105 45 48.2318 54.6426 45.7177 32 34.1315 49.9795 53.3412 49.6465 39.6518 35.208 82.6786 85 71.01881 11.1788 6.7331 8.811001 10.614 12.5205 65.1711 48.11419 50.97761 62.418 65.0605 45.00651 5 4.9995 2.555 4.756 6.0186 4.5934 0.5311 4.113399 5.6505 3.9491 11.937 25.06271 28.19051 1.731 0 22.321 9.596499 0 0 0 0 0 0 0 0 1.275 5.202 0 0 0.595 2.941 0 0 0 0 0 7.182501 2.5585 0 0 0 0 0 0 0 0 0 0 3.863811 0 0 0 0 0
5.5488 0 0.4095 38.3805 45 46.5158 44.2318 40.5176 44.87151 63.59029 66.2982 66.4715 59.867 32.0871 31.3072 67.2768 85 74.49129 17.1476 3.6115 18.143 9.901999 25.1625 64.89109 29.6421 61.10269 63.846 70.762 23.63 12.2095 4.7475 4.6515 5 5.708599 2.5606 0.5964 2.2042 5.4967 5.873199 1.1447 2.5474 0 0 0 5.321001 14.7645 0 2.5755 0 0 0 0 0 0 0.0808 1.5292 0 0 0 0.3145 0 0 0 0 0 8.5935 1.1475 0 0 0 0 0 0 0 0 0 0 0 0 0 9.009 0 0
0 0 27.5901 51.1468 51.0588 52.95159 52.7649 53.37321 65.7834 55.6128 48.4494 53.59349 55.093 34.0125 31.3064 65.0753 78.22289 60.5857 20.497 11.951 24.9655 15.9722 33.4559 63.5947 21.6251 65.37 66.62852 61.25401 9.3825 3.7105 5 5 5.0352 5.4669 2.3283 2.5806 1.4277 6.9569 5.303999 3.491901 0.9235 0 0 0 0 0 0 1.0965 0 0 0 0 0 0 0 3.0408 0 0 0 0 0 0 0 0 0 4.828 4.1395 0 0 0 0 0 0 0 0 0 0 0 0 0 0 0 0
0 0.1125 27.1614 54.8384 59.2054 63.72421 63.3493 56.62259 57.50259 64.5822 62.863 32.2625 32.6393 32.931 51.6789 77.9245 79.3043 50.2218 16.3059 16.924 14.067 2.7846 43.4334 58.2411 30.65779 56.79351 57.7875 39.323 8.654 5.0965 5 4.8977 4.9998 5.1886 2.7046 2.7634 2.3867 6.9896 4.8277 3.4469 4.9868 0.7539 0 0 0 0 0 0 0 0 0 0 0 0 0.4096 3.6584 0 0 0 0 0 0 0 22.3427 10.4263 9.299001 13.7785 0 0 0 1.836 0 0 0 0 0 0 0 0 0 0 0 0
0.372 0.388 8.532001 38.57401 45 45.4268 46.5785 50.3478 51.94139 55.6932 51.2743 36.739 31.8023 36.6398 55.2005 62.2057 54.7223 43.9506 21.3964 4.573 0.3605 1.2232 15.6826 62.9668 54.76899 61.25499 53.93401 36.6135 22.7335 15.437 9.235 4.7309 3.527 4.580101 3.6563 2.894601 4.5644 6.005199 5.193399 5.853701 1.1613 0.0252 0 0 0 0 0 0 0 0 0 0 0 0 0.2928 4.324 0 0 0 0 0 0 0 45.1706 50.8325 19.8645 0.9010001 17.9945 0 0 0 7.573499 0 0 0 0 0 0 0 0 0 0 0
25.796 11.562 0 13.7745 45 45 45 39.4022 32.1215 37.467 46.035 54.799 39.3395 33.9316 51.9364 54 59.60789 39.66 23.0095 10.5615 6.107 5.6194 35.272 55.306 50.063 58.113 60.19899 48.803 21.3385 15 14.586 5.2397 2.4205 2.5334 3.481 4.1235 11.1165 4.7576 5.5177 6.1889 1.281 0 0 0 0 0 0 0.0424 0.4708 0.1238 0.3866 0 0 0 0 4.387201 0.2312 0 0 0 0 0 2.585 69.69419 15.8282 0.5015 4.8535 26.9365 0 0 0 8.976 0 0 0 0 0 0 0 0 0 0 0
33.9 4.59 0 0.6705 37.2735 45 50.97869 50.7135 48.99889 44.0082 32.0525 37.81 38.5975 32 39.3612 54 54 54 42.1006 11.6208 9.644 34.7656 44.1442 54.1216 52.534 59.81401 64.81551 59.05451 19.5115 15 13.849 4.9896 4.2175 2.5935 3.9936 10.0089 9.504299 4.5155 0.8089 3.4731 0.0742 0 0 0 0 0.0792 2.2584 11.3974 15.2962 26.754 0.492 0 0 0 3.558 20.3265 0.0144 0 0 0 0 12.2008 65.09309 38.068 3.338014 0 27.778 68.0425 9.078 0 0 4.437 0 0 0 0 0 0 0 0 0 0 0
7.896 3.15 0 2.35946 48.60151 45 34.3842 33.4296 42.7021 58.901 59.1495 64.865 60.9267 42.4104 49.5384 54 54 53.958 40.3264 16.0805 9.747198 22.0578 32.56709 50.8057 54.739 56.56599 65.03949 58.08851 22.9345 25.199 14.859 5.0275 2.9446 1.5145 3.029 18.5655 5.488699 3.9733 4.4686 0.4872 1.0728 0.3536 0 0.9135999 2.2672 4.4984 8 5.964 16.6157 16.541 0 0 0 0 7.8123 17.2632 0 0 0 12.5604 7.331201 11.0112 9.548 5.777845 6.195 20.6317 22.7097 63.7925 16.286 0 0 2.0825 0 0 0 0 0 0 0 0 7.3865 0 0
0 3.6 16.602 7.95268 49.19815 45.322 35.928 52.5454 60.75319 44.96751 54.6625 43.5325 55.9552 54 54 54 54 52.425 30.0716 31.9634 37.722 28.2328 38.768 55.38651 51.0605 56.055 66.38351 69.98849 19.7565 21.2475 14.7664 6.2678 3.418 3.9361 12.0308 10.1106 5.7925 3.4451 6.5195 3.5028 0 0 0 14.5322 15.5615 5.1232 2.692 5.483201 1.7304 0 0 0 0 0 0 2.999 0 0 0 55.39291 85.51711 70.7264 66.7288 12.3984 13.2144 85.7192 85.3623 23.5593 1.6575 0 0 0 0 0 0 0 0 3.8995 18.744 15.939 21.5325 0 1.4025
0 12.627 21.888 28.782 26.82208 48.24988 44.1135 44.6778 46.1911 66.3917 39.6545 49.647 40.4214 54 54 54 59.67609 65.50721 48.0438 48.1292 40.52401 27.617 31.7395 51.743 61.102 68.1405 66.9855 58.07449 17.8014 16.239 13.2281 6.212001 2.0884 12.2355 14.073 9.7886 6.3957 3.5274 6.3823 4.0425 0 0 0 0 14.1185 2.2896 0 0.4 1.0184 2.6432 0 0 0 0 0 0 0 0 0 42.1629 44.04419 44.18719 34.112 19.687 69.5892 91.58611 27.9744 0.0093 0 0 0 0 0 0 0 0 0.4675 15.829 33.62151 21.95049 4.3975 20.792 22.25601
3.852 15.21 27.681 30 29.916 25.61852 19.05827 43.85641 45.70097 65.02802 60.23101 46.7665 41.1033 63.66581 54 54 54.9176 54 58.2749 71.5724 22.81891 28.6516 52.9732 51.1355 46.59101 61.193 60.47201 49.5821 16.6562 15 12.7584 4.3868 5.4475 13.7625 14.5464 7.8187 5.351001 5.608 5.2444 0.5964 0 0 0 0 0 0 0 0 0 0 0 0 0 0 0 0 0 0.186 32.7453 85.22189 19.4088 16.0408 49.2702 81.37361 83.6371 91.4096 20.3763 0 0 0 0 0 0 0 0 0 0.4675 31.2235 16.6585 34.7935 23.328 3.024 0
28.2 14.931 20.907 28.671 29.652 29.505 29.685 45.584 27.01 35.51962 69.79594 63.178 56.08981 71.93349 54 54.403 77.3306 69.9371 58.9383 78.9649 22.2932 23.5183 17.5055 56.63749 30.6135 57.3647 64.80499 44.652 33.3715 19.6305 11.048 1.7129 9.175599 14.112 13.3186 7.2292 4.2886 6.509201 1.2097 0.2824 0 0 0 0 0.2512 0.1912 0 0 0 0 0 0 0 0 0 0 0 12.3132 67.7142 89.5434 30.2064 37.019 78.71541 86.25259 85.7871 31.9548 0 0 0 0 0 0 0 0 0 0 7.72 28.854 21.673 0.888 0 0 0
0.9899999 23.112 11.217 26.283 16.635 2.466 23.915 28.567 19.8665 11.086 3.5838 42.22782 54.1891 54 54 62.7978 57.5743 61.2168 65.0887 67.10989 23.427 35.79311 14.1713 62.21051 30.9978 36.0721 43.12249 47.83599 28.5275 16.3184 7.9251 4.6998 8.173501 14.2545 11.7372 4.350599 5.7721 4.4386 0.6464001 3.096 4.780799 3.0112 0.4768 0.0024 0.1192 0.1224 0 0 0 0 0 0 0 0 0 0 0 0 26.0493 84.72221 34.7488 37.9542 29.71959 61.0364 82.6567 10.2114 0 0 0 0 0 0 0 0 9.837 21.345 16.784 1.344 0 0 0 0 0
8.964 4.938 26.076 9.513 17.085 3.561 23.603 23.6625 10.8645 2.938 9.486 11.73678 33.66777 33.84668 39.54925 38.39964 58.72927 63.1605 67.578 59.5411 32.4001 44.3735 27.6479 61.1232 47.0761 21.447 20.607 19.5945 28.1915 14.1909 4.0839 13.4235 12.6225 14.5534 7.9651 3.0794 5.908199 3.1171 0 0 0.0136 1.7744 0.5016 5.0056 5.9152 3.4688 0.0064 0 0 0 0 0 0 0 0 0 0 0.432 53.2903 81.8384 29.548 28.487 44.44101 8.153901 21.6792 33.7662 0 0 0 0 0 0 0 61.497 37.989 0 0 0 0 0 0 0 0
26.52 0 6.459001 27.873 1.608 0.552 17.718 11.2975 22.9295 29.16 30 18.138 0 0 0 0 34.02335 64.31989 65.29639 66.2163 32.2414 30.9674 27.3542 46.73551 43.41999 15 15 13.515 15.0035 11.9222 5.6765 14.922 14.577 9.565199 4.4624 5.3663 2.9094 1.7801 0 0 0 0 0 0.2056 2.7096 5.7064 0.2328 0 0 0 0 0 0 0 0 0 11.224 68.572 85.33619 62.45599 7.195999 3.592001 26.0404 35.7224 69.2504 53.53139 0 0 0 0 0 0 0.693 32.625 3.321 0 0 0 0 0 0 0 0
0 0 0 4.972 12.102 1.863 13.215 4.0325 11.769 10.56 20.532 1.005 0 0 0 0 31.40866 55.2183 75.5326 84.7746 58.562 20.9671 10.94 64.93459 43.784 15 14.3755 11.4291 11.7285 17.7423 5.8311 15 13.6245 4.474 1.9047 2.6275 2.0818 22.8565 23.5705 0 0 0 0 0 0 0.4376 0.032 0 0 0 0 0 0 0 0 11.177 80.778 85.784 80.085 36.14799 10.0232 11.6608 65.1973 69.4902 85.81881 39.711 0 0 0 0 0 0 0 0 0 0 0 0 0 0 0 0 0
22.352 4.312 0 0 18.4 20.335 17.7865 11.3585 0 0 13.059 12.108 0 0 0 0 7.05886 38.993 81.6117 57.5948 48.8195 26.2805 14.9101 73.113 34.005 15 12.2952 15 13.8935 20.2075 9.4642 15 11.1473 3.355001 4.127299 4.0969 4.4683 29.27201 28.764 0 0 0 0 0 0 0 0 0 0 0 0 0 0 0 1.2648 29.6279 82.62099 85.87991 83.5607 75.764 35.8136 54.30361 82.0883 61.5687 89.4753 40.5108 0 0 0 0 0 0 0 0 0 0 0 0 0 0 0 0 0
33.718 8.959001 1.7425 0.9200001 15.997 26.603 24.811 24.169 4.032 0 0.405 19.704 2.355 0 0 0 0 18.48052 79.327 36.3852 43.5316 38.50441 25.4156 76.9026 25.5042 15 11.584 15 12.356 12.311 13.4454 15 10.4033 3.6549 4.4704 4.3997 19.3608 10.8212 2.5715 0 0 0 0 0 0 0 0 0 0 0 0 0 0 36.9489 79.215 79.138 74.51741 75.21651 82.2773 79.152 31.851 88.24019 63.4725 0 1.8693 30.9411 0 0 0 0 0 1.488 20.556 18.008 17.656 0 0 0 0 0 0 0 0
11.585 1.6625 2.5875 4.448 0.267 10.92 1.524 7.281001 17.64 11.755 0 3.747 3.342 0 0 0 0 11.51149 53.99162 20.1988 29.2901 43.05579 23.403 33.7897 11.045 15 11.7086 14.9715 22.7439 10.3396 14.4765 15 8.404299 3.6468 4.9598 2.1147 13.3859 6.295501 0 0 0 0 0 0 0 0 0 0 0 0 0 0 0 63.49109 90.0856 86.847 56.6226 65.43631 81.013 63.577 37.203 90.2364 40.6503 4.4361 0 0 0 0 9.069199 51.12674 6.665802 19.3703 34 22.46 29 2.576 0 0 0 0 0 0 0
15.815 14.5325 0 1.882 0 0 0 0 0 5.936 18.348 6.072 0 0 0 0 0 0 16.53448 12.4047 36.7205 43.575 12.4899 11.531 13.2738 14.972 10.9674 15 18.095 14.3565 15 14.2146 3.8786 4.4027 5.4752 1.9865 0.2912 0.1645 0 0 0 0 0 0 0 0 0 0 0 0 0 0 0 3.8037 60.93 38.871 35.0752 61.6442 82.432 32.6232 5.5928 15.4338 32.3765 87.0015 4.6221 0 0 0 41.63162 43.06951 0.212 21.952 40 39.86 25.83107 10.388 0 0 0 0 0 0 0
0 0.2475 0 0 0 0 0 0 0 0 0.09299999 0.012 0 0 0 0.042 0.303 0 58.64668 25.6574 40.4075 51.21341 5.064001 10.5257 14.9482 14.9174 8.4179 14.802 17.72 15 15 11.574 1.7947 4.3962 5.9124 3.8912 1.0352 0 0 0 0 0 0 0 0 0 0 0 0 0 0 0 0 0 0 0.0168 5.3048 65.4632 82.0449 62.864 6.1783 25.3702 27.4171 74.99231 4.0176 0 0 0.238 58.99001 22.8055 14.78 34.696 16.544 3.872 0 0 0 0 0 0 0 0 0
0 0 0 0 5.551 2.0405 0 0 0 0 0 0 0 0 0 0.573 18.483 2.671273 52.6815 68.0293 32.7236 31.923 5.888999 12.6452 15 13.7106 14.468 11.1841 14.496 15 14.7445 6.999701 2.1113 4.2023 9.818001 11.8561 0.0072 0 0 0 0 0 0 0 0 0 0 0 0 0 0 0 0 0 0 0.032 17.1144 80 80.4628 53.28 21.3226 29.2398 39.384 50.26229 0 0 0 40.035 19.448 0 6.044 10.564 0.48 9.495999 9.164 1.724 2.94 4.076 0.396 0 0 0 1.107232
15.5 4.277 0 0 13.2768 6.127501 4.1825 0 0 0 0 0 0 0 0 0.2805 54.19254 44.9446 59.82354 37.4122 19.3424 30.3105 9.165001 14.9356 15 11.5956 15 11.425 13.1455 15 14.0655 3.8676 3.705101 4.0809 32.54321 0.5185 0 0 0 0 0 0 0.026 0.204 0.3152 0 0 0 0 0 0 0 0 0 0 1.8368 21.5832 80 78.632 24.0944 11.7113 83.66129 89.25 25.0241 0 0 3.6975 74.001 0.0765 0 0.308 3.628 4.112 26.136 38.12 20.944 12.656 34.796 1.976 0 0 0 31.092
41.227 18.453 0.119 1.2915 10.0327 15.299 5.4645 0 0 0 0 0 0 0 0 30.4555 85 85 74.4142 19.7106 14.7171 47.457 11.3685 15 15 7.835799 8.370099 19.1035 16.102 15 13.2374 4.6539 2.0307 2.3603 0.4039 0 0 0 0 2.885 19.697 5.779 2.158 0 0 0 0 0 0 0 0 0 0 0 0 2.3112 51.1784 80 61.275 6.6558 12.9102 26.8372 12.9816 16.9518 0.2844 0 30.957 63.9285 0 3.24 27.372 13.356 19.973 40 40 39.344 24.936 39.6 16.9505 14.164 0 0 42.8495
14.763 31.7475 4.832 0 0 10.75 2.985 4.2675 1.254 0 0 0 0 0 0 35.2607 82.87061 85 84.09909 16.9031 8.670699 58.6455 12.036 15 14.9846 13.0857 14.6897 12.071 11.8755 15 11.6848 3.8393 3.8639 5.6039 1.0787 0.643 32.229 25.976 23.4375 27.83051 23.002 8.0485 6.639501 0 0 0 0 0 0 0 0 0 0 0 0 6.968 72.5696 80 22.1334 16.1884 23.8558 6.6175 11.5181 8.46 1.4418 0 44.778 19.0655 0 22.432 40 37.384 31.344 40 40 39.591 29.023 33.527 30.599 10.2805 8.572 2.8 6.0825
26.142 44.5415 14.0405 0 0 19.1 9.5405 4.5855 7.164 0 0 0 0 0 0 14.72531 52.5298 85 82.1972 14.9508 35.6265 77.8 14.6582 15 14.5478 10.8161 14.9216 14.46 6.321001 14.973 11.1304 4.610899 4.3114 3.1694 25.959 52.541 62.4325 62.92 56.4295 63.17349 2.587 0.127 11.369 0 0 0 0 0 0 0 0 0 0 0 0.9272 18.6488 78.1208 80 26.1396 24.0632 74.66709 66.1258 63.6387 32.1013 1.0014 0 59.27901 0 3.952 23.38 39.98 40 37.2925 38.8465 35.2885 21.2465 38.012 28.241 34.341 17.0145 33.892 11.568 27.765
20.097 34.2565 37.7095 10.612 0.4305 16.523 12.762 0 0.0435 0 0 0 0 0 0 25.74939 38.4085 77.9087 84.2531 9.972799 33.0575 74.696 25.1361 14.2523 14.7998 5.6377 10.8451 7.008001 12.837 15 12.962 4.7384 4.6223 3.9256 27.8095 52.2775 53.32 64.422 13.456 8.168999 5.039 0.017 0 0 0 0 0 0 0 0 0 0 0 0 0 7.288 75.0214 73.06641 34.0574 19.1592 54.7394 38.5768 6.4914 22.6641 44.8558 0 16.677 1.584 5.879999 4.1 6.14 17.912 31.674 38.472 38.7535 16.9115 7.68 29.7745 36.076 36.5415 33.541 13.476 37.86
40.362 43.7889 64.93491 42.5239 16.129 11.676 0.818 14.392 0.736 0 0 2.124 0.238 0 0 32.09138 61.52781 74.2678 71.5443 12.3767 19.2265 78.792 27.2385 14.3039 14.6566 10.0222 14.991 5.5365 15 15 11.8385 6.055199 7.019701 7.415801 7.093999 9.42 29.664 21.2265 0 0.403 0 0 0 0 0 0.021 0 0 0 0 0 0 0 0 0 5.5648 45.8484 58.2142 38.8437 34.8746 72.73231 62.7336 1.5252 65.79601 70.10799 21.5647 32.1895 14.748 39.516 26.6 13.116 35 31.424 28.4 23.488 38.508 24.164 28.4215 34.447 20.1095 1.387 5.492 6.105
54.1 57.99201 69.69701 82.4563 40.7506 25.082 0 5.136 10.9395 2.59 0 0.076 3.622 0 0.3416 17.98796 15.0721 58.7584 84.8575 32.9739 33.6305 41.154 22.3049 13.6739 14.862 14.6715 15 14.219 15 15 10.9574 4.5324 3.170799 2.092 0.673 6.781 30.058 9.086499 0.8720001 0.418 0 0 0.258 0.272 6.632401 7.4184 4.626 30.531 25.991 9.842999 0 0 0 0 0 1.6272 13.2696 70.45359 77.11909 55.7736 84.7558 78.71181 47.84971 40.0672 21.13986 60.0219 53.091 15.825 37.5255 33.487 34.192 33.336 33.37199 25.924 24.188 39.912 40 16.22 29.393 33.005 16.6545 22.0745 19.373
66.81499 60.0405 64.8198 58.47939 55.05711 34.9366 4.68 0 0 0.455 0 0 0 0 5.34814 72.67439 15.7679 64.8005 85 24.1551 18.3419 5.489 18.3984 14.0452 14.9986 15 15 7.014499 14.973 15 8.9322 2.511 0.113 0 0.608 0.182 0 0 3.927 1.3918 0.1956 0.162 3.003 1.8288 13.1866 9.704 8.547201 5.638999 71.7858 12.971 0 0 0 0 0 0.2032 9.0638 79.8119 71.30501 82.7516 76.6026 37.5137 71.51518 59.36026 21.32063 61.752 54.2265 7.182 18.253 29.5135 36.189 32.76 16.484 25.996 1.368 20.4525 38.406 27.0145 34.5505 37.362 36.9915 32.42351 25.342
78.9424 81.2216 61.74311 76.02251 35.2765 56.0295 27.828 0 0 0 0 0 0 0 11.4753 70.2066 57.6153 61.783 85 39.44759 5.505301 14.552 18.5458 14.4722 14.6038 12.957 13.5165 6.6375 14.817 15 13.6057 0.9878001 0 0 0 0 0 1.955 49.79299 36.55 1.1692 1.147 2.347 1.9378 12.0586 19.7785 20.5 34.4235 73.138 13.8805 0 0 0 0 0 0 3.5222 60.29301 47.2116 61.65601 87.0526 68.1542 49.99541 2.857044 0 17.584 49.374 6.668 21.91 34.1495 18.049 19.531 26.092 0.312 14.272 32.1025 35.822 28.325 36.499 37.155 38.7515 38.8905 39.339
58.07919 46.4617 8.6445 8.600801 6.592001 43.118 22.068 0 0 0 0.5145 6.0165 0 1.693046 20.59365 33.8515 32.4694 76.49919 85 63.0825 11.4503 32.6233 15.336 14.6752 13.537 11.4435 10.4475 7.806 15 15 12.888 0 0 0 0 0 0 0 0.1688 4.407 2.558 1.134 2.538 5.8152 31.8665 51.3775 41.09 67.2085 10.752 5.2895 0 1.1988 0 0 0 0 0 0.5312 0 6.992399 46.63421 42.3751 61.309 0.8639317 5.88 47.152 17.784 0 9.416 15.195 9.253001 8.421 25.728 15.981 18.372 37.1845 34.5795 36.405 19.7895 39.1865 37.59 38.832 52.08301
31.905 33.8485 6.851401 11.9464 11.2696 4.326 0 0 0 0 4.0985 8.154501 2.2289 0 0.01391753 19.60991 43.9181 54.04661 85 66.24 37.4854 18.6612 15.917 14.3119 12.3146 15 14.109 13.0125 15 15 10.359 0 0 0 0 0 0 0 0.4972 0.1808 0 0.126 0 10.0334 33.4681 64.8007 14.3139 17.8298 8.325602 6.7876 0.0632 5.7885 5.1606 14.9272 0 0 0 0 0 2.512 41.6555 70.6514 51.4017 2.466609 1.472 24.375 30.12 0 21.988 39.488 34.456 21.648 25.013 36.458 31.296 15.217 8.862999 36.4855 35.4425 37.872 39.506 26.505 25.176
0.612 8.765901 13.853 32.75011 4.454 0 0 0 0 0 1.0675 4.8635 0.09860001 1.1805 0.012 9.771639 43.96342 42.189 66.832 60.684 43.917 23.6595 18.374 15 12.6297 15 15 15 15 15 7.934999 0 0 0 0 0 0 0 0 0 19.8475 2.584 0.384 16.106 30.57299 18.7664 7.328 46.2296 26.7751 8.333199 40.8812 52.9227 29.5348 0.7010002 0 0 0 0 0 6.160801 51.4606 43.1135 55.973 17.7192 0 0 31.032 23.528 1.168 28.528 39.18401 40 32.728 29.072 28.10501 17.348 4.108 25.4145 40 40 31.076 10.4695 15.213
28.698 13.4358 24.8257 18.2526 9.046 0 0 0 0 0 0 0 0 9.3495 11.179 3.13 21.76259 40.1265 57.702 67.704 46.779 41.663 21.7104 11.9765 14.4106 15 15 15 15 15 6.558001 0 0.085 0.215 0 2.02 0 0 0 0 33.5665 5.4825 2.642 3.111 17.344 26.9375 61.0735 66.1528 58.631 2.9265 0.611 43.971 25.161 0.3552 0.0054 0 0 0 0.1976 5.6712 8 8.1397 37.4075 10.228 37.14586 31.989 20.1325 39.608 51.008 34.608 37.484 34.652 37.332 39.976 39.59 41.628 17.392 5.804 35.904 36.772 20.152 0.5 3.255
14.007 5.7096 1.6 1.24 0 0 0 0 0 0 0 0 0 1.272 4.2705 0.835 2.959434 40.72162 58.824 74.264 32.1055 61.78101 19.815 10.0485 15 15 15 15 15 15 6.357 0 11.84 32.115 36.14 49.715 17.41 0.03 0 0 23.137 1.066 8.726 10 32.082 70.677 77.8975 60.9739 50.2972 18.0172 7.0194 39.866 9.910999 10.4528 0 0 0 0.3384 5.2056 8 8 7.7672 0.07093333 10.3653 18.12842 24.6105 36.159 0 2.512 59.24801 46.7 21.192 24.072 39.704 37.2505 52.91899 39.783 29.148 17.4 17.1 0.044 0 2.2355
20.298 14.754 7.879499 0 0 0 0 0 0 0 0 0 0 0 0 0 0 9.655683 29.50799 70.04707 57.637 31.352 37.092 14.8095 15 14.8866 14.2183 15 15 15 6.0225 0 13.64 45.815 50 50 50 23.375 0 0 4.1609 9.812799 3.3676 16.562 22.0515 9.4515 30.685 52.8785 14.993 15.6138 31.43 38.48259 0 0 0 0 0.1496 5.9384 8 8 8 8 10.34763 3.115952 0 0 0.0595 2.709 33.903 31.945 61.27799 8.52 5.523999 13.712 35.861 23.786 17.2085 2.956 0 0 0.85 1.173 33.031
