STOTEN_Data/raw/HydGrp_C.asc
ncols         250
nrows         718
xllcorner     -2256000
yllcorner     1557000
cellsize      1000
NODATA_value  -9999
[rows 111 to 147 of 718, columns 166 to 248 of 250]
0 1.9125 0.3145 0 0 0 0 0 0 0 0 0 0 0 0 0.06 2.37 3.1 11.706 3.988 3.4325 0 0.484 0 2.652 5.913 13.0245 15.0405 3.2895 0 0 13.51 49.4756 49.1218 51.6806 42.8138 30.5795 24.563 14.668 37.4952 33.3655 33.4107 17.7894 3.4275 10.813 5.5 1.7925 18.178 24.4915 41.772 17.391 10.7205 31.056 31.711 34.753 27.068 19.6062 19.3048 20.4365 22.021 8.033401 6.195 14.1085 0 13.851 25.757 80.082 73.5905 6.634 26.87 2.38 3.2229 4.6432 2.3448 0.0392 0.029 1.046 3.677 6.376 18.2314 13.0418 10.6535 10.5387
3.842 30.6085 47.90601 6.7405 0 0 0 0 0 0 0 0 0 0 0 0 0 0 3.708 16.8785 25.381 17.225 6.724001 0.898 0 0 1.122 17.4115 0.2065 0.287 0 6.5415 41.34251 36.1664 45.4436 38.375 19.936 19.208 19.816 16.4822 32.7125 34.9615 30.426 11.62 0 0 0 0.57 11.1271 27.8635 11.9505 15.829 6.9545 21.6545 34.3945 27.6053 22.0624 18.3262 21.9255 21.1435 30.6477 15.1093 8.186501 4.618 4.2495 48.44301 80.8625 17.4645 83.05051 10.6265 3.937001 2.084 4.186 4.25 5.6 8.473499 9.617 9.528 6.017401 2.8245 6.549199 4.8477 10.5138
7.4205 41.9815 46.60549 0.7819999 0 0 0 0 0 0 0 0 0 0 0 0 0 0 0 0 0 6.049501 17.501 0 0 0 0 0.566 0.273 16.7335 9.856 0 13.7095 32.852 41.0408 35 32.165 9.392 21.1142 11.744 26.4875 27.04651 35.3235 15.775 0 0 0 0 1.1408 13.8525 19.301 17.7582 13.965 11.36 18.487 19.5133 16.3222 16.8425 16.6179 20.779 21.725 24.0442 9.989201 30.8135 51.47501 73.64101 87.70399 58.5735 80.1715 25.6165 5.2325 7.818501 8.023001 7.19 9.098 8.4455 9.9995 9.184999 8.022201 0.2816 0 0.1456 4.897099
22.8905 31.8665 17.9265 0.8075 17.425 0.85 0 0 0 0 0 0 0 0 0 0 0 0 0 0 0 0 3.176 0 0 0 0 0 0 0.665 13.7095 6.6074 0.3395 12.1365 49.0148 31.4207 11.8125 8.916 27.369 8.386 2.1715 3.839 24.192 9.488 2.181 0 0 0 0 2.457 18.7712 23.8132 43.465 37.0515 20.7341 15.9972 16 14.7648 7.9552 11.7913 13.5983 8.0989 25.3175 29.1542 44.7975 77.25951 87.06449 75.324 13.0445 4.9605 5.447599 5.919499 4.168 7.1745 7.126 6.601 8.89 8.067 8 3.2808 0 0.247 10.8238
31.9005 65.5435 20.536 12.7755 25.3725 2.771 0 0 0 0 0 0 0 3.3904 0 0 0 0 0 0 0 0 0 0 0 0 0 0 0 0 0 24.261 39.0902 32.6964 27.2603 32.892 26.65601 23.545 37.113 39.8225 25.2815 17.5455 27.359 26.782 19.909 1.856 0 0 1.0215 0 6.804 12.4355 28.8704 21.0743 17.2859 16.3428 15.7968 15.1136 6.064001 0.3536 10.1901 18.2445 23.6675 23.0494 14.4256 18.1655 39.2795 73.19 5.6315 4.1415 2.845 2.4795 1.731 0 0 0 1.4648 6.6824 5.532 0.784 1.1375 11.5154 13.5302
81.651 40.20499 11.424 5.491 0 0 0 0 0 0 0 0 0 0 0 0 0 0 0 0 0 0 0 0 0 0 0 0 0 0 0 8.4111 43.7886 47.68361 37.23351 14.0808 24.112 34.1025 21.0405 26.873 30.0745 44.8175 34.203 24.697 28.798 12.139 0.33 1.668 8.886499 6.183 3.468 0.173 3.9068 12.8585 12.7875 13.943 2.288 13.6128 5.334401 2.3184 6.709001 18.3391 27.1665 21.682 18.4186 5.9825 23.7845 32.12431 37.6379 7.0272 1.2395 4.621 3.2215 0 0 0 0 0.4296 0 0 17.6575 35 34.6172
36.21 2.3545 0 13.064 21.0485 15.4955 0 0 0 0 0 0 0 0 0 0 0 0 0 0 0 0 0 0 0 0 0 0 0 0 0 9.0265 14.917 1.3674 22.9255 4.928 11.33 42.1605 6.0365 0 0 14.0565 26.29399 25.6905 27.17 29.594 18.464 8.322 19.399 18.693 7.335 2.2375 9.5295 5.4631 15.5606 16.5819 5.5235 4.2768 5.997001 9.24 7.494 7.941 25.2945 20.801 27.4325 17.2699 8.9675 15.335 36.9741 5.742599 23.274 2.5845 1.266 0 0 0 0.025 0 0 1.9269 21.8238 16.807 34.965
11.1435 1.241 12.412 67.37601 37.9635 0 4.59 0 0 0 0 0 0 0 0 0 0 0 0 0 0 0 0 0 0 0 0 0 0 0 6.321001 17.612 12.008 32.7095 1.3755 0 3.3775 28.75851 12.2655 0.018 8.207001 11.12 9.2005 18.128 26.875 27.629 25.197 15.453 21.29 31.386 0.7225 8.6845 16.643 18.3061 11.728 10.2996 26.0707 19.0725 15.609 8.9825 24.774 20.4695 16.718 25.4641 29.6123 35.232 46.70229 6.4235 4.6504 3.276 10.9445 4.187 0 0 0 0.045 6.5385 1.45 0 20.2377 12.7125 10.2515 32.473
4.2415 12.291 4.9045 4.93 24.044 24.5905 22.4655 0 0 0 0 0 0 0 0 0 0 0 0 0 0 0 0 0 0 0 0 0 0 0 0 0 24.7935 44.732 14.7315 0.189 0.1015 31.8955 12.992 2.368 12.575 15.59 15.195 9.587 28.864 26.837 28.593 21.809 18.109 21.336 13.8035 12.5435 11.706 19.1078 15.6061 6.5784 17.3878 25.328 15.2468 6.4356 10.5069 18.038 1.9825 9.9651 43.98272 35 35 31.2445 9.0413 5.776999 9.867998 10.5485 0.5245 0 0 0.5525 23.441 6.844501 0.263 5.022 0.022 1.946 4.879
0 0 0 0 0 13.923 3.519 0 0 0 0 0 0 0 0 0 0 0 0 0 0 0 0 0 0 0 0 0 0 0 2.0675 17.66 28.9575 44.808 10.99 3.0555 0.3975 25.3585 27.22 12.2275 5.79 7.21 2.324 1.28 9.203001 16.587 15.9225 16.232 19.5525 22.6375 11.2495 27.5525 16.864 6.535 13.3375 8.783 13.1755 11.911 7.3915 11.1264 11.392 15.899 12.2663 8.4116 32.64175 33.29458 35 35 26.6781 7.104101 6.952401 3.7645 7.6885 0 0 4.0105 38.447 22.7825 3.617 7.984999 0 0 9.513
0 0 0 0 0 0 48.7645 37.8505 15.929 0 0 0 0 0 0 0 0 0 0 0 0 0 0 0 0 0 0 0 0 0 26.283 47.871 51.85 43.699 1.246 0 0.64 20.436 29.989 23.519 3.8725 3.778 4.839 2.643 0.0777 6.926001 15.9175 9.510499 26.517 14.324 26.636 28.6285 20.3995 5.904 9.586 0.43 0 0 0 1.6338 16.2847 9.0613 11.8537 8.3424 0 29.1655 35 35 31.8235 21.498 21.4348 12.343 11.445 0 0.5115 18.041 33.992 39.443 19.448 22.7425 14.6875 25.37 33.672
0 0 0 0 0 0 17.714 37.2215 5.499499 0 0 0 0 0 0 0 0 0 0 0 0 0 0 0 0 0 0 0 0 35.082 45.048 31.41 39.50399 32.982 12.78 8.816 10.075 7.9025 6.35 23.1039 10.251 5.091 17.106 7.755 15.4263 7.892401 24.0035 34.202 53.5975 35.8395 44.62399 32.0435 11.5685 7.356 0.642 0 0 0.1815 19.613 21.3414 28.3578 25.6178 10.0506 9.595501 18.5204 34.6965 35 34.285 14.6695 2.914 8.985501 0.518 3.924 0.4175 3.193 35.2805 34.187 45.9455 35.708 16.754 54.6605 90 63.6055
0 0 0 0 0 0 0 0 0 0 0 0 0 0 0 0 0 0 0 0 0 0 0 0 0 0 0 0 0 5.1 9.233999 36.9525 18.557 18.8265 54.4185 14.575 2.541 3.2675 4.811 13.0842 20.268 1.671 0.0075 26.4462 19.8408 31.0638 14.5545 18.89 30.4385 17.9415 27.345 31.99849 9.261999 0 0 0 0 19.063 55 50.8615 37.85201 20.271 6.966 22.6932 19.2744 51.19711 33.0094 31.226 14.045 3.829 22.1975 2.046 0 2.5338 4.969 12.4175 26.1085 49.3145 42.6305 30.9785 9.772499 40.7045 57.793
0 0 2.055 0 0 0 0 0 0 0 0 0 0 0 0 0 0 0 0 0 0 0 0 0 0 0 0 0 0 0 0 10.625 55 17.8215 41.084 45.6235 18.777 10.038 5.2914 12.885 21.2433 7.5537 30.2475 12.887 2.402 5.0985 12.1125 12.235 25.535 21.12 18.0295 7.847 0 0 0 0 12.786 40.689 54.2125 32.0555 23.3445 20.412 25.0475 44.9484 47.39181 50.2596 42.28 30.949 31.7059 1.4625 2.5982 23.6155 30.4156 4.5308 4.240499 0.492 5.446 14.23 46.0735 51.573 31.698 5.506 3.288265
0.295 6.2925 9.1275 0 0 0 0 0 0 0 0 0 0 0 0 0 0 0 0 0 0 0 0.7315 0 0 0 0 0 0 0 6.359999 34.381 40.683 14.9005 23.9015 16.421 0.244 4.8407 16.4997 10.7835 10.8081 28.4055 17.25 4.48 1.594 0 9.345 1.3735 6.815 5.505 16.469 11.202 5.162 0.696 0 0 7.188001 17.1 19.5335 4.708 23.564 9.091501 26.1338 43.75931 42.65341 42.35608 28.581 34.061 54.9718 21.7137 12.1447 8.2165 36.4524 11.083 8.101999 53.9455 10.7135 3.7245 16.3195 37.769 38.745 26.792 9.10408
9.41 0.0125 13.4625 3.4 0 0 0 0 0 0 0 0 17.833 8.381001 0 0 0 0 0 0 0.6544999 37.8235 27.2965 0 0 0 0 0 0 0 17.2825 16.1185 11.4085 29.555 18.3375 0.8375 0.6153 0.7811999 6.576601 10.2008 2.1975 13.95 0 8.209001 5.301 0 7.155 12.702 25.9202 13.5725 17.46 38.215 21.026 15.79 11.666 30.288 40.566 28.2 31.5835 15.963 35.736 11.3895 38.8679 46.9936 33.1563 32.418 34.1412 25.29333 36.013 37.085 34.0325 10.797 10.8588 16.3378 5 37.8325 21.358 3.4545 26.05 41.622 46.9595 43.76049 35
15.164 0 5.28 7.0375 3.3975 0.1175 0 0 0 0 0 0 4.896001 11.985 0 0 0 0 0 0 19.5085 44.20351 1.683 0 0 0 0 0 0 0 3.9925 16.9975 15.6925 4.175 4.8075 5.055 2.1732 9.267599 6.0648 1.9866 0 13.5525 17.5395 27.2949 13.6197 1.3701 12.9114 18.3519 7.4174 13.5625 20.0055 56.50701 18.596 31.854 29.7525 45.902 17.13 28.4475 36.3985 34.191 44.988 24.9615 11.2 37.9956 11.8598 13.7675 20.86363 28.845 34.9635 43.3295 38.2596 60.53329 3.359401 14.4524 10.6913 40.6276 20.4651 13.3875 53.79949 63.64049 67.2945 61.7225 40.72648
4.8984 0 0 17.8675 21.99 14.0425 8.4975 0.565 0 0 0 0 0 1.921 0 2.3595 38.5825 4.993999 0 0 37.73 21.4005 0 9.24 11.649 0 0 0 0 6.1635 2.1595 2.5725 2.1675 0 0 0 0.678 31.302 16.3272 9.349201 0.8232 0 26.7375 41.9925 9.4578 11.25 3.693 27.2551 36.1972 31.707 22.302 34.8255 44.089 51.66401 28.996 19.157 12.4365 26.832 49.38 43.80901 31.62151 22.3935 0.468 8.4575 18.9315 24.6735 10.202 25.6695 31.25699 36.437 44.8832 45.8574 16.8347 53.93551 46.0598 81.56219 32.5986 21.3325 37.835 58.2085 69.8775 70 70
11.7234 0 0 0.4525 3.4825 1.6325 0 0 0 0 0 0 0 0 0 0 13.068 0 0 0 8.14 6.3415 0 4.906 0.484 0.374 7.986 0 0 0 0 0 0 0 0 0 0 12.056 37.623 15.456 0 4.84 12.045 54.915 73.3575 28.89 10.1517 26.9324 27.29251 23.391 32.7795 3.465 21.4215 32.275 24.003 20.9145 20.55 25.308 24.9625 19.924 28.858 40.177 3.7265 14.025 0 1.696 11.5685 20.5265 23.7575 35 39.7909 71.5088 31.4447 28.6007 52.83709 31.2185 44.554 54.776 43.3405 68.6245 70 70 -9999
16.4057 0 0 3.705 4.4475 0 0 0 0 0.095 9.9625 3.44 0 0 4.444 3.707 0 0 3.685 19.723 0 0 0 5.6217 7.1169 29.238 38.9675 16.7475 0.3245 0 0 0 0 0 0 0 0 3.5692 23.3519 10.835 0 0 0 20.52 57.18 60.7725 20.6825 24.602 20.766 6.1085 7.376999 4.7445 28.4385 37.044 31.328 39.18651 36.158 21.56 43.608 44.15 53.324 40.958 26.8235 30.8782 1.007 10.335 9.494 10.594 20.334 30.9155 30.7577 80.24731 18.8523 16.0775 30.772 19.0285 37.648 60.669 57.5655 62.524 62.965 70 -9999
38.3676 28.9559 0 0.235 1.07 0 0 0 0 2.78 24.97 18.1625 5.9825 10.7575 1.0395 10.318 20.944 3.3165 0 11.044 0.341 0 6.791399 9.149699 2.5109 17.886 0 3.5805 3.2285 0 0 0 0 0 0 0 0 0 10.8752 14.435 0.28 0 0 0 48.675 45.9205 28.503 19.898 20.1594 17.3577 28.085 8.3885 33.33 36.961 47.2755 46.0905 31.02 22.836 32.994 26.952 19.2135 33.9645 27.965 37.0849 27.1678 0.2035 10.4255 27.428 34.601 29.7725 35.5269 55.8083 18.8708 25.783 23.782 51.1585 15.503 37.0225 60.8615 43.442 61.1485 67.12222 -9999
14.127 41.8492 6.5847 0 0 0 0 0 1.5175 21.1925 25 22.765 22.4975 15.035 2.04 0 0 0 0 0 0 0 9.443701 2.7027 0 0 0 0 21.4775 8.195001 0 1.2873 7.4679 2.2521 7.1064 0 0 0 2.712 21.68 2.636 0 0 0 48.12901 49.703 24.0865 4.471 9.2496 14.6331 19.936 21.1265 26.297 43.7955 8.3835 30.906 12.96 8.891999 12.892 31.34 28.544 12.7025 46.64599 33.0703 32.68579 5.0363 23.426 42.2764 35.7826 30.0819 34.6257 32.091 23.0785 33.063 38.3875 92.606 34.025 18.383 35 36.5155 46.32935 -9999 -9999
20.8545 8.040501 10.3482 0 0 0 0 0 1.5975 15.6625 17.27 22.4175 24.84 23.245 3.8875 0 0 0 0 0 0 0.014 14.238 0 0 0 0 0 19.844 12.9195 0 3.2697 10.4703 18.6891 24.6455 0.3801 0 0 16.94 39.361 1.5295 0 0 10.0725 34.4047 44.27599 39.983 29.024 21.6567 9.3589 18.506 20.161 20.0165 17.784 2.894 23.616 41.166 27.612 23.412 18.57 19.58 8.777001 14.808 30.2205 15.0735 0 25.9707 20.1264 15.3544 41.4794 30.2465 32.4775 29.293 66.7825 43.2455 59.7265 77.8371 20.28641 26.0946 41.8466 44.1875 -9999 -9999
55.8077 18.3605 2.838 0 0 0 0 0 0 0.0125 0 0.74 4.505 18.6325 0.015 3.9275 3.4765 4.562 0.23 1.254 0.176 0.2125 14.7215 7.7275 0 0 0 0 1.65 0.484 0 10.065 35.676 24.7791 17.0378 0 0 0 1.7997 18.425 6.704501 0 0 14.6925 16.614 22.8535 33.716 33.1925 38.3285 21.366 6.568 15.947 11.5275 17.4175 15.3925 21.432 31.254 25.59 24.354 21.744 20.5 0.09599999 21.466 29.884 17.167 4.01 16.2733 30.432 34.9617 27.48269 17.5755 28.7675 34.58 50.2395 70.36349 15.9265 44.0553 36.911 19.6526 22.4517 24.36854 -9999 -9999
5.522999 25.374 11.628 13.632 0 0 0 0 0 0 0 0 0 0.3075 0 4.588 15.405 19.734 14.3635 15.3775 8.772499 4.3725 45.54 19.899 0 0 0 0 0 0 0.913 1.013 19.828 28.224 7.8015 2.0202 0 0 27.3783 11.478 0.0525 6.16 20.9584 10.523 11.242 38.0695 36.0675 49.81501 44.22801 32.676 33.516 2.1615 1.095 9.325 15.469 46.782 34.506 15.846 26.72401 32.284 21.972 0 3.858001 18.742 18.436 21.733 16.404 38.9705 15.5303 22.5264 22.048 31.9844 31.016 66.737 57.8965 46.2955 19.6778 20.8503 45.0288 37.6555 10.93854 -9999 -9999
0 20.332 2.38 5.640001 0.198 0 0 0.0105 0.28 0 0 0 0 0 0 2.906 7.368001 8.566 16.2035 21.391 7.9895 2.772 37.862 13.5795 0 0 0 0 0 1.87 24.398 28.765 48.7355 31.669 27.4592 7.5558 0 0 20.0308 29.2715 9.016701 24.9925 16.0239 2.598 0 8.85 26.5575 50.2985 18.609 24.46 14.157 1.1565 0 3.725 12.87 47.84399 35.241 53.37001 51.6405 41.154 1.008 0 9.630001 52.44 36.2925 30.52551 35.332 50.0005 18.2645 26.0218 33.455 19.6984 15.621 38.141 33.564 42.3235 6.858 29.0564 19.3528 19.06818 -9999 -9999 -9999
8.322001 35.292 5.6985 15.488 0 0 0 4.452 6.755001 0 0 0 0 0 0 0 0 0 0 28.5015 18.5205 6.875 0 0 0 0 0 0 0 0 0 26.488 47.7015 46.00221 15.1174 0.4116 0.372 0 3.1899 15.9918 14.1966 13.9121 0.205 10.512 7.264 17.87 20 31.252 23.716 23.786 0 2.908 11.314 29.259 45.9945 4.518 22.9935 29.748 43.371 32.964 7.344 0 0 7.3805 45.4875 53.02 50.4405 51.26001 17.2863 17.3149 18.3076 1.0516 17.3385 15.4705 2.059 2.9665 3.151 36.8776 41.8821 15.09184 -9999 -9999 -9999
1.122 19.368 49.65351 14.573 1.6635 0 0.084 25.241 29.54 7.07 0 0 0 0 0 0 0 0 19.558 29.062 12.0395 8.6625 0 0.0165 11.748 19.0025 2.3045 0 5.5671 14.978 15.7745 9.427 12.441 29.6617 12.3885 14.13 6.996 2.67 7.4716 12.4435 4.2189 15.2345 8.801 11.6174 6.3464 8.172 28.664 22.192 26.216 44.227 11.468 23.6775 46.786 54.5415 31.918 29.8125 10.8825 10.425 25.6965 12.1425 4.476001 16.392 0 12.018 45.592 31.8638 11.0516 23.3223 9.393499 3.2506 20.1624 17.0385 21.915 17.417 12.644 22.4755 7.5375 51.633 63.1612 69.30363 -9999 -9999 -9999
36.936 13.682 24.4239 31.9486 5.8517 0 0 36.36451 32.8875 15.673 0 0 0 0 0 0 0 0 15.8675 5.3405 0 0 0 0.3135 38.5495 11.693 0 0 3.0261 22.6034 27.4175 2.7225 13.6895 32.9776 15.7167 9.420001 0 1.1277 3.6128 8.850001 13.8319 7.933969 0 6.921201 6.3388 7.056 50.804 58.216 28.7035 23.268 22.7775 34.1825 40.057 42.965 11.524 7.168001 0 0 1.59 3.615 0 0 0 4.9425 35.538 0.378 1.4525 18.692 23.996 23.0288 8.974899 12.9624 7.2893 0.625 5.9745 31.749 19.0448 40.59291 75.2113 81 -9999 -9999 -9999
0.348 1.5834 0.039 5.6375 11.0055 0.066 23.1715 49.599 32.3715 4.683 0 0 0 0 0 0 0 0 0 0 0 0 0 4.356 53.471 19.844 5.423 34.2865 12.8321 19.937 15.3673 3.7423 50.9389 36.7795 5.508299 0 0 0.0378 11.3369 18.6385 18.0919 1.1214 0 0 0 0.806 40.91179 46.77351 55.3345 41.0965 29.4145 23.2 42.24649 38.9475 12.816 0.9719999 0 0 0 0 1.989 0.0315 0 10.0125 6.624 0 27.3955 29.348 28.941 43.2184 36.7005 39.7944 9.882999 0 14.9135 34.9775 37.1686 41.2527 66.24685 -9999 -9999 -9999 -9999
0 0 0 0 9.801 8.822001 28.4515 33.6655 19.305 0 0 0 0 0 0 0 0 0 0 0 0 0 0 10.9615 45.3805 35.1175 39.3305 14.3725 37.1065 46.58981 29.78749 18.2144 22.0178 10.6341 0.3045 0 9.189 6.5625 8.191801 1.3359 0.3549 0 0 0 0 8.857 1.326208 11.2294 30.81176 42.29894 25.59846 26.4105 41.526 34.8015 53.82 21.15 0 0 0 0 4.1805 0.7650001 0 20.3035 4.634 5.5394 32.9202 15.2678 19.2845 29.9145 21.5435 13.713 11.433 13.63079 25.02559 34.3975 34.2144 43.08601 70.49076 -9999 -9999 -9999 -9999
0 0 4.908 0 6.402 22.6985 29.909 25.24501 1.375 0 0 0 21.182 16.485 0 0 0 0 0 0 0 0 0 0 0.3685 25.52 37.268 4.9885 42.6705 44.282 43.5565 30.208 4.5735 0.6594999 7.935 9.341998 4.884 0.417 0 0 0 0 0 0 0 8.601999 0 18.02 31.671 11.4165 12.3294 3.564281 20.81815 1.017856 13.53 12.408 4.3609 18.5001 15.117 0.7661 0 0 5.94 51.231 36.188 25.4577 19.6324 17.4809 2.755 11.57 10.71 0 11.8195 35.4475 44.4325 28.8485 39.7067 48.6391 80.632 -9999 -9999 -9999 -9999
7.236 45.15 12 0 0 0 3.5255 10.0155 0 16.0765 5.412001 0 26.0675 21.6365 0 0 0 0 0 0 0 0 0 0 0 0.561 14.1295 19.657 12.4245 21.329 37.876 28.332 0.9390001 0 3.228 9.975 2.82 0 0 0 11.4665 33.3625 4.148 0 0 2.924 7.531 5.6015 29.988 17.1485 22.0775 30.805 6.799999 12.01936 30.40252 26.4249 41.20232 43.13577 18.266 27.75421 40.6775 30.3804 46.0755 59.9425 33.482 11.5385 7.982 21.8452 1.3104 10.12892 5.103145 7.103001 31.4515 47.9 20.72 15.9879 42.05391 55.96176 81 -9999 -9999 -9999 -9999
9.971999 29.96399 3.918 4.404 0 0 0 0.913 13.706 8.6625 1.254 0.3465 39.428 39.6155 3.3915 0 0 0 0 0 0 0 0 0 0 0 0 0 0.203 21.791 34.9874 11.4681 0 0 0.495 0 0 0 0 0 0.8584999 9.962 0 7.776 16.9915 63.9115 43.57949 15.5805 59.2672 49.368 32.081 2.9165 50.218 3.583 5.4235 0 12.472 51.40063 2.924347 27.01026 44.0796 54.0741 35.80249 48.0495 34.053 12.622 1.3 15.9874 4.9479 8.846 27.08167 32.4693 27.4755 26.3 31.1754 27.7437 23.4076 7.520971 -9999 -9999 -9999 -9999 -9999
8.634 9.113999 16.236 22.194 0 0 0 1.727 27.7475 25.5915 15.9555 0 0.824 4.3345 0 0 0 0 0 0 0 0 0 0 0 0 0 0 10.1577 30.3044 25.9161 5.2821 1.17 2.964 16.623 14.13 0 0 0 0 0 9.307499 0.18 17.9865 57.09451 42.908 26.725 34.6163 74.8119 64.124 53.72 2.6875 55.2285 49.6665 3.3625 3.2725 9.179501 34.1155 25.9895 11.542 51.8715 53.96725 52.1785 41.65292 8.999469 13.8895 0 4.553999 21.171 13.3536 20.6423 33.65051 16.8797 41.7988 46.55278 14.8939 4.86 2.316807 -9999 -9999 -9999 -9999 -9999
11.646 1.656 8.568001 0 0.1462 1.7736 0 0 0 0 0 0 0 0 0 0 0 0 0 0 0 0 0 0 0 0 0 0 5.0158 30.7878 18.5591 19.5125 0 0.297 3.933 12.339 2.151 0 0 0 0 1.4195 0 8.311001 54.489 60.27649 42.6945 67.18 83.87849 50.9575 17.1955 44.17699 58.704 85.4805 61.2875 61.51949 35.1195 25.1055 67.4475 1.989 28.666 55 42.26201 54.08351 15.44 18.06204 13.08659 6.100909 31.63129 31.28 37.886 45.097 60.3947 22.0492 12.579 2.242 0 0 -9999 -9999 -9999 -9999 -9999
0.2615252 2.269 4.896 27.3321 4.9095 11.9931 0.0374 0 0 0 0 0 0 0 0 0 0 0 0 0 0 0 0 0 0 0 0 10.472 24.849 34.6275 39.69 33.083 2.9315 0 0 0 0 0 0 0 0 0 1.764 32.22099 42.706 70.6565 74.3215 71.19949 78.203 78.33 59.69901 52.38951 70.723 79.69601 74.6745 69.301 78.5695 72.77049 67.8045 5.6865 25.4595 35.866 33.3555 73.86099 9.5205 19.0515 39.53 4.18 14.7195 31.0918 13.42626 32.19102 48.0519 32.0255 51.86 10.994 0 -9999 -9999 -9999 -9999 -9999 -9999
