STOTEN_Data/raw/HydGrp_C.asc
ncols         250
nrows         718
xllcorner     -2256000
yllcorner     1557000
cellsize      1000
NODATA_value  -9999
[rows 629 to 665 of 718, columns 166 to 248 of 250]
69.7765 1.8535 0 0 0 0 0 0 0 0 0 0 0 0 0 0 0 0 0 0 0 0 0 0 15.385 44.5655 23.8085 10.3105 0 0 0 0 0 0 0 0 0 0 0 3.645 26.826 30 30 30 30 30 30 30 30 30 48.363 55.334 56.57101 51.852 40 42.907 54.336 34.51 29.967 28.936 25.259 23.7775 9.3875 7.0605 27.0485 35.498 45 41.3415 31.1835 5.7275 10.532 33.7165 29.423 28.091 28.267 35.856 38.158 33.232 30 14.739 16.644 9.421499 1.11
70.78751 27.415 0.2295 0 0 0 0 0 0 0 0 0 0 0 0 0 0 0 0 0 0 0 0 0 23.426 84.94051 75.3695 21.5475 0 0 0 0 0 0 0 0 0 0 0 21.699 30 30 30 30 30 30 30 30 30 30 37.024 54.276 57.535 40.383 19.339 22.7015 54.4105 32.745 19.923 32.6985 43.0825 39.692 42.823 41.4395 38.752 33.9185 42.034 41.614 25.468 2.3805 9.4005 37.9815 31.347 30 30.375 33.74 38.904 36.00401 29.1065 14.295 0.8235 0.7274999 0
67.87601 47.2555 6.5535 0 0 0 0 0 0 0 0 0 0 0 0 0 0 0 0 0 0 0 0 0 0 6.723499 0.6544999 0.153 0 0 0 0 0 0 0 0 0 0 1.122 27.36 28.521 25.805 28.207 29.997 27.244 23.601 24.505 28.64 30 30 34.041 58.965 59.742 47.244 10.324 14.845 53.38 31.285 32.6625 35.3525 44.994 45 45 44.946 25.3825 0.7525 5.7135 39.3615 31.16249 3.258 13.866 29.895 30 30 30 30 30.222 31.32374 14.8515 12.687 11.2695 0.453 0
39.17699 84.995 25.704 2.21 0 0 0 0 0 0 0 0 0 0 0 0 0 0 0 0 0 0 9.562501 6.7575 0 0 0 0 0 0 0 0 0 0 0 0 0 0 0.27 11.638 20.64 20 20 20.413 20 20 20 20.677 27.253 30 33.363 56.157 50.98 42.542 17.572 16.053 52.6575 35.7135 34.906 33.722 37.962 29.511 38.8935 41.604 39.871 14.535 2.502 7.7535 0.8489999 14.076 28.332 30 30 30 30 30 30 14.847 0 0 0.213 0 0
21.826 59.53352 69.22 9.026999 0 0 0 0 0 0 0 0 0 0 0 0 0 0 0 0 0 11.7555 77.01849 41.4375 32.011 41.2675 42.772 51.374 20.689 0 0 0 0 0 0 0 0 0 7.284 19.952 20 24.511 20.716 20 20 20 20 20 24.581 32.034 58.821 52.968 40.008 30.296 10.66 26.4985 51.953 39.849 42.972 39.7215 37.331 34.233 38.7755 39.445 43.601 22.591 25.7355 9.764999 22.596 20.757 9.186 5.769 24.879 23.214 25.896 25.34104 25.236 25.407 2.631 0 0 0 0.126
1.854 79.722 84.05 21.8365 0 0 0 0 0 0 0 0 0 0 0 0 0 0 0 0 17.323 20.0685 65.31401 52.84449 73.70351 85 85 85 84.1245 53.176 17.952 0 0 0 0 0 0 0 6.04 13.834 20 20.914 20 20 20 20 20 20 21.624 27.113 60 46.386 40 18.344 0.036 7.089 35.8605 45.154 35.5175 31.5305 33.44099 41.884 42.942 42.845 32.8015 10.8435 0.897 0 1.293 0 0 6.348001 12.876 9.585001 2.49 3.9445 31.7855 24.3265 7.085999 0 0 0 5.94
37.863 90 88.149 60.656 0.425 0 0 0.119 2.2695 0 0 0 0 0 0 0 0 0 0 14.552 69.50449 70.9155 56.015 5.44 43.47749 85 85 85 85 69.734 15.487 0 0 0 0 0 0 0 1.296 16.438 20 20 20 20 20 20 20 20 22.772 45.844 62.7175 49.7925 40 20.412 0.03 12.28 33.96 47.138 49.4255 37.733 26.027 35.176 45 45 21.564 0 0 0 0 2.595 11.508 16.62 25.635 25.185 25.149 29.961 40.626 53.625 6.696001 0 0 0 16.041
65.115 90 89.26 85.003 32.878 0 0 30.5915 33.065 0 0 0 0 0 0 0 0 0 0 59.4575 45.118 72.7515 80.3505 60.605 62.4325 84.6175 69.4025 72.8705 85 25.93349 0 0 0 0 0 0.6715 14.2205 9.642 30.416 23.082 20 20 20 20 20 20 20 20.888 48.154 48.524 77.67249 71.9275 70.83401 57.4915 12.894 48.12999 41.148 44.311 40.081 29.7745 30.6685 43.154 45 45 41.5035 12.096 0.6660001 0 0 4.014 18.891 27.969 29.463 4.782 0.066 5.989606 13.2805 50.306 1.449 0 0 0 12.516
29.3255 90 90 86.76301 77.741 29.41 4.3095 9.7835 42.704 0 0 0 0 0 0 0 0 0 3.196 70.1675 43.24801 56.729 79.798 57.94451 82.64551 84.354 49.555 64.30251 85 83.113 23.7915 0 3.638 0 0 0 17.85 19.522 28.512 33.751 20 20 20 20 20 20 20 20.656 42.546 40.0675 80.21201 85 85 84.32 39.563 52.416 40.714 48.04 40.7635 26.1375 33.003 44.2065 45 45 45 38.6775 0 5.67 8.311501 6.764 10.452 17.771 17.571 25.899 10.7955 53.144 54.5285 32.95399 14.37 3.086 0 0 4.92
12.1315 88.52 90 89.48599 82.79101 85 62.92549 3.3065 2.7795 0 0 0 0 0 0 0 0 0 4.641 68.272 78.5655 82.841 80.9285 56.95 57.0775 25.585 50.0905 69.8275 78.48901 85 10.438 0 3.8165 0 0 0 0 4.839 20.077 20.85 28.067 28.208 21.307 20.133 20 20 20 20 32.829 52.933 85 85 78.1575 81.57449 83.2325 61.5045 42.525 41.231 38.8035 34.6965 29.9445 45 45 45 45 44.289 5.912999 27.756 4.762 20.01 24.524 27.027 21.683 19.024 20.33228 50.537 33.15 7.178 7.416999 0 0 0 10.305
0 43.8015 80.992 76.725 84.5955 18.9905 13.1325 43.7325 1.5725 0 0 0 0 0 0 0 0 0 21.93 85 85 57.664 76.823 84.43051 33.1245 36.21001 18.2495 44.8715 12.07 24.65 4.0545 0 0 0 0 0 0 1.022 17.66 20 20 22.858 26.711 28.2 27.844 20 20 20 54.4025 81.211 85 74.91899 83.572 85 83.75351 46.952 53.554 36.345 37.678 49.688 40.267 45 45 45 45 9.657 2.2275 30.3705 5.284 6.289 20.596 37.811 54.662 30.988 20.8483 17.167 6.4135 1.956 17.418 2.919 12.516 2.514 9.734999
0 2.499 26.1645 20.115 43.704 2.331 0 0 0 0 0 0 0 0 0 0 0 0 0 51.4845 85 56.36349 61.999 58.42899 56.9755 20.0005 50.728 32.4615 47.2005 11.067 0.051 1.5215 0 0 0 0 0 0 11.672 20 20 20 20 20 26.318 29.987 22.788 21.2025 79.969 85 77.4945 76.6955 85 85 50.1205 40.432 53.91399 40.053 48.41101 50 49.78 45.036 45 44.3825 32.4645 4.158 5.2335 27.7695 20.158 15.043 28.36 46.788 30.73301 23.415 20.187 23.628 28.446 15.213 19.749 19.536 30 29.733 26.982
0 0 1.836 43.10101 5.832 0 0 0 0 0 0 0 0 0 0 0 0 0 0 12.41 35.309 4.1055 59.7125 25.5425 46.648 31.9685 41.667 46.7925 6.3325 7.905 21.488 48.552 0 0 0 0 0 0 8.544 20 20 20 20 20 20.001 20.744 27.167 53.006 81.49052 82.5695 58.09301 85 85 80.09499 43.5955 43.466 44.99 39.9855 36.052 41.64 50 45.5365 26.3395 15.962 9.806 16.095 33.862 31.90549 24.7285 33.236 34.924 35.256 9.341999 19.733 20.423 28.918 30 30 30 30 30 30 30
0 0 0 0 0 0 0 0 0 0 0 0 0 0 0 0 0 0 0 0 0 0 0 21.9725 5.338 1.122 14.9345 50.7195 45.764 80.9455 41.5395 24.48 23.783 0.3145 0 0 0 0 0.522 10.616 17.33 20 20 20 20 20 20 61.25349 78.2935 54.72399 62.27301 85 85 83.74 52.6765 40.944 46.9345 50.473 48.2625 35.7955 35.8635 26.4245 9.7965 3.9975 25.116 33.2645 37.5655 22.0335 33.2105 56.848 57.64 35.528 18.208 20.5 27.634 30 30 30 30 30 30 31.4735 32.17
0 0 0 0 0 0 0 0 0 0 0 0 0 0 0 0 0 0 0 0 0 0 0 0 0 0 72.0375 82.1865 44.4635 9.579501 7.871 18.717 41.6925 0 0 0 0 0 0.004 18.004 20.259 26.452 24.842 21.151 20 20 20 26.8445 71.06249 67.2755 39.91 79.972 85 74.77151 29.714 41.276 44.1835 41.947 42.283 31.3975 26.941 43.3055 44.8245 29.5555 34.4945 23.4765 11.4525 12.2915 39.471 38.676 23.081 10.183 15.41 10.831 30 30 30 30 30 35.768 53.541 47.9865 64.6955
43.5965 1.5045 0 0 0 0 0 0 0 0 0 0 0 0 0 0 0 0 0 0 0 0 0 0 0 0 16.9745 73.39749 79.679 81.94849 75.7945 60.08649 45.373 0 0 0 0 0 0.202 20.754 20.203 12.36 27.204 20.611 20 20 20 19.692 60.326 84.01401 33.9515 51.40099 78.3225 56.83649 29.866 25.116 45.46049 42.184 37.447 27.2605 21.82 13.0035 20.608 33.333 34.604 14.709 9.946 18.4015 32.35 26.99495 22.249 23.026 34.98001 29.115 30 30 42.551 54.4685 39.2155 31.099 61.087 65 65
83.78801 54.1185 0.5185 0 0 0 0 0 0 0 0 0 0 0 0 0 0 0 0 0 0 0 0 5.695 0.0765 0 0 4.4455 0.6544999 71.145 28.475 74.069 12.2825 0 0 0 0 0 0.09 4.914 0.09 0 0.033 11.24 20 20 19.36 5.840001 39.214 85 57.035 24.7605 84.9475 57.307 25.664 30.808 45.6085 36.771 32.149 37.758 29.51 22.995 21.0795 24.698 10.989 39.5115 32.118 14.90202 18.9295 24.0425 30.296 42.1775 52.995 52.2705 32.8875 32.8945 55.046 65 63.796 57.5205 65 65 62.582
84.57301 85 29.58 0 0 0 0 0 0 0 0 0 0 0 0 0 0 0 0 0 0 0 0 8.211 0 0 0 0 0 9.775 4.9385 25.3895 7.5225 0 0 0 0 0 0 0 0 0 0 1.804 22.224 20.85 19.89 4.79 19.0395 80.0295 80.105 33.8205 46.46001 49.054 38.75 40 55.15 46.108 36.595 33.474 36.275 33.8545 33.2195 27.7755 24.3625 30.0195 54.335 44.94514 28.1145 47.948 62.004 59.208 65 65 62.116 63.04 60.996 65 65 65 65 56.0625 5.4535
83.29251 84.91599 70.652 10.285 0 0 0 0 0 0 0 0 0 0 0 0 0 0 0 0 0 0 0 0 0 0 0 0 0 0 0 0 0 0 0 0 0 0 0 0 0 0 0 2.771 26.816 25.386 20 18.822 30.705 67.25349 11.1435 46.239 49.4725 40 37.18101 33.492 43.102 56.486 40.202 34.584 30 30.747 32.97 30 29.61929 14.8505 7.972001 34.08781 25.331 49.48 65 65 37.5765 30.589 58.279 65 65 65 65 65 64.734 21.6665 0
81.57301 81.874 84.9585 61.5485 17.561 0 0 0 0 0 0 0 0 0 0 0 0 0 0 0 0 0 0 0 0 0 0 0 0 0 0 0 0 0 0 0 0 0 0 0 0 0 11.105 8.087001 30 29.444 24.502 20 31.578 38.5375 0 51.34 81.14799 45.28749 19.498 2.633 31.783 48.454 43.53701 31.325 30 30 30 30 30 26.198 11.4725 13.48 41.076 65 64.0835 56.368 41.483 14.014 32.3375 65 65 65 65 41.1965 31.812 13.196 0
80 81.23849 82.1515 83.78648 52.3855 0 0 0 0 0 0 0 0 0 0 0 0 0 0 0 0 0 0 0 0 0 0 0 0 0 0 0 0 0 0 0 0 0 1.42 19.55 0.305 8.75 37.14 2.075 28.53 13.797 4.27 19.484 28.683 30.87401 6.021 61.4635 85 25.1345 0 20.955 38.409 40 39.948 39.272 37.338 34.976 31.1285 36.097 32.31 42.939 30.9 33.3965 56.212 65 35.2105 27.859 61.0805 44.7025 14.608 35.6775 63.84501 65 65 62.508 27.071 18.451 8.572499
80.89651 82.44451 83.38449 82.8125 84.113 6.427 0 0 0 0 0 0 0 0 0 0 0 0 0 0 0 0 0 0 0 0 0 0 0 0 0 0 0 0 0 0 0 0 0 0 0 13.06 50 40.955 39.148 34.244 26.299 22.208 31.414 29.789 26.704 81.16399 85 20.519 9.4 35.043 40 40 40 40 40 40.71 56.9825 64.9965 61.899 54.424 46.668 65 65 65 63.622 63.0435 60.0055 64.706 38.211 32.7405 63.404 65 65 64.40501 30.6545 40.315 44.523
69.08 82.35049 81.3865 83.55999 83.672 58.763 8.615 0 0 0 0 0 0 0 0 0 0 0 0 0 0 0 0 0 0 0 0 0 0 0 0 0 0 0 0 0 0 0 0 0 0 1.555 37.765 45.035 19 21.317 13.074 10.614 19.17 24.458 39.182 69.59999 62.4465 0.096 19.152 40 40 40 40 40 45.7575 50.2675 65.8685 56.555 56.575 65 64.03201 65 65 65 65 59.7045 49.887 44.713 22.697 42.6665 65 65 64.944 46.0545 16.717 44.159 45.1275
18.914 80.259 80.156 81.842 82.52648 73.774 79.1125 41.9905 0 0 0 0 0 0 0 0 0 0 0 0 0 0 0 0 0 0 0 0 0 0 0 0 0 0 0 0 0 0 0 0 0 0 0 0 3.078 11.028 0 0 0.478 3.4 12.4875 15.154 24.5835 23.321 9.309999 38.448 40 40 40 43.84098 57.0335 65.7825 52.4455 21.64 23.815 56.33 60.895 38.922 62.419 49.58599 43.1145 45.785 41.685 29.2025 14.364 23.471 59.799 64.461 60.814 23.572 14.0095 45 46.887
0 12.444 66.81401 82.6695 81.83099 74.168 65.4695 59.6005 19.791 0 0 0 0 0 0 0 0 0 0 0 0 0 0 0 0 0 0 0 0 0 0 0 0 0 0 0 0 0 0 0 0 0 0 0 0 0 0 0 0 0 0 0 0.216 2.369 15.872 34.92601 32.52 40.537 42.08199 41.528 34.963 35.1825 14.743 13.4325 14.388 23.619 25.67 16.8855 45.06449 65 65 56.21851 28.365 19.12 13.892 5.378 24.267 23.235 26.007 24.296 41.2075 45 55.2675
0 0 9.307499 71.0445 80.35899 52.52 0.872 0 0 1.476 8.991 2.394 0 0 0 0 0 0 0 0 0 0 0 0 0 0 0 0 0 0 0 0 0 0 0 0 0 0 0 0 0 0 0 0 0 0 0 0 0 0 15.487 0.6544999 0 12.727 36.118 40.324 34.312 45.508 43.27 40 19.13304 11.8735 2.3645 0 0.996 0.5445 3.3135 4.7115 14.3695 36.958 36.937 36.8425 30 17.629 6.152001 3.047 18.884 20 20 30.0325 45 28.101 35.44799
0 0 0 8.104 40.764 11.784 33.003 53.838 44.46001 55.107 61.299 30.105 0 0 0 0 0 0 0 0 0 0 0 0 0 0 0 0 0 0 0 0 0 0 0 0 0 0 0 0 0 0 0 0 0 0 0 0 0 0 15.3425 10.574 0 11.013 33.591 30.375 39.374 40 40 40 39.936 18.592 10.272 0.663 0 0 0 0 1.128 16.371 28.386 19.884 26.859 26.182 13.9335 13.3425 19.606 20 20.05 27.171 41.175 39.2355 3.663
23.38 2.245 0 0 0 0 1.044 20.583 35.055 29.223 20.367 0.036 0 0 0 0 0 0 0 0 0 0 0 0 0 0 0 0 0 0 0 0 0 0 0 0 0 0 0 0 0 0 0 0 0 0 0 0 0 39.6185 18.853 0 0 10.831 27.065 39.722 40 35.3 29.456 30.762 39.27 37.992 35.439 17.574 5.964 0 0 0 0 4.416 19.557 0.198 14.556 29.113 23.325 21.893 20.311 20 25.494 20.977 26.343 17.951 0
50 42.35 6.805 0 0 0 0 0 0 0 0 0 0 0 0 0 0 0 0 0 0 0 0 0 0 0 0 0 0 0 0 0 0 0 0 0 0 0 0 0 0 0 0 0 0 0 0 0 0 3.4935 0 0 8.943001 14.268 21.762 26.526 23.848 20.788 20 26.482 40 39.893 35.228 30.645 22.74 5.217 0 0 1.476 18.744 21.654 0 0 7.116 17.001 27.186 27.161 21.381 28.767 5.544 6.6745 19.8375 16.0975
50 50 16.475 15.795 10.145 5.635 10.685 0 0 0 0 0 0 0 0 0 0 0 0 0 0 0 0 0 0 0 0 0 0 0 0 0 0 0 0 0 0 0 0 0 0 0 0 0 0 0 0 0 0 7.174 0 0.6544999 21.009 29.594 21.176 23.2 20 20 20.22 38.6 40 40 33.22 30 30 23.904 14.658 7.365 25.254 30 28.023 4.809 0 0 0 7.803 29.058 21.846 21.437 0.369 10.9125 25 25
41.321 47.815 49.845 50 50 44.335 44.885 6.39 0 0 0 0 0 0 0 0 0 0 0 0 0 0 0 0 0 0 0 0 0 0 0 0 0 0 0 0 0 0 0 0 0 0 0 0 0 0 0 0 0 0 0 27.131 20.898 20.645 20.005 22.792 25.628 21.152 56.309 46.832 40 37.816 30.117 22.527 13.611 13.71 1.353 20.712 30 30 24.648 10.404 0 0 0 0 1.554 0.004 2.439 0 6.8675 23.955 25
47.846 48.499 45.119 44.1655 45.723 46.966 50 22.79 0 0 0 0 0 0 0 0 0 0 0 0 0 0 0 0 0 0 0 0 0 0 0 0 0 0 0 0 0 0 0 0 0 0 0 0 0 0 0 0 0 0 0 0 12.862 20 20 20 20 51.2975 82.85149 41.3995 40 36.689 27.489 0 0 0 0 6.944999 24.346 20.153 17.364 15.798 5.774 0.514 0 0 0 0 0 0 0 2.825 19.9525
43.292 49.7785 40.6785 44.978 28.37749 45.101 41.725 20.22 3.6585 0 0 0 0 0 0 0 0 0 0 0 0 0 0 0 0 0 0 0 0 0 0 0 0 0 0 0 0 0 0 0 0 0 0 0 0 0 0 0 0 0 0 0 1.318 8.233001 18.572 23.718 20.014 34.3715 78.2965 45.09851 40 40 22.864 0 0 0 0 0.738 11.505 31.246 27.27 10.355 16.6295 18.58 12.878 10.561 7.652001 0 0 0 0 0 0.4575
43.853 1.4685 4.384 34.0825 15.3505 18.641 10.611 0 29.9965 0 0 0 0 0 0 0 0 0 0 0 0 0 0 0 0 0 0 0 0 0 0 0 0 0 0 0 0 0 0 0 0 0 0 0 0 0 0 0 0 0 6.341 20.2215 0 14.172 20.855 23.575 20.049 20 33.6955 59.36649 52.3345 32.992 24.144 16.76 0 0.1475 5.588 22.364 26.319 29.508 34.0935 14.83 21.1795 24.3345 21.1005 20.935 28.684 15.654 2.364 0 0 0 0
40.8445 30.87 35.8319 33.8624 10.394 0 0 0 27.2935 5.219 0 0 0 0.7481999 58.0761 28.3552 21.913 3.094 0 0 0 0 0 0 0 0 0 0 0 0 0 0 0 0 0 0 0 0 0 0 0 0 0 0 0 0 0 0 0 0 0 34.255 27.965 23.1945 25.6405 20.165 20 21.583 23.857 59.151 49.063 40 23.916 1.724 0 8.4275 17.265 19.9025 25 25 25.0435 20.262 19.892 27.1695 22.605 24.214 29.599 30 19.752 0 0 0 0
0.572 4.028 4.317 7.276 14.696 8.856 0 0 8.602 0.731 0 0 5.2632 13.2421 65.87251 77.4095 85 77.0015 8.669999 8.5255 13.3195 1.1135 0 0 0 0 0 0 0 0 0 0 0 0 0 0 0 0 0 0 0 0 0 0 0 0 0 0 0 0.9775 7.2675 58.174 75.9985 84.54099 74.206 19.224 24.8075 24.688 29.402 33.39051 40.557 38.5805 35.776 37.2 11.072 0 11.6375 25 23.1875 19.7225 20.0285 17.6075 23.4565 25.532 25 25.12 28.535 18.533 4.347 0 10.468 8.876 0.196
19.5306 48.051 79.668 10.233 0 0 0 0 0 0 0 0.021 12.4528 28.662 47.1495 46.0105 48.58601 7.5905 13.43 33.847 25.5765 61.9735 24.021 9.732499 0 0 0 0 0 0 0 0 0 0 0 0 0 0 0 0 0 0 0 0 0 0 0 0 0 14.2375 83.844 82.09299 74.545 52.819 61.9225 60.639 71.458 8.652499 31.063 23.2835 5.108 21.132 38.598 40 29.48 23.464 4.339 5.5985 18.149 0.162 1.023 3.078 12.867 19.8245 24.1155 24.2065 27.693 23.802 1.52 14.708 39.616 38.848 11.7825
