STOTEN_Data/raw/HydGrp_C.asc
ncols         250
nrows         718
xllcorner     -2256000
yllcorner     1557000
cellsize      1000
NODATA_value  -9999
[rows 148 to 184 of 718, columns 83 to 165 of 250]
0 0 0 0 0 0 0 0.036 29.673 0 41.442 48.19949 49.747 85 75.9985 23.2865 7.421999 0.564 23.9705 42.30049 48.612 46.5815 68.365 11.488 0 0 0 0 0 0 0 0 0 0 0 0 0 0 0 0 0 0 0 0 0 0 0 0 0 0 0 0 0 0 0 0 0 0 0 0 0 0.5544 0 0 0 54.298 0.6035 0 0 0 0 0 0 0 0 0 0 0 11.598 26.3118 23.7865 17.91913 3.4425
0 0 0 0 0 0 0 0 0 12.683 42.6245 24.2685 55.69399 83.0695 84.83849 38.839 7.076 57.4375 54.10399 65.2755 78.19501 73.72201 62.33 2.46 0 0 0 0 0 0 0 0 0 0 0 0 0 0 0 0 0 0 0 0 0 0 0 0 0 0 0 0 0 0 0 0 0 0 0 5.0337 15.9705 22.0689 0 0 0.0085 70.90701 12.1465 0 0 0 0 0 0 0 0 0.402 14.01 10.194 5.7634 34.9297 46.09629 47.2886 0.854
0 0 0 0 0 0 0 0 0.0055 41.0935 32.3695 20.7755 36.991 53.7625 61.778 81.2515 75.14 86.52149 71.514 90 88.94699 86.238 76.637 19.172 12.4875 7.9275 0 0 0 0 0 0 0 0 0 0 0 0 0 0 0 0 0 0 0 0 0 0 0 0 0 0 0 0 0 0 0 0 4.5549 48.0123 35.1918 2.8035 0 0 26.945 78.4125 9.503 0 0 2.593335 0 1.5015 30.918 7.907001 28.638 39.2735 10.62 0.0068 26.5402 38.26191 29.5337 31.3118 7.949399
0 0 0 0 0 11.088 4.856 2.486 34.6555 55.03151 17.9665 36.1845 84.56651 85 85 85 85 83.55099 80.59499 81.81001 7.289999 5.859 54.045 52.75 15.115 37.443 0 0 0 0 0 0 0 0 0 0 0 0 0 0 0 0 0 0 0 0 0 0 0 0 0 0 0 0 0 0 0 0 0.0315 0.9639 0 0 0 1.1475 36.5075 26.0355 1.898302 26.95146 12.24 0 13.0473 18.9594 55.2455 70.552 55.5785 11.37 0.8692 18.0805 32.85309 41.7402 32.4067 5.983699 0
0 0 0 0 8.832 6.296 0 36.8445 55 37.9395 2.023 46.784 85 85 85 85 84.54151 70.4875 56.079 30.231 0.459 65.988 87.107 77.057 77.59599 41.5145 0 0 0 0 0 0 0 0 0 0 0 0 0 0 0 0 0 0 0 0 12.43033 10.0935 1.305 0 0 0 0 0 0 0 0 0 0 0.0055 0 0 0 41.701 10.95559 0.424 43.16 27.014 14.646 34.8175 43.722 29.7051 30.8013 4.86 3.522 10.08983 45.4619 46.0475 41.3966 50.408 49.921 11.5593 1.8232
0 0 0 7.84 9.320001 0 1.012 54.4995 55 40.1695 7.0465 55.7515 60.23101 79.63651 85 42.5595 26.89 10.77 0 0 23.022 81.45 86.4885 78.906 79.32501 41.648 0 0 0 0 0 0 0 0 0 0 0 0 0 0 0 0 0 0 0 0 22.8825 14.4 0.4005 0 0 0 1.339458 0 0 0 0 0 0 11.66 0.0275 0 21.488 73.22176 34.50323 2.296 12.88 61.03201 16.48 1.3581 2.7468 10.5018 43.2909 5.8149 0.0119 23.1883 50.5864 53.7458 47.73921 36.3776 37.9298 16.2134 3.0782
0 0 6.104 10.248 0 0 0 30.613 55 25.3825 16.5495 56.032 21.114 49.48699 78.90549 47.4215 16.269 0 0 0 36.648 85.54401 81.226 76.45599 79.827 33.4935 4.102 1.175 0 0 0.054 0 0 0 0 0 0 0 0 0 0 0 0 0 0 0 0 0 0 0 0 42.01533 60.35054 3.825 0 0 0 0 0 0 17.13475 50.78524 2.320819 70.08799 37.451 7.248001 31.904 49.112 0 0 3.0051 44.1378 17.3943 1.749 20.6678 35.1017 42.2972 53 45.9235 44.1013 16.1 1.1766 2.664
1.342 5.08 10.8 0 0 0 0 23.848 53.162 39.963 24.3845 19.8385 22.6015 1.4365 35.292 12.988 0.612 0 0 0 38.0465 88.71949 85.458 66.5505 70.674 47.151 33.126 21.148 3.967 5.796 8.266001 0 0 0 0 0 0 0 0 0 0 0 0 0 0 0 0 0 0 6.51586 24.1485 51.22099 4.730641 7.025232 0 0 0 18.22335 14.79239 0 5.526889 61.5825 48.875 28.7605 47.148 31.81 22.24 8.960001 1.172 1.1781 22.3209 50.3685 26.4662 48.4137 56.7366 58.32801 66.67461 60.9742 56.5031 36.4557 7.4365 17.0129 1.9861
20.3815 14.784 0 0 0 0 0 14.8495 78.00449 54.00701 59.7875 20.6325 5.236001 0 0 0.2635 46.4185 59.34701 51.3655 63.5 86.36399 86.91949 73.61699 24.1515 26.7 60.55901 22.591 20.861 10.283 3.805 6.726999 0 0 0 0 0 0 0 0 0 0 0 0 0 0 0 0 0 0.152 0 4.443095 13.36412 0 0 0 0 36.12339 39.59794 75.90399 1.704 4.1905 70.5585 25.62951 22.6275 50.724 22.728 0.12 25.696 0.256 5.5257 5.6816 20.0709 40.9458 60.07561 48.77489 35.2154 42.1901 47.0568 41.9698 39.7548 39.0347 39.6769 17.8354
7.351999 0 0 0 0 0 2.822 36.8135 44.6505 36.0345 46.773 0 0 0 0 21.437 80.08701 81.68999 74.23051 83.781 85.2795 43.2125 56.4445 55.4725 10.5265 45.5965 46.985 22.2495 5.301 8.046 2.004 0.652 0 0 0 0 0 0 0 0 0 0 0 0 0 0 0 0 34.46235 39.81959 14.57883 1.869818 0 0 0 11.62397 62.86318 46.99649 59.84001 50.208 30.909 31.02051 33.372 54.738 24.102 4.868 25.364 14.0985 3.474 38.0538 49.5174 52.77562 40.166 49.00091 43.90379 25.1209 34.2986 38.36169 37.2472 21.3707 45.26909 26.287 22.1601
0 0 0 0 0 0 10.3785 54.757 20.196 20.583 50.26301 0 0 0 2.8815 72.2075 84.98599 79.812 78.397 77.41299 38.1535 58.4155 40.70551 48.497 9.537999 33.34651 23.842 20.833 5.066 2.253 4.05 5.384 0 0 0 0 0 0 0 0 0 0 0 0 0 51.81365 47.49343 38.75951 66.94748 78.98801 72.76601 77.6888 38.46253 40.154 34.9265 31.46619 82.70699 71.2765 42.095 68.11199 69.16299 21.528 39.31599 55.308 8.912 19.4487 31.5712 12.1644 43.9174 58.21681 51.53571 33.1974 28.42089 31.2687 39.9274 49.23309 27.40651 36.9669 32.5646 23.8783 45.2264 44.0712 21.8195
0 0 0 0 0 28.611 14.5435 40.0775 13.0645 36.7915 56.0445 7.592501 0 0 4.1565 83.09451 82.93 84.019 58.00399 1.9465 37.524 58.427 31.221 51.2295 20.7465 21.0465 20.467 20.826 1.64 4.771 5.443 0 0 0 0 0 0 0 0 0 1.137183 1.020424 0 1.4705 46.9925 58.784 79.912 79.17 84.04551 81.04249 74.1825 79.775 79.8895 84.4562 84.4435 84.20053 76.4305 64.949 59.827 41.124 44.776 51.27 48.888 48.0015 35.4722 18.6663 11.7196 42.382 50.9575 51.7131 38.7834 28.597 48.3065 55.08661 64.9664 45.61409 30.0512 26.0893 40.8779 47.4754 53.6627 58.5797 41.2602
0 0 0 0 0 0.7819999 0.289 0 14.138 51.1815 57.7 0.456 0 0 28.664 79.553 79.2345 81.6305 77.2225 0.1275 47.6675 42.19901 29.4195 24.2585 19.806 18.3305 6.404 11.9535 3.964 13.925 8.533999 0 0 0 0 0 0 0 0 0 24.62162 51.391 24.686 53.635 75.61599 85 84.76201 74.74899 84.1525 82.71201 80.84849 81.116 82.00051 84.17651 82.11699 84.811 68.0835 28.5643 38.5318 45.822 50.0685 51.14999 58.096 47.2646 24.4009 26.5469 24.0925 52.5522 54.7286 61.108 52.27171 59.5396 61.2176 66.60201 40.53671 37.26341 45.8857 43.3565 48.6416 55.23669 58.9511 61.9928 56.58081
0 0 0 0 0 0 0 37.961 61.339 43.8155 0 0 0 2.6 60.2175 80.281 80 82.2945 65.51799 23.2235 68.57301 65.43999 63.867 27.029 58.352 66.613 20.5755 27.8425 2.463 12.523 11.548 0 0 0 0 0 0 0 6.084642 16.4375 53.5155 58.97701 44.0295 84.1415 78.897 84.995 79.61649 75.80149 84.978 82.60201 80.5095 80.1105 82.3575 84.16251 80.751 82.64801 53.5765 22.90189 19.9434 54.5606 46.273 44.5565 40.561 47.84248 38.7308 24.7164 47.60181 48.47231 61.89299 64.9864 64.5942 64.67779 55.58121 45.81321 32.6963 42.9713 46.61459 46.1862 49.6695 45.9338 45.362 54.0644 58.9424
0 0 0 0 0 0 6.460001 80.257 67.23499 0.119 0 0 0 10.048 80.314 69.56801 70.96799 60.108 28.7365 54.07551 75.298 82.089 76.27349 20.155 75.82901 94.09749 77.27299 68.516 5.615001 7.472 5.097 0 0 0 0 0 0 0 10.93502 8.2875 53.6185 17.7125 2.873 67.7145 84.174 84.0845 80.591 76.43201 85 83.7205 80 81.91 82.46501 80.70251 79.74699 54.86401 31.502 38.031 15.4982 42.68049 54.592 53.5225 47.1035 41.79467 35.51157 32.7702 35.9208 59.45691 57.8162 52.5149 34.941 44.1307 36.6617 39.4292 15.9405 36.0764 18.2672 48.43119 48.1156 28.6359 46.0232 38.1676 44.2118
0 0 0 0 0 0 14.0335 73.9585 81.685 12.24 0 0 4.387 58.1825 70.02 77.4315 80 80 83.09801 49.66851 35.846 81.93501 34.5125 18.712 84.76951 91.7035 84.645 64.4245 23.734 4.032 0.15 0 0 0 0 0 0 0 0 0 2.028 0 21.801 84.175 85 85 85 75.5735 85 83.8555 80.4845 81.138 78.4305 72.646 54.80849 33.88099 42.06009 47.9114 17.2268 31.275 53.9745 47.9295 19.7632 29.56541 51.07967 15.9182 41.5798 48.86909 55.7891 69.20251 36.0649 24.2039 16.8991 17.7517 17.7136 46.4696 45.1232 38.8673 44.5113 22.9499 55.6307 65.3579 47.50491
0 0 0 0 0 0 0 8.075001 26.6645 62.7895 0 0.272 64.89649 71.56899 63.16301 79.068 80 71.90401 66.4975 41.536 46.247 69.1475 16.268 35.977 95 95 92.2545 73.11749 41.4445 16.64799 7.468 0 0 0 0 0 0 0 0 0 0 0 33.195 84.9945 85 79.645 38.2755 75.0295 84.47099 84.15499 82.54451 83.07401 55.214 27.25301 33.81651 42.766 48.69201 48.1325 36.926 52.87 53.33509 38.9242 15.3294 19.455 41.5489 52.7248 44.47651 34.402 42.4797 38.5444 25.1468 17.1856 28.3575 10.114 21.0041 58.06161 45.2105 34.1577 9.6293 23.9174 60.1064 68.69421 42.668
0 0 0 0 0 0 0 54.2555 85 79.07549 0.0765 6.427 82.92501 69.833 61.90001 47.788 60.748 77.136 63.80399 37.756 33.666 58.4715 10.6245 31.3335 67.159 83.932 48.86448 71.172 43.3105 22.3505 3.165 0 0 0 0 0 0 0 0 0 0 0 40.6555 84.87601 84.3625 29.1465 0 53.3275 83.594 84.763 84.702 84.838 50.481 26.9505 37.4955 48.3375 47.0175 48.565 52.278 59.16899 44.208 38.1719 24.3018 30.1155 39.39529 56.4722 57.68269 55.6653 46.7869 54.0025 23.5838 22.7087 57.1231 36.51321 52.1891 61.1159 30.6062 24.2303 29.4884 49.223 42.8079 29.60309 47.1559
0 0 0 0 2.074 18.938 2.159 35.343 78.26799 46.002 0 0.6885 59.51749 50.6655 59.61399 40 36.664 74.87199 55.5505 45.346 61.31 54.8485 32.5365 32.7955 50.01451 13.54 17.9955 27.4275 68.0315 70.465 33.637 1.374 0 0 0 0 1.5725 2.7075 0 0 0 0 4.6835 69.149 56.3705 0.068 0 33.7485 84.908 82.546 84.62201 85 49.688 18.6185 49.105 44.177 45 46.647 46.72 41.23891 34.653 39.811 33.4487 37.5529 46.02989 57.98029 46.7418 54.8879 60.7158 60.07571 50.1836 44.362 64.3136 60.5456 62.99521 29.3532 30.2948 32.3312 40.3147 58.62379 56.60661 44.3244 28.6687
0 0 4.148 0.6375 0 1.666 30.6595 47.753 83.83549 71.2385 3.5275 0 3.604 46.102 42.31149 40 42.56 80.63351 80.21799 70.6135 70.254 38.863 33.649 41.1335 45.493 36.099 25.9075 5.805 2.31 39.10349 57.6805 0 0 0 0 0 0 0 0 0.9975 4.0425 0 0 30.213 28.777 0 0 58.119 85 85 85 85 74.53349 12.3865 37.3155 42.88049 44.898 45.0405 46.3984 19.7478 27.5194 40.51 34.325 40.1958 48.8147 47.1058 64.98951 63.82699 62.55249 56.9847 43.1519 39.5424 41.8265 41.6163 19.2629 15.7727 37.3554 36.39621 22.3174 8.843398 27.0094 22.4392 23.1895
0 22.78 64.58301 0.3655 0 36.584 33.1925 85 85 85 32.317 0 30.7955 53.811 67.3955 43.749 40.43 82.65849 83.513 60.86649 40.93 28.5195 38.1135 17.518 17.3865 26.19651 23.6655 15.912 10.139 8.406 0.308 0 0 0 0 0 0 0 0 1.3625 5.1415 0 0 3.768 21.864 0 13.835 81.7275 85 85 85 85 85 49.016 7.443001 15.2645 44.5755 49.113 27.0915 31.1413 38.0248 46.1215 45.3475 51.1111 44.8216 49.10941 56.6211 64.11279 56.76529 45.1248 52.05959 23.1408 43.9535 41.5668 19.7735 39.7429 28.3503 25.3913 16.708 8.3738 3.8082 15.1646 20.9721
7.144 6.698 0.867 0 0 65.12701 63.852 66.19799 85 85 6.714999 6.196499 65.97701 48.7865 59.89151 78.3535 57.2725 78.951 75.85349 78.6055 48.9385 44.022 35.9835 33.9955 33.822 17.413 15.459 15.267 22.755 18.817 2.763 0 0 0 0 0 0.819 0.826 2.079 15.743 20.979 3.724 0 9.0035 34.0265 0.7264999 32.35851 81.65949 85 85 85 58.0975 41.34401 67.1245 1.044 22.6235 9.0495 11.0925 40.2095 48.263 46.07451 42.183 43.24799 48.67159 51.0945 34.5005 39.6286 48.10759 52.0116 50.7274 60.6588 45.67379 35.5324 37.3347 22.3858 51.2648 19.2792 20.8506 30.9523 32.4562 16.0694 23.7663 38.5847
42.065 36.98213 0.0075 0 0 48.0675 85 70.90701 77.5115 74.7915 8.351 4.59 74.4855 35.679 51.659 71.783 55.272 73.95901 82.38901 75.1185 35.5905 45 30.1215 38.34 27.401 16.373 12.695 10.372 8.781001 24.006 1.944 1.556 12.47454 3.598 0.8749999 9.124499 12.5755 7.2485 0 14.07 52.3161 5.3389 3.5475 15.394 12.085 19.2945 2.475 34.7955 85 85 85 75.259 13.1835 18.378 0.7785 8.3915 13.053 42.30199 49.13849 58.54001 42.22001 27.55 33.542 25.1665 29.4563 47.5432 32.80549 36.23069 58.14451 61.69661 41.4511 39.7737 40.1941 47.0187 51.08041 65.64709 46.49459 34.01799 44.94471 23.3538 9.1039 34.172 35.1282
67.83499 63.8765 10.1075 26.948 18.511 67.14781 85 85 75.66701 44.538 8.592602 27.58564 73.78899 69.6385 46.7 35.276 61.917 82.10051 84.951 68.135 33.1655 33.249 23.3625 38.061 26.383 15.5135 11.043 16.697 15.966 27.157 3.912 0.302 19.91212 2.1245 1.617 2.5515 0.427 5.939499 5.656 13.4645 28.8836 11.3693 13.655 9.595 0 7.02 8.75 25.612 84.8555 85 85 85 34.1785 35.51 36.2645 47.33599 44.10451 47.1325 43.7285 42.69951 43.221 33.806 30.836 45.2882 42.7654 40.61471 59.4351 49.8703 59.10998 46.6366 56.80111 39.60101 38.9212 31.2568 43.5335 26.181 20.5704 24.2156 38.41579 30.39841 38.34639 41.90561 31.59541
67.8515 24.4535 34.212 60.636 45.071 47.4915 81.346 48.83051 17.51927 30.51967 19.50073 44.488 15.5225 32.7647 15.25 35.068 51.488 63.40899 51.5265 31.128 18.133 22.338 37.2405 35.35403 36.6697 43.377 16.179 9.465 13.847 18.81845 3.129556 0 2.548 10.8955 3.507 1.309 0.3115 0.0455 3.7555 0.0665 1.0395 3.715 21.0275 11.9675 3.58 11.3625 16.2475 10.5295 82.39899 85 85 85 24.1505 54.0925 46.8835 45.10249 42.3765 44.658 42.147 34.4415 45.206 40.475 25.0091 52.9483 46.7081 47.7609 51.6372 61.8707 50.0275 43.233 48.90569 54.06659 55.8187 38.1682 29.4546 42.5042 32.2836 50.64571 41.2984 32.7642 24.1373 28.74519 36.6729
47.483 26.0235 24.828 65.7815 43.299 40.928 42.9785 25.2495 15.9575 50.12389 42.06177 37.76799 61.824 38.856 0 0 3 0 0 1.604964 29.75343 43.61679 5.222826 0.288 4.427627 21.19589 9.233819 6.786966 10.48161 3.003243 0 0 0 14.1995 21.245 0.8785 0 0.042 6.702501 0 0 7.987 21.505 21.6825 4.5525 13.8125 4.7825 2.1035 65.4245 85 85 83.365 24.788 47.60199 47.12151 44.4425 40.804 41.68349 41.30051 43.005 45.7785 42.6826 16.0587 48.91631 47.9639 48.4929 45.89849 52.6465 42.6046 57.90761 44.40791 44.7204 55.19389 50.6936 41.5424 23.30281 28.7932 36.0219 34.7822 33.63 31.5129 25.5265 34.0894
37.635 52.384 53.18 64.30099 50.15 29.878 22.16 21.126 17.067 41.79654 37.89301 36.584 67.44 63.376 12.976 0 0 0 0 0 5.182162 5.209302 0.8487391 0 0 0 0 0 0 0 0 0 0 11.354 26.999 0.1365 0.8505 22.4665 33.166 13.248 19.6765 20.752 19.9225 13.8175 3.6925 10.99 4.715 12.223 49.82699 85 85 71.4105 40.3605 51.192 45.013 44.58149 41.2135 51.0595 44.49699 44.73849 44.904 39.008 29.7558 31.3137 39.39464 44.13758 38.82521 18.68635 27.5046 29.5234 31.3445 25.2967 47.9516 57.626 62.318 47.5899 19.8155 35.417 38.7966 48.16491 43.3552 38.24771 40.7792
0.5025 24 48.36 45.723 57.839 43.1995 9.456 35.7025 55.64452 28.42439 14.6115 46.904 53.92001 21.112 0 0 0 0 0 0 0 0 0 0 0 0 0 0 0 2.268 4.7635 0 0 5.9465 23.8105 16.1105 0.752 41.251 33.7715 20.969 13.605 12.0575 12.2175 6.3675 6.88 6.395 2.2 1.8615 63.6905 85 79.3275 56.89349 52.87699 44.61661 49.72001 40.37399 37.07051 51.631 44.7455 24.999 41.11912 48.369 42.4348 37.55756 31.67738 34.82684 39.94127 19.60492 26.3381 17.41702 12.18865 10.61248 25.41795 26.40764 25.99199 33.85738 17.67816 23.55186 9.080602 32.7077 39.35521 42.92721 33.7741
0 0 26.7625 39.2845 69.7295 70.43451 27.668 33.11432 65.40831 40.8564 17.872 38.88 4.512 0 0 0 0 0 0 0 0 0 0 0 0 0 0 0 0 5.3935 24.591 0 0 1.211 0.06299999 21.07 9.352 44.09049 4.97 25.626 21.035 8.28 9.9375 2.6625 5.73 0 0 0 30.04749 67.99149 80.1755 44.0645 10.63229 1.5955 0.336 46.587 52.2175 23.292 7.122 0 25.18889 30.22 30.01281 35.06597 23.132 10.44 16.588 24.73601 7.172999 20.244 35.576 36.93437 17.776 38.02808 36.382 43.312 39.6835 18.1127 15.6914 18.6001 31.4822 43.43489 11.2431
3.572 7.5075 28.457 39.1575 65.0705 67.03401 35.296 42.2263 47.11699 46.87966 32.16 44.424 18.72 0 0 0 0 0 0 0 0 0 0 0 0 0 0 0 0 6.1565 21.1595 3.515 0.196 14.413 6.4785 17.836 18.6565 33.388 0 49.034 27.577 0.03 1.7575 0 0.055 0 0 0.216 30.1825 64.53249 57.2215 10.029 0.9010001 71.2115 58.3005 29.5565 24.8215 14.168 3.3605 1.8525 7.871 14.188 33.203 17.388 3.32 11.424 23.8945 18.346 14.281 14.9345 12.008 18.601 9.420002 3.799 24.212 32.00749 24.806 15.134 32.6186 39.028 32.502 30.3704 30.5647
24.2935 57.549 65.87 37.66649 64.047 55.2635 68.447 49.13914 37.535 34.368 13.632 49.248 16.128 0 0 0 0 0 0 0 0 0 0 0 0 0 0 0 0 0.4095 9.6085 1.1225 0.007 3.8675 31.3495 27.167 27.2595 49.3 6.076 19.198 20.373 3.3904 0 2.0615 7.4305 0 0 6.711999 48.17151 25.437 5.8665 0 21.888 88.60252 92.855 43.2785 18.1965 12.1735 1.5865 22.591 0.476 5.23 14.025 28.483 10.642 1.411 5.817501 0 0 0 0 5.103 29.7445 11.3975 23.681 74.2685 60.9423 20.8781 25.0591 37.8373 30.3972 56.39299 43.8385
28.3575 17.472 30.768 78.944 23.756 45.6925 80.69901 56.38348 30.22599 30.224 35.656 66.87999 16.984 0 0 0 0 0 0 0 0 0 0 0 0 0 0 0 0 0 0 0 0 0.3955 28.392 35 36.386 52.712 14.693 26.73649 22.7581 7.047601 0 12.1415 11.473 0 0 0 3.098271 7.1715 0 4.496 65.16249 89.17149 93.86199 45.645 3.108 5.6625 7.666501 4.465 0.06 21.81 25.215 1.193 11.0675 0.5605 0 11.226 0 0.259 0 5.239 7.22 34.595 52.802 84.92349 67.2439 22.70879 22.0042 19.7912 23.6909 48.0647 29.8294
16.672 40.248 67.792 40.952 24.884 42.1555 54.886 49.9301 18.46325 10.912 20.64 47.568 0 0 0 0 0 0 0 0 0 0 0 0 0 0 0 0 0 0 0 0 0 13.013 8.862 34.6815 20.2409 31.5775 1.0955 5.173 6.0718 10.2508 0.294 7.6755 5.6245 0 0.354 0 0.027 0.345 0.1275 9.397501 91.27451 94.644 85.71848 21.368 19.712 18.223 22.865 0.51 0.8635001 0 0 0 0 0.2375 4.4045 10.4735 5.8135 0.6125 0 20.162 6.984 5.301 15.5975 78.46351 44.98569 22.0722 22.0218 22.542 37.1878 38.6475 49.70781
0 2.12 43.008 18.7175 48.214 39.028 28.568 77.981 33.64126 41.808 7.232001 6.055999 0 0 0 0 0 0 0 0 0 0 0 0 0 0 0 0 0 0 0 0 0.2575 7.98 22.8165 28.2793 25.9539 32.4415 5.411 0 1.6128 1.134 1.5295 2.016 0.2345 4.422 16.104 0 0 7.878 1.9415 14.543 76.0135 94.604 87.17751 63.5695 31.217 15.0195 31.694 1.083 22.4125 3.674 0.8279999 14.1 0 5.223999 0.0605 6.718 13.664 10.866 6.9718 7.052102 22.4782 48.2333 58.59299 69.30051 16.2944 22.477 21.311 33.9264 47.83871 41.68519 31.5944
0 0.04 15.9055 24.819 59.45951 39.932 29.53501 57.29457 44.97875 23.32 14.328 0 0 0 0 0 0 0 0 0 0 0 0 0 0 0 0 0 0 0 0 0 3.2675 0.168 9.841999 32.47509 24.2543 17.682 1.6485 0 0 0 0 0.198 0 9.2585 7.805 10.441 5.501999 5.293 6.5875 13.871 61.1705 81.759 77.7365 50.973 23.1345 30.4575 36.3495 7.125 27.2965 24.0575 36.132 33.973 10.208 16.188 3.564 14.8055 30.6485 34.859 37.7154 39.0428 41.5704 38.6116 51.69508 52.40941 29.5095 23.9524 39.5023 49.3161 45.2564 35.12419 23.99799
12.822 30.215 37.054 48.3065 41.575 28.588 31.89797 64.01061 42.583 15.808 34.176 0.7600001 0 0 0 0 0 0 0 0 0 0 0 0 0 0 0 0 0 0 0 1.4845 16.7625 30.1468 33.8744 32.186 10.4209 0 0 1.165 2.005 0 0 2.664 8.217 8.993 19.98 16.1665 0 14.4415 6.2855 0.0825 36.8005 66.84001 62.9105 28.2395 13.997 57.1235 34.304 35.972 22.476 23.3285 22.894 27.666 24.424 39.3255 37.051 28.688 31.184 51.1165 59.873 51.5934 30.7829 38.88139 29.5022 40.9255 51.19289 36.4474 52.3224 53 33.89771 17.4029 31.4164
50.0485 30.7695 40.2695 55.05249 51.673 42.436 24.12352 51.48629 60.952 18.4 3.72 0 0 0 0 0 0 0 0 0 0 0 0 0 0 0 0 0 0 0 0.0385 20.895 29.67 32.3726 29.2901 23.2799 7.9688 0 1.305 23.105 4.077 0 0 27.2235 1.1305 0.0255 1.4 28.292 40.6325 25.628 10.4155 3.575 9.768 34.442 78.279 54.17849 38.682 43.621 50.658 20.357 20.002 20.8185 21.3895 1.83 19.1945 26.03099 41.21399 37.644 39.382 39.468 43.2602 33.9414 25.8499 24.7088 18.3165 33.0773 58.22239 27.6164 43.19 53.584 53.4712 29.1665 34.2764
