STOTEN_Data/raw/LateralPosition.asc
ncols         250
nrows         718
xllcorner     -2256000
yllcorner     1557000
cellsize      1000
NODATA_value  -9999
[rows 288 to 323 of 718, columns 81 to 161 of 250]
208 228 247 267 286 306 327 348 369 391 412 432 453 473 494 515 536 557 577 598 619 640 661 682 702 723 744 765 786 806 827 848 869 890 911 931 952 973 994 1000 1000 -9999 -9999 -9999 -9999 -9999 -9999 -9999 -9999 -9999 -9999 -9999 -9999 -9999 -9999 -9999 -9999 -9999 -9999 -9999 -9999 -9999 -9999 -9999 -9999 -9999 -9999 -9999 -9999 -9999 -9999 -9999 -9999 -9999 -9999 -9999 -9999 -9999 -9999 -9999 -9999
201 223 244 265 286 306 327 348 369 389 410 431 452 473 494 514 535 556 577 598 618 639 660 681 702 723 743 764 785 806 827 847 868 889 910 931 952 972 993 1000 1000 1000 -9999 -9999 -9999 -9999 -9999 -9999 -9999 -9999 -9999 -9999 -9999 -9999 -9999 -9999 -9999 -9999 -9999 -9999 -9999 -9999 -9999 -9999 -9999 -9999 -9999 -9999 -9999 -9999 -9999 -9999 -9999 -9999 -9999 -9999 -9999 -9999 -9999 -9999 -9999
201 222 243 264 285 306 326 347 368 389 410 430 451 472 493 514 535 555 576 597 618 639 659 680 701 722 743 764 784 805 826 847 868 888 909 930 951 972 992 1000 1000 1000 -9999 -9999 -9999 -9999 -9999 -9999 -9999 -9999 -9999 -9999 -9999 -9999 -9999 -9999 -9999 -9999 -9999 -9999 -9999 -9999 -9999 -9999 -9999 -9999 -9999 -9999 -9999 -9999 -9999 -9999 -9999 -9999 -9999 -9999 -9999 -9999 -9999 -9999 -9999
201 222 242 263 284 305 326 347 367 388 409 430 451 471 492 513 534 555 576 596 617 638 659 680 700 721 742 763 784 804 825 846 867 888 909 929 950 971 992 1000 1000 1000 -9999 -9999 -9999 -9999 -9999 -9999 -9999 -9999 -9999 -9999 -9999 -9999 -9999 -9999 -9999 -9999 -9999 -9999 -9999 -9999 -9999 -9999 -9999 -9999 -9999 -9999 -9999 -9999 -9999 -9999 -9999 -9999 -9999 -9999 -9999 -9999 -9999 -9999 -9999
200 221 242 263 283 304 325 346 367 387 408 429 450 471 492 512 533 554 575 596 616 637 658 679 700 721 741 762 783 804 825 845 866 887 908 929 950 970 991 1000 1000 1000 -9999 -9999 -9999 -9999 -9999 -9999 -9999 -9999 -9999 -9999 -9999 -9999 -9999 -9999 -9999 -9999 -9999 -9999 -9999 -9999 -9999 -9999 -9999 -9999 -9999 -9999 -9999 -9999 -9999 -9999 -9999 -9999 -9999 -9999 -9999 -9999 -9999 -9999 -9999
199 220 241 262 283 304 324 345 366 387 408 428 449 470 491 512 533 553 574 595 616 637 657 678 699 720 741 762 782 803 824 845 866 886 907 928 949 970 991 1000 1000 1000 -9999 -9999 -9999 -9999 -9999 -9999 -9999 -9999 -9999 -9999 -9999 -9999 -9999 -9999 -9999 -9999 -9999 -9999 -9999 -9999 -9999 -9999 -9999 -9999 -9999 -9999 -9999 -9999 -9999 -9999 -9999 -9999 -9999 -9999 -9999 -9999 -9999 -9999 -9999
199 220 240 261 282 303 324 345 365 386 407 428 449 469 490 511 532 553 574 594 615 636 657 678 698 719 740 761 782 802 823 844 865 886 907 927 948 969 990 1000 1000 1000 1000 -9999 -9999 -9999 -9999 -9999 -9999 -9999 -9999 -9999 -9999 -9999 -9999 -9999 -9999 -9999 -9999 -9999 -9999 -9999 -9999 -9999 -9999 -9999 -9999 -9999 -9999 -9999 -9999 -9999 -9999 -9999 -9999 -9999 -9999 -9999 -9999 -9999 -9999
198 219 240 261 281 302 323 344 365 385 406 427 448 469 490 510 531 552 573 594 614 635 656 677 698 719 739 760 781 802 823 843 864 885 906 927 948 968 989 1000 1000 1000 1000 -9999 -9999 -9999 -9999 -9999 -9999 -9999 -9999 -9999 -9999 -9999 -9999 -9999 -9999 -9999 -9999 -9999 -9999 -9999 -9999 -9999 -9999 -9999 -9999 -9999 -9999 -9999 -9999 -9999 -9999 -9999 -9999 -9999 -9999 -9999 -9999 -9999 -9999
197 218 239 260 281 302 322 343 364 385 406 426 447 468 489 510 531 551 572 593 614 635 655 676 697 718 739 760 780 801 822 843 864 884 905 926 947 968 989 1000 1000 1000 1000 -9999 -9999 -9999 -9999 -9999 -9999 -9999 -9999 -9999 -9999 -9999 -9999 -9999 -9999 -9999 -9999 -9999 -9999 -9999 -9999 -9999 -9999 -9999 -9999 -9999 -9999 -9999 -9999 -9999 -9999 -9999 -9999 -9999 -9999 -9999 -9999 -9999 -9999
196 217 238 259 280 301 322 343 364 385 405 426 447 467 488 509 530 551 572 592 613 634 655 676 696 717 738 759 780 801 821 842 863 884 905 925 946 967 988 1000 1000 1000 1000 -9999 -9999 -9999 -9999 -9999 -9999 -9999 -9999 -9999 -9999 -9999 -9999 -9999 -9999 -9999 -9999 -9999 -9999 -9999 -9999 -9999 -9999 -9999 -9999 -9999 -9999 -9999 -9999 -9999 -9999 -9999 -9999 -9999 -9999 -9999 -9999 -9999 -9999
195 216 237 258 279 300 321 342 363 384 405 426 447 467 488 508 529 550 571 592 612 633 654 675 696 717 737 758 779 800 821 841 862 883 904 925 946 966 987 1000 1000 1000 1000 -9999 -9999 -9999 -9999 -9999 -9999 -9999 -9999 -9999 -9999 -9999 -9999 -9999 -9999 -9999 -9999 -9999 -9999 -9999 -9999 -9999 -9999 -9999 -9999 -9999 -9999 -9999 -9999 -9999 -9999 -9999 -9999 -9999 -9999 -9999 -9999 -9999 -9999
193 214 235 256 278 299 320 341 362 383 404 425 446 467 488 509 529 549 570 591 612 633 653 674 695 716 737 758 778 799 820 841 862 882 903 924 945 966 987 1000 1000 1000 1000 1000 -9999 -9999 -9999 -9999 -9999 -9999 -9999 -9999 -9999 -9999 -9999 -9999 -9999 -9999 -9999 -9999 -9999 -9999 -9999 -9999 -9999 -9999 -9999 -9999 -9999 -9999 -9999 -9999 -9999 -9999 -9999 -9999 -9999 -9999 -9999 -9999 -9999
192 213 234 255 276 297 318 339 360 381 402 423 444 465 486 507 528 549 570 591 611 632 653 674 694 715 736 757 778 799 819 840 861 882 903 923 944 965 986 1000 1000 1000 1000 -9999 -9999 -9999 -9999 -9999 -9999 -9999 -9999 -9999 -9999 -9999 -9999 -9999 -9999 -9999 -9999 -9999 -9999 -9999 -9999 -9999 -9999 -9999 -9999 -9999 -9999 -9999 -9999 -9999 -9999 -9999 -9999 -9999 -9999 -9999 -9999 -9999 -9999
191 212 233 254 275 296 317 338 359 380 401 422 443 464 485 506 527 548 569 590 611 632 653 673 694 715 735 756 777 798 819 839 860 881 902 923 944 964 985 1000 1000 1000 1000 -9999 -9999 -9999 -9999 -9999 -9999 -9999 -9999 -9999 -9999 -9999 -9999 -9999 -9999 -9999 -9999 -9999 -9999 -9999 -9999 -9999 -9999 -9999 -9999 -9999 -9999 -9999 -9999 -9999 -9999 -9999 -9999 -9999 -9999 -9999 -9999 -9999 -9999
190 211 232 253 274 295 316 337 358 379 400 421 442 463 484 505 526 547 568 589 610 631 652 673 694 715 735 756 776 797 818 839 860 880 901 922 943 964 985 1000 1000 1000 1000 -9999 -9999 -9999 -9999 -9999 -9999 -9999 -9999 -9999 -9999 -9999 -9999 -9999 -9999 -9999 -9999 -9999 -9999 -9999 -9999 -9999 -9999 -9999 -9999 -9999 -9999 -9999 -9999 -9999 -9999 -9999 -9999 -9999 -9999 -9999 -9999 -9999 -9999
189 210 231 252 273 294 315 336 357 378 399 420 441 462 483 504 525 546 567 588 609 630 651 672 693 714 735 756 777 798 817 838 859 880 901 921 942 963 984 1000 1000 1000 -9999 -9999 -9999 -9999 -9999 -9999 -9999 -9999 -9999 -9999 -9999 -9999 -9999 -9999 -9999 -9999 -9999 -9999 -9999 -9999 -9999 -9999 -9999 -9999 -9999 -9999 -9999 -9999 -9999 -9999 -9999 -9999 -9999 -9999 -9999 -9999 -9999 -9999 -9999
188 209 230 251 272 293 314 335 356 377 398 419 440 461 482 503 524 545 566 587 608 629 650 671 692 713 734 755 776 797 818 839 860 879 900 921 942 962 983 1000 1000 1000 -9999 -9999 -9999 -9999 -9999 -9999 -9999 -9999 -9999 -9999 -9999 -9999 -9999 -9999 -9999 -9999 -9999 -9999 -9999 -9999 -9999 -9999 -9999 -9999 -9999 -9999 -9999 -9999 -9999 -9999 -9999 -9999 -9999 -9999 -9999 -9999 -9999 -9999 -9999
186 207 228 249 270 291 312 333 354 375 397 418 439 460 481 502 523 544 565 586 607 628 649 670 691 712 733 754 775 796 817 838 859 880 901 922 942 962 983 1000 1000 -9999 -9999 -9999 -9999 -9999 -9999 -9999 -9999 -9999 -9999 -9999 -9999 -9999 -9999 -9999 -9999 -9999 -9999 -9999 -9999 -9999 -9999 -9999 -9999 -9999 -9999 -9999 -9999 -9999 -9999 -9999 -9999 -9999 -9999 -9999 -9999 -9999 -9999 -9999 -9999
185 206 227 248 269 290 311 332 353 374 395 416 437 458 479 500 521 542 563 584 605 626 647 668 689 710 731 752 773 794 815 836 858 879 900 921 942 963 984 -9999 -9999 -9999 -9999 -9999 -9999 1000 1000 1000 -9999 -9999 -9999 -9999 -9999 -9999 -9999 -9999 -9999 -9999 -9999 -9999 -9999 -9999 -9999 -9999 -9999 -9999 -9999 -9999 -9999 -9999 -9999 -9999 -9999 -9999 -9999 -9999 -9999 -9999 -9999 -9999 -9999
184 205 226 247 268 289 310 331 352 373 394 415 436 457 478 499 520 541 562 583 604 625 646 667 688 709 730 751 772 793 814 835 856 877 898 919 940 959 980 -9999 1000 -9999 -9999 -9999 1000 -9999 1000 1000 -9999 -9999 -9999 -9999 -9999 -9999 -9999 -9999 -9999 -9999 -9999 -9999 -9999 -9999 -9999 -9999 -9999 -9999 -9999 -9999 -9999 -9999 -9999 -9999 -9999 -9999 -9999 -9999 -9999 -9999 -9999 -9999 -9999
183 204 225 246 267 288 309 330 351 372 393 414 435 456 477 498 519 540 561 582 603 624 645 666 687 708 729 750 771 792 813 834 855 875 893 912 934 956 979 1000 1000 1000 -9999 -9999 1000 1000 1000 -9999 -9999 -9999 -9999 -9999 -9999 -9999 -9999 -9999 -9999 -9999 -9999 -9999 -9999 -9999 -9999 -9999 -9999 -9999 -9999 -9999 -9999 -9999 -9999 -9999 -9999 -9999 -9999 -9999 -9999 -9999 -9999 -9999 -9999
182 203 224 245 266 287 308 329 350 371 392 413 434 455 476 497 518 539 560 581 602 623 644 665 686 707 728 749 770 791 810 827 845 866 888 910 933 957 980 1000 1000 1000 1000 1000 1000 1000 1000 -9999 -9999 -9999 -9999 -9999 -9999 -9999 -9999 -9999 -9999 -9999 -9999 -9999 -9999 -9999 -9999 -9999 -9999 -9999 -9999 -9999 -9999 -9999 -9999 -9999 -9999 -9999 -9999 -9999 -9999 -9999 -9999 -9999 -9999
181 202 223 244 265 286 307 328 349 370 391 412 433 454 475 496 517 538 559 580 601 622 643 664 685 706 727 744 762 780 798 820 841 864 888 911 935 958 982 1000 1000 1000 1000 1000 1000 1000 1000 -9999 -9999 -9999 -9999 -9999 -9999 -9999 -9999 -9999 -9999 -9999 -9999 -9999 -9999 -9999 -9999 -9999 -9999 -9999 -9999 -9999 -9999 -9999 -9999 -9999 -9999 -9999 -9999 -9999 -9999 -9999 -9999 -9999 -9999
179 200 221 242 263 284 305 326 347 368 389 410 431 452 473 494 516 537 558 579 600 621 642 662 679 697 715 732 752 773 795 819 842 866 889 913 936 959 983 1000 1000 1000 1000 1000 1000 1000 -9999 -9999 -9999 -9999 -9999 -9999 -9999 -9999 -9999 -9999 -9999 -9999 -9999 -9999 -9999 -9999 -9999 -9999 -9999 -9999 -9999 -9999 -9999 -9999 -9999 -9999 -9999 -9999 -9999 -9999 -9999 -9999 -9999 -9999 -9999
178 199 220 241 262 283 304 325 346 367 388 409 430 451 472 493 514 535 556 577 596 614 632 649 667 685 705 727 750 773 797 820 844 867 890 914 937 961 984 1000 1000 1000 1000 1000 1000 1000 1000 1000 -9999 -9999 -9999 -9999 -9999 -9999 -9999 -9999 -9999 -9999 -9999 -9999 -9999 -9999 -9999 -9999 -9999 -9999 -9999 -9999 -9999 -9999 -9999 -9999 -9999 -9999 -9999 -9999 -9999 -9999 -9999 -9999 -9999
177 198 219 240 261 282 303 324 345 366 387 408 429 450 471 492 513 531 549 567 584 602 620 637 659 681 704 728 751 775 798 821 845 868 892 915 939 962 986 1000 1000 1000 1000 -9999 -9999 -9999 -9999 -9999 -9999 -9999 -9999 -9999 -9999 -9999 -9999 -9999 -9999 -9999 -9999 -9999 -9999 -9999 -9999 -9999 -9999 -9999 -9999 -9999 -9999 -9999 -9999 -9999 -9999 -9999 -9999 -9999 -9999 -9999 -9999 -9999 -9999
176 197 218 239 260 281 302 323 344 365 386 407 428 448 466 484 501 519 537 554 572 591 612 635 659 682 706 729 752 776 799 823 846 870 893 917 940 964 987 1000 1000 1000 -9999 -9999 -9999 -9999 -9999 -9999 -9999 -9999 -9999 -9999 -9999 -9999 -9999 -9999 -9999 -9999 -9999 -9999 -9999 -9999 -9999 -9999 -9999 -9999 -9999 -9999 -9999 -9999 -9999 -9999 -9999 -9999 -9999 -9999 -9999 -9999 -9999 -9999 -9999
175 196 217 238 259 280 301 322 343 364 383 401 418 436 454 471 489 507 524 545 566 590 613 637 660 683 707 730 754 777 801 824 848 871 895 918 942 965 989 1000 1000 1000 -9999 -9999 -9999 -9999 -9999 -9999 -9999 -9999 -9999 -9999 -9999 -9999 -9999 -9999 -9999 -9999 -9999 -9999 -9999 -9999 -9999 -9999 -9999 -9999 -9999 -9999 -9999 -9999 -9999 -9999 -9999 -9999 -9999 -9999 -9999 -9999 -9999 -9999 -9999
174 195 216 237 258 279 300 318 336 353 371 389 406 424 442 459 477 498 521 544 568 591 614 638 661 685 708 732 755 779 802 826 849 873 896 920 943 967 990 1000 1000 1000 -9999 -9999 -9999 -9999 -9999 -9999 -9999 -9999 -9999 -9999 -9999 -9999 -9999 -9999 -9999 -9999 -9999 -9999 -9999 -9999 -9999 -9999 -9999 -9999 -9999 -9999 -9999 -9999 -9999 -9999 -9999 -9999 -9999 -9999 -9999 -9999 -9999 -9999 -9999
172 193 214 235 253 270 288 306 323 341 359 376 394 412 430 452 475 499 522 545 569 592 616 639 663 686 710 733 757 780 804 827 851 874 898 921 944 968 991 1000 -9999 -9999 -9999 -9999 -9999 -9999 -9999 -9999 -9999 -9999 -9999 -9999 -9999 -9999 -9999 -9999 -9999 -9999 -9999 -9999 -9999 -9999 -9999 -9999 -9999 -9999 -9999 -9999 -9999 -9999 -9999 -9999 -9999 -9999 -9999 -9999 -9999 -9999 -9999 -9999 -9999
170 188 205 223 241 258 276 294 311 329 347 364 384 406 430 453 476 500 523 547 570 594 617 641 664 688 711 735 758 782 805 829 852 875 899 922 946 969 993 1000 -9999 -9999 -9999 -9999 -9999 -9999 -9999 -9999 -9999 -9999 -9999 -9999 -9999 -9999 -9999 -9999 -9999 -9999 -9999 -9999 -9999 -9999 -9999 -9999 -9999 -9999 -9999 -9999 -9999 -9999 -9999 -9999 -9999 -9999 -9999 -9999 -9999 -9999 -9999 -9999 -9999
158 175 193 211 228 246 264 281 299 317 337 361 384 407 431 454 478 501 525 548 572 595 619 642 666 689 713 736 760 783 806 830 853 877 900 924 947 971 994 -9999 -9999 -9999 -9999 -9999 -9999 -9999 -9999 -9999 -9999 -9999 -9999 -9999 -9999 -9999 -9999 -9999 -9999 -9999 -9999 -9999 -9999 -9999 -9999 -9999 -9999 -9999 -9999 -9999 -9999 -9999 -9999 -9999 -9999 -9999 -9999 -9999 -9999 -9999 -9999 -9999 -9999
145 163 181 198 216 234 252 269 292 315 338 362 385 409 432 456 479 503 526 550 573 597 620 644 667 691 714 737 761 784 808 831 854 877 900 923 946 969 992 1000 -9999 -9999 -9999 -9999 -9999 -9999 -9999 -9999 -9999 -9999 -9999 -9999 -9999 -9999 -9999 -9999 -9999 -9999 -9999 -9999 -9999 -9999 -9999 -9999 -9999 -9999 -9999 -9999 -9999 -9999 -9999 -9999 -9999 -9999 -9999 -9999 -9999 -9999 -9999 -9999 -9999
133 151 169 186 204 223 246 269 293 316 340 363 387 410 434 457 481 504 528 551 575 598 622 645 668 691 714 737 760 783 806 829 852 875 898 921 944 967 990 -9999 -9999 -9999 -9999 -9999 -9999 -9999 -9999 -9999 -9999 -9999 -9999 -9999 -9999 -9999 -9999 -9999 -9999 -9999 -9999 -9999 -9999 -9999 -9999 -9999 -9999 -9999 -9999 -9999 -9999 -9999 -9999 -9999 -9999 -9999 -9999 -9999 -9999 -9999 -9999 -9999 -9999
121 139 156 177 200 224 247 271 294 318 341 365 388 412 435 459 482 505 528 551 574 597 620 643 666 689 712 735 758 781 804 827 850 873 896 920 943 966 990 1000 1000 1000 -9999 -9999 -9999 -9999 -9999 -9999 -9999 -9999 -9999 -9999 -9999 -9999 -9999 -9999 -9999 -9999 -9999 -9999 -9999 -9999 -9999 -9999 -9999 -9999 -9999 -9999 -9999 -9999 -9999 -9999 -9999 -9999 -9999 -9999 -9999 -9999 -9999 -9999 -9999
109 132 155 178 202 225 249 272 296 319 343 366 389 412 434 457 480 503 526 549 572 595 618 641 664 687 710 733 756 779 802 826 849 872 896 919 942 966 989 1000 -9999 -9999 -9999 -9999 -9999 -9999 -9999 -9999 -9999 -9999 -9999 -9999 -9999 -9999 -9999 -9999 -9999 -9999 -9999 -9999 -9999 -9999 -9999 -9999 -9999 -9999 -9999 -9999 -9999 -9999 -9999 -9999 -9999 -9999 -9999 -9999 -9999 -9999 -9999 -9999 -9999
