STOTEN_Data/raw/LateralPosition.asc
ncols         250
nrows         718
xllcorner     -2256000
yllcorner     1557000
cellsize      1000
NODATA_value  -9999
[rows 396 to 431 of 718, columns 81 to 161 of 250]
577 505 432 360 287 215 143 70 0 0 0 1 18 35 52 69 86 103 120 136 153 170 187 204 221 238 255 272 288 305 322 339 356 373 390 407 423 440 457 475 493 510 528 545 563 581 598 616 634 651 669 687 704 722 740 758 776 795 814 833 851 870 889 908 927 946 965 983 1000 -9999 -9999 -9999 -9999 -9999 -9999 -9999 -9999 -9999 -9999 -9999 -9999
585 512 439 366 293 220 147 74 1 0 0 0 8 25 42 59 75 92 109 126 143 160 177 194 211 227 244 261 278 295 312 329 346 363 379 396 413 431 448 466 484 501 519 536 554 572 589 607 625 642 660 678 696 714 733 752 771 789 808 827 846 865 884 903 921 940 959 979 998 -9999 -9999 -9999 -9999 -9999 -9999 -9999 -9999 -9999 -9999 -9999 -9999
577 504 431 358 284 211 138 65 0 0 0 0 0 14 31 48 65 82 99 116 133 150 166 183 200 217 234 251 268 285 302 319 336 352 369 386 404 422 439 457 475 492 510 527 545 563 580 598 616 634 652 671 690 709 727 746 765 784 803 822 841 859 878 898 917 936 955 975 994 -9999 -9999 -9999 -9999 -9999 -9999 -9999 -9999 -9999 -9999 -9999 -9999
576 502 427 352 278 204 130 57 0 0 0 0 0 4 21 38 55 72 89 105 122 139 156 173 190 207 224 241 257 274 292 308 324 342 360 377 395 413 430 448 466 483 501 518 536 554 572 590 609 628 647 665 684 703 722 741 760 779 797 817 836 855 874 894 913 932 951 970 989 -9999 -9999 -9999 -9999 -9999 -9999 -9999 -9999 -9999 -9999 -9999 -9999
584 510 435 361 286 212 139 66 0 0 0 0 0 0 11 28 44 61 78 95 112 129 146 163 180 196 213 230 247 264 281 298 315 333 351 368 386 404 421 439 457 474 492 510 528 547 566 585 603 622 641 660 679 698 717 736 755 774 794 813 832 851 870 889 908 927 946 965 984 1000 -9999 -9999 -9999 -9999 -9999 -9999 -9999 -9999 -9999 -9999 -9999
592 519 446 373 300 229 166 103 39 0 0 0 0 0 0 17 34 51 68 85 102 119 135 152 169 186 203 220 237 253 271 289 306 324 342 359 377 395 412 430 448 467 485 504 523 541 560 579 598 617 636 655 674 693 713 732 751 770 789 808 827 845 864 883 902 922 941 960 980 999 -9999 -9999 -9999 -9999 -9999 -9999 -9999 -9999 -9999 -9999 -9999
607 534 461 397 333 270 207 143 80 17 0 0 0 0 0 7 24 41 58 74 91 108 125 142 159 176 193 210 227 244 262 280 297 315 333 350 368 386 405 423 442 461 479 498 517 536 555 574 593 612 632 651 670 689 708 727 745 764 783 802 821 840 859 878 898 917 936 955 975 994 -9999 -9999 -9999 -9999 -9999 -9999 -9999 -9999 -9999 -9999 -9999
627 564 501 437 374 311 247 184 121 57 0 0 0 0 0 0 13 30 47 64 81 98 115 132 149 165 183 200 218 235 253 271 288 306 325 343 361 380 399 417 436 455 474 493 512 531 551 570 589 608 627 645 664 683 702 721 739 758 777 796 816 835 854 873 893 912 932 952 971 991 1000 -9999 -9999 -9999 -9999 -9999 -9999 -9999 -9999 -9999 -9999
668 605 541 478 415 351 287 223 159 95 31 0 0 0 0 0 3 20 37 54 71 88 104 121 138 156 174 191 209 226 244 263 281 299 318 337 355 374 393 412 431 451 470 489 508 527 545 564 583 602 621 639 658 677 696 714 734 753 772 791 811 830 849 869 889 909 928 948 968 988 1000 -9999 -9999 -9999 -9999 -9999 -9999 -9999 -9999 -9999 -9999
697 635 573 510 446 382 318 255 191 127 63 0 0 0 0 0 0 10 27 43 60 77 94 112 129 147 165 183 201 219 237 256 275 293 312 331 350 370 389 408 427 445 464 483 502 521 539 558 577 596 615 633 652 671 690 709 729 748 767 787 806 826 846 866 886 905 925 945 962 982 1000 -9999 -9999 -9999 -9999 -9999 -9999 -9999 -9999 -9999 -9999
694 632 570 508 446 384 322 260 198 136 74 25 0 0 0 0 0 0 16 33 50 67 85 103 121 139 157 175 194 213 231 250 269 289 308 327 345 364 383 402 421 439 458 477 496 515 533 552 571 590 608 628 647 666 685 705 724 743 763 783 803 823 843 863 881 898 915 933 955 978 1000 -9999 -9999 -9999 -9999 -9999 -9999 -9999 -9999 -9999 -9999
692 630 568 506 444 382 320 258 200 149 99 59 18 0 0 0 0 0 6 23 41 59 77 95 114 132 151 169 189 208 227 245 264 283 302 321 339 358 377 396 415 433 452 471 490 508 527 546 565 584 603 623 642 661 681 700 720 740 760 780 800 817 834 850 867 884 907 929 951 973 995 -9999 -9999 -9999 -9999 -9999 -9999 -9999 -9999 -9999 -9999
689 627 565 503 441 379 326 273 213 173 132 91 50 10 0 0 0 0 0 15 33 52 70 89 108 127 145 164 183 202 221 239 258 277 296 315 333 352 371 390 408 427 446 465 484 502 521 541 560 579 598 618 638 658 677 697 717 735 752 769 786 803 820 837 858 880 902 924 946 969 992 -9999 -9999 -9999 -9999 -9999 -9999 -9999 -9999 -9999 -9999
687 625 563 501 450 397 338 286 246 205 164 124 83 42 2 0 0 0 0 8 27 46 64 83 102 121 139 158 177 196 215 233 252 271 290 309 327 346 365 384 402 421 440 459 478 497 516 536 555 575 595 615 635 654 671 688 705 722 739 756 773 790 809 831 853 875 897 920 943 965 988 -9999 -9999 -9999 -9999 -9999 -9999 -9999 -9999 -9999 -9999
684 626 574 522 462 402 360 319 278 238 197 156 116 75 34 0 0 0 0 2 21 39 58 77 96 115 133 152 171 190 209 227 246 265 284 302 321 340 359 378 396 415 435 454 473 492 512 532 552 572 590 607 624 641 658 675 692 709 726 743 760 782 804 826 848 871 894 916 939 962 985 -9999 -9999 -9999 -9999 -9999 -9999 -9999 -9999 -9999 -9999
698 646 587 526 473 433 392 351 311 270 229 189 148 107 67 26 0 0 0 0 15 33 52 71 90 109 127 146 165 184 202 221 240 259 278 296 315 334 353 372 391 410 430 449 469 489 509 526 543 560 577 594 611 628 645 662 679 696 711 733 755 777 799 822 845 867 890 913 936 958 981 -9999 -9999 -9999 -9999 -9999 -9999 -9999 -9999 -9999 -9999
711 650 590 547 506 465 425 384 343 303 262 221 181 140 99 59 18 0 0 0 9 27 46 65 84 102 121 140 159 178 196 215 234 253 272 290 309 328 348 367 387 407 426 445 462 479 496 513 530 547 564 581 598 615 632 649 665 684 706 728 750 773 796 818 841 864 887 909 930 950 975 1000 -9999 -9999 -9999 -9999 -9999 -9999 -9999 -9999 -9999
714 660 620 579 538 498 457 416 376 335 294 254 213 172 132 91 50 10 0 0 3 21 40 59 78 96 115 134 153 172 190 209 228 247 266 285 304 324 344 364 381 398 415 432 449 466 483 500 517 534 551 568 584 601 618 635 657 679 701 724 747 769 792 815 838 860 879 896 921 946 970 994 -9999 -9999 -9999 -9999 -9999 -9999 -9999 -9999 -9999
734 693 652 612 571 530 490 449 408 368 327 286 246 205 164 124 83 42 2 0 0 15 34 53 72 90 109 128 147 166 184 203 222 241 261 281 300 317 334 351 368 385 402 419 436 453 469 486 503 520 537 554 571 586 608 630 652 675 698 720 743 766 789 811 828 845 867 892 917 940 964 987 -9999 -9999 -9999 -9999 -9999 -9999 -9999 -9999 -9999
766 726 685 644 604 563 522 482 441 400 359 319 278 236 191 147 103 64 26 0 0 9 28 47 66 84 103 122 141 160 179 198 218 236 253 270 287 304 321 338 354 371 388 405 422 439 456 473 490 507 524 539 559 581 603 626 649 671 694 717 740 760 777 794 813 838 863 887 910 934 957 981 1000 1000 -9999 -9999 -9999 -9999 -9999 -9999 -9999
799 758 716 672 628 584 539 495 450 406 361 317 277 238 198 159 119 82 47 8 0 3 22 41 59 78 97 116 136 155 172 189 206 223 239 256 273 290 307 324 341 358 375 392 409 426 443 460 477 492 510 532 554 577 600 622 645 668 691 709 726 743 760 784 809 833 857 880 904 927 951 974 998 1000 -9999 -9999 -9999 -9999 -9999 -9999 -9999
798 754 710 665 621 576 532 490 451 411 372 332 293 254 214 175 138 102 63 24 0 0 16 35 53 73 91 108 124 141 158 175 192 209 226 243 260 277 294 311 328 345 362 379 396 413 430 446 461 483 505 528 551 573 596 619 640 657 675 692 709 730 755 779 803 826 850 874 897 921 944 968 991 -9999 -9999 -9999 -9999 -9999 -9999 -9999 -9999
791 747 703 664 625 585 546 506 467 427 388 348 309 270 230 195 157 118 79 39 0 0 9 26 43 60 77 94 111 128 145 162 179 196 213 230 247 264 281 298 315 332 349 366 383 399 413 434 457 479 502 524 547 570 589 606 623 641 658 677 701 726 749 773 796 820 844 867 891 914 938 962 987 -9999 -9999 -9999 -9999 -9999 -9999 -9999 -9999
798 759 719 680 641 601 562 522 483 443 404 364 325 286 251 212 173 134 94 55 16 0 0 13 30 47 64 81 98 115 132 149 166 183 200 217 234 251 268 285 302 318 335 352 367 385 408 430 453 475 498 520 538 555 572 590 607 624 647 672 696 719 743 766 790 814 837 861 885 909 934 959 983 -9999 -9999 -9999 -9999 -9999 -9999 -9999 -9999
814 775 735 696 656 617 578 538 499 459 420 380 342 306 267 228 189 149 110 71 32 0 0 0 17 34 51 68 85 102 119 136 153 170 187 203 220 237 254 271 288 305 320 336 359 381 404 426 449 469 487 504 521 538 556 573 594 618 642 666 689 713 736 760 784 807 831 856 881 905 930 955 979 -9999 -9999 -9999 -9999 -9999 -9999 -9999 -9999
830 791 751 712 672 633 594 554 515 475 436 398 361 322 283 244 204 165 126 87 47 8 0 0 4 21 38 55 72 88 105 122 139 156 173 190 207 224 241 258 273 288 310 332 355 377 400 418 435 453 470 487 504 522 540 564 589 612 636 659 683 706 730 754 778 803 828 852 877 902 926 952 977 1000 -9999 -9999 -9999 -9999 -9999 -9999 -9999
846 807 767 728 688 649 610 570 531 491 455 416 377 338 299 259 220 181 142 102 59 15 0 0 0 7 24 41 58 75 92 109 126 143 160 177 194 211 227 241 261 283 306 328 349 367 384 402 419 436 453 470 488 511 535 559 582 606 629 653 676 700 725 750 774 799 824 849 874 899 925 950 976 1000 1000 -9999 -9999 -9999 -9999 -9999 -9999
862 823 783 744 704 665 625 586 547 511 471 432 393 354 314 275 236 196 151 109 63 18 0 0 0 0 11 28 45 62 79 96 113 130 147 164 180 195 212 234 257 279 298 316 333 350 368 385 402 419 437 457 481 505 529 552 576 599 623 647 672 697 721 746 771 796 821 847 872 898 923 949 975 1000 1000 -9999 -9999 -9999 -9999 -9999 -9999
878 839 799 760 720 681 641 602 566 526 487 448 409 369 330 288 245 204 158 112 66 21 0 0 0 0 0 15 32 49 66 83 100 117 133 148 163 185 208 229 247 265 282 299 316 334 351 368 385 403 428 451 475 498 522 546 569 594 619 644 668 693 718 744 769 795 820 846 871 897 922 948 973 999 1000 -9999 -9999 -9999 -9999 -9999 -9999
894 855 815 776 736 697 658 621 581 542 503 464 424 380 343 298 252 206 161 124 80 48 17 0 0 0 0 2 19 36 53 69 86 101 116 136 159 178 196 214 231 248 265 283 300 317 334 351 374 398 421 445 468 492 516 541 566 590 615 640 666 691 717 742 768 793 819 844 870 895 921 947 972 998 -9999 -9999 -9999 -9999 -9999 -9999 -9999
910 871 831 792 752 715 676 636 597 558 517 476 438 392 346 301 264 227 182 146 115 77 43 21 0 0 0 0 5 22 39 55 69 87 109 127 145 162 180 197 214 231 249 266 283 300 320 344 368 391 415 439 463 488 513 537 562 588 614 639 665 690 716 741 767 792 818 843 869 894 920 944 969 995 -9999 1000 -9999 -9999 -9999 -9999 -9999
926 887 847 808 770 731 691 652 609 574 532 486 441 404 368 330 285 245 213 176 134 96 74 52 30 8 0 0 0 8 22 38 58 76 94 111 128 146 163 180 197 215 232 249 266 291 314 338 361 385 410 435 459 485 510 536 561 587 612 638 663 689 714 740 765 791 815 840 864 889 914 938 961 984 1000 -9999 -9999 -9999 -9999 -9999 -9999
942 903 863 825 786 746 707 672 627 581 544 508 471 433 388 343 311 275 234 192 150 126 105 83 61 36 12 0 0 0 7 25 43 60 77 95 112 129 146 163 181 198 215 237 261 284 308 332 357 382 407 432 458 483 509 534 560 586 611 637 662 686 711 735 759 783 809 833 857 880 903 925 948 971 994 -9999 -9999 -9999 -9999 -9999 -9999
958 918 880 840 805 767 721 684 648 612 575 536 490 445 410 374 333 291 250 208 179 157 135 113 89 65 41 17 0 0 0 9 26 43 61 78 95 112 130 147 164 183 207 231 254 279 304 329 355 380 406 431 457 482 508 533 557 582 606 630 654 678 703 728 753 776 799 821 844 867 890 913 938 961 982 1000 -9999 1000 -9999 -9999 -9999
974 938 903 861 824 788 752 715 678 638 593 547 508 474 432 390 349 307 266 232 210 188 166 141 117 93 69 45 21 0 0 0 9 27 44 61 78 96 113 130 153 177 201 226 251 277 302 328 353 379 404 428 452 477 501 525 550 574 597 623 647 672 695 717 740 763 786 809 834 859 882 905 927 948 967 987 1000 1000 -9999 -9999 -9999
-9999 964 928 892 856 818 781 741 696 650 606 573 531 490 448 407 365 323 285 263 241 219 194 170 146 122 98 74 50 26 2 0 0 10 27 44 62 79 100 123 148 173 199 225 250 275 299 323 348 372 396 421 445 469 493 517 542 567 591 613 636 659 682 705 730 755 780 804 827 850 872 894 913 933 953 973 993 1000 1000 -9999 -9999
