STOTEN_Data/raw/LateralPosition.asc
ncols         250
nrows         718
xllcorner     -2256000
yllcorner     1557000
cellsize      1000
NODATA_value  -9999
[rows 648 to 683 of 718, columns 162 to 242 of 250]
46 0 0 0 7 26 45 64 83 107 130 149 168 187 206 225 244 263 282 301 321 340 359 378 397 416 435 454 472 491 509 528 548 569 594 620 645 670 695 721 746 771 796 822 847 872 897 923 948 973 998 -9999 -9999 -9999 -9999 -9999 -9999 -9999 -9999 -9999 -9999 -9999 -9999 -9999 -9999 -9999 -9999 -9999 -9999 -9999 -9999 -9999 -9999 -9999 -9999 -9999 -9999 -9999 -9999 -9999 -9999
77 28 0 0 0 19 39 58 77 96 115 134 153 172 191 210 229 248 267 286 305 324 343 363 381 400 418 437 455 475 494 518 543 568 594 619 644 669 695 720 745 770 796 821 846 871 897 922 947 972 998 -9999 -9999 -9999 1000 -9999 -9999 -9999 -9999 -9999 -9999 -9999 -9999 -9999 -9999 -9999 -9999 -9999 -9999 -9999 -9999 -9999 -9999 -9999 -9999 -9999 -9999 -9999 -9999 -9999 -9999
95 63 32 0 0 4 23 42 61 80 100 119 138 157 176 195 214 233 252 271 290 309 327 346 364 383 402 421 441 466 492 517 542 567 593 618 643 669 694 719 744 770 795 820 845 871 896 919 943 962 982 997 1000 1000 1000 -9999 -9999 -9999 -9999 -9999 -9999 -9999 -9999 -9999 -9999 -9999 -9999 -9999 -9999 -9999 -9999 -9999 -9999 -9999 -9999 -9999 -9999 -9999 -9999 -9999 -9999
130 99 65 31 0 0 8 27 46 65 84 103 122 142 161 180 199 218 236 255 273 292 310 329 349 368 390 415 440 466 491 516 541 567 592 617 642 668 693 718 744 769 792 815 839 862 884 904 920 939 954 970 985 1000 1000 -9999 -9999 -9999 -9999 -9999 -9999 -9999 -9999 -9999 -9999 -9999 -9999 -9999 -9999 -9999 -9999 -9999 -9999 -9999 -9999 -9999 -9999 -9999 -9999 -9999 -9999
165 131 97 63 29 0 0 12 31 50 69 88 107 126 145 164 182 201 219 238 256 276 295 315 339 364 389 414 440 465 490 515 541 566 591 616 642 665 687 711 734 758 781 803 825 845 862 879 896 911 926 942 958 974 989 1000 1000 1000 -9999 -9999 -9999 -9999 -9999 -9999 -9999 -9999 -9999 -9999 -9999 -9999 -9999 -9999 -9999 -9999 -9999 -9999 -9999 -9999 -9999 -9999 -9999
197 163 129 95 48 0 0 0 16 35 54 73 91 110 128 147 165 184 203 222 242 262 287 313 338 363 388 414 439 464 489 515 538 561 583 606 630 654 677 700 722 744 766 786 803 820 837 854 869 883 898 914 930 946 968 994 1000 1000 -9999 -9999 -9999 1000 -9999 -9999 -9999 -9999 -9999 -9999 -9999 -9999 -9999 -9999 -9999 -9999 -9999 -9999 -9999 -9999 -9999 -9999 -9999
229 195 155 105 56 6 0 0 0 19 37 56 74 93 111 130 150 169 189 211 236 261 286 312 337 362 387 412 434 456 479 502 526 549 573 596 619 641 663 685 707 727 744 761 778 795 812 827 839 855 871 887 902 922 948 975 1000 1000 1000 1000 1000 1000 -9999 -9999 -9999 -9999 -9999 -9999 -9999 -9999 -9999 -9999 -9999 -9999 -9999 -9999 -9999 -9999 -9999 -9999 -9999
261 212 162 113 63 14 0 0 0 2 20 39 57 77 96 116 135 159 185 210 235 260 285 308 330 352 374 397 421 445 468 492 515 538 560 582 604 627 649 669 686 702 719 736 753 770 787 797 811 827 843 859 876 903 929 955 982 1000 1000 1000 -9999 -9999 -9999 1000 -9999 -9999 -9999 -9999 -9999 -9999 -9999 -9999 -9999 -9999 -9999 -9999 -9999 -9999 -9999 -9999 -9999
269 219 170 120 71 21 0 0 0 0 4 23 43 62 83 108 133 159 181 203 226 248 270 293 317 340 364 388 411 434 457 479 501 523 546 568 590 610 627 644 661 677 694 711 728 746 756 768 784 800 815 831 857 883 909 936 962 988 1000 1000 -9999 -9999 -9999 -9999 1000 -9999 -9999 -9999 -9999 -9999 -9999 -9999 -9999 -9999 -9999 -9999 -9999 -9999 -9999 -9999 -9999
276 227 177 128 78 28 0 0 0 0 0 9 31 55 77 99 121 143 166 189 212 236 260 283 307 330 354 376 398 420 443 465 487 509 531 551 568 585 602 619 636 652 669 686 703 715 725 740 756 772 788 811 837 864 890 916 943 969 995 1000 1000 1000 1000 -9999 1000 -9999 -9999 -9999 -9999 -9999 -9999 -9999 -9999 -9999 -9999 -9999 -9999 -9999 -9999 -9999 -9999
284 234 185 135 85 36 0 0 0 0 0 0 17 39 61 84 108 132 155 179 203 226 249 273 295 317 339 362 384 406 428 450 472 492 509 526 543 560 577 594 610 627 644 661 675 684 697 713 728 744 765 791 818 844 870 897 923 949 976 1000 1000 1000 1000 -9999 1000 -9999 -9999 -9999 -9999 -9999 -9999 -9999 -9999 -9999 -9999 -9999 -9999 -9999 -9999 -9999 -9999
291 242 192 142 93 43 0 0 0 0 0 0 4 27 51 75 98 122 145 168 192 214 236 258 281 303 325 347 369 391 414 434 451 467 484 501 518 535 552 569 585 602 619 635 642 654 669 685 701 719 746 772 798 825 851 877 904 930 956 983 1000 1000 -9999 -9999 -9999 -9999 -9999 -9999 -9999 -9999 -9999 -9999 -9999 -9999 -9999 -9999 -9999 -9999 -9999 -9999 -9999
299 249 199 150 100 51 1 0 0 0 0 0 0 17 41 64 88 111 133 155 178 200 222 244 266 288 310 333 355 375 392 409 426 442 459 476 493 510 527 544 560 577 595 603 611 626 641 657 673 700 726 752 779 805 831 858 884 911 937 963 995 -9999 -9999 -9999 -9999 -9999 -9999 -9999 -9999 -9999 -9999 -9999 -9999 -9999 -9999 -9999 -9999 -9999 -9999 -9999 -9999
306 256 207 157 108 58 9 0 0 0 0 0 0 7 30 52 74 97 119 141 163 185 207 230 252 274 296 316 333 350 367 384 401 417 434 451 468 485 502 519 535 552 563 571 582 598 614 630 654 680 707 733 759 786 812 838 865 891 919 952 989 1000 -9999 -9999 -9999 -9999 -9999 -9999 -9999 -9999 -9999 -9999 -9999 -9999 -9999 -9999 -9999 -9999 -9999 -9999 -9999
313 264 214 165 115 66 16 0 0 0 0 0 0 0 16 38 60 82 104 126 149 171 193 215 237 258 274 291 308 325 342 359 376 392 409 426 443 460 477 494 510 523 530 540 554 570 586 608 635 661 687 714 740 766 793 819 845 874 910 946 983 1000 1000 1000 -9999 -9999 -9999 -9999 -9999 -9999 -9999 -9999 -9999 -9999 -9999 -9999 -9999 -9999 -9999 -9999 -9999
321 271 222 172 123 73 23 0 0 0 0 0 0 0 1 23 46 68 90 112 134 156 178 199 216 232 249 266 283 300 317 334 351 367 384 401 418 435 452 469 483 491 499 511 527 543 562 589 615 641 668 694 720 747 773 800 831 867 904 941 977 1000 1000 1000 -9999 -9999 -9999 -9999 -9999 -9999 -9999 -9999 -9999 -9999 -9999 -9999 -9999 -9999 -9999 -9999 -9999
328 279 229 180 130 80 31 0 0 0 0 0 0 0 0 9 31 53 75 97 120 140 157 174 191 207 224 241 258 275 292 309 325 342 359 376 393 410 427 443 451 459 468 483 499 517 543 569 596 622 648 675 701 727 756 788 825 862 898 935 972 1000 1000 1000 1000 -9999 -9999 -9999 -9999 -9999 -9999 -9999 -9999 -9999 -9999 -9999 -9999 -9999 -9999 -9999 -9999
346 296 245 194 144 92 37 0 0 0 0 0 0 0 0 0 17 39 61 81 98 115 132 149 166 182 199 216 233 250 267 284 300 317 334 351 368 385 402 411 418 426 440 456 471 497 523 550 576 602 629 655 682 710 746 783 819 856 893 929 966 1000 1000 1000 1000 1000 -9999 -9999 -9999 -9999 -9999 -9999 -9999 -9999 -9999 -9999 -9999 -9999 -9999 -9999 -9999
339 284 229 175 122 68 14 0 0 0 0 0 0 0 0 0 2 23 39 56 73 90 107 124 141 157 174 191 208 225 242 259 275 292 309 326 343 360 371 378 386 397 412 428 451 478 504 530 557 583 609 638 667 704 740 777 814 850 887 924 960 997 1000 1000 1000 1000 -9999 -9999 -9999 -9999 -9999 -9999 -9999 -9999 -9999 -9999 -9999 -9999 -9999 -9999 -9999
367 313 260 206 140 72 4 0 0 0 0 0 0 0 0 0 0 0 14 31 48 65 82 99 116 132 149 166 183 200 217 234 250 267 284 301 318 332 339 346 354 369 385 405 432 458 484 511 537 563 591 625 661 698 735 771 808 845 881 918 954 991 1000 1000 1000 1000 1000 -9999 -9999 -9999 -9999 -9999 -9999 -9999 -9999 -9999 -9999 -9999 -9999 -9999 -9999
398 333 265 198 131 69 7 0 0 0 0 0 0 0 0 0 0 0 0 6 23 40 57 74 91 107 124 141 158 175 192 209 225 242 259 276 292 299 306 313 325 341 360 386 412 439 465 491 519 546 582 619 656 692 729 766 802 839 875 912 949 985 1000 1000 1000 1000 1000 1000 -9999 -9999 -9999 -9999 -9999 -9999 -9999 -9999 -9999 -9999 -9999 -9999 -9999
392 330 268 206 144 84 25 0 0 0 0 0 0 0 0 0 0 0 0 0 0 15 32 49 66 82 99 116 133 150 167 184 200 217 234 251 259 266 274 283 298 314 340 367 393 419 446 473 503 540 577 613 650 687 723 760 796 833 870 906 943 980 1000 1000 1000 1000 1000 1000 1000 -9999 -9999 -9999 -9999 -9999 -9999 -9999 -9999 -9999 -9999 -9999 -9999
408 349 289 230 175 115 54 0 0 0 0 0 0 0 0 0 0 0 0 0 0 0 7 24 41 57 74 91 108 125 142 159 175 192 209 220 227 234 241 254 270 294 321 347 373 401 426 461 498 534 571 608 644 681 717 754 791 827 864 901 937 974 1000 1000 1000 1000 1000 1000 1000 -9999 -9999 -9999 -9999 -9999 -9999 -9999 -9999 -9999 -9999 -9999 -9999
435 377 323 267 205 144 82 21 0 0 0 0 0 0 0 0 0 0 0 0 0 0 0 0 15 32 49 66 83 100 117 134 150 167 180 187 194 201 211 226 249 275 301 328 354 382 419 455 492 529 565 602 638 675 712 748 785 822 858 895 932 968 1000 1000 1000 1000 1000 1000 1000 -9999 -9999 -9999 -9999 -9999 -9999 -9999 -9999 -9999 -9999 -9999 -9999
470 417 357 295 234 172 111 49 0 0 0 0 0 0 0 0 0 0 0 0 0 0 0 0 0 7 24 41 58 75 92 108 125 140 147 154 161 169 183 203 229 255 283 308 340 376 413 450 486 523 559 596 633 669 706 743 779 816 853 889 926 962 999 1000 1000 1000 1000 1000 1000 1000 -9999 -9999 -9999 1000 1000 -9999 -9999 -9999 -9999 -9999 -9999
509 447 385 324 262 201 141 87 34 0 0 0 0 0 0 0 0 0 0 0 0 0 0 0 0 0 0 16 33 50 67 83 100 108 115 121 128 139 157 183 210 236 261 297 334 371 407 444 480 517 554 590 627 664 700 737 774 810 847 883 920 957 994 -9999 1000 1000 1000 1000 1000 1000 1000 1000 1000 1000 1000 1000 -9999 -9999 -9999 -9999 -9999
537 476 413 353 292 234 181 127 73 20 0 0 0 0 0 0 0 0 0 0 0 0 0 0 0 0 0 0 8 25 42 58 68 75 81 88 97 112 137 164 189 218 255 292 328 365 402 438 475 511 548 585 621 658 695 731 768 807 847 886 926 966 1000 1000 -9999 -9999 -9999 1000 1000 1000 1000 1000 1000 1000 1000 1000 1000 -9999 -9999 -9999 -9999
565 505 444 384 327 274 220 167 114 70 39 18 2 10 15 20 25 26 18 0 0 0 0 0 0 0 0 0 0 0 17 28 35 42 49 56 68 92 118 143 176 213 249 286 323 359 396 432 469 506 542 580 620 660 699 739 779 819 858 898 938 979 -9999 -9999 -9999 -9999 -9999 -9999 -9999 1000 1000 1000 1000 1000 1000 1000 -9999 -9999 -9999 -9999 -9999
596 536 476 421 367 313 261 209 158 127 98 82 69 75 80 85 90 83 67 39 5 0 0 0 0 0 0 0 0 0 0 0 3 9 16 26 46 71 97 134 170 207 244 280 317 353 393 433 473 512 552 592 633 676 718 760 802 845 887 929 971 1000 1000 1000 1000 -9999 -9999 -9999 -9999 1000 1000 1000 1000 -9999 -9999 -9999 -9999 -9999 -9999 -9999 -9999
627 568 514 460 408 356 304 253 215 183 161 140 136 141 146 150 148 135 115 88 54 19 0 0 0 0 0 0 0 0 0 0 0 0 0 0 24 55 91 128 166 206 246 288 330 372 415 457 499 541 583 626 668 710 752 795 837 879 921 964 1000 1000 1000 1000 1000 -9999 -9999 1000 1000 1000 -9999 -9999 -9999 -9999 -9999 -9999 -9999 -9999 -9999 -9999 -9999
661 607 554 503 451 399 348 303 272 241 225 194 201 206 211 213 203 183 162 137 102 68 33 0 0 0 0 0 0 0 0 0 0 0 0 0 19 69 111 153 196 238 280 322 365 407 449 491 534 576 618 660 702 745 787 829 871 914 956 998 1000 1000 1000 1000 -9999 1000 1000 -9999 -9999 -9999 -9999 -9999 -9999 -9999 -9999 -9999 -9999 -9999 -9999 -9999 -9999
701 649 598 546 494 443 392 361 327 304 278 261 267 271 276 269 250 230 210 186 151 117 82 47 13 0 0 0 0 0 0 0 0 0 0 0 11 66 122 179 230 272 315 357 399 441 484 526 568 610 653 695 737 779 821 864 906 948 990 1000 1000 1000 1000 1000 -9999 -9999 -9999 -9999 -9999 -9999 -9999 -9999 -9999 -9999 -9999 -9999 -9999 -9999 -9999 -9999 -9999
744 693 641 589 538 487 449 416 384 368 328 327 332 337 334 318 298 278 258 234 200 165 131 96 62 27 0 0 0 0 0 0 0 0 0 0 24 75 126 175 227 283 339 391 434 476 518 560 603 645 687 729 771 814 856 898 940 983 1000 1000 1000 1000 1000 1000 -9999 -9999 -9999 -9999 -9999 -9999 -9999 -9999 -9999 -9999 -9999 -9999 -9999 -9999 -9999 -9999 -9999
788 736 685 633 582 537 505 472 447 417 386 392 397 399 386 365 345 325 305 283 249 214 179 145 110 76 41 0 0 0 0 0 0 0 0 20 61 101 141 192 243 293 342 391 443 499 553 595 637 679 722 764 806 848 890 933 975 1000 1000 1000 -9999 -9999 -9999 -9999 -9999 -9999 -9999 -9999 -9999 -9999 -9999 -9999 -9999 -9999 -9999 -9999 -9999 -9999 -9999 -9999 -9999
831 780 728 677 626 594 560 527 507 466 453 458 463 453 433 413 393 373 353 332 297 263 228 194 159 124 100 38 0 0 0 0 0 9 31 53 90 139 179 219 259 309 360 410 460 509 558 607 659 714 756 798 841 883 925 967 1000 1000 1000 1000 -9999 -9999 -9999 -9999 -9999 -9999 -9999 -9999 -9999 -9999 -9999 -9999 -9999 -9999 -9999 -9999 -9999 -9999 -9999 -9999 -9999
875 823 772 721 682 649 616 590 556 515 518 523 520 501 481 460 440 420 400 380 346 312 277 242 208 173 153 95 50 32 35 33 47 56 78 88 125 162 199 254 297 338 378 427 478 528 577 626 676 725 774 823 875 917 959 1000 1000 -9999 -9999 -9999 -9999 -9999 -9999 -9999 -9999 -9999 -9999 -9999 -9999 -9999 -9999 -9999 -9999 -9999 -9999 -9999 -9999 -9999 -9999 -9999 -9999
