STOTEN_Data/raw/LateralPosition.asc
ncols         250
nrows         718
xllcorner     -2256000
yllcorner     1557000
cellsize      1000
NODATA_value  -9999
[rows 504 to 539 of 718, columns 81 to 161 of 250]
-9999 -9999 -9999 -9999 -9999 -9999 -9999 -9999 -9999 -9999 -9999 -9999 -9999 -9999 -9999 -9999 -9999 -9999 -9999 -9999 -9999 -9999 -9999 -9999 -9999 -9999 965 921 876 831 786 741 697 651 605 559 514 469 427 385 354 324 293 262 231 200 170 139 106 68 31 0 0 0 0 0 0 9 27 44 62 79 97 116 133 150 166 183 199 215 232 248 265 281 298 314 331 347 364 380 397
-9999 -9999 -9999 -9999 -9999 -9999 -9999 -9999 -9999 -9999 -9999 -9999 -9999 -9999 -9999 -9999 -9999 -9999 -9999 -9999 -9999 -9999 -9999 -9999 -9999 -9999 974 929 884 840 794 748 703 657 612 567 524 482 445 414 383 352 321 291 260 229 193 156 118 81 43 6 0 0 0 0 0 3 20 38 56 75 92 109 125 142 158 175 191 208 224 241 257 274 290 307 323 340 356 373 387
-9999 -9999 -9999 -9999 -9999 -9999 -9999 -9999 -9999 -9999 -9999 -9999 -9999 -9999 -9999 -9999 -9999 -9999 -9999 -9999 -9999 -9999 -9999 -9999 -9999 -9999 982 937 891 846 800 754 709 664 621 579 536 504 473 442 412 381 350 318 280 243 205 168 131 93 56 18 0 0 0 0 0 0 14 33 52 68 85 101 118 134 151 167 184 200 217 233 250 266 283 299 315 332 348 363 376
-9999 -9999 -9999 -9999 -9999 -9999 -9999 -9999 -9999 -9999 -9999 -9999 -9999 -9999 -9999 -9999 -9999 -9999 -9999 -9999 -9999 -9999 -9999 -9999 -9999 -9999 989 943 897 851 807 762 718 675 633 594 563 533 502 471 440 405 367 330 293 255 218 180 143 105 68 31 0 0 0 0 0 0 10 27 44 60 77 93 110 126 143 159 176 192 209 225 242 258 275 291 308 324 339 352 366
-9999 -9999 -9999 -9999 -9999 -9999 -9999 -9999 -9999 -9999 -9999 -9999 -9999 -9999 -9999 -9999 -9999 -9999 -9999 -9999 -9999 -9999 -9999 -9999 -9999 -9999 994 949 904 859 815 772 730 688 653 623 592 561 530 492 455 417 380 342 305 268 230 193 155 118 80 43 6 0 0 0 0 0 3 20 36 53 69 86 102 119 135 152 168 185 201 218 234 251 267 284 300 315 328 342 355
-9999 -9999 -9999 -9999 -9999 -9999 -9999 -9999 -9999 -9999 -9999 -9999 -9999 -9999 -9999 -9999 -9999 -9999 -9999 -9999 -9999 -9999 -9999 -9999 -9999 -9999 1000 956 912 869 827 785 744 713 682 651 617 579 542 504 467 430 392 355 317 280 242 205 168 131 94 58 23 0 0 0 0 0 0 12 28 45 61 78 94 111 127 144 160 177 193 210 226 243 259 276 291 304 318 331 344
-9999 -9999 -9999 -9999 -9999 -9999 -9999 -9999 -9999 -9999 -9999 -9999 -9999 -9999 -9999 -9999 -9999 -9999 -9999 -9999 -9999 -9999 -9999 -9999 -9999 -9999 -9999 966 924 881 839 803 772 741 704 667 629 592 554 517 479 442 405 368 331 294 257 221 184 149 115 86 42 0 0 0 0 0 0 4 21 37 54 70 87 103 120 136 153 169 186 202 219 235 252 267 280 294 307 320 333
-9999 -9999 -9999 -9999 -9999 -9999 -9999 -9999 -9999 -9999 -9999 -9999 -9999 -9999 -9999 -9999 -9999 -9999 -9999 -9999 -9999 -9999 -9999 -9999 -9999 -9999 -9999 978 936 894 862 829 791 754 716 679 642 605 568 531 494 458 421 384 347 310 275 240 205 173 145 104 61 17 0 0 0 0 0 0 13 30 46 63 79 95 112 128 145 161 178 194 211 227 243 256 270 283 296 309 323
-9999 -9999 -9999 -9999 -9999 -9999 -9999 -9999 -9999 -9999 -9999 -9999 -9999 -9999 -9999 -9999 -9999 -9999 -9999 -9999 -9999 -9999 -9999 -9999 -9999 -9999 -9999 990 953 916 878 842 805 768 731 695 658 621 584 548 511 474 437 401 366 332 297 262 232 204 166 123 79 36 0 0 0 0 0 0 5 22 38 55 71 88 104 121 137 154 170 187 203 219 232 246 259 272 285 299 312
-9999 -9999 -9999 -9999 -9999 -9999 -9999 -9999 -9999 -9999 -9999 -9999 -9999 -9999 -9999 -9999 -9999 -9999 -9999 -9999 -9999 -9999 -9999 -9999 -9999 -9999 -9999 1000 968 932 895 858 821 785 748 711 674 638 601 564 527 492 458 423 388 353 320 291 263 228 185 141 98 54 11 0 0 0 0 0 0 14 31 47 64 80 97 113 130 146 163 179 195 209 222 235 248 261 275 288 301
-9999 -9999 -9999 -9999 -9999 -9999 -9999 -9999 -9999 -9999 -9999 -9999 -9999 -9999 -9999 -9999 -9999 -9999 -9999 -9999 -9999 -9999 -9999 -9999 -9999 -9999 -9999 -9999 985 948 911 875 838 801 764 727 691 654 619 584 549 514 479 444 410 378 350 322 290 247 203 160 116 73 29 0 0 0 0 0 0 6 23 39 56 72 89 105 122 138 155 171 185 198 211 224 237 251 264 277 291
-9999 -9999 -9999 -9999 -9999 -9999 -9999 -9999 -9999 -9999 -9999 -9999 -9999 -9999 -9999 -9999 -9999 -9999 -9999 -9999 -9999 -9999 -9999 -9999 -9999 -9999 -9999 -9999 1000 965 928 891 854 817 781 744 710 675 640 606 571 535 501 468 436 409 381 352 309 265 222 178 135 91 48 4 0 0 0 0 0 0 15 32 48 65 81 98 114 131 147 161 174 187 200 213 227 240 254 267 281
-9999 -9999 -9999 -9999 -9999 -9999 -9999 -9999 -9999 -9999 -9999 -9999 -9999 -9999 -9999 -9999 -9999 -9999 -9999 -9999 -9999 -9999 -9999 -9999 -9999 -9999 -9999 -9999 -9999 981 944 907 871 836 801 766 732 697 662 627 592 558 526 495 468 440 412 371 327 284 240 197 153 110 66 23 0 0 0 0 0 0 7 24 40 57 73 90 106 123 137 150 163 176 189 203 216 230 244 257 271
-9999 -9999 -9999 -9999 -9999 -9999 -9999 -9999 -9999 -9999 -9999 -9999 -9999 -9999 -9999 -9999 -9999 -9999 -9999 -9999 -9999 -9999 -9999 -9999 -9999 -9999 -9999 -9999 -9999 997 962 927 892 858 823 788 753 718 683 649 616 584 554 527 499 471 433 389 346 302 259 215 172 128 85 41 0 0 0 0 0 0 0 16 33 49 66 82 99 113 126 139 152 166 179 193 206 220 234 247 261
-9999 -9999 -9999 -9999 -9999 -9999 -9999 -9999 -9999 -9999 -9999 -9999 -9999 -9999 -9999 -9999 -9999 -9999 -9999 -9999 -9999 -9999 -9999 -9999 -9999 -9999 -9999 -9999 -9999 -9999 984 949 914 880 845 810 774 739 706 674 642 613 586 558 530 495 452 408 364 321 277 234 190 147 103 60 18 0 0 0 0 0 0 8 25 41 58 74 89 102 115 128 142 156 169 183 196 210 224 237 252
-9999 -9999 -9999 -9999 -9999 -9999 -9999 -9999 -9999 -9999 -9999 -9999 -9999 -9999 -9999 -9999 -9999 -9999 -9999 -9999 -9999 -9999 -9999 -9999 -9999 -9999 -9999 -9999 -9999 -9999 -9999 971 936 901 865 830 796 764 732 700 672 645 617 589 557 514 470 427 383 339 296 252 209 165 122 83 44 4 0 0 0 0 0 1 17 34 50 65 78 91 105 118 132 146 159 173 186 200 214 229 244
-9999 -9999 -9999 -9999 -9999 -9999 -9999 -9999 -9999 -9999 -9999 -9999 -9999 -9999 -9999 -9999 -9999 -9999 -9999 -9999 -9999 -9999 -9999 -9999 -9999 -9999 -9999 -9999 -9999 -9999 -9999 992 957 921 887 854 822 790 759 731 704 676 648 619 576 532 489 445 402 358 314 271 226 186 147 108 69 30 0 0 0 0 0 0 10 26 41 54 68 81 95 108 122 136 149 163 176 191 206 221 235
-9999 -9999 -9999 -9999 -9999 -9999 -9999 -9999 -9999 -9999 -9999 -9999 -9999 -9999 -9999 -9999 -9999 -9999 -9999 -9999 -9999 -9999 -9999 -9999 -9999 -9999 -9999 -9999 -9999 -9999 -9999 -9999 978 944 912 880 848 818 790 763 735 707 680 638 594 551 507 464 420 377 332 290 251 212 173 133 94 55 16 0 0 0 0 0 2 17 30 44 58 71 85 98 112 126 139 153 168 183 198 212 227
-9999 -9999 -9999 -9999 -9999 -9999 -9999 -9999 -9999 -9999 -9999 -9999 -9999 -9999 -9999 -9999 -9999 -9999 -9999 -9999 -9999 -9999 -9999 -9999 -9999 -9999 -9999 -9999 -9999 -9999 -9999 -9999 -9999 970 938 906 877 849 822 794 766 739 700 656 613 569 526 482 437 394 355 315 276 237 198 159 120 81 42 2 0 0 0 0 0 7 20 34 48 61 75 88 102 116 131 145 160 175 189 204 218
-9999 -9999 -9999 -9999 -9999 -9999 -9999 -9999 -9999 -9999 -9999 -9999 -9999 -9999 -9999 -9999 -9999 -9999 -9999 -9999 -9999 -9999 -9999 -9999 -9999 -9999 -9999 -9999 -9999 -9999 -9999 -9999 -9999 995 964 936 908 881 853 825 798 762 718 675 631 588 543 497 458 419 380 341 302 263 223 184 145 106 67 28 0 0 0 0 0 0 10 24 38 51 65 78 93 108 122 137 152 166 181 195 209
-9999 -9999 -9999 -9999 -9999 -9999 -9999 -9999 -9999 -9999 -9999 -9999 -9999 -9999 -9999 -9999 -9999 -9999 -9999 -9999 -9999 -9999 -9999 -9999 -9999 -9999 -9999 -9999 -9999 -9999 -9999 -9999 -9999 -9999 995 968 940 912 884 857 824 780 737 693 649 603 562 523 484 445 405 366 327 288 249 210 171 131 92 53 14 0 0 0 0 0 0 14 27 41 55 70 85 99 114 129 144 158 172 185 200
-9999 -9999 -9999 -9999 -9999 -9999 -9999 -9999 -9999 -9999 -9999 -9999 -9999 -9999 -9999 -9999 -9999 -9999 -9999 -9999 -9999 -9999 -9999 -9999 -9999 -9999 -9999 -9999 -9999 -9999 -9999 -9999 -9999 -9999 -9999 999 971 943 916 886 842 799 754 709 666 626 587 548 509 470 431 392 353 313 274 235 196 157 118 79 39 0 0 0 0 0 0 4 17 32 47 62 76 91 106 121 135 148 163 177 191
-9999 -9999 -9999 -9999 -9999 -9999 -9999 -9999 -9999 -9999 -9999 -9999 -9999 -9999 -9999 -9999 -9999 -9999 -9999 -9999 -9999 -9999 -9999 -9999 -9999 -9999 -9999 -9999 -9999 -9999 -9999 -9999 -9999 -9999 -9999 1000 1000 975 947 905 860 814 769 730 691 652 613 574 534 495 456 417 378 339 300 261 221 182 143 104 64 21 0 0 0 0 0 0 9 24 39 53 68 83 98 111 125 140 154 168 183
-9999 -9999 -9999 -9999 -9999 -9999 -9999 -9999 -9999 -9999 -9999 -9999 -9999 -9999 -9999 -9999 -9999 -9999 -9999 -9999 -9999 -9999 -9999 -9999 -9999 -9999 -9999 -9999 -9999 -9999 -9999 -9999 -9999 -9999 -9999 1000 1000 1000 965 920 873 834 795 756 716 677 638 599 560 521 482 440 399 356 313 270 227 185 143 101 69 40 12 0 0 0 0 0 1 16 31 45 60 74 88 103 117 131 145 160 175
-9999 -9999 -9999 -9999 -9999 -9999 -9999 -9999 -9999 -9999 -9999 -9999 -9999 -9999 -9999 -9999 -9999 -9999 -9999 -9999 -9999 -9999 -9999 -9999 -9999 -9999 -9999 -9999 -9999 -9999 -9999 -9999 -9999 -9999 -9999 -9999 -9999 -9999 979 938 898 859 817 775 734 692 649 606 563 520 477 433 391 349 307 265 223 181 146 118 90 62 34 6 0 0 0 0 0 8 22 37 51 65 80 94 108 123 137 152 167
-9999 -9999 -9999 -9999 -9999 -9999 -9999 -9999 -9999 -9999 -9999 -9999 -9999 -9999 -9999 -9999 -9999 -9999 -9999 -9999 -9999 -9999 -9999 -9999 -9999 -9999 -9999 -9999 -9999 -9999 -9999 -9999 -9999 -9999 -9999 -9999 -9999 -9999 984 941 898 856 813 770 727 683 640 597 555 513 471 429 387 345 303 261 224 196 168 139 111 83 55 27 0 0 0 0 0 0 14 28 43 57 71 85 100 115 130 144 159
-9999 -9999 -9999 -9999 -9999 -9999 -9999 -9999 -9999 -9999 -9999 -9999 -9999 -9999 -9999 -9999 -9999 -9999 -9999 -9999 -9999 -9999 -9999 -9999 -9999 -9999 -9999 -9999 -9999 -9999 -9999 -9999 -9999 -9999 -9999 -9999 -9999 -9999 976 933 890 846 804 762 719 677 635 593 551 509 467 425 383 340 301 273 245 217 189 161 133 105 76 48 20 0 0 0 0 0 5 20 34 48 63 78 92 107 121 135 149
-9999 -9999 -9999 -9999 -9999 -9999 -9999 -9999 -9999 -9999 -9999 -9999 -9999 -9999 -9999 -9999 -9999 -9999 -9999 -9999 -9999 -9999 -9999 -9999 -9999 -9999 -9999 -9999 -9999 -9999 -9999 -9999 -9999 -9999 -9999 -9999 -9999 -9999 968 926 884 841 799 757 715 673 631 589 547 505 462 420 379 351 323 295 267 238 210 182 154 126 98 70 42 14 0 0 0 0 0 11 26 40 54 68 82 96 109 123 137
-9999 -9999 -9999 -9999 -9999 -9999 -9999 -9999 -9999 -9999 -9999 -9999 -9999 -9999 -9999 -9999 -9999 -9999 -9999 -9999 -9999 -9999 -9999 -9999 -9999 -9999 -9999 -9999 -9999 -9999 -9999 -9999 -9999 -9999 -9999 -9999 -9999 1000 963 921 879 837 795 753 711 669 627 584 542 500 458 429 400 372 344 316 288 260 232 204 175 147 119 91 63 35 7 0 0 0 0 1 15 29 42 56 70 84 98 112 125
-9999 -9999 -9999 -9999 -9999 -9999 -9999 -9999 -9999 -9999 -9999 -9999 -9999 -9999 -9999 -9999 -9999 -9999 -9999 -9999 -9999 -9999 -9999 -9999 -9999 -9999 -9999 -9999 -9999 -9999 -9999 -9999 -9999 -9999 -9999 -9999 -9999 1000 959 917 875 833 791 748 706 664 622 580 538 506 478 450 422 394 366 337 309 281 253 225 197 169 141 113 84 56 28 0 0 0 0 0 3 17 31 45 58 72 86 100 114
-9999 -9999 -9999 -9999 -9999 -9999 -9999 -9999 -9999 -9999 -9999 -9999 -9999 -9999 -9999 -9999 -9999 -9999 -9999 -9999 -9999 1000 -9999 -9999 -9999 -9999 -9999 -9999 -9999 -9999 -9999 -9999 -9999 -9999 -9999 -9999 1000 997 955 913 870 828 786 744 702 660 618 584 556 528 499 471 443 415 387 359 331 303 275 246 218 190 162 134 106 78 50 22 0 0 0 0 0 5 19 33 47 61 74 88 102
-9999 -9999 -9999 -9999 -9999 -9999 -9999 -9999 -9999 -9999 -9999 -9999 -9999 -9999 -9999 -9999 -9999 -9999 -9999 -9999 -9999 1000 1000 1000 -9999 -9999 -9999 -9999 1000 1000 1000 -9999 -9999 -9999 -9999 -9999 1000 992 950 908 866 824 782 740 698 661 633 605 577 549 521 493 465 436 408 380 352 324 296 268 240 212 183 155 127 99 71 43 15 0 0 0 0 0 7 21 35 49 63 77 90
-9999 -9999 -9999 -9999 -9999 -9999 -9999 -9999 -9999 -9999 -9999 -9999 -9999 -9999 -9999 -9999 -9999 -9999 -9999 -9999 -9999 -9999 1000 1000 1000 1000 1000 1000 1000 1000 1000 -9999 -9999 -9999 -9999 -9999 1000 988 946 904 862 820 778 739 711 683 655 627 598 570 542 514 486 458 430 402 374 345 317 289 261 233 205 177 149 121 92 64 36 8 0 0 0 0 0 9 23 37 51 65 79
-9999 -9999 -9999 -9999 -9999 -9999 -9999 -9999 -9999 -9999 -9999 -9999 -9999 -9999 -9999 -9999 -9999 -9999 -9999 -9999 -9999 -9999 1000 -9999 1000 1000 1000 1000 1000 1000 1000 1000 -9999 -9999 -9999 -9999 1000 984 942 899 857 817 788 760 732 704 676 648 620 592 564 535 507 479 451 423 395 367 339 311 282 254 225 195 165 135 104 74 44 14 0 0 0 0 0 0 12 25 39 53 67
-9999 -9999 -9999 -9999 -9999 -9999 -9999 -9999 -9999 -9999 -9999 -9999 -9999 -9999 -9999 -9999 -9999 -9999 -9999 -9999 -9999 -9999 -9999 -9999 1000 1000 1000 1000 1000 1000 1000 1000 -9999 -9999 -9999 -9999 -9999 979 937 896 866 838 810 782 754 726 697 669 641 613 585 557 527 497 467 436 406 376 346 315 285 255 225 195 164 134 104 74 43 13 0 0 0 0 0 0 0 14 28 42 55
-9999 -9999 -9999 -9999 -9999 -9999 -9999 -9999 -9999 -9999 -9999 -9999 -9999 -9999 -9999 -9999 -9999 -9999 -9999 -9999 -9999 -9999 -9999 -9999 1000 1000 1000 1000 1000 1000 1000 1000 -9999 -9999 -9999 -9999 -9999 975 944 916 887 859 830 799 769 738 708 678 648 617 587 557 527 496 466 436 406 376 345 315 285 255 224 194 164 134 104 73 43 13 0 0 0 0 0 0 0 2 16 30 44
