STOTEN_Data/raw/MFDTWSpr2000Faunt.asc
ncols         250
nrows         718
xllcorner     -2256000
yllcorner     1557000
cellsize      1000
NODATA_value  -9999
[rows 352 to 383 of 718, columns 72 to 143 of 250]
37.44669 33.49768 28.42488 23.64642 19.71462 17.09647 14.2191 10.37259 10.99685 11.53272 11.94578 14.76089 19.55868 18.10833 14.31875 15.14906 19.35334 20.28841 19.72502 21.13756 23.3871 24.85754 25.31124 25.55699 25.4343 24.9744 26.47273 31.02191 36.20767 40.49271 42.83745 46.93449 48.41646 49.65429 50.00103 49.99465 48.43899 47.71981 49.09105 52.47625 59.89419 65.21793 70.24516 74.82008 77.18919 77.95338 78.27876 77.88377 78.44642 78.22384 77.48425 75.85273 73.54189 71.8589 70.17944 68.67459 67.63139 -9999 -9999 -9999 -9999 -9999 -9999 -9999 -9999 -9999 -9999 -9999 -9999 -9999 -9999 -9999
43.70365 39.43684 32.34187 26.95145 22.35435 19.40172 16.90832 10.75937 11.08944 11.69209 13.1066 15.34775 17.56711 17.16932 15.56551 16.37489 18.90915 19.99584 20.68606 21.73308 22.83545 23.90449 24.20271 23.82817 23.23985 21.31774 23.38531 28.48911 33.47115 38.10576 41.32088 44.31773 47.78016 50.89317 51.73415 49.08618 45.06643 43.06477 45.2206 49.97976 59.85427 67.6318 74.13853 78.20656 80.15499 80.49262 80.07761 80.09182 79.89845 79.24967 77.69415 75.66541 74.1606 72.03649 70.47655 68.91749 67.70721 67.55185 -9999 67.50328 -9999 -9999 -9999 -9999 -9999 -9999 -9999 -9999 -9999 -9999 -9999 -9999
47.41965 44.51301 37.34429 29.33103 25.19951 21.49398 17.13268 9.661346 10.35055 10.94816 11.88239 13.63401 15.15434 15.26959 16.99972 17.86683 19.04367 20.07567 21.61311 22.81936 22.99472 23.71045 24.05272 24.01099 22.94453 22.06239 23.39192 27.98741 31.25456 35.20098 39.80547 43.21267 47.91051 51.54499 52.89394 46.20015 38.74305 35.5356 39.62812 48.88847 60.01847 71.85098 80.79266 84.83185 84.4278 82.78111 82.06213 81.91087 81.24889 80.11893 78.75046 77.05919 74.80407 72.64915 70.6753 68.8889 68.85136 67.49409 -9999 69.15091 -9999 -9999 -9999 -9999 -9999 -9999 -9999 -9999 -9999 -9999 -9999 -9999
50.07109 46.57484 40.93215 34.93241 26.66616 22.41476 16.37827 8.8184 9.45294 9.716204 10.06629 10.63263 12.27894 12.88406 14.76728 17.39675 19.11691 19.93729 20.21297 23.5207 23.23265 23.72283 24.47265 24.81108 24.62185 24.0403 25.26031 27.55643 30.71739 34.90375 38.17126 40.6675 44.66373 48.02169 46.51907 38.1729 27.78391 22.52108 31.85669 45.68739 61.31242 77.3305 90.32867 93.36333 89.36357 85.48141 83.55532 82.98866 82.8773 82.08559 80.55275 78.01653 75.44646 72.91002 70.60645 69.85629 68.29446 66.87504 69.17196 68.36866 -9999 -9999 -9999 -9999 -9999 -9999 -9999 -9999 -9999 -9999 -9999 -9999
48.15268 46.4171 44.46734 35.9446 26.28079 20.30832 15.93991 8.219037 8.131824 8.028338 7.850975 7.75626 7.683607 8.921331 10.64861 14.28682 18.14828 18.93288 19.60311 21.87113 22.64075 23.71657 25.01612 26.12674 27.24856 27.48433 27.5542 27.4217 30.00593 32.27253 34.50849 37.0225 38.73284 41.09597 37.53318 30.30332 23.33111 15.97691 28.77407 45.65016 62.263 81.35333 98.53057 100.8234 92.85033 86.26315 82.94402 82.69228 84.21732 84.3526 82.25139 79.11665 75.84794 72.80114 71.40849 69.22327 67.45718 68.16937 68.17124 -9999 -9999 67.22279 -9999 -9999 -9999 -9999 -9999 -9999 -9999 -9999 -9999 -9999
47.51458 47.34811 46.3512 41.9119 28.26717 18.50178 13.28429 7.169522 6.639133 6.469952 6.304363 5.296491 5.093502 5.613411 8.034603 10.35859 15.9623 18.59215 19.43996 20.15712 22.20691 23.93757 26.92085 28.75488 29.26372 29.96897 29.41299 28.65478 27.67717 29.87693 32.131 34.07314 35.00079 36.57726 33.87206 30.15523 27.67238 26.53309 37.29479 50.06549 62.43676 78.71159 94.08868 97.04491 91.86132 86.96627 81.50127 82.05222 86.70376 87.32345 84.13433 79.9048 75.73862 73.19054 70.31083 68.03004 66.30773 67.83232 66.9855 66.14089 66.44389 -9999 -9999 -9999 -9999 -9999 -9999 -9999 -9999 -9999 -9999 -9999
50.07356 48.84596 47.08579 43.61226 30.72834 16.52608 8.961074 5.323629 5.180631 5.200294 5.078637 4.524938 3.961733 5.034743 7.200829 9.122058 13.59913 16.83498 18.50537 18.73229 21.92818 24.88685 28.81389 31.49599 31.62568 31.38155 30.17616 29.09295 28.93767 28.46582 30.66042 32.66966 34.44945 36.26112 34.76087 34.26925 34.40888 37.98258 48.45438 56.44663 61.92591 72.1156 83.0844 88.53868 90.04634 91.91383 91.53196 94.58905 96.18867 92.31362 86.08351 79.92728 75.28181 71.594 68.60337 66.76723 67.15889 66.27857 65.616 65.54305 -9999 -9999 -9999 -9999 -9999 -9999 -9999 -9999 -9999 -9999 -9999 -9999
55.10009 51.11761 47.96276 43.9336 32.28678 13.15019 5.368133 5.291815 5.112429 4.884195 4.64226 4.377594 2.730445 5.575376 7.665928 10.28275 13.84777 15.54303 15.81712 16.30938 20.27902 24.05828 30.49088 35.81915 33.12557 32.1513 30.40404 29.38124 29.32878 28.12102 28.27665 31.58706 38.19136 40.00855 39.41375 37.58991 40.58657 45.80207 56.36956 61.04313 61.62824 67.68951 76.29605 83.7161 91.20153 101.0397 116.2486 123.0807 111.5348 97.53217 86.79501 79.04825 73.13535 68.96625 67.73943 66.19976 65.17862 64.76437 65.01141 -9999 -9999 -9999 -9999 -9999 -9999 -9999 -9999 -9999 -9999 -9999 -9999 -9999
63.08841 58.0848 49.04798 44.37645 32.40367 12.27473 5.396471 5.262604 5.080613 4.83287 4.280413 3.872025 5.353883 7.737337 8.541894 9.517954 15.44934 16.77648 15.94058 15.09223 17.27101 21.61353 30.10393 39.03601 33.33395 30.92942 30.42457 29.33187 28.98052 25.78307 24.97841 31.3026 45.63367 45.85308 40.65688 39.95621 42.09671 48.42599 56.30016 60.55083 61.48574 65.92054 73.46646 81.27845 91.05558 104.2505 122.3002 129.311 114.9852 97.37344 84.13713 75.70668 69.92866 66.60828 64.71291 63.44318 63.04886 63.43996 63.37077 63.29762 63.47311 -9999 -9999 -9999 -9999 -9999 -9999 -9999 -9999 -9999 -9999 -9999
66.14066 62.40255 51.77789 43.59243 30.49321 8.728438 5.411684 5.300831 5.142808 4.900736 4.280629 3.535933 6.16547 8.466877 8.857598 10.48063 16.15237 22.53197 15.10121 12.16362 16.06483 18.33927 23.29048 29.04857 28.70265 28.1319 30.93885 30.2349 28.60977 22.87738 21.89538 29.10236 41.13709 43.95172 41.27874 40.61797 42.02443 47.03265 52.15701 58.59105 61.27653 65.536 71.75265 78.91875 87.92582 98.5222 109.452 112.7567 103.6066 89.52365 77.37368 69.10673 64.23603 62.12558 60.9624 60.62033 61.1498 61.46867 61.77834 62.00867 -9999 -9999 -9999 -9999 -9999 -9999 -9999 -9999 -9999 -9999 -9999 -9999
65.08302 60.81656 57.65088 47.75629 28.56224 11.58676 6.595589 5.736104 5.656131 5.526051 5.466097 5.932548 6.824574 8.260961 8.202003 10.49525 14.18869 16.50935 14.27142 13.64106 17.0033 19.44116 22.11939 25.76862 28.31625 29.99153 32.85804 33.15704 26.70533 20.17398 25.22997 31.29595 36.67253 39.63285 41.09941 42.20685 42.31203 44.53814 49.84373 56.30195 60.76978 64.72045 70.01144 76.16302 82.65389 89.02393 93.89653 94.06055 87.16601 76.87929 67.53606 61.31776 58.45993 57.57704 57.51358 57.78827 58.90479 59.54954 59.67468 60.24619 -9999 -9999 -9999 -9999 -9999 -9999 -9999 -9999 -9999 -9999 -9999 -9999
59.79345 57.3843 54.60366 47.58077 36.54052 16.71848 9.04112 7.024861 6.659214 6.983453 7.071529 7.252159 6.765251 6.883425 8.548263 9.714679 12.05528 13.08516 11.60853 13.53808 16.37749 20.09712 26.42027 28.13249 30.83426 35.94735 37.54493 39.12045 31.86954 30.66934 33.04806 35.90917 40.44437 43.14436 43.47265 44.2271 44.38443 44.78839 47.71927 54.41652 59.61178 64.34019 69.49399 74.56382 78.39151 81.20445 81.53217 78.70778 73.08633 65.37614 58.61845 54.90593 54.13626 54.08169 54.57312 55.34197 56.297 57.18427 58.33537 59.41071 60.48092 -9999 62.50644 -9999 64.48837 -9999 -9999 -9999 -9999 -9999 -9999 -9999
52.3379 52.51099 49.49937 45.47241 37.38262 21.826 11.06417 8.371879 7.871068 7.752751 7.862536 8.05432 8.043563 9.320194 11.78366 9.95437 11.91637 11.38318 10.40412 15.33223 19.27918 26.41328 30.46389 33.98281 35.93533 35.34956 39.12744 40.3486 39.28709 39.90835 40.67027 42.87883 43.46905 44.22434 44.49043 45.74307 46.72387 47.71461 48.16007 51.09703 59.12967 65.09545 69.61977 72.52557 74.04279 73.41553 72.02402 68.14389 63.2258 57.08867 51.96891 51.20087 53.53118 52.46177 52.49431 53.37086 54.47749 56.09034 57.44448 58.76828 60.07443 61.34906 62.5891 63.76234 65.27347 -9999 -9999 -9999 -9999 -9999 -9999 -9999
44.65502 47.83008 48.8498 43.94126 35.55419 27.06467 15.0521 10.07926 8.921654 8.208802 8.88895 9.266029 8.983168 10.02428 11.1651 11.30663 11.68749 11.79922 13.11683 16.50143 22.40893 31.94855 36.57206 44.1848 40.67545 36.31304 43.52427 44.57624 45.53346 47.5748 47.19439 45.8817 45.98006 46.14264 42.9211 44.94883 46.27621 48.35516 50.19106 51.8409 57.65182 64.73027 67.46888 69.79925 67.73699 65.81192 63.76899 60.19266 56.69939 51.12978 46.34 41.99693 48.16131 49.76017 50.49772 51.88924 53.36532 55.2323 56.81627 58.36438 59.89823 61.39413 62.85059 64.21961 66.36859 -9999 -9999 -9999 -9999 -9999 -9999 -9999
35.23282 43.36485 50.23196 48.6573 36.9895 28.62645 20.07158 12.08213 11.16519 10.67076 10.14525 10.3205 10.56663 10.93338 11.34852 11.21735 12.40853 13.59095 15.29917 19.96667 27.3684 35.60315 40.80973 47.29717 47.73439 47.5084 48.3041 46.7716 51.25978 53.34926 53.87841 47.12897 47.98213 46.60427 45.40896 45.85973 46.84631 49.23359 51.50923 53.27077 56.13916 61.75627 63.00224 62.92957 63.01861 60.26106 58.86018 55.81714 52.73899 48.59322 44.10572 38.36325 40.69173 46.24563 48.85433 50.66427 52.62078 54.36355 56.07578 57.82966 59.53451 61.27716 62.93281 64.94434 66.63768 68.16268 -9999 -9999 -9999 -9999 -9999 -9999
36.21736 45.91727 52.14876 48.8153 39.45268 28.66604 25.18974 14.32157 12.83288 11.57405 10.83315 10.74043 11.04338 11.18617 11.73863 11.51692 13.12788 15.29819 18.13109 21.8742 29.19286 34.33631 40.82926 43.24905 48.11341 47.42496 45.13058 43.7743 51.05275 55.83035 52.70379 51.53334 51.05666 49.08597 47.70797 47.38627 48.22451 51.0231 53.10804 56.14534 57.5241 58.74122 61.37593 61.93801 61.19127 58.66921 56.51063 53.6839 51.09044 47.81232 44.94932 42.94181 43.52751 46.08371 48.19764 50.40135 52.34907 54.24176 56.14035 58.05208 59.99588 61.94977 63.88605 66.53672 68.25386 69.24115 71.64777 -9999 -9999 -9999 -9999 -9999
62.1062 62.23835 58.22399 48.53233 35.23964 26.5044 22.70826 18.71924 14.4034 12.4936 11.55183 11.16364 11.16419 11.72441 11.84746 12.30463 13.81188 15.07579 19.44228 22.44392 28.68709 31.32086 36.474 41.15106 40.16955 36.92661 29.44742 34.19333 43.58664 50.06344 51.34072 48.78384 55.69613 50.92237 49.08777 48.29356 50.19901 52.62247 55.33092 57.57064 59.10307 59.7616 60.0635 59.85221 59.09889 55.26358 54.97154 51.45752 49.26549 46.35211 44.65007 43.98412 44.60137 46.08065 47.99762 50.11607 52.39965 54.43288 56.47883 58.56906 60.98558 62.97115 63.41583 68.11791 70.64674 72.40475 74.28249 -9999 -9999 -9999 -9999 -9999
92.0151 81.64954 66.21362 48.11227 30.4365 19.72153 19.24429 19.06449 16.42218 14.63285 12.36787 11.37909 11.50037 11.79397 11.92378 12.29931 13.8148 14.92446 18.39152 22.45348 28.97917 29.99124 28.33393 33.72949 31.07554 23.64028 15.99011 24.13373 37.1352 45.94406 52.49385 56.78225 55.15211 47.27782 47.98777 48.77283 51.81258 54.04273 57.31963 59.33769 60.63134 61.00114 60.9684 60.32034 58.89211 56.87466 54.86698 51.92666 47.6454 43.8955 41.54776 41.76674 43.33696 45.42766 47.57921 49.23258 51.28522 53.3865 57.2404 60.36944 62.86784 65.45693 68.80238 71.34023 74.0074 75.72896 76.84888 77.19704 -9999 -9999 -9999 -9999
105.9432 95.30942 71.59135 45.6125 27.48248 20.25014 20.19843 21.97737 18.86389 16.26369 14.8484 12.65599 11.66361 11.69209 11.73247 11.81443 13.18168 13.67003 17.19137 20.15062 25.50515 28.07896 28.54009 30.36961 30.65801 24.86994 17.29155 19.70865 30.06454 41.78289 48.9888 52.91222 50.25311 43.93518 47.35738 49.67172 52.51852 54.86357 58.00761 60.34212 61.41897 61.28592 61.39687 61.82933 60.61377 59.39469 58.11811 53.92299 48.08296 42.44227 39.75465 39.88012 41.68652 44.20421 47.9755 50.14945 52.39701 55.17955 59.36284 61.87517 64.55014 67.42014 71.07478 74.38153 76.97653 78.85732 79.87697 78.65257 -9999 -9999 -9999 -9999
103.3277 94.24554 72.18813 45.32073 24.23942 19.92454 22.32386 23.48538 23.25522 17.78798 16.12409 14.44027 11.80962 11.35519 11.07182 10.54988 11.16333 12.43001 13.59634 14.23406 19.36736 25.10127 27.27467 31.22086 32.64039 24.8966 14.63248 16.66135 27.07627 37.63522 45.14911 49.34402 49.68494 48.0199 47.58987 50.30978 51.92958 55.39478 58.62057 61.51206 62.83353 62.04869 62.19103 62.55962 61.14731 59.65862 59.12986 55.89155 49.47189 41.6413 33.59728 35.80547 40.27087 44.91331 50.08109 52.89223 56.00544 58.63213 60.99697 63.58035 66.41402 70.1737 73.75682 77.34111 80.37301 82.50421 83.02412 81.81957 80.51609 -9999 -9999 -9999
96.04357 89.0062 73.31352 51.80285 34.13601 26.002 20.0651 24.51378 27.29989 23.12572 17.72684 15.51888 13.38623 10.72645 9.880618 8.50834 8.262057 10.57256 11.27473 9.514595 13.20758 18.44802 18.83823 23.49916 26.51841 23.27343 19.6842 19.6424 25.17152 32.84125 40.04589 48.04462 50.53775 46.46545 46.01335 48.90559 50.64411 52.43097 55.99422 62.08435 67.73381 65.56293 64.29652 64.45131 62.4903 60.35642 59.68948 58.1161 52.75979 45.15865 38.00975 35.70996 38.36857 47.40574 53.75525 56.71347 58.72055 60.59182 62.83216 65.4986 69.05499 72.50061 76.33801 80.27809 84.02378 86.51498 86.36436 85.11961 84.30169 83.68011 -9999 -9999
99.03482 97.7752 84.94817 64.41977 46.40977 35.80553 31.51295 33.35769 31.13683 29.54828 22.26983 18.14606 14.02062 10.88805 8.473772 7.446717 6.946162 8.765928 10.19996 10.86811 13.49208 14.65941 9.524851 15.88908 20.60773 20.61583 20.74714 20.23608 19.92062 27.2502 35.20819 43.08525 45.43755 42.61379 42.19107 46.84542 50.75434 50.50338 53.15097 58.36191 63.04933 63.83939 66.16949 67.52448 64.74835 62.65064 62.05766 61.51375 58.81814 54.31833 47.95414 42.30499 44.35986 54.73912 60.83651 60.82403 61.545 62.98221 65.20132 68.03028 71.03694 74.58447 78.31802 82.70521 87.27375 89.84472 90.36671 88.97395 86.77193 86.0735 -9999 -9999
116.057 126.3898 112.097 81.73195 58.06979 45.32333 41.16641 40.6521 37.7499 33.14909 24.41224 20.307 13.14948 11.00433 8.489546 7.800971 7.613154 8.619616 9.712547 10.15722 10.55529 12.25582 12.76059 13.73939 16.28474 17.5537 18.42218 18.7355 18.47821 21.63361 25.61567 28.91276 31.74884 34.2171 37.20369 40.63891 45.19289 46.67406 49.3943 54.65822 58.76589 60.60234 64.00397 67.57697 65.92064 64.89853 65.35646 66.15781 66.77264 66.44405 61.8222 55.76791 55.68194 61.46954 64.93761 63.54031 63.71006 65.11903 67.42504 70.31484 73.03589 76.10856 79.4316 84.11429 89.25521 92.389 92.58936 90.66632 88.28245 -9999 85.02404 -9999
129.9036 148.1382 132.672 94.59213 68.0974 52.12008 43.62458 42.45235 41.40483 36.79168 27.23373 21.58737 16.97495 12.06271 9.711542 7.888533 7.428184 8.009325 9.035411 8.568895 8.662538 10.13012 11.25994 11.24253 12.51942 13.63407 16.01827 17.41855 16.88818 16.04619 16.79679 16.49928 18.04608 23.88908 28.57879 33.36552 36.44912 40.9491 44.4528 50.39193 55.79571 58.08418 59.2887 63.92303 66.0344 66.94528 67.50258 68.16092 71.5724 79.6162 77.03324 67.46496 63.22568 63.6569 64.38123 64.85651 65.75719 68.06502 70.52024 72.86726 75.52655 77.45304 80.37141 84.3019 88.72832 91.69565 92.13118 90.98298 89.35976 88.14258 86.77862 -9999
123.0483 134.4898 121.5123 94.07009 73.04976 60.95157 53.46262 48.32759 43.93139 38.96797 34.55862 23.55401 17.713 13.91086 10.42344 7.618204 6.545741 6.711792 7.231642 7.886822 8.177766 9.206282 10.14936 10.10744 10.92894 10.59074 12.22974 14.42988 14.24109 13.10325 12.31464 10.90639 12.1195 20.14971 23.5025 26.79784 31.01089 34.00715 38.65716 45.18704 52.19765 57.42332 59.52999 62.13632 66.36599 68.90887 70.09266 70.34853 74.51931 83.77827 81.39944 74.01641 69.80664 67.55996 66.84734 68.05613 69.4324 70.90773 73.09105 75.73701 77.95271 78.79366 80.43449 83.25809 87.37749 89.67094 90.1974 89.54781 88.25283 87.11844 86.38523 85.72221
-9999 110.3504 101.1694 85.11927 72.14259 65.69138 61.32479 55.93106 46.7076 40.90348 33.22009 24.87422 20.35667 14.42896 10.29854 7.07161 5.934136 5.510226 5.86378 6.904181 7.293682 7.47726 7.319437 7.993813 9.507515 10.12901 10.67797 10.87623 11.18272 10.65876 10.19213 10.91658 14.74405 22.24292 22.92586 19.3431 27.91384 32.01656 35.76539 42.41993 46.73983 53.43032 57.52319 62.24134 65.99643 70.18111 71.66163 72.11578 75.04249 79.01276 79.85533 78.23526 76.39114 74.63242 73.08098 73.11137 73.50922 74.19558 76.03668 77.9696 78.89602 79.27557 80.61361 83.92602 86.26018 87.48659 87.768 87.4959 86.87196 86.20071 85.44767 -9999
-9999 93.95327 86.88773 77.35049 69.24068 66.28646 64.75421 60.54304 55.6214 43.99237 37.26778 26.29572 21.28847 14.88544 9.619683 5.651863 5.151281 4.712375 4.652722 5.851655 6.657488 6.726217 5.30363 5.334674 7.979511 9.231325 9.523645 9.16727 7.880715 7.729007 10.34305 12.64701 17.10455 23.22796 17.21209 14.43997 25.32508 31.48702 37.47837 42.8093 44.71969 50.44044 56.09001 59.64977 65.25753 71.3733 72.70042 74.51479 77.87739 81.47502 84.0982 86.10235 86.17994 83.86102 81.38621 79.45179 78.55907 78.25378 78.46191 79.07787 79.19869 79.08462 80.62514 83.17783 85.46721 85.6392 85.92387 85.88582 85.50732 -9999 -9999 -9999
-9999 -9999 78.08042 69.82397 66.22782 65.59881 64.83516 61.61687 57.81712 53.51735 42.64929 26.31226 20.6829 15.45503 8.880531 5.567195 5.20535 4.913128 5.010565 5.913423 6.68371 6.89254 6.065011 6.046873 7.697006 8.334459 8.297369 8.140411 7.944337 7.849591 10.10505 12.92099 16.06519 19.57419 19.00115 19.08579 24.29273 30.25385 37.13179 42.08878 44.47648 51.07381 56.72412 61.63496 65.34306 71.23676 74.22857 77.37542 82.28168 88.50914 96.80405 102.7429 102.9613 97.37463 90.82901 85.61691 82.93967 81.09577 81.05712 80.49895 80.53751 80.42567 81.65852 83.06059 83.68742 84.51028 84.83361 84.71323 84.35973 83.96909 -9999 -9999
-9999 -9999 69.37037 64.01582 61.54582 61.8358 62.56457 61.6488 59.31668 51.04495 42.38219 36.35604 20.55517 14.82406 8.411793 7.168155 5.566257 5.43175 5.691882 6.495612 7.225656 7.6888 7.478064 7.335792 7.466241 7.553677 7.310237 7.331036 8.152227 8.828681 10.03458 11.98925 14.70977 17.47262 18.96725 20.88053 25.04472 30.20243 33.92487 38.50601 44.31886 54.28252 58.56223 64.5415 68.43901 71.01763 75.77943 81.93813 88.66965 99.55571 117.0061 129.5059 126.0534 112.9689 100.4635 91.87363 88.41478 86.22595 84.56632 85.00659 83.46413 83.00498 82.8849 83.12368 83.85968 84.2292 84.21668 83.84281 83.32172 82.89071 -9999 -9999
-9999 -9999 65.77529 59.52131 53.77398 54.86878 59.99244 61.98323 57.80356 48.71973 41.51553 36.65667 26.64733 14.79621 9.510944 8.179339 6.487415 6.120705 6.348719 6.992321 7.829012 8.464182 8.517836 7.796837 7.424985 7.238935 7.12053 7.229605 7.983333 8.676444 9.735058 11.36753 13.81441 16.05659 18.09503 21.57509 24.51186 28.78719 29.77332 31.89053 42.72729 55.17924 59.28659 65.58954 70.3591 71.42233 76.84258 83.75798 93.78338 110.6181 134.4007 152.9827 144.0068 124.5595 108.1271 98.49558 92.58673 90.66195 88.7617 87.21896 85.98583 85.17841 84.59692 84.0217 84.28336 84.26641 83.89612 83.14442 82.27386 81.67321 -9999 -9999
-9999 -9999 -9999 58.70232 49.62738 51.52732 60.06038 60.30252 54.94618 48.50337 42.05064 33.81398 29.19284 14.37536 10.35909 9.33063 7.2808 6.67338 6.970905 7.388384 8.150243 8.592546 9.012467 8.063212 7.215403 6.443163 6.444592 6.898999 7.822707 8.29275 9.259044 11.10375 12.45302 14.98271 17.19776 22.21459 23.68096 25.29371 26.70487 26.91234 39.29012 53.94849 62.70722 68.84163 69.96891 73.03168 77.93697 84.46407 93.29396 110.588 133.7256 149.3213 142.3924 125.9689 111.5442 102.5243 95.12103 93.64555 90.31989 88.39433 86.54681 86.0444 85.89942 85.9173 85.24837 84.53186 83.81038 82.59016 81.22598 80.38832 80.52659 81.06448
-9999 -9999 -9999 65.97375 60.45167 61.31615 65.41388 61.50017 52.56142 45.77026 40.17585 36.09973 26.60872 18.80523 12.10361 9.595548 8.85639 7.275495 7.14605 7.568488 8.109856 8.468973 8.520125 7.837928 6.856377 5.892231 5.870016 6.444541 6.971659 7.404901 8.419443 10.47958 11.90758 14.24739 19.47654 20.95492 18.62057 16.42097 26.98408 30.4496 45.1408 57.45756 64.75115 69.07521 71.13871 77.4444 81.84992 86.09453 92.27388 104.3465 120.0749 130.5705 129.4645 118.2836 110.9429 101.4822 96.80479 94.18609 89.86843 87.3364 86.52625 86.36874 86.43497 86.49583 86.34722 85.79042 84.3073 82.47226 80.62074 79.43029 79.817 81.0021
