STOTEN_Data/raw/MFDTWSpr2000Faunt.asc
ncols         250
nrows         718
xllcorner     -2256000
yllcorner     1557000
cellsize      1000
NODATA_value  -9999
[rows 256 to 287 of 718, columns 72 to 143 of 250]
3.566165 2.621758 2.651847 5.270162 9.349061 12.56278 14.12738 15.10765 17.57008 20.44418 21.80157 22.12744 23.09176 25.09551 28.63359 30.46999 35.21052 44.40454 52.96681 63.20108 67.58889 69.4936 70.90746 68.95031 66.40782 64.40802 63.5372 62.03885 59.38782 55.60633 60.4271 57.63405 51.99819 53.63138 52.61905 55.30204 63.65532 73.44856 81.48003 86.14387 88.62193 -9999 -9999 -9999 -9999 -9999 -9999 -9999 -9999 -9999 -9999 -9999 -9999 -9999 -9999 -9999 -9999 -9999 -9999 -9999 -9999 -9999 -9999 -9999 -9999 -9999 -9999 -9999 -9999 -9999 -9999 -9999
4.045363 3.12343 3.308741 6.571279 11.78855 16.029 18.4222 19.88892 22.15406 23.05408 22.93896 23.02366 25.5139 30.01721 32.54794 32.65012 34.98599 42.6538 52.85765 64.87234 67.04118 68.56039 71.11188 68.85535 67.00652 65.30388 64.71907 63.06652 61.36747 59.5387 58.21281 56.49434 56.75 61.19433 63.91248 69.18085 77.84793 87.84708 95.0648 98.61638 -9999 -9999 -9999 -9999 -9999 -9999 -9999 -9999 -9999 -9999 -9999 -9999 -9999 -9999 -9999 -9999 -9999 -9999 -9999 -9999 -9999 -9999 -9999 -9999 -9999 -9999 -9999 -9999 -9999 -9999 -9999 -9999
5.879655 6.067504 6.644569 9.389201 13.99885 17.97275 20.15948 21.95618 24.46852 24.97894 24.53201 24.32734 26.59274 31.13779 33.58815 33.04053 36.5063 48.78323 55.91283 65.81679 70.04002 71.78049 72.99369 71.80789 68.65701 66.50418 65.06886 64.45692 64.84253 64.51799 63.8529 60.99723 61.08157 65.24262 70.10665 81.10609 93.26595 106.4419 112.8442 112.6154 111.2542 -9999 -9999 -9999 -9999 -9999 -9999 -9999 -9999 -9999 -9999 -9999 -9999 -9999 -9999 -9999 -9999 -9999 -9999 -9999 -9999 -9999 -9999 -9999 -9999 -9999 -9999 -9999 -9999 -9999 -9999 -9999
9.056767 9.226714 10.33176 12.89676 16.66377 19.38505 21.35468 23.5174 26.14328 27.93313 28.58403 28.70642 29.58749 31.44282 33.50986 35.75623 41.71865 51.99043 60.28733 69.43751 71.90469 73.49728 73.7307 73.1447 72.63093 70.71476 68.23324 68.97451 69.66351 71.20408 71.18727 72.0232 72.6152 76.21026 87.47878 96.73864 107.8042 123.2341 129.988 121.81 113.9483 -9999 -9999 -9999 -9999 -9999 -9999 -9999 -9999 -9999 -9999 -9999 -9999 -9999 -9999 -9999 -9999 -9999 -9999 -9999 -9999 -9999 -9999 -9999 -9999 -9999 -9999 -9999 -9999 -9999 -9999 -9999
11.16957 12.32729 13.62474 16.06137 19.23745 20.94751 21.48567 22.35992 26.07195 31.90053 35.27167 35.22723 34.53227 34.66223 36.85244 39.79207 49.45626 57.32602 66.06649 70.68251 73.11496 75.1382 73.50072 73.96398 74.14919 74.14491 73.87026 73.68327 75.67565 78.65417 81.15612 80.70821 83.14231 96.55819 105.7469 116.7406 119.3996 126.7821 131.5879 124.4718 117.0027 -9999 -9999 -9999 -9999 -9999 -9999 -9999 -9999 -9999 -9999 -9999 -9999 -9999 -9999 -9999 -9999 -9999 -9999 -9999 -9999 -9999 -9999 -9999 -9999 -9999 -9999 -9999 -9999 -9999 -9999 -9999
13.94683 16.46329 18.29566 20.26545 21.74873 21.7902 21.12853 17.2068 21.3302 34.87922 45.64344 47.75748 42.09576 39.89107 40.15418 50.01042 54.70761 60.88688 67.57036 69.72038 72.83334 75.82899 74.53969 74.87135 75.32262 76.02931 75.5129 75.24365 76.61489 83.30085 90.77135 87.15057 93.43293 105.6505 120.362 130.099 126.1841 123.1515 123.8579 120.2194 -9999 -9999 -9999 -9999 -9999 -9999 -9999 -9999 -9999 -9999 -9999 -9999 -9999 -9999 -9999 -9999 -9999 -9999 -9999 -9999 -9999 -9999 -9999 -9999 -9999 -9999 -9999 -9999 -9999 -9999 -9999 -9999
20.35181 20.6163 23.0988 23.83379 24.62745 24.08977 20.41662 14.89473 17.54108 37.19299 58.33307 59.15205 48.62099 44.24469 47.66708 53.1282 57.54456 64.80021 66.53986 66.28603 71.37718 76.41278 76.85931 77.21597 77.61402 77.84051 76.19651 74.45742 72.07756 77.02333 84.06581 88.96142 98.79783 109.8029 121.2846 128.7728 126.0632 121.5616 118.6058 116.0522 113.236 -9999 -9999 -9999 -9999 -9999 -9999 -9999 -9999 -9999 -9999 -9999 -9999 -9999 -9999 -9999 -9999 -9999 -9999 -9999 -9999 -9999 -9999 -9999 -9999 -9999 -9999 -9999 -9999 -9999 -9999 -9999
22.32084 23.73974 27.24283 27.5636 27.4091 26.46041 24.33072 21.97853 26.21827 37.67647 48.85311 51.21214 48.304 46.73901 49.42681 55.0434 62.35923 66.37585 67.35539 65.94051 71.21511 78.41219 79.0988 80.44344 81.97501 80.46137 77.50479 74.99345 74.73473 77.42505 84.27126 94.77824 107.5565 116.7113 121.2006 123.7596 122.321 119.3963 117.3927 115.3345 -9999 -9999 -9999 -9999 -9999 -9999 -9999 -9999 -9999 -9999 -9999 -9999 -9999 -9999 -9999 -9999 -9999 -9999 -9999 -9999 -9999 -9999 -9999 -9999 -9999 -9999 -9999 -9999 -9999 -9999 -9999 -9999
25.15028 27.33716 28.77239 29.04591 29.14147 28.94369 28.65597 29.36297 32.43422 37.44722 42.31664 45.85842 47.46497 47.82136 48.87629 56.90938 63.92939 68.26321 68.50937 69.01575 72.74545 77.41407 80.03467 83.85114 85.68752 82.78209 81.16425 80.56514 80.54105 83.98645 91.51898 104.2124 119.9522 130.0775 130.7643 127.2526 123.2596 119.9097 118.0758 -9999 -9999 -9999 -9999 -9999 -9999 -9999 -9999 -9999 -9999 -9999 -9999 -9999 -9999 -9999 -9999 -9999 -9999 -9999 -9999 -9999 -9999 -9999 -9999 -9999 -9999 -9999 -9999 -9999 -9999 -9999 -9999 -9999
29.17415 29.19884 29.97946 30.36568 30.73144 31.08842 31.62072 33.06018 34.99065 37.53765 41.5187 45.34169 49.21646 50.02533 51.47301 55.58011 65.59729 68.73643 68.98914 69.94054 73.91024 78.0779 81.0736 83.96555 83.91304 83.79764 83.04035 86.50932 86.36689 91.41203 100.2481 115.1848 133.2269 142.0165 139.755 131.6413 125.6203 122.0325 119.8488 -9999 -9999 -9999 -9999 -9999 -9999 -9999 -9999 -9999 -9999 -9999 -9999 -9999 -9999 -9999 -9999 -9999 -9999 -9999 -9999 -9999 -9999 -9999 -9999 -9999 -9999 -9999 -9999 -9999 -9999 -9999 -9999 -9999
30.4976 30.79375 31.70732 32.04589 33.48343 32.994 34.73368 35.73724 36.59662 38.11222 40.96941 46.82854 52.81053 53.03368 52.09623 58.07672 65.66594 69.94337 71.25523 72.94907 76.17569 79.89552 82.42696 84.20109 84.84499 85.06844 87.15818 88.57114 92.7534 96.92122 105.7601 120.7617 142.878 152.3423 140.8716 131.4932 124.7299 120.6641 118.2836 -9999 -9999 -9999 -9999 -9999 -9999 -9999 -9999 -9999 -9999 -9999 -9999 -9999 -9999 -9999 -9999 -9999 -9999 -9999 -9999 -9999 -9999 -9999 -9999 -9999 -9999 -9999 -9999 -9999 -9999 -9999 -9999 -9999
31.45262 35.34067 34.63656 35.49743 35.32417 36.08478 35.98529 35.88917 35.97939 37.1243 40.29422 46.044 52.20791 53.05621 53.04489 57.76748 65.16766 71.40756 74.76585 76.8199 80.03606 85.51365 87.79909 88.64059 88.2 87.47547 90.62122 94.58237 97.88042 100.8833 105.8802 115.0825 130.273 139.7668 132.5697 125.5464 120.7969 117.8677 116.0532 114.8879 114.0226 113.3889 112.7444 -9999 -9999 -9999 -9999 -9999 -9999 -9999 -9999 -9999 -9999 -9999 -9999 -9999 -9999 -9999 -9999 -9999 -9999 -9999 -9999 -9999 -9999 -9999 -9999 -9999 -9999 -9999 -9999 -9999
32.75192 35.97861 36.08747 36.03486 35.9234 36.09882 35.74909 35.12091 33.75592 36.40382 38.82932 43.32391 47.95804 50.23174 55.08738 61.90541 65.5839 70.97971 77.29205 80.13867 84.47201 92.07537 96.85719 96.77988 92.56688 90.53171 94.74419 100.1008 103.644 104.8436 102.3063 98.80183 96.86194 105.2458 112.6359 114.8182 114.6158 113.9654 113.298 112.7688 112.3253 111.9446 111.4747 -9999 -9999 -9999 -9999 -9999 -9999 -9999 -9999 -9999 -9999 -9999 -9999 -9999 -9999 -9999 -9999 -9999 -9999 -9999 -9999 -9999 -9999 -9999 -9999 -9999 -9999 -9999 -9999 -9999
35.51084 35.80003 35.87152 35.82213 36.06713 35.55283 35.17511 35.30511 33.77568 39.06573 39.10233 43.08049 47.50702 51.83985 55.84772 62.63429 68.97787 75.31747 80.7781 83.9811 88.75506 98.61535 107.6171 106.6404 97.96671 93.67683 96.2402 104.3872 112.0268 112.9882 102.5814 82.43393 63.89159 72.56538 93.22021 103.5538 108.5751 110.542 110.8359 111.459 111.4853 -9999 -9999 -9999 -9999 -9999 -9999 -9999 -9999 -9999 -9999 -9999 -9999 -9999 -9999 -9999 -9999 -9999 -9999 -9999 -9999 -9999 -9999 -9999 -9999 -9999 -9999 -9999 -9999 -9999 -9999 -9999
36.19426 36.10641 36.12364 35.96373 36.4342 35.54617 33.94888 34.46404 36.35957 38.3212 40.79081 44.84972 49.7762 54.32877 59.45621 66.7634 71.35145 77.7474 82.26213 84.83009 89.74741 98.3427 107.1682 106.4614 97.39124 94.39167 99.54102 108.0401 118.8784 122.576 107.5425 82.7313 63.26412 69.92974 87.28596 97.55323 104.7619 107.7758 109.9185 111.3164 112.5348 113.7124 -9999 -9999 -9999 -9999 -9999 -9999 -9999 -9999 -9999 -9999 -9999 -9999 -9999 -9999 -9999 -9999 -9999 -9999 -9999 -9999 -9999 -9999 -9999 -9999 -9999 -9999 -9999 -9999 -9999 -9999
36.81027 36.34647 37.73209 38.18097 37.07942 35.55872 31.86711 29.73765 36.0494 40.59207 44.36945 49.27895 53.94906 58.32904 62.79708 70.18488 75.41081 79.25563 82.42986 84.18659 87.25508 91.30414 94.42005 93.97633 91.33712 91.8205 95.40282 103.0978 114.3557 116.5641 106.178 91.79333 81.91351 83.4968 90.9744 97.46655 103.6529 107.2491 110.4049 113.0501 112.9654 -9999 -9999 -9999 -9999 -9999 -9999 -9999 -9999 -9999 -9999 -9999 -9999 -9999 -9999 -9999 -9999 -9999 -9999 -9999 -9999 -9999 -9999 -9999 -9999 -9999 -9999 -9999 -9999 -9999 -9999 -9999
36.81532 38.71541 39.66404 39.82962 38.67268 36.92237 33.96149 33.24067 38.30314 44.91885 50.00644 55.46257 59.86963 63.48487 67.02202 74.35745 78.79771 81.53371 82.37905 83.6236 84.24487 83.77362 82.37306 82.4118 83.93832 87.01408 91.2213 97.06049 104.0305 106.4556 103.0393 97.20404 93.34607 93.73419 97.20064 100.2598 104.2528 107.5973 110.0587 111.9619 113.5583 114.8527 -9999 -9999 -9999 -9999 -9999 -9999 -9999 -9999 -9999 -9999 -9999 -9999 -9999 -9999 -9999 -9999 -9999 -9999 -9999 -9999 -9999 -9999 -9999 -9999 -9999 -9999 -9999 -9999 -9999 -9999
36.23882 39.20576 39.67098 40.11404 41.0362 40.14614 39.34353 40.51992 45.03491 51.7509 57.57675 62.20969 65.93333 68.80016 72.09908 77.42567 81.07234 83.26078 82.80146 82.03082 82.68806 79.69147 77.87836 77.85485 78.55576 82.62475 87.29317 93.62204 98.32853 99.81022 100.3798 98.83556 97.88708 97.70104 98.37265 100.6123 103.122 106.8355 108.9367 112.3303 114.3146 115.5404 116.5315 117.3233 117.9754 -9999 -9999 -9999 -9999 -9999 -9999 -9999 -9999 -9999 -9999 -9999 -9999 -9999 -9999 -9999 -9999 -9999 -9999 -9999 -9999 -9999 -9999 -9999 -9999 -9999 -9999 -9999
37.87593 40.12485 40.35315 42.17808 43.56656 43.98357 45.08083 47.76862 52.56026 58.72051 65.15567 69.37953 71.12454 73.08535 76.80037 80.70817 84.17722 84.98559 83.79157 82.93745 82.63992 79.73295 70.20914 65.62914 72.91016 80.03304 85.93031 91.45953 95.2965 97.17863 99.22665 99.66625 98.67302 97.93359 98.49098 100.5481 104.5698 106.8705 108.809 110.8943 113.6406 115.2359 116.2262 117.0338 117.6973 118.2378 -9999 -9999 -9999 -9999 -9999 -9999 -9999 -9999 -9999 -9999 -9999 -9999 -9999 -9999 -9999 -9999 -9999 -9999 -9999 -9999 -9999 -9999 -9999 -9999 -9999 -9999
36.65424 39.70966 42.46336 43.51529 44.51856 46.06942 48.49932 52.16998 57.23079 62.63485 67.73673 78.15323 74.54386 75.7307 80.77008 86.33679 88.51497 87.07951 84.75259 84.13638 85.3995 88.84504 67.36284 55.26192 71.90435 80.40369 85.18041 90.63095 95.01923 97.69508 99.26695 99.90707 99.27337 98.16286 99.08374 101.4495 103.8158 107.5798 109.7449 110.6835 117.3493 119.8841 120.849 122.0336 122.3881 126.9862 129.1635 137.2958 -9999 -9999 -9999 -9999 -9999 -9999 -9999 -9999 -9999 -9999 -9999 -9999 -9999 -9999 -9999 -9999 -9999 -9999 -9999 -9999 -9999 -9999 -9999 -9999
38.6038 39.72571 40.09729 40.92381 42.56676 45.47966 49.04273 53.35724 58.77094 62.74588 60.56805 72.49622 74.03986 77.16528 84.15026 90.21095 91.59645 88.82479 85.41591 83.70483 85.56556 88.03478 78.91665 71.14542 77.53376 81.17925 84.15486 91.17509 96.08138 99.40282 101.3768 101.3577 101.1771 100.9488 101.7951 103.4209 107.231 111.0051 113.367 119.1023 122.1359 123.8927 127.2047 130.4216 133.2197 134.3833 135.3624 -9999 -9999 -9999 -9999 -9999 -9999 -9999 -9999 -9999 -9999 -9999 -9999 -9999 -9999 -9999 -9999 -9999 -9999 -9999 -9999 -9999 -9999 -9999 -9999 -9999
38.08026 37.49512 37.29637 37.79083 39.55216 42.61434 47.05901 52.1795 57.499 61.64907 63.78307 67.11168 72.29012 77.91015 84.18724 89.77794 91.565 88.56213 85.11408 82.78237 83.02468 82.51222 80.0642 78.96501 81.35475 82.36031 85.8256 92.79578 95.6057 99.84533 103.9243 102.9858 103.4497 104.4379 106.7487 109.5678 111.4316 115.0232 123.1691 124.462 127.9142 130.3454 132.6752 134.1177 135.3147 136.3275 136.9641 -9999 -9999 -9999 -9999 -9999 -9999 -9999 -9999 -9999 -9999 -9999 -9999 -9999 -9999 -9999 -9999 -9999 -9999 -9999 -9999 -9999 -9999 -9999 -9999 -9999
35.75957 34.28996 32.95922 32.39119 33.70748 37.30074 42.98413 49.14947 55.08411 59.9575 64.05453 67.38721 72.12154 77.01225 81.00745 83.36206 86.00523 85.62681 83.35298 81.37074 81.59539 80.75526 79.60905 82.03275 84.77543 86.18793 89.81042 94.67703 96.86605 99.71207 103.2714 106.0241 108.5583 110.253 114.7406 116.8542 119.2461 124.9073 128.1476 130.4176 132.3996 135.8873 137.394 138.6652 139.6964 139.5891 141.238 -9999 -9999 -9999 -9999 -9999 -9999 -9999 -9999 -9999 -9999 -9999 -9999 -9999 -9999 -9999 -9999 -9999 -9999 -9999 -9999 -9999 -9999 -9999 -9999 -9999
33.21083 30.55916 27.45516 24.87741 24.73417 28.89742 36.46835 44.48218 51.39922 57.6825 61.95029 65.85874 70.90372 75.81592 79.60817 80.30666 81.32543 81.1761 79.66286 78.40548 78.41547 78.22915 78.03571 81.22816 84.99703 88.88603 93.09366 97.87406 100.8477 104.0112 109.2495 113.3463 117.1073 120.6657 121.6735 124.8534 126.9621 130.0308 132.8632 134.8236 136.5 137.9146 140.6591 141.6452 142.4134 143.0266 143.4917 -9999 -9999 -9999 -9999 -9999 -9999 -9999 -9999 -9999 -9999 -9999 -9999 -9999 -9999 -9999 -9999 -9999 -9999 -9999 -9999 -9999 -9999 -9999 -9999 -9999
31.03709 27.22591 22.19548 16.99358 14.65054 19.55572 29.87999 39.96682 47.84901 53.75663 58.65433 62.95871 68.05404 72.63354 76.72851 77.37146 76.6364 76.66698 75.79708 75.02969 75.30444 76.63831 77.10971 80.70689 86.79341 89.25889 96.97695 101.3132 105.8195 111.0386 117.8972 123.0682 126.7627 126.9961 128.2131 130.011 132.1203 134.2461 136.3704 139.0956 140.8053 141.8979 142.7568 144.8028 145.2839 145.6271 145.8504 145.9909 -9999 -9999 -9999 -9999 -9999 -9999 -9999 -9999 -9999 -9999 -9999 -9999 -9999 -9999 -9999 -9999 -9999 -9999 -9999 -9999 -9999 -9999 -9999 -9999
29.71014 25.32701 19.3876 12.66846 8.796013 14.14587 26.05645 37.01238 44.24927 49.60621 54.92894 59.46315 63.25333 66.55128 70.52842 70.75731 70.00605 69.66459 70.80509 70.64363 71.06904 72.87366 75.45435 81.85714 85.1159 93.23657 99.50141 104.4188 110.9314 117.9066 126.0957 128.1395 128.2516 130.2834 132.4832 134.8583 137.3115 139.5215 141.3641 142.805 144.1124 146.166 146.5069 146.7661 148.2446 148.2945 148.2567 148.1633 -9999 -9999 -9999 -9999 -9999 -9999 -9999 -9999 -9999 -9999 -9999 -9999 -9999 -9999 -9999 -9999 -9999 -9999 -9999 -9999 -9999 -9999 -9999 -9999
28.15985 24.36204 20.32065 14.90073 12.1831 17.23396 27.38533 35.78463 41.34346 46.30153 50.28381 54.19758 57.76356 60.4316 63.64407 63.06773 62.09213 62.50457 63.57497 66.11371 67.58291 68.66837 72.0151 80.62802 84.19254 94.79581 101.2272 107.1293 116.0902 124.0358 131.9476 134.8892 132.7549 133.8132 137.4974 141.486 144.0456 147.0327 147.8026 149.4418 150.238 150.6601 150.7949 150.7241 150.5135 150.2146 150.0598 150.1234 -9999 -9999 -9999 -9999 -9999 -9999 -9999 -9999 -9999 -9999 -9999 -9999 -9999 -9999 -9999 -9999 -9999 -9999 -9999 -9999 -9999 -9999 -9999 -9999
29.10183 27.96918 24.88304 21.59185 20.95024 24.97323 32.00896 36.70581 39.29195 41.78695 44.86815 48.60358 52.39107 55.07683 56.93958 55.70815 54.83601 55.98235 58.35867 62.34158 65.89211 66.89031 68.59862 78.08063 83.98891 95.7608 102.226 111.5353 118.5274 127.9549 134.7971 136.7915 136.7487 139.2755 143.2818 146.7769 149.5941 152.0189 153.8634 154.3844 154.7447 154.7929 154.5354 154.0823 153.5205 152.905 152.2751 151.6665 -9999 -9999 -9999 -9999 -9999 -9999 -9999 -9999 -9999 -9999 -9999 -9999 -9999 -9999 -9999 -9999 -9999 -9999 -9999 -9999 -9999 -9999 -9999 -9999
32.74757 30.89312 28.81271 27.62063 28.20461 31.63517 35.08242 36.56718 37.06856 37.52798 38.90121 42.46268 47.3449 52.85642 53.35115 50.69841 48.49858 52.99746 55.50402 60.48579 64.68269 67.79086 70.99699 75.90744 86.85275 94.80606 101.8196 110.9163 117.8855 129.272 137.9038 139.3497 141.6274 145.5637 148.8016 151.2152 153.5492 156.1143 158.1869 159.4082 159.8353 159.7004 158.8152 157.512 156.4456 155.5102 154.6017 153.7373 -9999 -9999 -9999 -9999 -9999 -9999 -9999 -9999 -9999 -9999 -9999 -9999 -9999 -9999 -9999 -9999 -9999 -9999 -9999 -9999 -9999 -9999 -9999 -9999
33.02322 33.48771 32.38671 31.98512 32.68721 35.1539 36.06754 36.52395 36.31668 33.11042 30.69249 34.44356 41.97842 49.27257 51.82576 48.91127 44.28402 54.20412 55.18092 60.3605 64.20863 67.79633 71.34714 77.42849 81.20033 87.18601 96.91175 108.3658 120.428 133.7938 142.6151 146.1444 149.0575 151.4653 152.5598 152.3605 154.4055 159.1173 162.4962 163.8988 163.9919 163.3625 162.4108 161.329 160.2351 159.18 157.164 155.6961 154.6903 153.8424 -9999 -9999 -9999 -9999 -9999 -9999 -9999 -9999 -9999 -9999 -9999 -9999 -9999 -9999 -9999 -9999 -9999 -9999 -9999 -9999 -9999 -9999
33.24791 34.93061 34.33875 34.21632 35.41139 36.16176 36.21392 36.01318 34.33908 26.21254 19.96446 26.16969 38.43214 49.4411 53.13179 52.29889 51.11509 53.92121 57.4868 62.09721 65.8897 70.12324 71.62454 71.38139 72.80473 80.41357 92.92148 106.3948 126.0496 139.0236 148.3367 155.1946 157.728 157.8282 153.8239 145.2292 150.2157 161.8672 167.5089 168.7872 168.2684 166.98 165.462 163.9201 162.503 -9999 159.8563 158.7394 156.9972 -9999 -9999 -9999 -9999 -9999 -9999 -9999 -9999 -9999 -9999 -9999 -9999 -9999 -9999 -9999 -9999 -9999 -9999 -9999 -9999 -9999 -9999 -9999
35.58841 36.68271 36.2639 36.44192 37.47069 37.11324 36.32197 34.9481 31.58076 22.95709 17.34143 24.30686 38.34603 49.29416 55.60528 58.57484 60.0409 61.40672 62.42722 65.96601 68.61047 71.42781 72.45914 68.91837 65.23562 75.84438 91.3609 107.618 125.3615 141.6897 155.913 165.3998 166.1293 164.5048 159.2818 143.3818 154.1555 170.8448 175.0564 174.4438 172.5965 170.4137 168.2536 166.25 164.4257 -9999 161.3397 160.0461 158.8878 157.8863 -9999 -9999 -9999 -9999 -9999 -9999 -9999 -9999 -9999 -9999 -9999 -9999 -9999 -9999 -9999 -9999 -9999 -9999 -9999 -9999 -9999 -9999
