STOTEN_Data/raw/MFDTWSpr2000Faunt.asc
ncols         250
nrows         718
xllcorner     -2256000
yllcorner     1557000
cellsize      1000
NODATA_value  -9999
[rows 192 to 223 of 718, columns 0 to 71 of 250]
-9999 -9999 -9999 -9999 -9999 -9999 -9999 -9999 -9999 -9999 -9999 -9999 -9999 -9999 -9999 -9999 -9999 -9999 -9999 -9999 -9999 -9999 -9999 -9999 -9999 -9999 -9999 -9999 -9999 61.4011 62.54051 64.17439 64.89838 65.64803 66.46742 67.45977 68.50595 69.31628 70.137 70.7916 72.47989 73.03268 69.94313 65.01726 59.81124 54.88567 52.37995 51.40208 43.9154 37.61198 34.64337 33.84571 33.00392 31.37189 29.21403 27.88901 22.53286 20.41967 12.39831 10.74161 9.224617 7.552641 6.570731 5.83281 4.670683 4.218482 4.152494 4.441827 4.860509 5.235552 5.232862 5.245334
-9999 -9999 -9999 -9999 -9999 -9999 -9999 -9999 -9999 -9999 -9999 -9999 -9999 -9999 -9999 -9999 -9999 -9999 -9999 -9999 -9999 -9999 -9999 -9999 -9999 -9999 -9999 -9999 -9999 62.26095 64.07168 64.65539 65.23722 65.89138 68.31127 67.51558 69.72128 72.12368 72.7169 72.56303 73.14471 72.18445 69.20461 64.89802 57.5869 50.8757 50.15133 50.61475 47.69736 46.2146 42.86793 39.79673 35.4883 32.06084 30.92551 27.31372 24.16915 22.8398 19.64571 11.27438 9.52811 7.701499 6.048803 5.128877 3.877285 3.336632 3.526016 4.031391 4.480787 4.778923 4.983938 5.034681
-9999 -9999 -9999 -9999 -9999 -9999 -9999 -9999 -9999 -9999 -9999 -9999 -9999 -9999 -9999 -9999 -9999 -9999 -9999 -9999 -9999 -9999 -9999 -9999 -9999 -9999 -9999 -9999 -9999 67.63057 69.13345 69.23904 70.1718 70.87693 71.78669 72.68485 73.46819 75.64941 76.26334 79.07037 78.35271 76.32705 72.37743 66.27059 60.4202 54.25013 52.96564 56.25904 55.15798 51.90096 46.41653 38.73722 33.70248 31.80505 29.00831 28.84024 24.81156 23.52163 22.09743 14.94613 9.561671 7.945901 6.556119 4.912015 3.41097 3.031228 3.199135 3.752721 4.249563 4.611661 4.823186 4.89287
-9999 -9999 -9999 -9999 -9999 -9999 -9999 -9999 -9999 -9999 -9999 -9999 -9999 -9999 -9999 -9999 -9999 -9999 -9999 -9999 -9999 -9999 -9999 -9999 -9999 -9999 -9999 -9999 -9999 69.07901 70.83241 73.74691 75.17655 75.43106 75.66644 76.1216 76.37547 78.79528 80.90385 80.46578 79.7095 78.53099 73.93022 71.02515 66.34425 62.20201 61.06102 64.65298 64.91679 61.89428 50.23888 36.62334 27.6438 26.91777 28.40026 28.29352 25.23339 23.62944 21.56692 19.1826 11.40652 8.878358 7.067626 5.440085 3.587367 3.179189 3.332439 3.811803 4.34336 4.603311 4.784651 4.844046
-9999 -9999 -9999 -9999 -9999 -9999 -9999 -9999 -9999 -9999 -9999 -9999 -9999 -9999 -9999 -9999 -9999 -9999 -9999 -9999 -9999 -9999 -9999 -9999 -9999 -9999 -9999 -9999 -9999 74.03696 74.83102 75.12469 75.36349 75.59073 76.4534 80.27625 81.87373 81.92833 81.85599 81.65273 81.55586 81.65977 79.3353 78.05534 72.217 63.0779 64.13383 72.50732 76.64368 74.11724 52.88733 28.21351 23.05616 24.71812 28.84275 30.66576 26.08863 22.96843 21.20695 19.61085 10.98188 9.438931 8.174724 5.677877 4.492359 4.016892 3.968731 4.094117 4.53202 4.588172 4.844405 4.86483
-9999 -9999 -9999 -9999 -9999 -9999 -9999 -9999 -9999 -9999 -9999 -9999 -9999 -9999 -9999 -9999 -9999 -9999 -9999 -9999 -9999 -9999 -9999 -9999 -9999 -9999 -9999 -9999 -9999 74.79569 75.06295 75.24957 76.43317 82.28934 82.51295 82.46189 82.4047 82.38293 82.46088 82.76094 83.42872 83.9903 86.71311 90.0039 81.8956 67.55497 71.01476 85.16567 86.85761 114.7773 59.49745 13.00204 26.02949 28.75813 30.50198 31.25441 28.95864 26.00528 23.30272 15.69897 10.80139 9.682525 8.732108 6.39328 6.011269 5.020565 4.868393 4.617505 4.746137 4.836969 4.564565 4.698002
-9999 -9999 -9999 -9999 -9999 -9999 -9999 -9999 -9999 -9999 -9999 -9999 -9999 -9999 -9999 -9999 -9999 -9999 -9999 -9999 -9999 -9999 -9999 -9999 -9999 -9999 -9999 -9999 74.78751 77.6208 79.53288 83.02592 82.9391 82.5593 82.55414 82.56589 82.61918 82.75834 82.90508 82.70741 84.03223 86.0103 90.93464 97.69227 91.68824 82.22045 91.71401 96.31786 85.77757 78.61653 61.52919 34.77583 31.06479 29.01861 28.90902 29.9815 27.5918 24.06724 18.41006 13.74611 12.06164 10.56541 8.96865 7.151797 6.094436 5.899052 5.882938 5.646568 5.208161 5.150832 4.803601 4.677265
-9999 -9999 -9999 -9999 -9999 -9999 -9999 -9999 -9999 -9999 -9999 -9999 -9999 -9999 -9999 -9999 -9999 -9999 -9999 -9999 -9999 -9999 -9999 -9999 -9999 -9999 -9999 -9999 -9999 83.19645 83.23548 82.88958 82.56639 82.59017 -9999 84.45655 85.80041 86.26737 86.9872 84.23786 84.73348 86.55552 88.7714 91.95706 89.36063 87.09235 92.54386 96.43273 86.3036 75.11266 61.10202 43.63326 29.93405 18.78655 22.50099 26.07172 23.09225 20.8516 15.34908 13.82374 13.54928 9.422902 7.69006 6.546662 6.318724 6.232412 6.287617 6.380705 6.303724 5.609739 5.123523 4.810198
-9999 -9999 -9999 -9999 -9999 -9999 -9999 -9999 -9999 -9999 -9999 -9999 -9999 -9999 -9999 -9999 -9999 -9999 -9999 -9999 -9999 -9999 -9999 -9999 -9999 -9999 -9999 -9999 -9999 83.21365 82.83784 83.78323 84.81346 85.88863 -9999 -9999 -9999 86.92404 82.72988 83.56818 84.74506 83.81262 85.79438 87.10381 86.13388 87.50197 92.98772 96.37919 86.42779 74.65764 62.28897 47.58212 27.19874 10.00309 18.47383 23.91924 20.8671 15.74797 11.81084 11.76276 12.32022 9.967626 6.936281 6.319822 6.240701 6.32642 6.558039 6.843503 6.912608 6.413112 5.496102 4.911569
-9999 -9999 -9999 -9999 -9999 -9999 -9999 -9999 -9999 -9999 -9999 -9999 -9999 -9999 -9999 -9999 -9999 -9999 -9999 -9999 -9999 -9999 -9999 -9999 -9999 -9999 -9999 -9999 -9999 83.23165 87.26557 87.74172 -9999 87.56297 87.52906 87.46081 85.68055 83.3657 85.11279 82.63825 82.21007 82.61707 83.90904 84.84991 85.64843 87.13071 88.54788 88.39246 83.75176 76.16135 69.43058 57.9419 38.55915 25.70493 24.9189 24.07694 18.87404 10.0165 7.038177 9.870626 10.76676 7.762988 5.937074 5.660498 5.85444 6.225534 6.753066 7.410638 7.909415 7.201035 5.676591 4.921654
-9999 -9999 -9999 -9999 -9999 -9999 -9999 -9999 -9999 -9999 -9999 -9999 -9999 -9999 -9999 -9999 -9999 -9999 -9999 -9999 -9999 -9999 -9999 -9999 -9999 -9999 -9999 -9999 -9999 80.39956 85.50305 87.82657 87.78928 -9999 -9999 -9999 84.79219 85.10311 80.69083 80.67239 80.70723 81.67595 82.60971 83.45216 84.3327 84.38744 83.89281 83.73361 83.5272 85.25184 89.30776 80.61241 53.89669 34.65604 24.52562 24.04123 19.81141 11.20097 8.525163 10.66454 10.60248 6.973382 4.616424 4.539281 5.217999 5.985404 6.743469 7.736741 8.813524 7.784597 5.306776 4.335229
-9999 -9999 -9999 -9999 -9999 -9999 -9999 -9999 -9999 -9999 -9999 -9999 -9999 -9999 -9999 -9999 -9999 -9999 -9999 -9999 -9999 -9999 -9999 -9999 -9999 -9999 -9999 -9999 -9999 79.63786 79.67297 85.95425 85.16362 -9999 -9999 -9999 -9999 81.16202 79.69439 79.32484 80.09765 80.87637 81.62981 82.36056 81.67822 80.81989 81.14307 81.79163 84.70061 92.84669 113.1009 104.7437 66.21504 38.62309 28.37253 26.37893 23.6815 18.61554 15.22576 13.90294 10.82649 5.104906 3.036714 3.269885 4.602415 5.668137 6.424596 7.136685 7.60722 6.356419 4.451632 3.863526
-9999 -9999 -9999 -9999 -9999 -9999 -9999 -9999 -9999 -9999 -9999 -9999 -9999 -9999 -9999 -9999 -9999 -9999 -9999 -9999 -9999 -9999 -9999 -9999 -9999 -9999 -9999 -9999 -9999 74.02889 77.94124 79.34212 77.77856 -9999 -9999 -9999 -9999 78.8048 78.33155 78.93594 79.56176 80.38752 80.73474 79.14945 79.29633 79.60777 79.6196 79.91773 79.72826 88.16422 100.4982 94.03279 63.71961 41.5782 31.90334 28.79598 26.8819 22.99333 18.87309 15.00255 9.815208 5.54468 3.186829 3.331948 4.567224 5.44891 5.697986 5.84784 5.703881 4.906946 4.000228 3.919061
-9999 -9999 -9999 -9999 -9999 -9999 -9999 -9999 -9999 -9999 -9999 -9999 -9999 -9999 -9999 -9999 -9999 -9999 -9999 -9999 -9999 -9999 -9999 -9999 -9999 -9999 -9999 -9999 -9999 73.27878 70.49269 71.62364 73.31271 -9999 -9999 -9999 -9999 79.954 79.84127 79.53004 79.71629 79.57341 77.66946 77.04263 76.73058 76.31089 76.17311 73.08671 71.43608 73.24724 73.36667 66.92667 55.02455 41.66275 32.13286 28.77104 28.02978 24.54524 18.86213 13.42714 8.053764 6.914526 4.732073 4.56904 5.054916 5.01721 5.243194 4.891041 4.84187 4.462269 4.041662 3.854907
-9999 -9999 -9999 -9999 -9999 -9999 -9999 -9999 -9999 -9999 -9999 -9999 -9999 -9999 -9999 -9999 -9999 -9999 -9999 -9999 -9999 -9999 -9999 -9999 -9999 -9999 -9999 -9999 -9999 60.89782 61.52961 62.28815 67.77229 -9999 -9999 -9999 -9999 77.57284 77.51002 77.68279 77.69284 77.61331 74.78279 74.25341 73.84827 73.32384 70.76939 64.08666 63.93262 62.17538 59.23222 56.36935 49.09138 40.71878 33.21275 29.96101 28.29516 24.37334 17.57624 9.199509 6.162102 6.863815 5.858788 5.51123 5.043807 4.922317 4.901849 4.778089 4.436149 4.305601 4.113902 3.996819
-9999 -9999 -9999 -9999 -9999 -9999 -9999 -9999 -9999 -9999 -9999 -9999 -9999 -9999 -9999 -9999 -9999 -9999 -9999 -9999 -9999 -9999 -9999 -9999 -9999 -9999 -9999 -9999 -9999 51.74531 58.63373 60.36098 61.11062 -9999 -9999 -9999 -9999 71.71758 71.67538 66.86652 71.25132 75.35036 73.95076 72.58332 71.38165 69.50555 60.34619 58.92822 57.12095 55.6696 56.88296 54.96674 43.90332 37.30404 33.42372 31.02658 28.41782 24.36105 17.31463 8.644164 6.131001 7.00572 6.96715 5.298851 5.003335 4.710952 4.471086 4.417246 4.182788 4.168839 4.128754 4.078058
-9999 -9999 -9999 -9999 -9999 -9999 -9999 -9999 -9999 -9999 -9999 -9999 -9999 -9999 -9999 -9999 -9999 -9999 -9999 -9999 -9999 -9999 -9999 -9999 -9999 -9999 -9999 -9999 -9999 48.88718 53.09666 53.88194 55.13044 -9999 -9999 -9999 -9999 60.64033 61.56992 64.40326 64.39867 64.29886 64.06991 63.91741 65.52884 60.03815 56.23675 53.44875 51.36383 50.40008 48.2347 43.21023 35.61083 32.91909 32.06669 31.00522 28.78371 25.15125 16.89032 10.945 8.681623 8.401093 7.354506 5.359096 4.902992 4.341005 3.77601 3.610708 3.821592 4.008432 4.081212 4.08483
-9999 -9999 -9999 -9999 -9999 -9999 -9999 -9999 -9999 -9999 -9999 -9999 -9999 -9999 -9999 -9999 -9999 -9999 -9999 -9999 -9999 -9999 -9999 -9999 -9999 -9999 -9999 -9999 -9999 -9999 46.74752 47.76911 51.66616 -9999 -9999 -9999 -9999 57.41375 57.5408 57.06512 59.76601 60.49018 60.26982 58.80971 56.71685 54.91892 51.80452 47.9896 46.65796 44.64579 40.32459 35.11637 30.94294 30.34593 30.97462 30.64085 28.95625 22.28143 17.49221 12.79512 10.46909 9.213583 6.792672 5.517724 4.641522 3.794905 3.323282 3.301432 3.651829 3.92386 4.057611 4.079283
-9999 -9999 -9999 -9999 -9999 -9999 -9999 -9999 -9999 -9999 -9999 -9999 -9999 -9999 -9999 -9999 -9999 -9999 -9999 -9999 -9999 -9999 -9999 -9999 -9999 -9999 -9999 -9999 -9999 -9999 42.42182 44.7463 45.06038 45.25057 -9999 -9999 -9999 -9999 51.37443 49.34645 52.30605 54.65898 53.48098 54.19088 53.4821 50.22031 47.46985 43.89735 42.28938 39.75353 36.25424 32.77945 30.7127 30.38628 30.60615 29.98392 25.06678 21.65296 16.105 13.41089 11.33147 7.011789 5.650093 5.121963 4.517719 4.018595 3.522038 3.453521 3.699153 3.906277 4.020366 4.009219
-9999 -9999 -9999 -9999 -9999 -9999 -9999 -9999 -9999 -9999 -9999 -9999 -9999 -9999 -9999 -9999 -9999 -9999 -9999 -9999 -9999 -9999 -9999 -9999 -9999 -9999 -9999 -9999 -9999 -9999 34.7241 35.55647 37.85017 38.47404 -9999 -9999 -9999 42.97908 42.86801 45.44081 45.84438 44.82148 45.79326 46.85209 43.27152 43.81113 42.6389 41.77802 39.80359 36.80891 33.97636 32.35943 31.05894 30.42232 28.40683 25.88969 22.80348 18.01421 15.03441 12.53378 9.109982 5.400554 5.413722 5.547502 5.160307 4.500721 4.063036 3.875311 3.876271 3.934459 3.988999 3.993468
-9999 -9999 -9999 -9999 -9999 -9999 -9999 -9999 -9999 -9999 -9999 -9999 -9999 -9999 -9999 -9999 -9999 -9999 -9999 -9999 -9999 -9999 -9999 -9999 -9999 -9999 -9999 -9999 -9999 -9999 30.16345 31.26426 32.99165 30.11613 32.45322 -9999 -9999 -9999 31.68086 34.74397 37.40421 35.9169 38.61962 37.00696 39.71334 37.25299 37.18402 37.04737 35.47041 34.44182 32.36414 31.14905 29.0772 26.68418 25.26396 23.49938 19.18727 15.92 12.56072 10.47653 7.126859 5.636159 5.639235 6.135267 6.135539 5.34692 4.435058 4.007656 3.957004 3.904538 3.923257 3.9382
-9999 -9999 -9999 -9999 -9999 -9999 -9999 -9999 -9999 -9999 -9999 -9999 -9999 -9999 -9999 -9999 -9999 -9999 -9999 -9999 -9999 -9999 -9999 -9999 -9999 -9999 -9999 -9999 -9999 -9999 29.89516 29.74427 29.6607 29.33228 28.81994 -9999 -9999 -9999 26.90706 27.52269 27.94197 29.32505 28.14672 31.39314 34.54061 34.51427 34.54266 34.52377 33.54616 32.68663 29.81992 25.98963 24.71062 23.39498 22.04866 20.29416 16.64335 13.89084 11.05684 9.080882 5.412087 5.123385 5.485493 6.958259 7.375751 5.839274 4.690745 3.919356 3.560062 3.631462 3.921346 4.162055
-9999 -9999 -9999 -9999 -9999 -9999 -9999 -9999 -9999 -9999 -9999 -9999 -9999 -9999 -9999 -9999 -9999 -9999 -9999 -9999 -9999 -9999 -9999 -9999 -9999 -9999 -9999 -9999 -9999 -9999 29.56384 29.35874 29.24162 29.23068 28.49945 -9999 -9999 -9999 26.86281 27.00684 28.0558 28.26284 28.01426 27.62516 28.01219 30.14388 29.5881 29.74748 27.01982 27.64669 24.48985 22.59042 23.2159 21.37075 20.02486 17.6269 15.19301 12.55304 8.948114 7.065296 5.614697 4.444097 4.064139 5.446942 6.532638 5.544414 4.396711 3.696656 3.388733 3.464707 3.865241 4.457657
-9999 -9999 -9999 -9999 -9999 -9999 -9999 -9999 -9999 -9999 -9999 -9999 -9999 -9999 -9999 -9999 -9999 -9999 -9999 -9999 -9999 -9999 -9999 -9999 -9999 -9999 -9999 -9999 -9999 -9999 28.92698 28.85937 28.67325 28.78268 -9999 -9999 -9999 -9999 26.40141 27.65461 27.71239 28.50479 28.15718 26.65506 27.04412 26.87707 26.35758 26.36297 25.65067 25.37046 22.19261 20.78581 21.06312 19.56925 19.0197 18.25542 14.25804 10.81078 7.830459 6.818806 5.881094 4.273232 2.21427 2.92653 4.633822 4.636013 3.49006 2.642922 3.071594 3.998312 4.751218 5.038924
-9999 -9999 -9999 -9999 -9999 -9999 -9999 -9999 -9999 -9999 -9999 -9999 -9999 -9999 -9999 -9999 -9999 -9999 -9999 -9999 -9999 -9999 -9999 -9999 -9999 -9999 -9999 -9999 -9999 -9999 30.28266 28.04919 27.90633 27.83707 -9999 -9999 -9999 -9999 26.94866 28.32962 28.63572 28.1259 27.20421 25.63833 24.57309 23.97898 23.5343 24.27509 24.73277 24.3108 23.52248 20.99511 20.41592 19.60694 18.80234 16.78646 13.96234 10.02698 7.485314 6.367614 5.669346 4.732039 3.456018 3.521555 4.245656 4.195337 2.927151 1.932484 2.607887 3.921113 4.907799 5.313581
-9999 -9999 -9999 -9999 -9999 -9999 -9999 -9999 -9999 -9999 -9999 -9999 -9999 -9999 -9999 -9999 -9999 -9999 -9999 -9999 -9999 -9999 -9999 -9999 -9999 -9999 -9999 -9999 -9999 -9999 32.62999 28.80043 26.66295 -9999 -9999 -9999 -9999 -9999 28.72433 29.72842 31.33784 31.62823 30.5403 26.19454 22.59681 21.00788 21.20203 21.99873 21.89956 22.37726 22.57444 21.43633 20.13477 19.21309 18.26389 16.6809 13.82491 10.35395 8.026332 6.414459 6.139061 5.774295 4.569589 4.693254 4.899284 4.740422 3.793257 3.069065 3.493949 4.803563 5.644377 5.573586
-9999 -9999 -9999 -9999 -9999 -9999 -9999 -9999 -9999 -9999 -9999 -9999 -9999 -9999 -9999 -9999 -9999 -9999 -9999 -9999 -9999 -9999 -9999 -9999 -9999 -9999 -9999 -9999 -9999 -9999 36.39955 31.38949 25.23952 24.66996 -9999 -9999 -9999 -9999 28.6731 31.37096 35.05432 38.03629 36.16852 26.48524 18.06818 17.2914 19.2492 20.95169 21.8131 23.97189 21.82592 19.77524 19.42372 19.86275 20.07425 18.8796 15.49922 11.25766 7.931537 3.614164 5.38565 4.598604 4.218958 5.100035 5.567862 5.889063 5.700231 5.351107 5.566282 6.115726 6.345384 5.963718
-9999 -9999 -9999 -9999 -9999 -9999 -9999 -9999 -9999 -9999 -9999 -9999 -9999 -9999 -9999 -9999 -9999 -9999 -9999 -9999 -9999 -9999 -9999 -9999 -9999 -9999 -9999 -9999 -9999 -9999 -9999 34.14955 26.68684 22.19338 -9999 -9999 -9999 -9999 28.59872 32.45998 38.34389 47.22031 48.14646 26.49378 9.457026 12.30865 17.51949 20.34641 21.64486 23.82013 22.95799 22.64622 20.73524 21.12022 23.03677 21.80106 17.9897 15.34406 11.12729 7.613177 7.041786 5.402953 4.771094 5.916931 6.995008 7.552905 7.661794 7.432962 7.425508 7.630817 6.973288 6.535006
-9999 -9999 -9999 -9999 -9999 -9999 -9999 -9999 -9999 -9999 -9999 -9999 -9999 -9999 -9999 -9999 -9999 -9999 -9999 -9999 -9999 -9999 -9999 -9999 -9999 -9999 -9999 -9999 -9999 -9999 -9999 32.63548 27.60982 21.86555 19.24958 -9999 -9999 -9999 28.00389 31.01026 37.21628 48.82051 51.62016 27.9992 10.84648 13.10451 17.80984 20.37447 21.30174 22.26983 22.72358 23.10675 23.24306 21.71234 22.45574 19.94821 16.07984 22.42854 17.06892 9.671108 10.70982 10.47653 9.669267 10.169 8.958123 9.473831 9.190755 9.448453 9.116631 9.013873 7.725816 6.996299
-9999 -9999 -9999 -9999 -9999 -9999 -9999 -9999 -9999 -9999 -9999 -9999 -9999 -9999 -9999 -9999 -9999 -9999 -9999 -9999 -9999 -9999 -9999 -9999 -9999 -9999 -9999 -9999 -9999 -9999 -9999 31.72732 26.30927 17.65149 11.52827 -9999 -9999 -9999 26.92104 28.14044 31.67644 35.43953 35.46144 27.49183 19.81891 18.76549 19.78024 20.91983 21.29471 21.40995 22.63312 23.9705 24.77434 23.92848 22.57196 21.59719 24.37226 32.91244 20.72322 11.86914 14.30273 15.67862 14.61549 15.46026 15.9031 13.5217 12.50957 11.90526 11.91451 11.32344 9.909353 9.552953
-9999 -9999 -9999 -9999 -9999 -9999 -9999 -9999 -9999 -9999 -9999 -9999 -9999 -9999 -9999 -9999 -9999 -9999 -9999 -9999 -9999 -9999 -9999 -9999 -9999 -9999 -9999 -9999 -9999 -9999 -9999 30.45767 25.17186 16.51925 7.666394 -9999 -9999 -9999 25.27151 25.35181 26.49203 26.31278 26.15256 23.99622 22.33402 21.41301 20.92701 20.74668 20.86598 21.41244 22.5925 24.6222 24.97281 25.66883 26.63112 27.19412 32.85324 40.05178 28.52335 24.84804 23.35015 18.51361 20.09904 19.74882 16.41627 14.38836 13.53541 12.91061 12.59556 11.68063 10.5523 9.612155
-9999 -9999 -9999 -9999 -9999 -9999 -9999 -9999 -9999 -9999 -9999 -9999 -9999 -9999 -9999 -9999 -9999 -9999 -9999 -9999 -9999 -9999 -9999 -9999 -9999 -9999 -9999 -9999 -9999 -9999 -9999 33.00348 27.93561 20.43512 13.33958 14.94712 -9999 -9999 27.94289 24.43557 23.79489 24.89746 23.99533 22.48516 22.20746 21.93947 21.21382 20.1749 19.04021 19.76409 22.72202 24.72292 25.66319 27.81385 28.72267 31.82232 33.59418 34.223 33.21328 33.68864 28.69104 12.45772 22.61164 23.19825 14.98689 13.45433 13.33261 12.65082 12.37404 11.93229 10.60012 9.501028
