STOTEN_Data/raw/MFDTWSpr2000Faunt.asc
ncols         250
nrows         718
xllcorner     -2256000
yllcorner     1557000
cellsize      1000
NODATA_value  -9999
[rows 544 to 575 of 718, columns 144 to 215 of 250]
55.25637 56.73593 58.92218 61.67712 64.3621 65.68787 61.69413 48.88933 31.0286 18.77674 16.05173 19.7567 25.22471 30.83538 35.10427 37.77721 38.57326 37.34696 35.53813 33.60503 31.02357 25.64806 19.61026 15.02722 10.63578 8.586849 8.225295 8.937745 10.32258 12.52231 15.06919 17.36266 20.11108 22.88326 25.89872 28.06846 29.94566 31.55579 32.91619 34.06551 35.19729 36.44224 37.11385 37.65839 38.08978 38.11404 37.5491 39.75766 39.84259 39.81315 39.6349 39.49448 39.32583 39.14027 37.48583 37.57037 38.03235 37.97839 37.75502 37.5798 37.4535 37.36987 37.32522 37.3068 37.31591 37.60963 37.64406 37.82971 37.72886 37.61057 -9999 -9999
58.59888 61.24641 64.76464 69.07999 73.95335 77.89202 78.11886 67.87665 50.80531 36.61837 30.32397 29.76189 32.26825 35.29236 38.00346 39.60436 39.89826 37.88437 35.72416 32.44859 30.11208 26.85051 21.27357 15.79562 11.19858 9.158609 8.747321 9.477463 10.37181 12.40901 14.89964 17.64903 20.39945 23.04321 25.45041 28.80059 31.04692 32.68864 34.05565 35.36271 36.68865 37.46971 38.08469 38.56988 38.93567 38.21497 38.30671 40.07195 40.49928 40.44511 40.34121 40.00919 39.77067 39.52133 38.72519 37.50013 37.33027 37.19613 37.10223 37.37148 37.68178 37.59478 37.55817 37.55732 37.78102 38.11498 38.12058 38.05249 37.94738 37.80861 37.65366 -9999
62.21355 65.56194 70.00008 75.32596 81.00075 85.34195 86.71513 81.3683 69.32019 55.64676 46.21172 41.8544 40.75629 41.05025 41.4809 41.65237 41.4541 38.90047 36.41253 33.11502 33.92443 27.38213 22.27007 16.58593 12.52499 10.86153 10.33581 10.97243 11.61946 13.6983 16.22919 19.04112 21.84022 24.53718 26.97166 29.14896 31.26497 34.16009 35.4822 37.0684 37.95025 38.65124 39.1801 39.58124 39.82622 39.02737 39.11362 39.42791 41.19033 41.04839 40.85965 40.63708 40.22473 39.89882 38.41154 37.89341 37.67761 37.50436 37.37801 37.29678 37.26445 37.49557 37.69751 37.8421 38.28384 38.29697 38.30678 38.26529 38.15248 37.98092 37.77778 37.57598
65.90584 69.44235 74.40012 80.46578 86.47311 90.2383 91.21899 92.96844 84.78823 72.99321 61.10497 53.19732 49.15886 47.00805 45.6447 44.41481 42.85513 40.30502 37.45261 37.35872 34.19229 27.51365 20.86728 17.73142 15.25635 13.70832 13.19336 13.84997 14.71712 15.86394 18.36395 21.16758 23.94547 26.61289 29.00271 31.12518 32.91465 34.44615 36.43174 38.63352 39.40243 39.14063 38.60869 38.81655 38.96506 39.95481 39.97292 39.9016 41.91434 41.67472 41.39375 41.08826 40.75909 40.30707 39.42995 38.25589 37.98665 37.7668 37.59923 37.48355 37.42337 37.41571 37.46974 38.23248 38.30837 38.41094 38.50706 38.50516 38.37209 38.14825 37.87681 37.60737
69.12184 72.68675 77.91784 84.85645 93.60415 104.515 119.0029 116.5936 101.1484 84.94183 71.7474 62.08499 55.93361 52.35393 49.55166 47.22459 44.90321 42.82824 40.93356 37.90169 31.35705 27.9467 23.54596 20.88405 18.77344 17.45556 17.06616 17.69539 19.21935 20.24591 21.29894 24.01699 26.71104 29.27476 31.56135 33.56525 35.29539 36.57546 37.54825 38.58327 39.29956 39.68246 39.9116 40.02969 40.04995 40.24905 40.87495 40.69659 40.74229 41.48881 40.21965 40.81641 41.14182 40.72817 40.20117 38.59412 38.26557 37.99282 37.77671 37.61797 37.51747 37.60313 38.18868 38.14844 38.25267 38.51477 38.79305 38.85622 38.65704 38.33315 37.96755 37.61417
71.72768 75.02964 80.24348 87.79298 98.55991 113.7343 129.0335 126.3459 109.3507 92.33012 78.84033 68.76479 61.54738 56.1064 52.39781 49.58712 46.90174 44.43077 39.62306 36.63573 33.61808 30.64717 26.63655 24.43717 22.7472 21.73159 21.52439 22.17827 23.63076 25.7453 26.37474 28.10286 30.08141 32.07273 33.47278 35.47572 37.79728 38.86106 39.11648 38.64537 41.10234 41.30245 41.36356 41.32303 41.19851 41.01545 41.69266 41.5421 41.27028 40.92683 40.57373 40.22122 39.87339 39.53809 39.21924 38.97262 38.60749 38.27757 37.98151 37.72913 37.7806 38.00777 38.01706 37.89158 38.03337 38.5966 39.33454 39.43511 39.01548 38.52142 38.05313 37.62289
83.82751 77.88602 81.04728 87.99728 97.64021 109.5859 118.8635 117.2873 106.2577 93.37973 80.27932 71.91377 65.33852 59.79862 54.91496 50.79648 43.53462 44.28143 41.3852 38.59003 35.90414 33.38066 30.86749 28.0862 26.85712 26.21701 26.26449 27.02423 28.45278 30.15314 31.18997 32.23927 32.19102 34.69435 36.62863 38.06945 39.17427 41.01007 40.63656 40.80385 41.66983 42.61629 41.74299 42.23623 41.17233 41.60357 40.52986 42.24101 41.70003 41.39343 40.82696 40.55128 39.99632 39.74457 39.24951 39.02419 38.74612 38.43572 38.09967 37.94141 38.06443 38.14944 37.76014 37.47259 37.40106 38.24054 40.94872 40.49965 39.34936 38.6426 38.11591 37.65932
88.3045 89.69441 84.6738 87.10298 93.2944 100.8018 105.8095 105.1019 98.94277 88.69707 79.58939 71.55343 65.56882 62.00884 57.53172 47.06364 46.39122 45.36348 43.00599 40.4492 38.10931 36.02138 34.23675 31.81352 30.84338 30.23433 30.20216 30.90053 32.34919 33.83372 34.50264 36.67181 38.00319 38.04202 40.10574 41.47268 42.30013 42.89631 43.17809 43.31886 43.65912 43.35313 42.95558 42.49539 41.99893 41.48437 41.50822 42.11451 42.22488 41.69271 41.17732 40.68337 40.21582 39.77762 39.37188 38.99972 38.74617 38.51474 38.20928 38.13521 38.57644 38.0442 37.53429 37.00186 36.27866 34.69365 40.37759 40.76025 39.21822 38.58157 38.12731 37.72853
88.65151 89.89144 91.4487 89.14019 91.02555 92.95844 95.7498 95.31325 91.80398 85.09454 77.61435 71.24126 65.48362 60.46412 54.45261 47.13769 47.98454 45.06372 43.17596 41.82835 40.08072 38.39517 35.5858 33.75796 33.43365 33.59932 34.2485 35.39354 35.96567 36.91156 38.99084 41.04993 42.94318 42.58832 43.5759 45.00606 45.62364 45.98856 45.83978 46.02254 45.67783 45.11343 44.48481 43.81759 43.1393 42.70147 42.36077 41.7051 42.81367 42.18766 41.59068 41.02491 40.49511 40.0023 39.5495 39.13577 38.762 38.42448 38.28037 38.88144 38.65256 38.04182 37.45644 36.79824 35.85733 34.09912 35.00222 38.24586 38.49923 38.33853 38.08578 37.80836
88.28576 89.73151 91.31361 93.1329 92.61225 91.05048 90.88562 88.52524 86.08064 82.57901 75.07103 70.08431 65.28711 58.37653 53.55585 51.9351 48.77304 46.06129 43.72529 41.77227 40.84119 39.11007 36.88416 36.51717 36.56047 37.08202 38.0303 39.1134 39.12308 41.20824 43.33504 45.37188 47.15928 48.59803 48.08361 48.25765 49.02983 49.04121 48.94128 48.45554 47.7029 46.86774 45.99744 45.11645 44.25066 43.8697 43.09415 42.31938 42.11782 42.67315 41.99822 41.36495 40.77709 40.2337 39.73746 39.2858 38.87967 38.51353 39.21933 39.48776 38.81167 38.17385 37.58441 36.98647 36.35791 35.91463 36.35421 37.40024 37.9789 38.10971 38.04193 37.88722
91.81973 94.38359 94.04528 97.45267 96.13068 92.40993 90.69182 88.01383 86.45765 79.43913 75.83172 68.73431 64.12289 58.0033 57.06294 52.10497 49.21106 46.74075 44.63641 42.93325 40.8302 39.30205 38.81155 38.77787 39.14784 40.00093 39.79911 40.7584 42.86065 45.15405 47.4202 49.53734 51.31164 52.64851 53.48833 52.20013 52.27232 52.48919 51.73317 50.75813 49.68715 48.56803 47.44744 46.35035 45.50817 44.73048 43.7803 42.8925 42.06912 43.09144 42.39289 41.69755 41.05652 40.46724 39.92429 39.43517 38.99171 38.61384 40.01981 39.68575 39.10371 38.43857 37.87917 37.3856 36.99121 36.82764 37.03132 37.4778 37.85246 38.02272 38.04528 37.97424
91.70613 94.60301 96.40892 97.49402 98.15404 98.387 98.23429 90.28268 89.18825 86.21478 76.65272 70.63139 64.26063 57.38914 56.93126 51.94177 49.34623 47.12851 45.26037 43.78588 41.15873 40.52168 40.28023 40.50293 41.14118 39.79795 41.47958 43.64562 46.05649 48.6579 51.19058 53.50704 55.37014 56.66916 57.33809 57.37756 55.84354 55.37917 54.31562 52.98106 51.58075 50.17368 48.80112 47.50796 46.63036 45.4754 44.39864 43.40676 42.49561 41.7054 42.73847 41.96912 41.26158 40.62165 40.04689 39.53436 39.16547 39.4018 40.75219 40.10772 39.3327 38.67468 38.23355 37.85218 37.5579 37.44052 37.51712 37.72063 37.93634 38.06974 38.11605 38.08865
92.86679 95.61256 97.23796 98.0934 98.47152 98.44524 98.09431 97.38725 92.70261 87.07922 78.09694 67.07968 63.65348 57.65695 55.49675 51.54656 49.2298 47.24022 45.57879 44.16096 41.67136 41.28046 41.23183 41.64544 40.16678 41.36584 43.40871 45.8941 48.67833 51.67254 54.59949 57.25037 59.33257 60.68472 61.22359 61.00648 59.01036 58.20506 56.77351 55.06256 53.32064 51.62413 50.00607 48.66943 47.41163 46.11692 44.9274 43.84376 42.85686 42.26393 42.91782 42.11517 41.38807 40.73496 40.15049 39.63183 39.7803 39.51492 41.06194 40.11676 39.52314 39.01876 38.59415 38.29314 38.07593 37.94458 37.94257 38.02696 38.13852 38.21959 38.25482 38.24267
95.41466 97.44882 98.6283 99.1692 99.27611 99.04087 98.53941 97.78733 96.82608 92.6939 75.31233 65.44436 62.25858 58.35315 53.53749 50.97029 48.90484 47.11804 45.63125 42.53102 41.78919 41.61802 41.68172 39.56046 40.50964 42.30017 44.58338 47.38876 50.60725 54.12161 57.60856 60.76464 63.21077 64.69792 65.10632 64.54117 62.68605 60.92893 58.91127 56.91671 54.83734 52.86171 51.04417 49.59185 48.037 46.62472 45.34169 44.18363 43.13771 42.38549 43.04169 42.22497 41.48844 40.82911 40.24115 39.98856 40.13083 39.95301 41.05139 40.41859 39.86406 39.38842 38.99374 38.68584 38.47099 38.44373 38.49576 38.36464 38.4029 38.43763 38.45247 38.44104
98.87451 99.96118 100.5431 100.6925 100.5078 100.0606 99.40807 98.58401 97.61751 87.13807 78.68653 71.03827 63.84683 57.34738 52.32774 50.27573 48.41242 46.78161 44.62682 42.28002 41.61155 41.35453 38.67232 39.25167 40.59269 42.46921 44.9426 48.06033 51.7671 55.90043 60.10719 63.96149 66.98344 68.77016 69.06876 68.04523 65.72046 63.37568 60.81905 58.32236 56.02185 53.73845 51.77875 50.15338 48.48082 46.97586 45.62257 44.40969 43.32273 42.62362 43.10335 42.28286 41.54702 40.89107 40.30824 40.76858 40.22313 41.23081 41.35742 40.75068 40.22096 39.76854 39.39414 39.0998 39.28905 39.52798 39.4016 39.36724 38.89959 38.71055 38.70199 38.68317
102.7298 102.8691 102.8089 102.5233 102.0256 101.3621 100.5581 99.64657 95.50219 84.03315 80.9602 71.39896 64.13269 56.22939 51.34565 49.49018 47.7862 46.27096 42.72474 41.76529 41.10524 40.69755 38.44397 38.68758 39.94959 41.77892 44.32035 47.66791 51.87095 56.74555 61.86766 66.62222 70.50961 72.91884 73.06164 71.28601 68.28748 65.31414 62.28241 59.41012 56.71116 54.22996 51.98611 49.96648 48.57693 47.138 45.74552 44.50398 43.39939 43.46735 43.09886 42.28796 41.56373 40.91864 41.40646 40.81939 40.29587 42.31215 41.6555 41.07497 40.57001 40.13942 39.78216 40.17308 40.33596 40.09097 39.92703 39.82711 39.77053 39.73878 39.71647 39.55617
106.6255 105.9778 105.3158 104.593 103.7739 102.8784 101.9083 98.37054 96.20576 83.87148 81.55975 73.01495 65.45675 61.68438 50.36193 48.6536 47.06007 43.84674 41.96216 40.98653 40.14121 39.56964 39.34509 38.78516 38.55544 40.16599 42.5966 46.02702 50.66973 56.30133 62.43992 68.12115 73.13418 77.48367 77.3713 73.96857 70.18274 66.49336 63.08684 59.89111 56.98933 54.36665 52.03132 49.94505 48.09791 46.54887 45.59168 44.45575 43.35594 43.89575 43.0138 42.2243 41.50714 40.78102 41.36675 40.83839 41.4947 42.56396 41.94017 41.3885 40.90861 40.49743 40.86115 41.25459 40.9058 40.64019 40.44683 40.31228 40.22077 40.15878 40.11378 40.08028
110.4433 109.1386 107.925 106.7791 105.642 104.5144 102.2021 98.83506 94.03735 83.80589 81.3449 70.41821 72.2804 69.4533 49.54716 47.78627 46.26558 42.2444 40.9987 39.83365 38.87769 38.15358 37.69603 37.55103 36.54191 37.57914 39.57374 42.7361 47.54565 53.89245 61.1697 67.5127 71.85128 87.78413 80.7807 74.75191 70.80233 66.5974 62.99744 59.66908 56.69901 54.02932 51.68083 49.59002 47.75636 46.12802 44.69697 43.75912 43.16539 43.40649 42.83966 41.98007 41.23459 40.58293 41.26478 40.82098 42.36077 42.78447 42.19527 41.67309 41.21963 41.91219 42.24887 41.80994 41.45461 41.17363 40.95842 40.79745 40.67896 40.59269 40.52879 40.48229
114.1897 112.2657 110.5545 109.0134 107.5732 106.2148 101.7394 99.79923 88.9137 83.7935 81.16204 71.60638 71.55229 68.68006 54.26375 46.91831 42.59194 41.14956 39.7708 38.54016 37.45742 36.5288 35.75695 35.18295 34.88016 34.57046 35.25965 37.66988 42.12853 48.81944 57.22665 64.42487 67.08759 60.24561 73.79887 72.471 69.09895 65.38851 61.92108 58.67105 55.79061 53.19494 50.92933 48.90919 47.1476 45.57819 44.20552 42.98164 42.56828 43.96647 42.38941 41.61121 40.92593 40.31685 39.78716 40.76206 43.59022 42.97057 42.41991 41.93023 42.59781 43.28849 42.77108 42.3336 41.97389 41.6815 41.45071 41.27048 41.1329 41.02838 40.94968 40.89157
117.3997 115.2753 113.1133 111.2076 109.4881 104.9906 102.8785 100.7524 86.46008 83.81164 81.0097 69.48114 70.80614 67.94707 57.74056 45.7447 42.04461 39.91852 38.52114 37.21579 35.98276 34.81766 33.68681 32.60981 31.58559 30.78234 29.9059 30.8945 34.02502 40.3924 49.71571 58.72147 64.50567 66.9379 69.05909 68.63412 66.05412 62.9821 59.92306 56.94228 54.24867 51.85197 49.75534 47.88218 46.24803 44.79184 43.516 44.59995 44.02489 44.1194 43.35521 41.51617 40.54622 39.98552 39.51897 41.67892 43.68835 43.11383 42.60283 42.26589 44.34135 43.75514 43.2495 42.81736 42.45748 42.15915 41.91866 41.72535 41.574 41.45555 41.36533 41.29722
119.8719 118.0722 115.5138 113.2118 108.654 106.2815 103.9672 102.1374 86.66571 83.83379 80.86188 71.45669 70.30125 63.31967 55.69292 51.31923 42.89485 39.47259 37.30683 35.92335 34.54795 33.1556 31.68276 30.10538 28.35136 26.50993 24.72941 23.61826 24.70391 29.77439 38.94772 49.52866 57.64624 62.09484 63.96368 63.71141 61.76847 59.43089 56.9564 54.5144 52.26228 50.12358 48.20839 46.55722 45.97196 45.21267 44.9975 44.14534 43.58908 43.5522 42.9379 42.37814 41.69593 39.58121 39.14257 42.29822 43.7404 43.2157 42.79302 45.39667 44.74679 44.17492 43.68087 43.25566 42.89751 42.59702 42.35087 42.1497 41.98972 41.86238 41.76404 41.68847
122.5391 120.5512 117.6753 113.405 110.0374 107.526 105.3121 102.5809 94.60195 83.84898 79.4259 75.39817 75.96374 66.21663 54.4768 51.65124 48.13023 39.83681 36.78397 34.72462 33.2317 31.65436 29.91451 27.94335 25.62753 22.94924 19.97094 17.39457 16.68845 20.16883 28.34382 39.15768 48.43327 54.24955 57.00905 57.67734 56.51268 55.04475 53.28334 51.44798 49.69732 48.06438 46.58588 46.73226 45.70535 44.79981 44.00695 43.30485 42.68751 42.91446 42.40276 41.93528 41.50951 41.11716 40.27218 43.81887 43.74595 43.48646 46.42168 45.71466 45.08884 44.53731 44.05773 43.64288 43.29003 42.99155 42.74386 42.53927 42.37394 42.24083 42.13663 42.33217
124.7431 122.6048 117.7683 114.1473 111.2312 108.7895 105.85 102.8677 99.78177 84.82888 83.58998 79.10066 71.66283 64.79123 60.37886 50.52768 48.0037 40.11362 36.90284 34.03975 32.11005 30.42463 28.53781 26.35452 23.76404 20.68209 17.16063 13.65809 13.45201 15.67016 21.96611 31.39966 40.05397 46.14367 49.60917 51.11021 50.73451 50.12149 49.11863 47.95486 46.76346 45.60919 44.52403 44.78753 44.19693 43.51966 42.91688 42.37928 42.07059 42.21609 41.81343 41.44582 41.10165 40.78531 40.96664 43.8012 43.13665 47.40612 46.65358 45.97799 45.37669 44.84518 44.38012 43.97644 43.63021 43.33589 43.0891 42.88413 42.71684 42.58155 44.59501 45.79629
126.2693 122.6508 118.5508 115.6571 112.4099 109.2823 106.1883 103.0611 99.83793 93.9584 79.7717 71.42925 67.27152 63.51017 59.79223 51.83906 46.99282 44.16864 38.58202 34.82821 31.19846 29.48757 27.58424 25.39939 22.86234 19.90266 16.62818 13.37568 12.04474 14.96184 20.06657 27.19798 34.06688 39.26537 42.68108 44.58143 44.82961 44.98001 44.71292 44.22283 43.61325 42.96161 42.29662 43.0404 42.57468 42.14734 41.75269 41.39309 41.72504 41.6899 41.42769 41.18534 40.95942 40.74961 42.00768 44.45539 44.37825 47.53852 46.82145 46.17717 45.60168 45.09258 44.64437 44.2543 43.91713 43.6296 43.38627 43.18354 44.23491 46.63118 46.54223 46.34623
127.17 123.0642 119.9098 116.396 112.8237 109.5956 106.3944 103.1617 99.86631 87.04736 76.12904 70.24494 64.50846 62.19663 58.68084 55.05524 46.13738 43.3429 38.94545 36.49891 34.09257 29.40709 27.02918 25.00394 22.74804 20.26828 17.74884 15.68344 15.11155 16.79943 20.53673 25.32649 30.0085 33.75842 36.31243 38.11829 39.40999 40.22592 40.26442 40.41891 40.38958 40.24453 40.01038 41.07943 40.91495 40.74043 40.55766 40.79586 41.0695 40.91989 40.77139 40.6279 40.48757 40.35307 43.81796 44.20599 43.94332 45.84062 46.93324 46.32204 45.77275 45.28547 44.85387 44.47742 44.14974 43.86971 43.88636 47.89515 47.54772 47.24989 46.98209 46.75188
127.5025 123.8324 120.1124 116.4769 113.0024 109.7243 106.4769 103.1245 99.37849 82.26361 76.73531 69.33517 62.63277 59.13867 56.57808 54.14371 46.19164 42.68089 39.59327 36.0029 33.66851 31.35326 28.71326 25.10924 23.08602 21.17607 19.41089 18.15913 17.89383 19.05861 21.29896 23.99734 26.45213 28.52641 30.56075 32.37372 33.97534 35.32057 36.42106 37.37904 37.57047 37.56043 37.87405 39.13104 39.2591 40.73618 40.89255 41.09579 40.17398 40.15564 40.11981 40.07335 40.01663 39.95441 44.14194 43.93361 43.73303 43.54626 46.92112 46.38452 45.83773 45.41457 44.97629 44.64172 44.3307 47.55697 48.77523 48.3553 47.97034 47.62581 47.31588 47.04708
127.3002 123.5503 119.9656 116.2986 112.9556 109.802 106.2531 102.5942 88.55618 81.30669 73.76884 69.4957 64.62959 58.33759 54.96392 51.67023 48.7274 42.1607 39.41362 35.65123 33.41111 31.21954 29.07778 26.97853 23.95625 22.36632 20.98755 20.0183 19.71059 20.15895 20.67929 21.51528 22.5124 23.655 25.15524 26.95242 28.88706 30.73406 32.38309 33.91595 35.07168 36.00358 37.06298 38.56207 39.10024 39.53088 39.87608 40.15292 39.73617 39.41618 39.48759 39.53288 39.55611 39.56294 43.78725 43.64686 43.50645 43.37324 41.03572 40.47122 40.51337 40.56205 40.61604 41.24509 46.73827 46.5314 46.32344 46.12131 45.92519 45.74289 45.74002 46.11822
126.4169 122.9364 119.5403 115.9861 112.7016 109.2452 105.6674 101.9836 84.47632 80.19702 71.97879 68.61233 64.72353 57.80859 54.31843 51.09381 47.96921 41.76517 39.24513 34.6315 33.06368 31.12771 28.39148 25.57117 24.18099 22.89688 21.76904 20.13118 19.59622 19.2356 18.78493 18.29652 18.16846 18.63591 19.97757 21.96092 24.30076 26.63043 28.91288 31.2172 33.68116 35.47535 36.78787 36.82244 37.57848 38.32327 38.85436 39.28782 39.64416 38.72409 38.89503 39.02503 39.12226 40.93708 43.43237 43.35484 43.27103 43.18752 43.75524 40.47631 40.54931 40.62614 42.6605 47.45598 47.26142 47.01299 46.7602 46.51041 46.26631 46.41418 46.76062 46.4846
125.2922 122.0818 118.8159 115.4235 112.0125 108.5478 104.9894 97.89873 85.62352 78.86499 72.21738 67.79893 63.99326 60.10553 53.77776 50.62829 46.79322 43.4282 40.38517 36.83868 33.37739 28.91605 27.072 25.74184 24.43449 23.1825 21.15111 19.92893 18.86879 17.6298 16.14718 14.67188 13.83979 14.01842 15.44439 17.71541 20.73234 24.08109 27.06119 29.56418 31.74594 33.59382 35.16227 36.47728 37.59063 37.20471 37.85267 38.39429 38.95024 39.06185 38.35767 38.56322 38.72627 42.91233 43.08514 43.06563 43.03449 42.9975 42.95718 40.47959 42.24716 45.04892 48.29929 48.03796 47.75452 47.45598 47.19219 47.94022 47.63857 47.23659 46.86583 46.53537
124.0236 120.9478 117.7184 114.4681 111.1469 107.743 101.5872 95.62244 89.74755 78.68199 70.82974 67.04211 63.3306 59.70767 52.4884 46.99393 44.35082 41.91676 39.56812 37.29858 34.00019 32.03024 27.78865 25.84821 24.53056 21.97092 20.65573 19.84592 18.29667 16.18227 13.95534 11.81836 10.58458 10.77493 12.43327 15.09011 18.32479 21.61469 24.73584 27.52876 29.98202 32.08094 33.87224 35.38541 36.66925 37.75271 41.39937 42.07999 40.20585 38.82597 38.9551 38.74453 39.34451 41.46127 42.75436 42.7867 42.80279 42.80802 46.19382 47.11261 45.41238 49.03938 48.8654 48.55839 48.22186 48.64492 48.81763 48.29637 47.79422 47.32075 46.88432 46.49412
122.4695 119.5504 116.5261 113.406 110.1726 102.7945 98.65124 94.54887 90.29582 77.88132 70.02841 66.34945 60.27494 54.43441 49.26411 46.73189 44.29239 41.93745 39.66026 37.45529 34.4943 32.27164 30.38782 25.93261 23.24413 22.05777 21.1962 19.71103 17.69482 15.193 12.48535 10.05596 8.710958 9.329668 10.67234 13.30528 16.56221 19.95601 23.19787 26.13735 28.74321 31.0013 32.94034 34.59361 36.00075 37.19547 39.4404 42.79433 43.88717 44.87517 41.68647 38.69453 39.05738 40.01789 43.85642 42.52361 44.34872 51.04129 51.40342 49.7008 49.04064 49.73724 49.42734 49.43407 50.29362 49.68862 49.07889 48.47554 47.89108 47.33794 46.82866 46.73969
121.794 118.135 115.2656 112.2742 106.6155 101.3464 97.48134 93.46607 85.86269 75.18149 67.50177 57.44987 54.25861 51.62739 49.10057 46.66774 44.3184 42.04523 39.83943 37.69557 35.17987 32.88409 31.04728 27.03074 24.41465 23.1515 21.497 19.57166 17.30461 14.73731 12.06933 9.757257 8.175584 8.937438 10.40393 12.88449 15.95963 19.24709 22.43716 25.39 28.04106 30.37374 32.39084 34.12816 35.60973 36.87333 40.39793 42.79448 43.9334 44.96058 45.8932 42.19266 43.76877 53.54451 54.00549 52.76897 51.13531 50.35439 49.92197 50.03447 50.04024 50.31868 51.70546 51.35288 50.69326 50.00861 49.31191 48.61872 47.94448 47.30555 46.87678 46.63582
