STOTEN_Data/raw/MFVelSept2000.asc
ncols         250
nrows         718
xllcorner     -2256000
yllcorner     1557000
cellsize      1000
NODATA_value  -9999
[rows 186 to 216 of 718, columns 71 to 141 of 250]
-1565.451 730.0443 867.3307 867.3307 -346.2956 -592.6484 -1050.604 -899.1974 -899.1974 -1078.948 -1078.948 -1325.379 -599.3561 -599.3561 85.18783 85.18783 599.5623 2199.021 2199.021 3923.91 3923.91 789.2601 -141.0984 -141.0984 -1124.547 -1124.547 -2080.604 -2890.306 -3187.536 -2529.547 -2529.547 -2488.999 -652.2281 -652.2281 -4.689773 -4.689773 -9999 -9999 -9999 -9999 -9999 -9999 -9999 -9999 -9999 -9999 -9999 -9999 -9999 -9999 -9999 -9999 -9999 -9999 -9999 -9999 -9999 -9999 -9999 -9999 -9999 -9999 -9999 -9999 -9999 -9999 -9999 -9999 -9999 -9999 -9999
-1565.451 -2948.669 272.0268 272.0268 -592.6484 -592.6484 -1050.604 -861.2792 -1025.358 -1533.615 -1533.615 -1325.379 -1325.379 1241.691 1976.89 1976.89 2291.311 2291.311 2199.021 2305.674 2305.674 875.1344 875.1344 -141.0984 -1124.547 -2038.444 -3310.057 -3310.057 -3187.536 -2529.547 -2529.547 -2526.392 -2526.392 -3060.725 -4.689773 -4.689773 -9999 -9999 -9999 -9999 -9999 -9999 -9999 -9999 -9999 -9999 -9999 -9999 -9999 -9999 -9999 -9999 -9999 -9999 -9999 -9999 -9999 -9999 -9999 -9999 -9999 -9999 -9999 -9999 -9999 -9999 -9999 -9999 -9999 -9999 -9999
-1698.133 -2948.669 -2948.669 272.0268 -413.0085 -413.0085 -861.2792 -861.2792 -1025.358 -1533.615 -1586.362 -1046.703 -1046.703 1241.691 1976.89 2387.224 2193.887 2193.887 4550.451 4550.451 2305.674 2052.779 2052.779 -183.7756 -183.7756 -2038.444 -3310.057 -3141.151 -2512.636 -2512.636 -2656.336 -2526.392 -2526.392 -2505.386 -2505.386 -9999 -9999 -9999 -9999 -9999 -9999 -9999 -9999 -9999 -9999 -9999 -9999 -9999 -9999 -9999 -9999 -9999 -9999 -9999 -9999 -9999 -9999 -9999 -9999 -9999 -9999 -9999 -9999 -9999 -9999 -9999 -9999 -9999 -9999 -9999 -9999
-1815.047 -2612.644 -2612.644 688.3583 688.3583 -413.0085 -703.237 -703.237 -1020.422 -1020.422 -1586.362 -1046.703 -1199.146 358.5401 358.5401 2387.224 2193.887 2193.887 7346.579 7346.579 4682.308 2052.779 2052.779 -183.7756 -1040.639 -2419.519 -3141.151 -3141.151 -2512.636 -1506.734 -2169.956 -2169.956 -3526.696 -2505.386 -2505.386 -9999 -9999 -9999 -9999 -9999 -9999 -9999 -9999 -9999 -9999 -9999 -9999 -9999 -9999 -9999 -9999 -9999 -9999 -9999 -9999 -9999 -9999 -9999 -9999 -9999 -9999 -9999 -9999 -9999 -9999 -9999 -9999 -9999 -9999 -9999 -9999
-1815.047 -1815.047 -2612.644 834.9961 834.9961 -235.0286 -235.0286 -703.237 -1067.583 -1067.583 -1671.212 -1671.212 -1199.146 358.5401 1757.318 3124.424 3124.424 4051.619 7346.579 7346.579 4521.323 4521.323 1792.754 -1040.639 -1040.639 -2419.519 -2119.026 -2335.402 -1506.734 -1506.734 -2169.956 -2169.956 -734.571 -780.8846 -780.8846 -9999 -9999 -9999 -9999 -9999 -9999 -9999 -9999 -9999 -9999 -9999 -9999 -9999 -9999 -9999 -9999 -9999 -9999 -9999 -9999 -9999 -9999 -9999 -9999 -9999 -9999 -9999 -9999 -9999 -9999 -9999 -9999 -9999 -9999 -9999 -9999
-1236.189 -1236.189 -2100.556 -2100.556 834.9961 -202.7608 -202.7608 -594.7719 -594.7719 -1067.583 -1671.212 -1499.268 -828.1597 -828.1597 1757.318 3124.424 3124.424 5817.651 5817.651 8712.021 4521.323 4521.323 937.5002 937.5002 -452.0157 -2119.026 -2119.026 -2335.402 -2001.27 -1227.816 -2110.115 -2110.115 -734.571 -734.571 -9999 -9999 -9999 -9999 -9999 -9999 -9999 -9999 -9999 -9999 -9999 -9999 -9999 -9999 -9999 -9999 -9999 -9999 -9999 -9999 -9999 -9999 -9999 -9999 -9999 -9999 -9999 -9999 -9999 -9999 -9999 -9999 -9999 -9999 -9999 -9999 -9999
-352.1544 -1334.228 -1915.407 -1915.407 907.365 907.365 -202.7608 -714.4974 -714.4974 -1109.782 -1109.782 -1499.268 -828.1597 -549.106 3071.512 3071.512 3442.149 5817.651 5817.651 3897.534 3897.534 2758.675 937.5002 937.5002 -452.0157 -157.0739 -1840.746 -2001.27 -2001.27 -1227.816 -1227.816 -79.87678 -681.6321 -681.6321 -9999 -9999 -9999 -9999 -9999 -9999 -9999 -9999 -9999 -9999 -9999 -9999 -9999 -9999 -9999 -9999 -9999 -9999 -9999 -9999 -9999 -9999 -9999 -9999 -9999 -9999 -9999 -9999 -9999 -9999 -9999 -9999 -9999 -9999 -9999 -9999 -9999
-401.4767 -1334.228 -1334.228 -1915.407 905.4289 905.4289 -251.7113 -251.7113 -714.4974 -1109.782 -1524.122 -1470.262 -1470.262 -549.106 3071.512 3071.512 5272.504 5272.504 6967.504 3897.534 3897.534 2158.99 2158.99 1203.076 -157.0739 -157.0739 -1840.746 -1365.747 -2030.356 -1830.854 -1830.854 -79.87678 -79.87678 -412.9047 -9999 -9999 -9999 -9999 -9999 -9999 -9999 -9999 -9999 -9999 -9999 -9999 -9999 -9999 -9999 -9999 -9999 -9999 -9999 -9999 -9999 -9999 -9999 -9999 -9999 -9999 -9999 -9999 -9999 -9999 -9999 -9999 -9999 -9999 -9999 -9999 -9999
-177.6956 -1121.768 -1121.768 -1456.033 905.4289 905.4289 -443.0381 -443.0381 -937.0644 -937.0644 -1524.122 -1470.262 -1374.355 -472.3305 -472.3305 3376.689 5272.504 5272.504 5670.546 5670.546 2822.472 2158.99 2158.99 1203.076 1677.22 365.7778 -1365.747 -1365.747 -2030.356 -2030.356 -1554.096 -2037.508 -2037.508 -412.9047 -412.9047 -9999 -9999 -9999 -9999 -9999 -9999 -9999 -9999 -9999 -9999 -9999 -9999 -9999 -9999 -9999 -9999 -9999 -9999 -9999 -9999 -9999 -9999 -9999 -9999 -9999 -9999 -9999 -9999 -9999 -9999 -9999 -9999 -9999 -9999 -9999 -9999
-177.6956 -1121.768 -1121.768 -1112.418 -1112.418 491.2122 -443.0381 -443.0381 -937.0644 -1345.365 -1647.799 -1374.355 -1374.355 -472.3305 -18.47057 2344.969 6361.991 6361.991 5670.546 5670.546 3156.65 3156.65 1546.372 1677.22 1677.22 365.7778 1498.51 -520.6456 -1409.797 -1409.797 -1554.096 -1554.096 -1728.881 -9999 -9999 -9999 -9999 -9999 -9999 -9999 -9999 -9999 -9999 -9999 -9999 -9999 -9999 -9999 -9999 -9999 -9999 -9999 -9999 -9999 -9999 -9999 -9999 -9999 -9999 -9999 -9999 -9999 -9999 -9999 -9999 -9999 -9999 -9999 -9999 -9999 -9999
-248.0634 -248.0634 -787.2924 -1112.418 -1112.418 545.0534 545.0534 -608.7658 -1345.365 -1345.365 -1647.799 -1459.89 -979.8428 -18.47057 -18.47057 2344.969 2344.969 7353.389 4548.932 4548.932 3156.65 3156.65 1546.372 577.4479 577.4479 1498.51 1498.51 -520.6456 -413.5318 -413.5318 -1178.612 -1178.612 -1728.881 -1728.881 -1957.959 -9999 -9999 -9999 -9999 -9999 -9999 -9999 -9999 -9999 -9999 -9999 -9999 -9999 -9999 -9999 -9999 -9999 -9999 -9999 -9999 -9999 -9999 -9999 -9999 -9999 -9999 -9999 -9999 -9999 -9999 -9999 -9999 -9999 -9999 -9999 -9999
-248.0634 -248.0634 -872.1566 -872.1566 -1226.327 545.0534 545.0534 -657.8315 -657.8315 -1401.386 -1459.89 -1459.89 -979.8428 -210.3802 1634.476 5346.459 5346.459 7353.389 7353.389 3439.659 2908.835 2908.835 -86.47324 -86.47324 577.4479 250.0511 250.0511 -87.50677 -87.50677 -413.5318 -1178.612 -1095.468 -385.0359 -385.0359 -1957.959 -9999 -9999 -9999 -9999 -9999 -9999 -9999 -9999 -9999 -9999 -9999 -9999 -9999 -9999 -9999 -9999 -9999 -9999 -9999 -9999 -9999 -9999 -9999 -9999 -9999 -9999 -9999 -9999 -9999 -9999 -9999 -9999 -9999 -9999 -9999 -9999
245.5738 -643.6995 -872.1566 -872.1566 -1140.984 -1140.984 215.5361 -657.8315 -657.8315 -1401.386 -1165.061 -1096.416 -210.3802 -210.3802 1634.476 1634.476 5993.845 3284.208 3284.208 3439.659 3439.659 2410.339 -214.1361 -214.1361 216.5993 216.5993 250.0511 -90.0379 -90.0379 -459.2733 -459.2733 -1095.468 -385.0359 -486.9192 -489.7416 -489.7416 -9999 -9999 -9999 -9999 -9999 -9999 -9999 -9999 -9999 -9999 -9999 -9999 -9999 -9999 -9999 -9999 -9999 -9999 -9999 -9999 -9999 -9999 -9999 -9999 -9999 -9999 -9999 -9999 -9999 -9999 -9999 -9999 -9999 -9999 -9999
611.8097 -481.9023 -481.9023 -792.4484 -1140.984 -1140.984 213.7049 213.7049 -515.8246 -1165.061 -1165.061 -1096.416 -392.4185 1155.859 4809.842 4809.842 5993.845 5993.845 1692.956 2043.064 2043.064 2410.339 2410.339 -214.1361 -139.9331 -139.9331 202.8607 202.8607 -90.0379 -459.2733 -811.0801 -1313.166 -1313.166 -486.9192 -489.7416 -648.0907 -728.7171 -728.7171 -9999 -9999 -9999 -9999 -9999 -9999 -9999 -9999 -9999 -9999 -9999 -9999 -9999 -9999 -9999 -9999 -9999 -9999 -9999 -9999 -9999 -9999 -9999 -9999 -9999 -9999 -9999 -9999 -9999 -9999 -9999 -9999 -9999
611.8097 -481.9023 -481.9023 -442.7732 -442.7732 -1214.985 213.7049 213.7049 -515.8246 -804.3679 -922.142 -392.4185 -392.4185 1155.859 2066.911 6875.279 2691.465 2691.465 1692.956 1692.956 831.6597 -962.5598 -962.5598 -88.34519 -88.34519 -139.9331 -228.6337 -228.6337 -446.718 -446.718 -811.0801 -1313.166 -1881.399 -2603.71 -2603.71 -648.0907 -728.7171 -728.7171 -9999 -9999 -9999 -9999 -9999 -9999 -9999 -9999 -9999 -9999 -9999 -9999 -9999 -9999 -9999 -9999 -9999 -9999 -9999 -9999 -9999 -9999 -9999 -9999 -9999 -9999 -9999 -9999 -9999 -9999 -9999 -9999 -9999
472.44 -628.4427 -628.4427 -442.7732 -442.7732 -857.4009 -94.20615 -94.20615 -804.3679 -804.3679 -922.142 -493.7673 270.6228 2066.911 2066.911 6875.279 6875.279 2084.717 1361.02 1361.02 831.6597 831.6597 -962.5598 -259.5805 -259.5805 -294.275 -294.275 -228.6337 -1086.602 -1086.602 -1498.144 -1498.144 -1881.399 -2603.71 -2999.081 -728.4356 -728.4356 -9.86701 -9999 -9999 -9999 -9999 -9999 -9999 -9999 -9999 -9999 -9999 -9999 -9999 -9999 -9999 -9999 -9999 -9999 -9999 -9999 -9999 -9999 -9999 -9999 -9999 -9999 -9999 -9999 -9999 -9999 -9999 -9999 -9999 -9999
472.44 472.44 -252.0705 1726.757 1726.757 -857.4009 -857.4009 69.79655 -664.8514 -664.8514 -493.7673 -493.7673 270.6228 2721.604 2721.604 7363.763 7363.763 2084.717 1361.02 1160.095 146.4472 146.4472 -1887.845 -1887.845 -259.5805 -316.9493 -316.9493 -688.54 -688.54 -1086.602 -1498.144 -2288.966 -2411.34 -2411.34 -2999.081 -728.4356 -728.4356 -9999 -9999 -9999 -9999 -9999 -9999 -9999 -9999 -9999 -9999 -9999 -9999 -9999 -9999 -9999 -9999 -9999 -9999 -9999 -9999 -9999 -9999 -9999 -9999 -9999 -9999 -9999 -9999 -9999 -9999 -9999 -9999 -9999 -9999
-293.1455 -293.1455 -252.0705 -252.0705 1972.227 -862.3016 -862.3016 69.79655 69.79655 -664.8514 -198.7963 -198.7963 742.7922 742.7922 2721.604 7363.763 6864.764 1881.53 1881.53 1160.095 146.4472 146.4472 -1520.036 -1520.036 -15.37181 -316.9493 -316.9493 -1334.401 -1334.401 -1779.473 -2288.966 -2288.966 -2411.34 -2788.386 -3354.415 -3354.415 -3573.6 -9999 -9999 -9999 -9999 -9999 -9999 -9999 -9999 -9999 -9999 -9999 -9999 -9999 -9999 -9999 -9999 -9999 -9999 -9999 -9999 -9999 -9999 -9999 -9999 -9999 -9999 -9999 -9999 -9999 -9999 -9999 -9999 -9999 -9999
-564.603 -403.5969 -23.66705 -23.66705 1972.227 1972.227 -880.7156 118.4128 118.4128 -441.4271 -441.4271 -198.7963 1449.848 1449.848 5242.375 5242.375 6864.764 1881.53 1921.738 1072.971 1072.971 -495.5304 -1520.036 -1520.036 -178.2668 -178.2668 -615.6653 -1334.401 -1334.401 -1779.473 -2415.92 -2585.724 -2788.386 -2788.386 -3354.415 -3354.415 -11.28958 -9999 -9999 -9999 -9999 -9999 -9999 -9999 -9999 -9999 -9999 -9999 -9999 -9999 -9999 -9999 -9999 -9999 -9999 -9999 -9999 -9999 -9999 -9999 -9999 -9999 -9999 -9999 -9999 -9999 -9999 -9999 -9999 -9999 -9999
-564.603 -403.5969 -403.5969 -511.4699 1553.18 1553.18 -880.7156 -880.7156 118.4128 -244.9671 -244.9671 133.5951 133.5951 1449.848 5242.375 5583.112 8182.861 8182.861 1921.738 1072.971 624.2183 -372.1073 -372.1073 -1348.719 -178.2668 -178.2668 -1477.568 -1477.568 -2141.058 -2415.92 -2415.92 -2585.724 -2755.737 -828.2974 -943.3303 -943.3303 -11.28958 -11.28958 -9999 -9999 -9999 -9999 -9999 -9999 -9999 -9999 -9999 -9999 -9999 -9999 -9999 -9999 -9999 -9999 -9999 -9999 -9999 -9999 -9999 -9999 -9999 -9999 -9999 -9999 -9999 -9999 -9999 -9999 -9999 -9999 -9999
-955.608 -797.4918 -797.4918 -511.4699 -511.4699 -358.9339 -989.6968 -989.6968 233.4775 233.4775 -244.9671 487.4738 487.4738 1834.454 1834.454 5583.112 8182.861 3464.952 1706.186 1706.186 624.2183 -372.1073 -372.1073 -1059.389 -1059.389 -1078.138 -1477.568 -1477.568 -2141.058 -2217.223 -2622.171 -2755.737 -2755.737 -828.2974 -1160.155 -1239.746 -11.67541 -11.67541 -9999 -9999 -9999 -9999 -9999 -9999 -9999 -9999 -9999 -9999 -9999 -9999 -9999 -9999 -9999 -9999 -9999 -9999 -9999 -9999 -9999 -9999 -9999 -9999 -9999 -9999 -9999 -9999 -9999 -9999 -9999 -9999 -9999
-955.608 -955.608 -1142.061 -841.8587 -841.8587 -358.9339 -358.9339 -989.6968 698.8943 698.8943 147.1311 147.1311 487.4738 3123.345 3123.345 7948.102 7948.102 3464.952 1706.186 2184.192 611.0339 611.0339 -536.7785 -1059.389 -1059.389 -1677.88 -1677.88 -1951.551 -2217.223 -2217.223 -2622.171 -915.8806 -1021.343 -1160.155 -1160.155 -1239.746 -1239.746 -9999 -9999 -9999 -9999 -9999 -9999 -9999 -9999 -9999 -9999 -9999 -9999 -9999 -9999 -9999 -9999 -9999 -9999 -9999 -9999 -9999 -9999 -9999 -9999 -9999 -9999 -9999 -9999 -9999 -9999 -9999 -9999 -9999 -9999
-1151.775 -1151.775 -1142.061 -841.8587 -1305.396 -559.5025 -559.5025 535.1933 698.8943 698.8943 635.0527 635.0527 1101.249 1101.249 3123.345 7948.102 5612.053 2546.76 2546.76 2184.192 611.0339 611.0339 -190.0546 -190.0546 -1815.701 -1677.88 -1677.88 -2276.31 -2276.31 -583.1443 -915.8806 -915.8806 -1021.343 -4030.512 -1512.74 -22.59492 -22.59492 -9999 -9999 -9999 -9999 -9999 -9999 -9999 -9999 -9999 -9999 -9999 -9999 -9999 -9999 -9999 -9999 -9999 -9999 -9999 -9999 -9999 -9999 -9999 -9999 -9999 -9999 -9999 -9999 -9999 -9999 -9999 -9999 -9999 -9999
-1151.775 -1371.785 -1559.917 -1559.917 -1305.396 -559.5025 -1023.098 477.4873 477.4873 895.0713 635.0527 635.0527 2478.995 2478.995 6378.996 5612.053 5612.053 2546.76 4687.706 4565.616 1580.112 1580.112 -190.0546 -190.0546 -911.9267 -911.9267 -2623.205 -2276.31 -2276.31 -583.1443 -3160.805 -3525.763 -4030.512 -4030.512 -1512.74 -1512.74 -20.48585 -9999 -9999 -9999 -9999 -9999 -9999 -9999 -9999 -9999 -9999 -9999 -9999 -9999 -9999 -9999 -9999 -9999 -9999 -9999 -9999 -9999 -9999 -9999 -9999 -9999 -9999 -9999 -9999 -9999 -9999 -9999 -9999 -9999 -9999
-861.6582 -1371.785 -1559.917 -1601.039 -1510.379 -1510.379 -1023.098 477.4873 477.4873 773.3375 773.3375 1041.12 2478.995 2478.995 6378.996 8840.256 4856.339 4687.706 4687.706 4565.616 2224.046 891.9394 248.5206 248.5206 -911.9267 -911.9267 -2546.266 -2591.023 -2591.023 -3160.805 -3160.805 -3525.763 -1154.905 -1154.905 -1694.245 -1694.245 -20.48585 -20.48585 -9999 -9999 -9999 -9999 -9999 -9999 -9999 -9999 -9999 -9999 -9999 -9999 -9999 -9999 -9999 -9999 -9999 -9999 -9999 -9999 -9999 -9999 -9999 -9999 -9999 -9999 -9999 -9999 -9999 -9999 -9999 -9999 -9999
-1206.679 -1441.402 -1441.402 -1601.039 -1510.379 -1364.335 -1524.838 -1524.838 -971.4747 773.3375 773.3375 1634.149 1634.149 3743.599 8840.256 8840.256 4856.339 7418.486 4979.313 2224.046 2224.046 891.9394 891.9394 -1184.526 -1576.114 -1576.114 -2546.266 -2546.266 -2591.023 -2701.44 -2701.44 -3156.424 -3156.424 -1154.905 -1994.765 -1994.765 -23.62543 -23.62543 -9999 -9999 -9999 -9999 -9999 -9999 -9999 -9999 -9999 -9999 -9999 -9999 -9999 -9999 -9999 -9999 -9999 -9999 -9999 -9999 -9999 -9999 -9999 -9999 -9999 -9999 -9999 -9999 -9999 -9999 -9999 -9999 -9999
-1206.679 -1441.402 -1555.979 -1480.889 -1480.889 -1364.335 -1524.838 -1524.838 -959.5887 -959.5887 1164.596 1634.149 1634.149 7653.66 7653.66 10582.39 7418.486 7418.486 4979.313 1572.965 626.3597 -582.4937 -582.4937 -1184.526 -1184.526 -944.769 -1464.019 -1464.019 -2576.337 -2576.337 -2701.44 -1294.637 -1294.637 -1567.026 -1567.026 -1994.765 -23.62543 -34.86977 -9999 -9999 -9999 -9999 -9999 -9999 -9999 -9999 -9999 -9999 -9999 -9999 -9999 -9999 -9999 -9999 -9999 -9999 -9999 -9999 -9999 -9999 -9999 -9999 -9999 -9999 -9999 -9999 -9999 -9999 -9999 -9999 -9999
-839.7328 -839.7328 -1555.979 -1480.889 -1419.736 -1138.022 -1138.022 -1312.974 -959.5887 -959.5887 2215.985 2215.985 2747.436 7653.66 7653.66 10582.39 5215.807 2907.117 1572.965 1572.965 626.3597 626.3597 -513.4684 -670.2699 -670.2699 -944.769 -944.769 -1464.019 -1045.737 -1045.737 -393.4891 -393.4891 -1294.637 -2069.526 -2069.526 -2198.741 -2198.741 -34.86977 -9999 -9999 -9999 -9999 -9999 -9999 -9999 -9999 -9999 -9999 -9999 -9999 -9999 -9999 -9999 -9999 -9999 -9999 -9999 -9999 -9999 -9999 -9999 -9999 -9999 -9999 -9999 -9999 -9999 -9999 -9999 -9999 -9999
-839.7328 -473.7701 -1276.53 -1276.53 -1419.736 -1138.022 -609.4659 -280.6243 -280.6243 -126.1148 2215.985 2215.985 4898.475 4898.475 8877.758 5215.807 5215.807 2907.117 1521.447 712.4504 80.05424 80.05424 -513.4684 -513.4684 -335.9216 -641.8461 -641.8461 -1384.215 -1384.215 -1045.737 -648.1426 -648.1426 -1109.274 -1109.274 -2069.526 -2198.741 -3139.213 -2916.212 -2916.212 -9999 -9999 -9999 -9999 -9999 -9999 -9999 -9999 -9999 -9999 -9999 -9999 -9999 -9999 -9999 -9999 -9999 -9999 -9999 -9999 -9999 -9999 -9999 -9999 -9999 -9999 -9999 -9999 -9999 -9999 -9999 -9999
-473.7701 -473.7701 -1276.53 -733.8422 -1150.348 -609.4659 -609.4659 -280.6243 -280.6243 1364.321 4325.476 4325.476 4898.475 4898.475 8877.758 7162.188 2992.538 1521.447 1521.447 712.4504 712.4504 -201.6041 -410.4679 -410.4679 -335.9216 -335.9216 -968.1935 -1960.969 -1960.969 -2373.332 -2373.332 -648.1426 -3539.572 -3539.572 -1848.515 -1848.515 -3139.213 -2916.212 -62.33068 -9999 -9999 -9999 -9999 -9999 -9999 -9999 -9999 -9999 -9999 -9999 -9999 -9999 -9999 -9999 -9999 -9999 -9999 -9999 -9999 -9999 -9999 -9999 -9999 -9999 -9999 -9999 -9999 -9999 -9999 -9999 -9999
5257.806 691.4569 -733.8422 -733.8422 -1150.348 -532.762 987.2793 1900.406 1900.406 1364.321 1364.321 9967.709 9755.466 9755.466 7162.188 7162.188 2992.538 705.2595 705.2595 157.2446 157.2446 -201.6041 -410.4679 -451.1644 -429.4912 -429.4912 -968.1935 -968.1935 -1960.969 -2685.937 -2685.937 -2946.941 -2946.941 -3539.572 -1848.515 -1429.208 -997.0555 -997.0555 -62.33068 -9999 -9999 -9999 -9999 -9999 -9999 -9999 -9999 -9999 -9999 -9999 -9999 -9999 -9999 -9999 -9999 -9999 -9999 -9999 -9999 -9999 -9999 -9999 -9999 -9999 -9999 -9999 -9999 -9999 -9999 -9999 -9999
