STOTEN_Data/raw/MFVelFeb2000.asc
ncols         250
nrows         718
xllcorner     -2256000
yllcorner     1557000
cellsize      1000
NODATA_value  -9999
[rows 480 to 511 of 718, columns 71 to 141 of 250]
-9999 -9999 -9999 -9999 -9999 -9999 -9999 -9999 -9999 -9999 -9999 -9999 -9999 -9999 -9999 -9999 -9999 -9999 -9999 -9999 -9999 -9999 -9999 -141.6115 -377.2119 -9999 -488.9188 -488.9188 -485.6292 -469.8225 -400.343 -424.3346 -424.3346 -460.6472 -465.8477 -465.8477 -438.0844 -438.0844 -444.0168 -582.6824 -582.6824 -1193.495 -1134.908 -1019.076 -1368.422 -1368.422 -1105.778 -1105.778 -1251.42 -1251.42 -824.8849 -1503.977 -1503.977 -645.2021 -706.0623 -11822.58 -738.9868 -738.9868 -240.1394 -240.1394 1441.791 252.03 252.03 -203.286 -203.286 -710.1464 -345.0247 -345.0247 302.6154 302.6154 -699.2006
-9999 -9999 -9999 -9999 -9999 -9999 -9999 -9999 -9999 -9999 -9999 -9999 -9999 -9999 -9999 -9999 -9999 -9999 -9999 -9999 -9999 -9999 -9999 -248.595 -248.595 -9999 -488.9188 -422.839 -426.3363 -426.3363 -400.343 -424.3346 -424.3346 -522.5461 -522.5461 -494.6934 -438.0844 -438.0844 -444.0168 -412.9867 -461.0486 -1134.908 -1134.908 -1019.076 -922.5645 -842.0269 -1038.776 -1038.776 -1251.42 -1251.42 -796.5998 -1151.592 -1151.592 -706.0623 -706.0623 -11822.58 -825.7628 -825.7628 287.6049 287.6049 1441.791 1441.791 1204.253 579.986 579.986 -710.1464 -710.1464 -345.0247 769.7775 769.7775 184.2483
-9999 -9999 -9999 -9999 -9999 -9999 -9999 -9999 -9999 -9999 -9999 -9999 -9999 -9999 -9999 -9999 -9999 -9999 -9999 -9999 -9999 -9999 -9999 -458.3246 -458.3246 -9999 -9999 -422.839 -426.3363 -393.7949 -414.6796 -414.6796 -461.8462 -522.5461 -522.5461 -457.7349 -457.7349 -423.2291 -412.9867 -412.9867 -461.0486 -613.1225 -858.6187 -922.5645 -922.5645 -842.0269 -842.0269 -983.2834 -1090.237 -1090.237 -796.5998 -796.5998 -1151.592 -940.963 -940.963 -11110.68 -11110.68 -825.7628 287.6049 176.1983 1623.308 1623.308 1204.253 579.986 2551.425 -57.72446 -57.72446 706.0737 769.7775 769.7775 877.9374
-9999 -9999 -9999 -9999 -9999 -9999 -9999 -9999 -9999 -9999 -9999 -9999 -9999 -9999 -9999 -9999 -9999 -9999 -9999 -9999 -9999 -9999 -9999 -9999 -458.3246 -9999 -9409.308 -354.1511 -354.1511 -393.7949 -414.6796 -414.6796 -413.4212 -413.4212 -475.5148 -457.7349 -457.7349 -414.3532 -414.3532 -375.775 -613.1225 -613.1225 -858.6187 -840.8481 -647.474 -851.7725 -851.7725 -983.2834 -983.2834 -1076.331 -934.7239 -934.7239 -1142.974 -1142.974 -940.963 -10048.31 -10048.31 -1027.639 -1027.639 176.1983 1623.308 1860.036 2094.138 2094.138 2551.425 -57.72446 -57.72446 250.8156 250.8156 370.6753 877.9374
-9999 -9999 -9999 -9999 -9999 -9999 -9999 -9999 -9999 -9999 -9999 -9999 -9999 -9999 -9999 -9999 -9999 -9999 -9999 -9999 -9999 -9999 -9999 -9999 -613.1757 -613.1757 -9409.308 -354.1511 -403.5822 -397.5657 -397.5657 -411.1308 -413.4212 -413.4212 -445.6554 -445.6554 -467.036 -414.3532 -414.3532 -375.775 -369.5059 -982.0167 -840.8481 -840.8481 -647.474 -647.474 -668.381 -904.5944 -904.5944 -1076.331 -1076.331 -934.7239 -1333.193 -1333.193 -1236.896 -1236.896 -10048.31 -5573.673 -5573.673 210.0204 210.0204 1860.036 2094.138 1098.618 440.7542 440.7542 -158.6894 250.8156 250.8156 578.4442 578.4442
-9999 -9999 -9999 -9999 -9999 -9999 -9999 -9999 -9999 -9999 -9999 -9999 -9999 -9999 -9999 -9999 -9999 -9999 -9999 -9999 -9999 -9999 -9999 -9999 -613.1757 -31.70606 -961.2537 -961.2537 -403.5822 -397.5657 -442.3564 -438.7631 -438.7631 -428.1851 -445.6554 -445.6554 -563.3771 -563.3771 -485.4594 -369.5059 -369.5059 -982.0167 -346.6716 -1007.521 -795.4548 -795.4548 -668.381 -668.381 -1040.744 -1150.09 -1150.09 -2354.024 -2354.024 -1333.193 -1259.014 -1259.014 -8692.968 -8692.968 -5573.673 210.0204 -468.224 750.4343 750.4343 1098.618 440.7542 440.7542 -576.1895 -576.1895 -1773.936 578.4442 578.4442
-9999 -9999 -9999 -9999 -9999 -9999 -9999 -9999 -9999 -9999 -9999 -9999 -9999 -9999 -9999 -9999 -9999 -9999 -9999 -9999 -9999 -9999 -9999 -9999 -31.70606 -31.70606 -961.2537 -905.0743 -447.3669 -442.3564 -442.3564 -438.7631 -438.7631 -553.6014 -571.9729 -571.9729 -563.3771 -563.3771 -485.4594 -406.9937 -363.887 -346.6716 -346.6716 -1007.521 -1007.521 -708.8919 -192.9611 -192.9611 -1040.744 -1040.744 -935.0108 -1005.032 -1005.032 -1025.424 -1025.424 -1259.014 -1630.954 -1630.954 -11024.5 -11024.5 -468.224 750.4343 1147.009 97.37732 97.37732 -276.881 -576.1895 -576.1895 -896.6322 -896.6322 662.2021
-9999 -9999 -9999 -9999 -9999 -9999 -9999 -9999 -9999 -9999 -9999 -9999 -9999 -9999 -9999 -9999 -9999 -9999 -9999 -9999 -9999 -9999 -9999 -135.6631 -135.6631 -16.28402 -905.0743 -905.0743 -447.3669 -476.8787 -490.3783 -501.8118 -501.8118 -553.6014 -553.6014 -513.371 -508.9945 -508.9945 -406.9937 -406.9937 -363.887 -725.9385 -725.9385 -854.3309 -854.3309 -708.8919 -192.9611 -524.4421 -360.3278 -360.3278 -935.0108 -935.0108 -1005.032 -878.8265 -878.8265 -1000.565 -1000.565 -1630.954 -11024.5 -5660.021 -6133.123 -6133.123 1147.009 97.37732 -502.9543 -543.5869 -543.5869 -483.4754 -896.6322 -896.6322 213.2888
-9999 -9999 -9999 -9999 -9999 -9999 -9999 -9999 -9999 -9999 -9999 -9999 -9999 -9999 -9999 -9999 -9999 -9999 -9999 -9999 -9999 -9999 -9999 -135.6631 -135.6631 -16.28402 -8.476247 -465.37 -476.8787 -476.8787 -490.3783 -490.3783 -503.2379 -529.196 -529.196 -513.371 -513.371 -508.9945 -471.094 -471.094 -496.5634 -496.5634 -725.9385 -765.4501 -765.4501 -736.4412 -736.4412 -524.4421 -360.3278 -297.6667 -2400.658 -2400.658 -955.7558 -878.8265 -878.8265 -1681.757 -1681.757 -1995.361 -5660.021 -5660.021 -6133.123 -7351.988 -437.4154 -437.4154 -502.9543 -543.5869 -543.5869 -21.7642 -21.7642 1320.972 213.2888
-9999 -9999 -9999 -9999 -9999 -9999 -9999 -9999 -9999 -9999 -9999 -9999 -9999 -9999 -9999 -9999 -9999 -9999 -9999 -9999 -9999 -9999 -9999 -9999 -9999 -8.476247 -8.476247 -465.37 -183.1313 -507.3297 -520.6805 -520.6805 -503.2379 -503.2379 -455.9619 -467.4034 -467.4034 -491.3053 -491.3053 -471.094 -509.1845 -509.1845 -1000.334 -1000.334 -765.4501 -736.4412 -680.1345 -588.2064 -588.2064 -297.6667 -2400.658 -2400.658 -548.8994 -548.8994 -899.908 -1681.757 -1681.757 -1747.577 -1747.577 -1827.904 -7351.988 -7351.988 -437.4154 -1051.944 -629.1219 -242.3981 -242.3981 -21.7642 -21.7642 1253.031 1336.963
-9999 -9999 -9999 -9999 -9999 -9999 -9999 -9999 -9999 -9999 -9999 -9999 -9999 -9999 -9999 -9999 -9999 -9999 -9999 -9999 -9999 -9999 -9999 -9999 -9999 -9999 -4.389516 -183.1313 -183.1313 -507.3297 -507.3297 -521.6516 -487.295 -487.295 -455.9619 -455.9619 -374.8149 -357.4935 -357.4935 -373.5875 -373.5875 -509.1845 -928.9026 -928.9026 -825.6608 -825.6608 -680.1345 -588.2064 -634.8749 -444.9109 -444.9109 -458.1829 -548.8994 -548.8994 -710.186 -710.186 -1599.446 -1747.577 -1747.577 -1827.904 -1589.678 -7189.61 -1051.944 -1051.944 -629.1219 -629.1219 700.9873 1705.216 1705.216 1253.031 1253.031
-9999 -9999 -9999 -9999 -9999 -9999 -9999 -9999 -9999 -9999 -9999 -9999 -9999 -9999 -9999 -9999 -9999 -9999 -9999 -9999 -9999 -9999 -9999 -9999 -9999 -9999 -4.389516 -9999 -213.3643 -530.204 -530.204 -521.6516 -521.6516 -396.2344 -388.4185 -388.4185 -374.8149 -374.8149 -357.4935 -307.2841 -307.2841 -1134.288 -1134.288 -928.9026 -825.6608 -941.3282 -787.8286 -787.8286 -634.8749 -444.9109 -480.107 -27.83921 -27.83921 -324.2895 -710.186 -710.186 -1323.76 -1323.76 -1507.937 -1589.678 -1589.678 -7189.61 -6984.907 -930.1577 -221.7189 -221.7189 700.9873 700.9873 1359.177 1332.025 1332.025
-9999 -9999 -9999 -9999 -9999 -9999 -9999 -9999 -9999 -9999 -9999 -9999 -9999 -9999 -9999 -9999 -9999 -9999 -9999 -9999 -9999 -9999 -9999 -9999 -9999 -9999 -9999 -9999 -213.3643 -252.6494 -293.7794 -472.7993 -472.7993 -396.2344 -396.2344 -359.9847 -334.6313 -334.6313 -287.7793 -287.7793 -307.2841 -1534.787 -1534.787 -1178.895 -1178.895 -941.3282 -787.8286 -823.4403 -696.0085 -696.0085 -480.107 -27.83921 -27.83921 -345.533 -345.533 195.4952 -1323.76 -1323.76 -1507.937 -1187.381 -1427.166 -6984.907 -6984.907 -930.1577 -930.1577 628.2536 3031.988 3031.988 1359.177 1359.177 870.8223
-9999 -9999 -9999 -9999 -9999 -9999 -9999 -9999 -9999 -9999 -9999 -9999 -9999 -9999 -9999 -9999 -9999 -9999 -9999 -9999 -9999 -9999 -9999 -9999 -9999 -9999 -9999 -9999 -252.6494 -252.6494 -293.7794 -472.7993 -2908.581 -400.0067 -400.0067 -359.9847 -334.6313 -334.6313 -328.1801 -328.1801 -315.9034 -315.9034 -1534.787 -1431.54 -1431.54 -1307.766 -1307.766 -823.4403 -696.0085 -755.4227 -620.6962 -620.6962 -456.3583 -345.533 -345.533 -333.1393 -333.1393 -300.3911 -1187.381 -1187.381 -1427.166 -5933.648 -1011.538 -290.4053 -290.4053 628.2536 628.2536 1554.368 746.816 746.816 870.8223
-9999 -9999 -9999 -9999 -9999 -9999 -9999 -9999 -9999 -9999 -9999 -9999 -9999 -9999 -9999 -9999 -9999 -9999 -9999 -9999 -9999 -9999 -9999 -9999 -9999 -9999 -9999 -9999 -9999 -9999 -394.7156 -394.7156 -2908.581 -400.0067 -2546.476 -386.8405 -386.8405 -364.8947 -328.1801 -328.1801 -316.749 -316.749 -431.4894 -1431.54 -1431.54 -1307.766 -1372.405 -951.8794 -755.4227 -755.4227 -620.6962 -620.6962 -610.3802 -610.3802 -507.7836 -333.1393 -333.1393 -300.3911 -1478.823 -532.7385 -5933.648 -5933.648 -1011.538 -553.8567 475.8645 600.32 600.32 1554.368 1554.368 405.4644 563.4478
-9999 -9999 -9999 -9999 -9999 -9999 -9999 -9999 -9999 -9999 -9999 -9999 -9999 -9999 -9999 -9999 -9999 -9999 -9999 -9999 -9999 -9999 -9999 -9999 -9999 -9999 -9999 -9999 -9999 -9999 -394.7156 -462.0954 -502.995 -502.995 -2546.476 -386.8405 -512.2134 -437.312 -437.312 -362.0228 -316.749 -316.749 -348.2586 -348.2586 -527.2295 -1372.405 -1372.405 -951.8794 -979.5815 -821.2473 -677.2629 -677.2629 -610.3802 -610.3802 -606.6713 -636.3923 -636.3923 -1478.823 -1478.823 -532.7385 -5492.538 -5492.538 -553.8567 -553.8567 475.8645 475.8645 861.8353 904.5597 904.5597 405.4644 405.4644
-9999 -9999 -9999 -9999 -9999 -9999 -9999 -9999 -9999 -9999 -9999 -9999 -9999 -9999 -9999 -9999 -9999 -9999 -9999 -9999 -9999 -9999 -9999 -9999 -9999 -9999 -9999 -9999 -9999 -9999 -9999 -462.0954 -502.995 -498.4764 -3141.725 -3141.725 -512.2134 -437.312 -437.312 -374.0356 -374.0356 -283.4117 -348.2586 -348.2586 -527.2295 -428.3666 -1609.014 -979.5815 -979.5815 -821.2473 -821.2473 -658.4738 -626.0671 -626.0671 -606.6713 -606.6713 -515.9281 -1623.495 -1623.495 -37.90014 -37.90014 -5492.538 64.96114 64.96114 2018.787 2018.787 861.8353 904.5597 522.9125 102.9793 102.9793
-9999 -9999 -9999 -9999 -9999 -9999 -9999 -9999 -9999 -9999 -9999 -9999 -9999 -9999 -9999 -9999 -9999 -9999 -9999 -9999 -9999 -9999 -9999 -9999 -9999 -9999 -9999 -9999 -9999 -9999 -9999 -9999 -9999 -498.4764 -3141.725 -468.3731 -660.6639 -660.6639 -567.8126 -374.0356 -374.0356 -294.4891 -294.4891 -323.0261 -428.3666 -428.3666 -1609.014 -596.1407 -1175.061 -742.1604 -742.1604 -658.4738 -658.4738 -595.5859 -638.6862 -638.6862 -515.9281 -515.9281 -1623.495 -1670.458 -1670.458 -4418.192 -4418.192 64.96114 2018.787 -846.2673 77.81787 77.81787 522.9125 102.9793 -248.4572
-9999 -9999 -9999 -9999 -9999 -9999 -9999 -9999 -9999 -9999 -9999 -9999 -9999 -9999 -9999 -9999 -9999 -9999 -9999 -9999 -9999 -9999 -9999 -9999 -9999 -9999 -9999 -9999 -9999 -9999 -9999 -9999 -9999 -461.2373 -461.2373 -468.3731 -660.6639 -660.6639 -626.682 -626.682 -440.9445 -294.4891 -294.4891 -323.0261 -414.1814 -475.4506 -596.1407 -596.1407 -1175.061 -1369.054 -827.8584 -444.2036 -444.2036 -595.5859 -595.5859 -566.7319 -2290.845 -2290.845 -1901.684 -1901.684 -1670.458 -3272.633 -3272.633 -1461.408 -1461.408 -846.2673 77.81787 -960.7465 -358.9183 -358.9183 -248.4572
-9999 -9999 -9999 -9999 -9999 -9999 -9999 -9999 -9999 -9999 -9999 -9999 -9999 -9999 -9999 -9999 -9999 -9999 -9999 -9999 -9999 -9999 -9999 -9999 -9999 -9999 -9999 -9999 -9999 -9999 -9999 -9999 -9999 -461.2373 -430.0753 -440.2708 -440.2708 -1640.722 -626.682 -626.682 -557.0288 -557.0288 -411.2585 -414.1814 -414.1814 -475.4506 -473.8908 -564.4416 -1369.054 -1369.054 -827.8584 -827.8584 -436.5693 -504.0979 -504.0979 -566.7319 -566.7319 -2290.845 -2011.35 -2011.35 -1902.524 -1902.524 -3272.633 -1741.086 -1741.086 -1301.743 -1301.743 -960.7465 -358.9183 -698.1005 -415.5861
-9999 -9999 -9999 -9999 -9999 -9999 -9999 -9999 -9999 -9999 -9999 -9999 -9999 -9999 -9999 -9999 -9999 -9999 -9999 -9999 -9999 -9999 -9999 -9999 -9999 -9999 -9999 -9999 -9999 -9999 -9999 -9999 -9999 -430.0753 -430.0753 -440.2708 -440.2708 -1563.194 -569.2538 -569.2538 -557.0288 -557.0288 -594.5406 -594.5406 -535.4279 -473.8908 -473.8908 -564.4416 -533.8338 -626.3633 -1139.127 -1139.127 -436.5693 -436.5693 -488.9937 -444.5174 -444.5174 -493.217 -493.217 -2011.35 -1946.214 -1946.214 -3277.821 -3277.821 -1741.086 -1301.743 -1529.256 -1659.364 -1659.364 -698.1005 -415.5861
-9999 -9999 -9999 -9999 -9999 -9999 -9999 -9999 -9999 -9999 -9999 -9999 -9999 -9999 -9999 -9999 -9999 -9999 -9999 -9999 -9999 -9999 -9999 -9999 -9999 -9999 -9999 -9999 -9999 -9999 -9999 -9999 -9999 -9999 -385.9245 -397.5858 -397.5858 -1563.194 -1563.194 -571.9348 -615.457 -615.457 -594.5406 -594.5406 -535.4279 -434.2863 -434.2863 -533.8338 -533.8338 -626.3633 -1139.127 -612.1764 -832.3294 -832.3294 -488.9937 -488.9937 -484.2921 -489.9389 -489.9389 -410.0995 -410.0995 -1946.214 -1743.718 -1743.718 -3065.594 -3065.594 -1529.256 -1659.364 -1273.651 -854.298 -854.298
-9999 -9999 -9999 -9999 -9999 -9999 -9999 -9999 -9999 -9999 -9999 -9999 -9999 -9999 -9999 -9999 -9999 -9999 -9999 -9999 -9999 -9999 -9999 -9999 -9999 -9999 -9999 -9999 -9999 -9999 -9999 -9999 -9999 -9999 -385.9245 -17.01435 -26.78343 -1484.757 -1484.757 -571.9348 -571.9348 -662.3541 -632.5831 -632.5831 -524.4202 -524.4202 -434.2863 -531.1949 -531.1949 -601.901 -601.901 -612.1764 -832.3294 -1301.352 -718.0874 -718.0874 -484.2921 -489.9389 -489.9389 -515.8086 -515.8086 -1827.148 -1743.718 -1743.718 -3065.594 -3015.972 -1698.066 -1698.066 -1273.651 -854.298 -854.298
-9999 -9999 -9999 -9999 -9999 -9999 -9999 -9999 -9999 -9999 -9999 -9999 -9999 -9999 -9999 -9999 -9999 -9999 -9999 -9999 -9999 -9999 -9999 -9999 -9999 -9999 -9999 -9999 -9999 -9999 -9999 -9999 -9999 -9999 -17.01435 -17.01435 -26.78343 -26.78343 -1508.06 -560.7935 -560.7935 -662.3541 -662.3541 -632.5831 -569.3939 -569.3939 -463.2158 -463.2158 -531.1949 -596.0511 -596.0511 -608.3522 -608.3522 -1301.352 -718.0874 -1151.114 -541.2306 -541.2306 -527.3878 -515.8086 -515.8086 -561.4135 -561.4135 -1782.588 -3015.972 -3015.972 -1698.066 -3339.516 -1514.413 -1024.725 -1024.725
-9999 -9999 -9999 -9999 -9999 -9999 -9999 -9999 -9999 -9999 -9999 -9999 -9999 -9999 -9999 -9999 -9999 -9999 -9999 -9999 -9999 -9999 -9999 -9999 -9999 -9999 -9999 -9999 -9999 -9999 -9999 -9999 -9999 -9999 -9999 -9999 -602.6343 -602.6343 -1508.06 -1508.06 -534.6633 -667.4965 -667.4965 -612.5349 -612.5349 -569.3939 -588.9883 -588.9883 -556.6015 -556.6015 -596.0511 -608.3522 -583.4698 -621.7152 -621.7152 -1151.114 -541.2306 -541.2306 -539.6564 -539.6564 -556.6378 -561.4135 -561.4135 -1782.588 -1474.469 -1751.581 -3339.516 -3339.516 -1514.413 -2591.16 -1535.203
-9999 -9999 -9999 -9999 -9999 -9999 -9999 -9999 -9999 -9999 -9999 -9999 -9999 -9999 -9999 -9999 -9999 -9999 -9999 -9999 -9999 -9999 -9999 -9999 -9999 -9999 -9999 -9999 -9999 -9999 -9999 -9999 -9999 -9999 -9999 -9999 -9999 -501.9165 -1513.884 -1513.884 -534.6633 -534.6633 -483.6224 -477.4983 -477.4983 -579.5778 -579.5778 -588.9883 -670.5661 -670.5661 -565.4119 -565.4119 -583.4698 -621.7152 -583.6923 -1371.341 -1371.341 -720.7363 -539.6564 -539.6564 -470.9825 -470.9825 -438.4102 -1474.469 -1474.469 -1751.581 -1595.071 -2296.713 -2591.16 -2591.16 -1535.203
-9999 -9999 -9999 -9999 -9999 -9999 -9999 -9999 -9999 -9999 -9999 -9999 -9999 -9999 -9999 -9999 -9999 -9999 -9999 -9999 -9999 -9999 -9999 -9999 -9999 -9999 -9999 -9999 -9999 -9999 -9999 -9999 -9999 -9999 -9999 -9999 -9999 -501.9165 -501.9165 -1469.405 -498.1895 -498.1895 -483.6224 -483.6224 -477.4983 -622.2325 -622.2325 -866.3516 -866.3516 -670.5661 -565.4119 -838.5726 -620.8311 -620.8311 -583.6923 -1371.341 -1371.341 -759.5338 -759.5338 -533.7023 -470.9825 -470.9825 -420.647 -420.647 -1605.789 -1595.071 -1595.071 -2296.713 -1900.246 -3182.496 -2725.595
-9999 -9999 -9999 -9999 -9999 -9999 -9999 -9999 -9999 -9999 -9999 -9999 -9999 -9999 -9999 -9999 -9999 -9999 -9999 -9999 -9999 -9999 -9999 -9999 -9999 -9999 -9999 -9999 -9999 -9999 -9999 -9999 -9999 -9999 -9999 -413.8565 -413.8565 -437.2105 -437.2105 -1469.405 -498.1895 -444.1437 -394.1429 -394.1429 -451.8427 -451.8427 -622.2325 -1181.322 -1181.322 -1034.74 -1034.74 -838.5726 -620.8311 -1127.633 -680.0908 -680.0908 -1369.12 -759.5338 -759.5338 -509.4119 -509.4119 -643.2905 -420.647 -420.647 -1605.789 -547.9445 -616.6784 -1900.246 -1900.246 -3182.496 -3182.496
-9999 -9999 -9999 -9999 -9999 -9999 -9999 -9999 -9999 -9999 -9999 -9999 -9999 -9999 -9999 -9999 -9999 -9999 -9999 -9999 -9999 -9999 -9999 -9999 -9999 -9999 -9999 -9999 -9999 -9999 -9999 -9999 -9999 -9999 -9999 -9999 -413.8565 -437.2105 -425.0917 -1477.12 -1477.12 -444.1437 -394.1429 -394.1429 -492.2802 -492.2802 -733.401 -1181.322 -1181.322 -1034.74 -1198.808 -1250.448 -1127.633 -1127.633 -680.0908 -607.1375 -1434.293 -1434.293 -756.1357 -509.4119 -509.4119 -210.1201 -210.1201 -670.8943 -547.9445 -547.9445 -616.6784 -656.0989 -1714.577 -1875.138 -1875.138
-9999 -9999 -9999 -9999 -9999 -9999 -9999 -9999 -9999 -9999 -9999 -9999 -9999 -9999 -9999 -9999 -9999 -9999 -9999 -9999 -9999 -9999 -9999 -9999 -9999 -9999 -9999 -9999 -9999 -9999 -9999 -9999 -9999 -9999 -9999 -9999 -404.6746 -404.6746 -425.0917 -1477.12 -2411.435 -486.8379 -486.8379 -443.2487 -492.2802 -492.2802 -892.1979 -892.1979 -1093.806 -1198.808 -1198.808 -1250.448 -1098.659 -1004.165 -607.1375 -607.1375 -1434.293 -1434.293 -726.6941 -404.8904 -404.8904 -210.1201 -210.1201 -670.8943 -174.5461 -525.2708 -656.0989 -656.0989 -1714.577 -1485.911 -1445.162
-9999 -9999 -9999 -9999 -9999 -9999 -9999 -9999 -9999 -9999 -9999 -9999 -9999 -9999 -9999 -9999 -9999 -9999 -9999 -9999 -9999 -9999 -9999 -9999 -9999 -9999 -9999 -9999 -9999 -9999 -9999 -9999 -9999 -9999 -9999 -9999 -404.6746 -400.2925 -918.5427 -918.5427 -2411.435 -486.8379 -486.8379 -551.0463 -551.0463 -671.6373 -892.1979 -892.1979 -1049.616 -1049.616 -1085.585 -1098.659 -1098.659 -1004.165 -666.7966 -506.351 -1331.857 -1331.857 -726.6941 -726.6941 -370.1234 74.16107 74.16107 -174.5461 -174.5461 -525.2708 -1584.855 -1584.855 -1485.911 -1485.911 -1445.162
-9999 -9999 -9999 -9999 -9999 -9999 -9999 -9999 -9999 -9999 -9999 -9999 -9999 -9999 -9999 -9999 -9999 -9999 -9999 -9999 -9999 -9999 -9999 -9999 -9999 -9999 -9999 -9999 -9999 -9999 -9999 -9999 -9999 -9999 -9999 -9999 -9999 -400.2925 -918.5427 -438.4607 -2657.611 -2657.611 -625.627 -551.0463 -551.0463 -837.1183 -837.1183 -940.7858 -1049.616 -1049.616 -1085.585 -950.1081 -915.2217 -666.7966 -666.7966 -506.351 -506.351 -1006.837 -654.351 -654.351 -370.1234 -370.1234 -179.7043 -279.4017 -279.4017 -388.2306 -388.2306 -1584.855 -1196.112 -1196.112 -1486.03
