STOTEN_Data/raw/MFVelSept2000.asc
ncols         250
nrows         718
xllcorner     -2256000
yllcorner     1557000
cellsize      1000
NODATA_value  -9999
[rows 372 to 402 of 718, columns 71 to 141 of 250]
-2499.152 -2499.152 359.2536 359.2536 -849.529 -6970.481 -6970.481 -307.8517 -307.8517 4753.577 3416.979 3416.979 -459.7718 -459.7718 -400.0147 869.6925 -552.7173 983.459 983.459 735.3756 -447.325 -447.325 470.5526 470.5526 -925.3973 -1163.276 -1163.276 -913.9579 -726.7361 -3031.729 -443.9289 -443.9289 -383.9166 -1578.767 -313.8326 1683.084 1683.084 4160.421 4160.421 3406.733 214.22 214.22 -25.60686 -25.60686 416.5435 5713.87 5713.87 819.357 819.357 446.7713 -1732.737 6384.572 2062.399 2062.399 198.6823 -220.0289 -220.0289 -233.5764 -233.5764 -336.0237 -440.3493 -440.3493 -532.54 -455.8541 -557.5308 -674.8117 -674.8117 -9999 -9999 -9999 -9999
-2499.152 -2522.889 -62.92106 -62.92106 -849.529 -6970.481 -6970.481 -1539.132 -1539.132 467.9162 467.9162 3416.979 -237.3078 -237.3078 -521.8661 -521.8661 -552.7173 983.459 -603.477 -394.4482 -394.4482 611.7054 470.5526 470.5526 729.0495 729.0495 -700.4523 -726.7361 -726.7361 -3031.729 -1214.265 -2755.856 -1578.767 -1578.767 -313.8326 -313.8326 -285.0106 231.1496 231.1496 3406.733 3406.733 214.22 4314.721 4314.721 3825.935 3825.935 5713.87 2242.085 2242.085 6326.4 6326.4 6384.572 2062.399 3544.882 1638.671 1638.671 265.7684 -233.5764 -233.5764 208.6194 208.6194 -336.5214 -455.8541 -455.8541 -557.5308 -489.7234 -655.9871 -9999 -9999 -9999 -9999
-159.0401 -2522.889 -62.92106 -73.54096 -1115.754 -1115.754 -5988.827 -1539.132 -1539.132 791.8685 791.8685 3627.244 -237.3078 -237.3078 -521.8661 -384.4169 -724.7919 -603.477 -603.477 -394.4482 -394.4482 -140.1351 -140.1351 862.4235 729.0495 729.0495 511.3195 511.3195 768.2774 -1214.265 -1214.265 -2755.856 -1614.169 -1241.492 -385.4142 -385.4142 -285.0106 -285.0106 -758.8262 91.9547 91.9547 4496.846 4496.846 4314.721 -77.9529 -77.9529 482.2157 482.2157 2242.085 6326.4 -1128.751 563.1464 563.1464 3544.882 1638.671 1638.671 353.2665 353.2665 213.8339 208.6194 208.6194 -336.5214 4.658578 15.00433 -489.7234 -489.7234 -655.9871 -657.5743 -1604.155 -9999 -9999
-170.3662 -1782.127 -1782.127 -73.54096 -1115.754 -913.052 -8022.495 -8022.495 -1949.303 791.8685 791.8685 4355.132 4355.132 1912.127 -384.4169 -384.4169 -724.7919 -793.585 -787.6489 -307.5397 -307.5397 -140.1351 -140.1351 -292.958 28.5386 28.5386 511.3195 511.3195 768.2774 -196.5914 -899.4142 -1614.169 -1614.169 -1241.492 -1241.492 -2110.69 -2056.215 -2056.215 -758.8262 -758.8262 91.9547 -296.5398 -296.5398 42.57077 42.57077 -77.9529 -756.4485 -756.4485 -642.0848 -642.0848 -1128.751 563.1464 -1918.504 -198.5867 -198.5867 3746.939 353.2665 353.2665 3525.136 3525.136 152.6958 4.658578 4.658578 15.00433 -26.29624 -77.54238 -657.5743 -657.5743 -1604.155 -1604.155 -4.463001e-005
-170.3662 -1782.127 -347.9946 -55.21954 -55.21954 -913.052 -8022.495 -8022.495 -3020.798 -3020.798 574.3385 4355.132 4355.132 1912.127 6740.913 -479.848 -793.585 -793.585 -787.6489 -359.0443 -234.2292 -568.8611 -568.8611 -292.958 -292.958 330.584 585.8953 585.8953 -196.5914 -196.5914 -899.4142 -1230.22 -1230.22 -1061.502 -1061.502 -2110.69 -2056.215 -2180.098 -1879.723 -1879.723 -1232.707 -1232.707 -296.5398 -361.1126 -361.1126 158.2284 158.2284 -756.4485 -642.0848 -1358.144 -310.8073 -310.8073 -1918.504 -198.5867 -198.5867 -258.6956 -258.6956 2983.558 3525.136 3525.136 2743.481 2743.481 700.2394 -26.29624 -26.29624 -77.54238 -204.475 -745.1346 -26.11997 -26.11997 -4.463001e-005
-9999 -9999 -347.9946 -55.21954 -45.17664 -401.6582 -401.6582 -2841.417 -3020.798 -3020.798 -1136.861 -1136.861 4604.709 6740.913 6740.913 -479.848 -673.9241 -407.097 -359.0443 -359.0443 -234.2292 -234.2292 -425.9684 12.97426 12.97426 330.584 330.584 585.8953 2865.765 2865.765 688.735 688.735 -1230.22 -1061.502 -788.6734 -1657.463 -1657.463 -2180.098 -1879.723 -1753.094 -1819.407 -1819.407 -62.66116 -361.1126 -361.1126 1.366434 1.366434 -1578.836 -1358.144 -1358.144 -310.8073 -433.119 -434.3751 -434.3751 -184.157 -258.6956 -258.6956 570.3548 570.3548 255.3899 2743.481 2743.481 700.2394 2265.754 1037.636 -204.475 -204.475 -745.1346 -745.1346 -9999 0.0002477505
-9999 -9999 -322.8577 -322.8577 -45.17664 -401.6582 -401.6582 -889.5184 -889.5184 -1623.719 -1136.861 -1136.861 5365.762 5365.762 1527.707 -673.9241 -673.9241 -407.097 -491.1408 -764.2809 -457.0555 -457.0555 -425.9684 -425.9684 1935.455 -358.2664 -358.2664 -206.7567 -206.7567 2865.765 578.3453 578.3453 -620.8568 -620.8568 -788.6734 -1657.463 -477.6169 -1318.694 -1318.694 -1753.094 -1819.407 -1819.407 -1054.09 -1054.09 -1003.296 1.366434 1.366434 -1578.836 -2062.216 -320.3768 -433.119 -433.119 -434.3751 -414.9057 -224.6647 -635.6476 -635.6476 570.3548 570.3548 2.020989 73.76499 73.76499 2265.754 2265.754 1037.636 1584.945 543.7926 -565.1058 -565.1058 -9999 -9999
-9999 -9999 -322.8577 -198.4322 -518.0961 -518.0961 -1227.72 -889.5184 -889.5184 -564.3739 -564.3739 -1151.257 5365.762 5365.762 1527.707 394.153 -643.1371 -491.1408 -491.1408 -764.2809 -764.2809 -366.7461 -130.8402 -130.8402 1935.455 1935.455 -358.2664 -175.2408 -175.2408 548.1131 548.1131 578.3453 -1099.77 -1099.77 -420.46 -420.46 -477.6169 -1318.694 -1243.206 -837.1796 -837.1796 -2758.646 -1054.09 -1054.09 -1264.174 -1264.174 -1791.993 -2062.216 -2062.216 -320.3768 -551.2402 -523.6586 -414.9057 -414.9057 -224.6647 -224.6647 -1255.42 -85.47014 -85.47014 2.020989 2.020989 73.76499 92.22557 92.22557 1584.945 1584.945 543.7926 -247.6351 -247.6351 -9999 -9999
-9999 -9999 -198.4322 -198.4322 -518.0961 -1584.468 -1916.6 -496.9745 -496.9745 -564.3739 -564.3739 468.0892 468.0892 7312.186 394.153 394.153 -643.1371 -28.79996 -572.9906 -499.8636 -499.8636 -366.7461 -366.7461 -523.371 -343.8374 -343.8374 -234.1534 -234.1534 -175.2408 -99.63215 -99.63215 386.6482 386.6482 -1099.77 -420.46 -703.7827 -1296.885 -1296.885 -1243.206 -837.1796 -837.1796 -3126.806 -3126.806 -1401.103 -1264.174 -1264.174 -1984.444 -1984.444 -2522.747 -551.2402 -551.2402 -523.6586 -674.9956 -642.0488 -341.4236 -341.4236 -1255.42 -1255.42 -200.2671 -126.0165 -126.0165 -11.93425 -11.93425 92.22557 1690.082 1690.082 328.4717 328.4717 -247.6351 -9999 -9999
-9999 -9999 -9999 -208.8321 -1584.468 -1584.468 -1916.6 -1916.6 -871.004 -797.653 -797.653 468.0892 468.0892 7312.186 6001.694 6001.694 -28.79996 -28.79996 -572.9906 -499.8636 -486.9873 -545.829 -545.829 -523.371 -523.371 -235.3649 -411.8852 -411.8852 -225.4079 -225.4079 -99.63215 -558.4883 -558.4883 -560.5991 -560.5991 -703.7827 -1296.885 79.76588 -787.1675 -787.1675 172.3269 -3126.806 -3126.806 -1049.938 -1049.938 -1693.999 -1984.444 -1984.444 -2522.747 -2736.491 -579.9689 -674.9956 -674.9956 -642.0488 -642.0488 -530.442 -276.0068 -276.0068 -200.2671 -200.2671 -184.2665 84.60452 84.60452 197.5211 197.5211 1690.082 -353.6376 -353.6376 -390.621 -390.621 -9999
-9999 -9999 -9999 -208.8321 -23.14854 -996.9705 -1496.835 -1496.835 -871.004 -871.004 -2222.495 523.3033 523.3033 4415.577 4415.577 6001.694 1281.027 1281.027 -529.8562 -529.8562 -486.9873 -545.829 -137.0491 -130.4869 -130.4869 -235.3649 -411.8852 -411.8852 -413.0909 -413.0909 633.132 633.132 -558.4883 -560.5991 1143.382 757.5516 757.5516 79.76588 -787.1675 2928.559 -2600.165 -2600.165 -1003.745 -1049.938 -1049.938 -1538.326 -1538.326 -1828.306 -2736.491 -2736.491 -579.9689 -399.8451 -583.6714 -674.5982 -674.5982 -530.442 -530.442 -317.4114 -264.5249 -264.5249 -184.2665 -184.2665 84.60452 -289.0911 -289.0911 -271.1027 -271.1027 -353.6376 -390.621 -457.9148 -9999
-9999 -9999 -9999 -23.14854 -23.14854 -996.9705 -996.9705 -879.6985 -2120.123 -2120.123 -2222.495 -2222.495 523.3033 655.9811 655.9811 6481.291 6481.291 1281.027 -649.8161 -649.8161 -373.7408 -373.7408 -137.0491 -130.4869 -153.1455 -161.9319 -161.9319 -219.0828 -413.0909 -413.0909 2925.444 2925.444 1480.457 1143.382 1143.382 757.5516 -1174.475 2211.257 2928.559 2928.559 -2600.165 -2600.165 -1161.861 -1161.861 -1755.231 -1538.326 -1538.326 -1828.306 -1727.356 -2448.551 -399.8451 -399.8451 -583.6714 -514.4357 -613.0231 -435.3292 -435.3292 -317.4114 -317.4114 -329.3243 -306.9234 -306.9234 -298.9041 -298.9041 -289.0911 -378.315 -378.315 -416.6096 -416.6096 -457.9148 -9999
-9999 -9999 -9999 -86.3659 -29.17373 467.8586 467.8586 -879.6985 -879.6985 -2861.293 -1972.947 -1972.947 -372.0555 -372.0555 655.9811 6925.262 6925.262 59.88926 59.88926 -649.8161 -373.7408 -571.2089 -254.5143 -254.5143 -153.1455 -161.9319 -161.9319 -622.7452 -622.7452 -554.1671 2925.444 2925.444 193.449 193.449 1223.662 -1174.475 -1174.475 2211.257 1265.216 -1203.401 -1981.024 -1981.024 -1161.861 -1161.861 -1742.035 -1630.637 -1630.637 -1727.356 -1727.356 -2448.551 -4116.958 -4116.958 -514.4357 -514.4357 -613.0231 -613.0231 -404.351 -348.8576 -348.8576 -329.3243 -329.3243 -306.9234 -588.3931 -588.3931 -638.1502 -638.1502 -378.315 -416.6096 -474.6633 -733.8489 -733.8489
-9999 -9999 -86.3659 -86.3659 -29.17373 -29.17373 -69.7157 -1832.434 -1832.434 -2861.293 -2861.293 -2574.841 -435.3486 -435.3486 462.6075 462.6075 6925.262 -105.0478 -105.0478 -597.8671 -597.8671 -571.2089 -254.5143 -366.1861 -362.0341 -362.0341 -569.6226 -622.7452 -622.7452 1240.895 1240.895 778.4866 193.449 193.449 1223.662 293.5607 2542.61 1265.216 1265.216 -1203.401 -1203.401 -2564.28 -2401.712 -2401.712 -1742.035 -1742.035 -1630.637 -1244.664 -1244.664 -2346.887 -2346.887 -4116.958 -519.959 -519.959 -530.9765 -530.9765 -404.351 -348.8576 -352.7748 -372.2464 -372.2464 -502.512 -588.3931 -588.3931 -492.1126 -492.1126 -592.4246 -592.4246 -474.6633 -733.8489 -543.2619
-9999 -9999 -9999 -697.6053 -695.6143 -695.6143 -69.7157 -69.7157 -904.6756 -3150.268 -3150.268 -2574.841 -2574.841 -435.3486 424.212 424.212 6229.611 6229.611 -105.0478 -597.8671 -549.4286 -593.4082 -593.4082 -366.1861 -362.0341 -674.6741 -545.0909 -545.0909 -805.6226 1240.895 1240.895 1411.324 1411.324 2007.822 293.5607 293.5607 2542.61 1029.317 -473.0136 -1509.112 -1509.112 -2564.28 -2564.28 -2006.433 -2104.322 -2104.322 -1791.59 -1791.59 -1244.664 -2481.157 -2481.157 -547.6348 -547.6348 -519.959 -530.9765 -552.4374 -418.2859 -418.2859 -352.7748 -372.2464 -372.2464 -339.3646 -339.3646 -3592.518 -492.1126 -492.1126 -552.4786 -552.4786 -629.485 -543.2619 -543.2619
-9999 -9999 -9999 -697.6053 -670.4769 -670.4769 -109.8286 -109.8286 -904.6756 -3150.268 -2444.949 -2924.353 -2924.353 609.264 609.264 424.212 6529.907 6529.907 329.4086 329.4086 -549.4286 -593.4082 -112.1576 -616.1971 -616.1971 -674.6741 -545.0909 -545.0909 -599.3527 -599.3527 332.1255 1411.324 1411.324 2007.822 -666.5592 1858.017 1029.317 1029.317 -473.0136 -473.0136 -2735.23 -1715.039 -1715.039 -2006.433 -2006.433 -349.5308 -299.6927 -299.6927 -215.9447 -215.9447 -2481.157 -684.1149 -684.1149 -603.1268 -603.1268 -552.4374 -418.2859 -358.1648 -282.7352 -282.7352 -297.4767 -339.3646 -339.3646 -492.3597 -492.3597 -4693.121 -552.4786 -552.4786 -629.485 -540.4938 -399.9414
-9999 -417.1308 -417.1308 -650.1627 -650.1627 -670.4769 -109.8286 180.7338 -661.5806 -661.5806 -2444.949 -2924.353 -2924.353 -94.01476 -94.01476 661.3105 6529.907 6529.907 3356.68 3356.68 183.2325 183.2325 -112.1576 -616.1971 -614.4396 -722.8114 -722.8114 -675.7984 -599.3527 -599.3527 -555.3024 -555.3024 760.5939 -666.5592 -666.5592 1858.017 616.2583 -204.5452 -511.464 -511.464 -2735.23 -2735.23 -574.0027 -1610.065 -1610.065 -349.5308 -349.5308 -299.6927 -376.0201 -376.0201 -432.1014 -432.1014 -684.1149 -603.1268 -691.316 -561.5403 -561.5403 -358.1648 -282.7352 -1295.845 -1635.354 -1635.354 -2363.609 -492.3597 -492.3597 -676.3253 -676.3253 -586.9016 -540.4938 -540.4938 -399.9414
-9999 -9999 -417.1308 -2198.521 -2198.521 -96.47473 -96.47473 180.7338 -661.5806 -1489.573 -2720.586 -2720.586 -2638.488 -94.01476 -94.01476 2460.563 2460.563 16946.91 3356.68 3356.68 183.2325 -184.9452 -386.7888 -614.4396 -614.4396 -722.8114 -722.8114 -407.3344 -517.6052 -517.6052 -555.3024 -555.3024 760.5939 -684.9455 -2.999125 616.2583 616.2583 -204.5452 49.04776 -1580.157 -2018.627 -2018.627 -574.0027 -574.0027 261.6908 -2396.54 -2396.54 -2407.716 -2407.716 -376.0201 -657.8311 -657.8311 -806.1705 -806.1705 -691.316 -561.5403 -2770.872 -2833.966 -2833.966 -1295.845 -1635.354 -1635.354 -3220.91 -3220.91 -542.3137 -676.3253 -676.3253 -586.9016 -588.3636 -554.1049 -321.5287
-9999 -9999 -356.0712 -356.0712 -2198.521 -96.47473 -522.2443 -377.8253 -377.8253 -1489.573 -2720.586 -4877.467 -2386.881 -2386.881 2606.374 2460.563 2460.563 9181.072 9181.072 766.5673 -184.9452 -184.9452 -386.7888 -472.1234 -505.1224 -564.934 -564.934 -407.3344 -407.3344 -646.4849 -708.2411 -708.2411 -684.9455 -684.9455 -2.999125 412.0952 412.0952 49.04776 49.04776 -1580.157 -2018.627 621.3734 1172.819 1172.819 261.6908 261.6908 -2396.54 -1854.991 -1854.991 -4024.574 -4024.574 -657.8311 -683.4034 -683.4034 -4372.219 -4372.219 -2770.872 -2833.966 -2909.022 -2580.519 -2580.519 -2730.379 -3220.91 -3220.91 -537.9765 -537.9765 -621.9076 -588.3636 -588.3636 -554.1049 -699.5879
-9999 -9999 -1315.481 -1315.481 -377.2979 -377.2979 -522.2443 -377.8253 -3152.64 -1979.298 -1979.298 -4877.467 -2386.881 -2386.881 -425.8892 -425.8892 1463.292 9181.072 9181.072 766.5673 175.0219 -466.9519 -472.1234 -472.1234 -505.1224 -505.1224 -824.8991 -652.6497 -652.6497 -646.4849 -646.4849 127.8098 -100.0004 -100.0004 -7.635552 -7.635552 412.0952 -149.3439 -149.3439 -596.0751 -596.0751 621.3734 1172.819 500.3643 -1579.021 -1579.021 -2701.488 -1854.991 -1854.991 -774.078 -774.078 -876.2901 -683.4034 -683.4034 -4372.219 -3777.906 -3105.765 -3105.765 -2909.022 -2580.519 -2580.519 -2907.751 -2907.751 -2863.071 -537.9765 -537.9765 -4823.406 -4823.406 -5403.467 -699.5879 -699.5879
-9999 -875.7326 -875.7326 -1315.481 -382.373 -382.373 -138.9481 -138.9481 -3152.64 -1979.298 -2456.311 -5121.649 -5121.649 -2133.39 -425.8892 -425.8892 712.6702 712.6702 5840.204 175.0219 175.0219 -466.9519 -689.4417 -735.8201 -714.8366 -714.8366 -824.8991 -824.8991 -515.008 -330.279 -330.279 127.8098 127.8098 -100.0004 -634.9897 -634.9897 -1293.941 -1293.941 -149.3439 -596.0751 -286.1919 921.9212 921.9212 500.3643 -1579.021 -718.1948 -4746.261 -4746.261 -4382.431 -774.078 -774.078 -788.5258 -788.5258 -4279.54 -3777.906 -3777.906 -3105.765 -2794.89 -2389.281 -2276.952 -2276.952 -2907.751 -2907.751 -4172.706 -4290.298 -4290.298 -4823.406 -4823.406 -5403.467 -1021.332 -1007.239
-9999 -9999 -9999 -1183.645 -1183.645 -382.373 -138.9481 -430.4296 -1779.229 -1779.229 -2456.311 -5121.649 -5121.649 -4223.517 -4223.517 1198.246 712.6702 712.6702 5840.204 4325.837 1495.95 -689.4417 -689.4417 -735.8201 -322.2573 -308.6081 -588.5634 -588.5634 -515.008 -515.008 3190.411 -287.3464 -287.3464 -812.8586 -812.8586 -634.9897 2681.031 2681.031 -366.6698 -366.6698 -286.1919 921.9212 -81.47311 -411.9289 -411.9289 -718.1948 -4746.261 -4746.261 -6940.898 -6940.898 -991.0816 -788.5258 -788.5258 -4279.54 -4526.167 -4171.415 -2794.89 -2794.89 -2389.281 -3069.932 -3448.236 -3715.812 -3715.812 -4172.706 -4172.706 -6039.779 -6999.249 -6999.249 -1021.332 -1021.332 -1007.239
-9999 -9999 -9999 -129.3099 -129.3099 -375.0491 -430.4296 -430.4296 -1779.229 -1284.319 -4774.979 -4774.979 -8520.472 -4223.517 -4223.517 1465.904 1465.904 2907.982 4325.837 4325.837 1495.95 -151.7289 -472.702 -322.2573 -322.2573 -308.6081 -308.6081 -660.4164 -491.5312 -491.5312 3190.411 3190.411 -287.3464 393.5719 393.5719 858.8147 858.8147 2681.031 -320.5912 -320.5912 -178.0794 -178.0794 -81.47311 -411.9289 -2505.96 -3524.64 -3524.64 -4039.356 -6940.898 -6940.898 -1048.824 -1048.824 -5247.501 -4526.167 -4526.167 -4171.415 -4930.227 -4588.737 -3069.932 -3069.932 -3448.236 -3448.236 -4969.196 -6238.653 -6238.653 -6039.779 -6039.779 -6999.249 -1209.1 -1209.1 -11953.36
-9999 -9999 -9999 -129.3099 -129.3099 -375.0491 -108.4909 -732.508 -1284.319 -1284.319 -4774.979 -4774.979 -5126.485 -2346.327 -2346.327 1465.904 1465.904 117.1475 3160.416 3160.416 -151.7289 -151.7289 -472.702 -64.1873 -216.8954 -361.1754 -361.1754 -660.4164 -660.4164 -873.4117 2878.661 2878.661 592.3326 592.3326 393.5719 -499.166 -499.166 1879.064 1879.064 -320.5912 -178.0794 -1114.17 -1384.555 -1384.555 -2505.96 -3524.64 -3524.64 -4895.56 -4895.56 -7976.005 -1048.824 -1048.824 -5247.501 -10079.71 -5230.936 -4930.227 -4930.227 -4588.737 -10098.13 -4573.745 -4748.504 -4748.504 -4969.196 -4969.196 -3481.585 -854.4775 -854.4775 -812.3112 -812.3112 -1209.1 -1039.694
-9999 -9999 -9999 -9999 -466.1608 -108.4909 -108.4909 -732.508 -1584.041 -2875.511 -4358.135 -4358.135 -5126.485 -5126.485 -834.7809 -462.2755 -462.2755 117.1475 117.1475 3160.416 -149.2962 -149.2962 -64.1873 -64.1873 -216.8954 -361.1754 1277.212 -372.5825 -372.5825 -873.4117 2878.661 -518.968 530.5313 530.5313 -377.7291 -377.7291 -499.166 -1099.761 -1099.761 -1218.673 -1218.673 -1114.17 -1384.555 1168.891 -825.1507 -825.1507 -1769.686 -4895.56 -4895.56 -8004.818 -8004.818 -10513.8 -10079.71 -10079.71 -5230.936 -10238.94 -7492.251 -10098.13 -10098.13 -4573.745 -4573.745 -9687.004 -6484.18 -6484.18 -3481.585 -3481.585 -854.4775 -650.7222 -650.7222 -834.2158 -834.2158
-9999 -9999 -9999 -9999 -466.1608 -117.2701 -541.3879 -1584.041 -1584.041 -2875.511 -8356.808 -5340.763 -8108.138 -8108.138 -834.7809 -834.7809 -156.8486 2539.875 2539.875 1051.015 1051.015 -149.2962 4017.967 4017.967 914.9536 914.9536 1277.212 -372.5825 -777.2846 -867.373 -867.373 -518.968 530.5313 530.5313 890.3447 890.3447 -1092.79 -1099.761 -1099.761 -1218.673 1493.588 542.2698 1168.891 1168.891 -825.1507 -825.1507 -8195.689 -8195.689 -7498.911 -8004.818 -8004.818 -10347.22 -10347.22 -10449.7 -10238.94 -10238.94 -7492.251 -10192.13 -6365.78 -10101.08 -10101.08 -9687.004 -9687.004 -10692.35 -3639.146 -3639.146 -1020.674 -1020.674 -650.7222 -869.9816 -869.9816
-9999 -9999 -9999 -9999 -117.2701 -117.2701 -541.3879 -362.837 -1308.5 -8356.808 -8356.808 -5340.763 -5340.763 -2877.723 -429.075 -429.075 -156.8486 -156.8486 2539.875 6342.694 6342.694 3660.415 3660.415 4017.967 8282.044 8282.044 5843.349 5843.349 -777.2846 -867.373 330.6516 1452.758 1452.758 1219.901 890.3447 890.3447 989.6432 989.6432 1086.117 1493.588 1493.588 542.2698 -1857.05 -3088.327 -7907.075 -7907.075 -8195.689 -8195.689 -7133.031 -9702.604 -9702.604 -10347.22 -10347.22 -10449.7 -10516.9 -10516.9 -10192.13 -10192.13 -6365.78 -6365.78 -795.0386 -6048.968 -6048.968 -10692.35 -10692.35 -513.5372 -617.3248 -617.3248 -811.5553 -811.5553 -869.9816
-9999 -9999 -9999 -904.0057 -904.0057 -271.1448 -362.837 -362.837 -1308.5 -2231.435 -4210.375 -4073.387 -4073.387 -2877.723 -2877.723 -112.7822 2127.049 2127.049 3912.092 3912.092 6342.694 221.8354 221.8354 3032.579 3032.579 8282.044 5843.349 4803.034 2262.24 2262.24 330.6516 1452.758 1452.758 -1401.054 -1401.054 -981.3318 989.6432 989.6432 1086.117 -1588.609 -1671.359 -1857.05 -1857.05 -3088.327 -4008.057 -6857.943 -8876.79 -8876.79 -7133.031 -7133.031 -9998.316 -11505.41 -11505.41 -11110.67 -11110.67 -10516.9 -5623.831 -5623.831 -735.4354 -735.4354 -795.0386 -6048.968 -820.4094 -545.6907 -545.6907 -513.5372 -617.3248 -617.3248 -334.9299 -334.9299 -964.8599
-9999 -9999 -9999 -904.0057 -904.0057 -271.1448 -483.7123 -544.828 -2231.435 -2231.435 -4210.375 -4210.375 118.2617 2261.287 2261.287 -112.7822 -112.7822 5847.211 2821.433 2821.433 1793.835 1793.835 221.8354 987.1258 987.1258 2678.98 2678.98 4803.034 2262.24 1272.522 -1336.801 -1336.801 -1525.25 -1401.054 -1401.054 -1485.808 -1485.808 -2132.419 -1588.609 -1588.609 -1671.359 -245.4424 -1923.879 -4008.057 -4008.057 -6857.943 -6857.943 -8116.58 -8580.912 -8580.912 -9998.316 -9998.316 -11505.41 -949.7628 -949.7628 -806.9158 -806.9158 -5623.831 -950.7957 -950.7957 -942.5977 -942.5977 -820.4094 -545.6907 -353.0494 -401.2297 -401.2297 -523.9183 -334.9299 -334.9299 -297.9276
-9999 -9999 -9999 -9999 -9999 -483.7123 -483.7123 -544.828 -1858.286 -1858.286 -3453.36 -3453.36 118.2617 118.2617 -380.2918 -39.10744 -39.10744 5847.211 5847.211 2821.433 408.1641 408.1641 -378.7281 -378.7281 987.1258 2678.98 1356.862 571.4421 571.4421 1272.522 -1336.801 -1336.801 -1404.117 -1404.117 -1613.538 -1485.808 -1485.808 -384.9757 -384.9757 -929.7565 -245.4424 -245.4424 -1923.879 -1492.753 -1045.469 -5237.023 -5237.023 -8116.58 -8116.58 -4794.373 -7486.634 -7486.634 -10484.63 -10484.63 -949.7628 -869.7164 -869.7164 -895.0302 -895.0302 -950.7957 -942.5977 -266.34 -307.3022 -307.3022 -353.0494 -401.2297 -401.2297 -211.6557 -211.6557 2.36294 -297.9276
-9999 -9999 -9999 -9999 -9999 -403.8622 -403.8622 -1171.863 -1171.863 -1858.286 -982.3453 -982.3453 200.3488 200.3488 -380.2918 -39.10744 1773.45 2131.071 2131.071 1823.498 408.1641 408.1641 -354.107 -354.107 -491.8513 -491.8513 1356.862 571.4421 983.6956 1062.776 1062.776 -3439.679 -1404.117 -1404.117 -1310.757 -1310.757 -624.5136 -384.9757 -384.9757 -929.7565 -1097.848 -1951.561 -1492.753 -1492.753 -1045.469 -1045.469 -4800.411 -6376.446 -6376.446 -4794.373 -4794.373 -6589.356 -5304.545 -5304.545 -9655.898 -9655.898 -869.7164 311.8712 311.8712 -248.6711 -248.6711 -266.34 -307.3022 531.8035 822.5335 822.5335 -181.3931 -211.6557 -211.6557 -57.31566 -57.31566
