STOTEN_Data/raw/MFVelFeb2000.asc
ncols         250
nrows         718
xllcorner     -2256000
yllcorner     1557000
cellsize      1000
NODATA_value  -9999
[rows 608 to 639 of 718, columns 142 to 212 of 250]
-227.786 -227.786 -49.23745 -52.65053 -52.65053 -704.9783 -704.9783 -671.7598 -645.0601 -705.2889 -429.3543 -429.3543 -159.7542 96.82841 96.82841 193.0128 193.0128 344.8343 656.7766 656.7766 630.6398 63.14421 -169.1993 -169.1993 -114.0156 -174.3489 -174.3489 -293.7805 -293.7805 -345.6441 -307.4257 -307.4257 -370.0841 -580.8115 -950.3746 -1410.936 -1410.936 -706.0575 -706.0575 -377.0798 -707.1989 -707.1989 -901.9323 -901.9323 -913.2159 -1301.181 -1301.181 63.92694 63.92694 -386.7754 -7359.516 -7359.516 -206.1936 -206.1936 7.588474 7083.951 4777.118 8523.836 8523.836 13864.71 -1276.476 -1276.476 -2283.269 -2283.269 -2510.627 -2578.804 -2578.804 -1106.936 -1182.489 -1233.473 -1360.261
-236.6528 -236.6528 -479.3794 -479.3794 -52.65053 -704.9783 57.89027 -425.2432 -425.2432 -705.2889 -429.3543 -429.3543 -96.66528 -96.66528 72.89487 193.0128 193.0128 344.8343 216.6026 218.7912 63.14421 63.14421 -169.1993 -152.026 -126.0898 -321.8835 -321.8835 -293.7805 -293.7805 -347.4144 -349.5378 -349.5378 -580.8115 -580.8115 -950.3746 -411.8704 -358.4405 -323.8425 -323.8425 -377.0798 -377.0798 -154.4465 -917.7189 -917.7189 -913.2159 -913.2159 -1301.181 -284.9869 -284.9869 -1983.613 -1983.613 -7359.516 -206.1936 -3775.511 1761.883 1761.883 4777.118 8523.836 5484.491 10058.24 10058.24 -1199.626 -2283.269 -2283.269 -947.1155 -947.1155 -1016.161 -1182.489 -1182.489 -1233.473 -1266.658
-113.8709 -236.6528 -509.7414 -509.7414 -149.8996 -149.8996 57.89027 -425.2432 -230.2113 -537.6254 -537.6254 -355.0797 -96.66528 -96.66528 14.93818 14.93818 165.7746 216.6026 216.6026 218.7912 42.14834 -144.5438 -152.026 -152.026 -126.0898 -126.0898 -936.8224 -469.0563 -469.0563 -347.4144 -347.4144 -349.5378 -736.7714 -736.7714 -411.8704 -411.8704 -358.4405 172.429 172.429 -159.9983 -159.9983 -154.4465 -917.7189 -383.8391 -907.2383 -907.2383 -854.8149 -854.8149 -284.9869 -1518.3 -1518.3 -6257.939 -6257.939 -3775.511 1761.883 1822.743 3261.387 3261.387 5484.491 10058.24 10058.24 -1196.263 -1196.263 -2122.447 -947.1155 -947.1155 -1016.161 -998.7921 -1153.341 -1266.658 -1266.658
-174.0505 -262.236 -262.236 -509.7414 -149.8996 -110.0551 449.5122 449.5122 -230.2113 -537.6254 -537.6254 -573.0437 -573.0437 -233.3284 14.93818 14.93818 454.0262 454.0262 258.9683 42.14834 42.14834 -144.5438 -126.1412 -365.3076 -247.6418 -247.6418 -936.8224 -936.8224 -291.8659 -157.1654 -157.1654 -279.7279 -279.7279 -736.7714 -259.4498 -259.4498 -322.685 -322.685 172.429 -159.9983 299.0192 -94.67687 -94.67687 -383.8391 -907.2383 -907.2383 -398.4044 -398.4044 -1211.95 -1518.3 -1518.3 -5113.404 -5113.404 -1689.717 1822.743 1822.743 3261.387 2793.714 4353.474 4353.474 7761.177 -1196.263 -1196.263 -1799.972 -1799.972 -874.2379 -998.7921 -998.7921 -1153.341 -997.0462 -1144.995
-174.0505 -251.5808 -251.5808 -408.612 -408.612 -110.0551 449.5122 498.7829 -318.0397 -318.0397 -620.3812 -573.0437 -573.0437 -185.3768 -185.3768 236.6269 454.0262 454.0262 258.9683 338.9694 30.87288 -126.1412 -126.1412 -365.3076 -365.3076 -134.3364 -375.896 -375.896 -291.8659 -291.8659 189.5884 19.70627 19.70627 -228.5929 -228.5929 -259.4498 295.2957 295.2957 521.8146 521.8146 299.0192 -94.67687 342.1421 -264.8466 -264.8466 -288.886 -398.4044 -398.4044 -855.9477 -855.9477 -829.2203 -5113.404 -5113.404 -1689.717 -27.35272 1491.592 2793.714 2793.714 4353.474 4353.474 6068.805 -924.356 -924.356 -1799.972 -1799.972 -874.2379 -1682.708 -818.0745 -997.0462 -997.0462 -1144.995
-210.9703 -210.9703 -251.5808 -408.612 -187.396 -54.09189 -54.09189 498.7829 -318.0397 -264.9006 -557.7067 -557.7067 -493.7927 -185.3768 -185.3768 660.3762 660.3762 597.2227 338.9694 338.9694 30.87288 58.56484 -187.0551 -244.8936 -244.8936 -134.3364 -134.3364 164.9732 137.6924 137.6924 189.5884 189.5884 19.70627 -169.2183 -169.2183 -47.89026 -47.89026 295.2957 521.8146 583.918 181.4937 181.4937 342.1421 -264.8466 522.17 95.16803 95.16803 -417.4874 -855.9477 -855.9477 -1077.757 -1077.757 -4478.663 -27.35272 -27.35272 1491.592 1167.802 1965.832 3334.189 3334.189 6068.805 6068.805 7973.055 -887.8361 -887.8361 -1682.708 -1682.708 -818.0745 -916.1873 -916.1873 -1044.586
-239.1432 -239.1432 -193.0305 -187.396 -187.396 -54.09189 1232.591 101.7491 -264.9006 -264.9006 -557.7067 -557.7067 -165.1465 -165.1465 187.8008 660.3762 660.3762 597.2227 470.987 334.3394 58.56484 58.56484 -187.0551 -181.0793 -421.8894 58.28675 58.28675 164.9732 164.9732 377.1004 300.7656 300.7656 106.1962 106.1962 -169.2183 308.8081 308.8081 200.7433 200.7433 583.918 181.4937 1020.458 941.5295 941.5295 522.17 95.16803 95.16803 -834.4147 -834.4147 -684.8059 -1077.757 -1077.757 -4478.663 -2627.8 391.4383 1167.802 1167.802 1965.832 1965.832 3302.109 4691.315 4691.315 7973.055 7973.055 -394.754 -639.3425 -639.3425 -781.8326 -781.8326 -916.1873 -951.9102
-239.1432 -239.1432 60.80519 60.80519 269.9741 1232.591 1232.591 101.7491 16.16613 -58.77068 -326.8762 -326.8762 -165.1465 -165.1465 392.3829 984.4809 984.4809 470.987 470.987 334.3394 -26.975 -26.975 -181.0793 -181.0793 -421.8894 -421.8894 273.4103 460.0892 460.0892 377.1004 377.1004 300.7656 434.9642 434.9642 153.4936 153.4936 308.8081 1170.274 1170.274 1328.402 1328.402 1020.458 941.5295 1019.057 271.2328 271.2328 49.29765 -834.4147 -834.4147 -151.3752 -151.3752 -950.3195 -2627.8 -2627.8 391.4383 361.0249 678.1426 1537.468 1537.468 3302.109 3302.109 6639.332 -18.13135 -18.13135 -394.754 -394.754 -639.3425 -783.1481 -783.1481 -862.7545 -862.7545
-146.7411 -118.8162 60.80519 60.80519 269.9741 402.9008 717.0643 16.16613 16.16613 -58.77068 -58.77068 23.50399 14.64428 14.64428 392.3829 392.3829 1139.723 -156.4265 -156.4265 149.5664 149.5664 -26.975 -65.81455 -65.81455 -91.44255 -91.44255 273.4103 460.0892 436.326 458.395 458.395 333.4853 434.9642 434.9642 343.4604 343.4604 657.6916 657.6916 1170.274 1328.402 1702.685 1795.318 1795.318 1019.057 271.2328 271.2328 491.2649 491.2649 1.995273 -151.3752 -151.3752 -950.3195 -557.1431 106.1949 361.0249 361.0249 678.1426 808.0153 1943.162 5118.137 5118.137 6639.332 6639.332 -233.4946 -542.5693 -542.5693 -714.389 -714.389 -783.1481 -795.7919 -795.7919
-146.7411 30.6936 30.6936 194.348 402.9008 402.9008 717.0643 -867.9847 -1527.45 541.0308 541.0308 23.50399 23.50399 276.6303 475.4555 475.4555 1139.723 1139.723 -156.4265 257.6819 257.6819 -98.73358 -98.73358 -65.81455 -91.44255 151.2611 303.3846 303.3846 436.326 458.395 458.395 715.7944 715.7944 429.8202 343.4604 343.4604 696.115 696.115 1625.119 1702.685 1702.685 1795.318 1718.359 1430.535 575.3314 575.3314 491.2649 491.2649 244.0797 244.0797 292.1618 -557.1431 -557.1431 106.1949 352.6435 541.5016 808.0153 808.0153 1943.162 1943.162 224.301 96.84251 96.84251 -233.4946 -233.4946 -542.5693 -711.2975 -711.2975 -782.0062 -782.0062 -795.7919
-112.0396 30.6936 30.6936 194.348 182.4725 76.54542 -867.9847 -867.9847 -1527.45 -742.0714 436.9108 992.2532 992.2532 276.6303 276.6303 1529.066 1773.669 1773.669 793.6635 793.6635 257.6819 -563.4053 -563.4053 -75.76098 -75.76098 151.2611 303.3846 115.3366 448.6348 448.6348 646.3887 715.7944 715.7944 492.0741 492.0741 229.8019 696.115 696.115 1625.119 1330.355 1468.501 1718.359 1718.359 1430.535 1430.535 464.3529 116.5134 116.5134 244.0797 244.0797 237.0249 209.9256 209.9256 352.6435 352.6435 541.5016 427.3769 1169.799 3426.584 3426.584 224.301 224.301 -123.4657 -289.2357 -289.2357 -571.1475 -571.1475 -711.2975 -669.5455 -669.5455 -716.8779
-98.66803 -98.66803 13.78813 182.4725 182.4725 76.54542 -149.8739 -759.9359 -742.0714 -742.0714 436.9108 436.9108 140.6344 -157.0108 -157.0108 1529.066 1529.066 1773.669 75.13374 75.13374 -45.82043 -45.82043 -563.4053 -75.76098 -496.5441 -365.2984 -365.2984 115.3366 448.6348 457.2762 762.7448 762.7448 459.7271 492.0741 492.0741 295.6399 295.6399 407.2868 1330.355 1330.355 1468.501 751.7006 1168.904 1119.346 1119.346 464.3529 464.3529 64.37711 362.1802 362.1802 237.0249 237.0249 209.9256 -17.703 -17.703 427.3769 427.3769 1169.799 3426.584 -203.8698 -88.28571 -88.28571 -123.4657 -289.2357 -328.8557 -464.3319 -464.3319 -580.483 -580.483 -669.5455 -649.9639
-98.66803 -98.66803 -30.66322 -30.66322 147.4801 -149.8739 -149.8739 -759.9359 -630.3903 -520.8641 805.7566 805.7566 140.6344 140.6344 -12.39443 784.3387 784.3387 2894.206 2894.206 75.13374 6.25275 6.25275 -284.0105 -284.0105 -496.5441 -365.2984 -121.2051 -148.659 -148.659 457.2762 762.7448 762.7448 678.5615 678.5615 630.8795 295.6399 295.6399 407.2868 198.6972 616.7554 751.7006 751.7006 1168.904 430.7946 305.3609 239.3895 239.3895 64.37711 64.37711 1300.307 886.0705 886.0705 -235.2233 -235.2233 -17.703 441.9737 441.9737 2050.584 2050.584 -203.8698 -88.28571 -225.9098 -240.502 -240.502 -328.8557 -464.3319 -464.3319 -516.61 -516.61 -593.3516 -649.9639
-137.0102 -137.0102 -30.66322 -30.66322 147.4801 -142.1181 -142.1181 -630.3903 -630.3903 -520.8641 805.7566 378.7448 -229.5043 -229.5043 -12.39443 -12.39443 784.3387 2433.32 2433.32 121.1897 121.1897 6.25275 -122.5613 -122.5613 -154.0306 -154.0306 -121.2051 -148.659 -314.9945 329.1867 329.1867 608.661 678.5615 678.5615 285.6262 285.6262 341.1304 198.6972 198.6972 616.7554 273.4751 80.92174 430.7946 430.7946 305.3609 305.3609 578.8281 299.1473 299.1473 1300.307 1300.307 886.0705 -277.5492 -277.5492 -46.00026 -46.00026 441.9737 -418.8542 -418.8542 -513.7845 -513.7845 -225.9098 -240.502 -299.664 -347.1739 -347.1739 -430.6482 -516.61 -516.61 -536.9698 -536.9698
350.237 -156.8055 -77.30293 -77.30293 75.75135 75.75135 -142.1181 -500.6449 -500.6449 -463.2527 -463.2527 378.7448 -229.5043 -242.5685 199.2881 199.2881 748.1354 2433.32 2433.32 632.0857 632.0857 38.58332 -122.5613 -122.5613 -154.0306 -183.669 -143.55 -143.55 -314.9945 329.1867 329.1867 203.0781 203.0781 52.71825 285.6262 285.6262 136.5793 136.5793 174.9546 273.4751 273.4751 80.92174 135.3929 -380.2676 4.100825 4.100825 578.8281 578.8281 1938.493 -218.3059 -218.3059 -359.5404 -359.5404 -277.5492 -200.3072 -200.3072 325.6024 325.6024 -418.8542 -513.7845 -273.0119 -303.6745 -303.6745 -299.664 -347.1739 -347.1739 -405.8788 -405.8788 -472.3163 -536.9698 -536.9698
171.2369 -156.8055 -156.8055 -77.30293 27.51622 27.51622 -49.01102 -49.01102 -500.6449 -463.2527 345.8427 -388.2699 -388.2699 -242.5685 199.2881 679.3149 772.7391 772.7391 1737.618 632.0857 632.0857 86.05295 86.05295 -123.1674 -183.669 -183.669 -143.55 -142.474 -332.563 56.80592 56.80592 203.0781 203.0781 -262.5357 -149.4992 -149.4992 136.5793 136.5793 174.9546 112.1218 -130.1965 135.3929 135.3929 -380.2676 -380.2676 748.3263 2510.798 2510.798 1938.493 1938.493 -606.4429 -604.5483 -604.5483 -485.4653 -485.4653 -200.3072 1206.762 1206.762 -274.6566 -274.6566 -273.0119 -303.6745 -309.3701 -312.1296 -312.1296 -349.7071 -405.8788 -405.8788 -434.1135 -434.1135 -489.3794
-16.95584 -196.5578 -196.5578 -172.61 -172.61 27.51622 -255.8779 -255.8779 -567.9772 -567.9772 345.8427 -388.2699 -389.7764 -40.50591 -40.50591 679.3149 772.7391 772.7391 1756.13 1756.13 2851.541 86.05295 86.05295 -123.1674 -75.58186 -165.3033 -142.474 -142.474 -332.563 -10.3862 123.5256 114.7714 114.7714 -262.5357 -262.5357 5.828941 253.208 253.208 112.1218 112.1218 -130.1965 -125.5586 -125.5586 391.6001 391.6001 748.3263 2510.798 -855.0068 -838.4645 -838.4645 -606.4429 -606.4429 -604.5483 -608.6175 -608.6175 -174.8301 -174.8301 1206.762 -274.6566 -362.2202 -350.1745 -350.1745 -309.3701 -312.1296 -312.1296 -333.073 -333.073 -379.6258 -434.1135 -434.1135 -444.8057
-16.95584 -16.95584 -196.5578 -204.8017 -204.8017 467.4793 467.4793 -255.8779 -566.5558 -566.5558 149.3463 149.3463 -389.7764 -40.50591 338.3557 872.5518 872.5518 1244.375 1756.13 1756.13 2540.582 2540.582 1247.203 -75.58186 -75.58186 -165.3033 -129.0513 -320.2411 -10.3862 -10.3862 123.5256 123.5256 105.7399 20.15675 20.15675 5.828941 5.828941 253.208 38.59834 38.59834 -369.535 -369.535 -125.5586 391.6001 2277.859 2356.067 2356.067 -855.0068 -838.4645 -584.4093 -798.3586 -798.3586 -824.4717 -608.6175 -608.6175 -666.3901 -666.3901 -868.2664 -868.2664 -362.2202 -350.1745 -366.9085 -303.3825 -303.3825 -304.1721 -333.073 -333.073 -350.781 -350.781 -397.5041 -444.8057
24.61096 24.61096 -115.6819 -115.6819 -204.8017 508.5827 508.5827 -449.4706 -449.4706 -566.5558 149.3463 285.2589 -146.5248 -146.5248 338.3557 872.5518 872.5518 238.7283 238.7283 262.736 2540.582 2540.582 1219.993 1219.993 -52.23256 -129.0513 -129.0513 -320.2411 -49.27708 73.55502 99.50132 99.50132 105.7399 105.7399 14.99448 -123.8255 -123.8255 73.21426 73.21426 38.59834 -60.15594 -60.15594 462.3425 462.3425 2277.859 2356.067 -885.8032 -1060.22 -1060.22 -584.4093 -798.3586 -798.3586 -906.4313 -906.4313 -976.3894 -666.3901 -666.3901 -868.2664 -935.9479 -420.376 -366.9085 -366.9085 -303.3825 -280.3516 -284.5407 -310.5806 -310.5806 -350.781 -350.781 -366.0437 -366.0437
24.61096 200.0628 123.5403 123.5403 -9.298604 -9.298604 508.5827 -448.3688 -448.3688 -392.6874 -392.6874 285.2589 -146.5248 -265.6244 420.0463 420.0463 818.1823 238.7283 238.7283 332.7007 332.7007 2379.461 1219.993 1219.993 -52.23256 -90.01312 -132.4111 -49.27708 -49.27708 73.55502 73.55502 129.799 -69.52397 -69.52397 14.99448 14.99448 -123.8255 -548.5616 -548.5616 -296.4558 -296.4558 -60.15594 1470.081 1470.081 -68.63331 -68.63331 -885.8032 -1060.22 -461.8431 -746.9493 -746.9493 -1056.498 -906.4313 -906.4313 -990.2249 -990.2249 -201.6226 -935.9479 -935.9479 -420.376 -434.9043 -319.6569 -280.3516 -280.3516 -284.5407 -284.5407 -287.9037 -323.3449 -323.3449 -366.0437 -366.0437
-15.97032 200.0628 123.5403 123.5403 -21.24827 -21.24827 424.2281 -448.3688 -448.3688 -392.6874 470.5373 95.3558 -265.6244 -265.6244 420.0463 178.4752 87.69827 87.69827 -7.153022 332.7007 332.7007 1951.307 1951.307 1955.297 -90.01312 -90.01312 -132.4111 -14.58913 96.0436 538.133 538.133 129.799 129.799 -87.71736 -125.1677 -125.1677 -477.4821 -477.4821 -548.5616 -274.4702 -274.4702 106.3757 106.3757 1470.081 -68.63331 -514.2392 -537.6958 -537.6958 -461.8431 -746.9493 -746.9493 -1301.472 -1301.472 -1219.724 -990.2249 -990.2249 -980.4069 -980.4069 -1174.777 -434.9043 -434.9043 -319.6569 -295.2711 -266.3131 -268.1053 -268.1053 -287.9037 -287.9037 -301.68 -337.9138 -337.9138
-15.79647 519.1291 519.1291 -3.92954 -21.24827 -21.24827 380.5267 380.5267 -326.0368 470.5373 470.5373 95.3558 -264.0793 -50.9296 178.4752 178.4752 87.69827 87.69827 9.92717 -20.81237 -20.81237 1951.307 1951.307 1955.297 203.0055 203.0055 -14.58913 -14.58913 96.0436 96.0436 68.97057 3.791079 3.791079 -87.71736 -87.71736 382.4732 -403.1701 -403.1701 -473.1457 -473.1457 -274.4702 -794.0957 -794.0957 -588.149 -588.149 -514.2392 -537.6958 -390.2574 -508.096 -508.096 -691.2777 -1301.472 -1301.472 -1352.068 -1352.068 -1658.148 -980.4069 -980.4069 -1174.777 -1521.869 -449.5457 -295.2711 -295.2711 -266.3131 -266.3131 -262.9836 -274.6093 -274.6093 -301.68 -301.68 -312.3661
-15.79647 519.1291 519.1291 -4.887434 -4.887434 -25.9873 380.5267 380.5267 -306.3499 -306.3499 360.9568 -264.0793 -264.0793 -50.9296 -133.0257 254.7394 96.07462 96.07462 9.92717 9.92717 -11.52034 2.834772 2.834772 953.709 953.709 203.0055 33.99833 33.99833 1437.127 1437.127 68.97057 3.791079 -393.622 -197.4486 -197.4486 382.4732 -403.1701 -403.1701 -734.2725 -734.2725 -493.7866 -493.7866 -794.0957 -588.149 -982.7805 -743.9082 -743.9082 -390.2574 -508.096 -711.4252 -702.7657 -702.7657 -1167.272 -1352.068 -1352.068 -464.5028 -464.5028 -1193.866 -1521.869 -1521.869 -449.5457 -418.5133 -304.3682 -267.9595 -267.9595 -262.9836 -262.9836 -267.8089 -285.6437 -285.6437 -312.3661
-42.02945 -42.02945 588.6045 -4.887434 -4.887434 -16.71523 -16.71523 310.0938 -306.3499 -306.3499 360.9568 635.386 -145.2147 -133.0257 -133.0257 254.7394 254.7394 118.9872 61.1294 61.1294 -11.52034 -11.52034 2.834772 687.4485 687.4485 323.2592 323.2592 33.99833 -121.7197 -121.7197 -97.03125 -97.03125 -393.622 -197.4486 -734.3446 -611.2722 -611.2722 -676.9617 -734.2725 -734.2725 -1176.815 -1176.815 -1891.389 -982.7805 -982.7805 -743.9082 -731.2511 -591.6653 -591.6653 -711.4252 -702.7657 -702.7657 -1134.729 -1134.729 -1718.668 -464.5028 -464.5028 -1193.866 -555.4111 -489.2603 -418.5133 -418.5133 -304.3682 -334.0812 -281.5605 -264.4387 -264.4387 -267.8089 -267.8089 -276.151 -287.8784
-42.02945 -7.465895 699.8793 699.8793 1.891971 -16.71523 -16.71523 401.24 401.24 -208.5249 635.386 635.386 -145.2147 97.62036 -2.831752 288.2057 288.2057 118.9872 118.9872 -416.9361 21.06837 21.06837 -144.1828 -144.1828 687.4485 279.3333 279.3333 -77.38984 -77.38984 -121.7197 -97.03125 -1588.404 -904.6641 -904.6641 -734.3446 -611.2722 -611.2722 -1312.205 -1312.205 -1291.77 -1176.815 -1176.815 -2536.138 -2536.138 -1053.31 -731.2511 -731.2511 -591.6653 -710.8186 -905.9589 -1049.092 -1049.092 -1134.729 -1134.729 -2117.126 -602.232 -602.232 -555.4111 -555.4111 -489.2603 -512.4559 -433.3799 -334.0812 -334.0812 -281.5605 -281.5605 -269.7423 -266.8432 -266.8432 -276.151 -276.151
34.55319 -7.465895 699.8793 699.8793 784.7035 784.7035 4.209758 401.24 401.24 -208.5249 56.79564 1139.252 97.62036 97.62036 -2.831752 -2.831752 101.7124 0.5044237 0.5044237 -416.9361 -416.9361 -383.1208 -255.0643 -255.0643 576.6094 576.6094 279.3333 -135.5603 -135.5603 -246.8834 -246.8834 -1588.404 -904.6641 -1421.773 -1321.752 -1321.752 -1815.126 -1312.205 -1312.205 -1279.884 -1279.884 -1639.43 -2536.138 -2536.138 -1053.31 -989.116 -800.1974 -710.8186 -710.8186 -905.9589 -905.9589 -1458.943 -1401.292 -1401.292 -2117.126 -2117.126 -3043.48 -968.7318 -968.7318 -512.4559 -512.4559 -433.3799 -350.2298 -350.2298 -293.6356 -293.6356 -269.7423 -266.8432 -270.4841 -276.2209 -276.2209
44.10017 18.47157 -6.107859 -6.107859 784.7035 784.7035 14.29216 14.29216 537.1667 56.79564 56.79564 1139.252 1512.317 602.6249 341.341 341.341 101.7124 101.7124 411.4128 231.9118 231.9118 -383.1208 -383.1208 -255.0643 561.6722 561.6722 216.3822 216.3822 -135.5603 -246.8834 -274.9023 -255.2215 -255.2215 -1421.773 -1321.752 -1468.39 -1336.271 -1336.271 -1152.813 -1279.884 -1279.884 -1676.368 -1676.368 -2756.356 -989.116 -989.116 -800.1974 -812.8091 -718.4035 -1013.259 -1013.259 -1458.943 -1458.943 -1732.141 -2035.16 -2035.16 -3043.48 -3043.48 -968.7318 -493.0323 -493.0323 -445.3067 -445.3067 -350.2298 -293.6356 -296.897 -274.6216 -274.6216 -270.4841 -276.2209 -276.2209
44.10017 18.47157 18.47157 37.40054 876.4245 876.4245 14.29216 14.29216 537.1667 159.0345 159.0345 1512.317 1512.317 602.6249 990.4214 990.4214 529.8083 529.8083 411.4128 411.4128 726.7921 -180.6038 -180.6038 -116.674 -116.674 561.6722 241.8033 241.8033 -124.4238 -124.4238 -274.9023 -255.2215 -232.899 -1830.548 -1830.548 -1468.39 -1336.271 -1336.271 -1084.118 -1084.118 -1194.606 -1676.368 -1676.368 -2756.356 -2899.581 -1077.472 -812.8091 -812.8091 -718.4035 -718.4035 -893.2877 -1322.755 -1322.755 -1732.141 -1732.141 -514.2561 -461.9088 -461.9088 -712.0739 -712.0739 -493.0323 -733.4173 -733.4173 -351.692 -351.692 -296.897 -274.6216 -278.088 -275.7384 -275.7384 -282.5039
63.50968 48.74084 48.74084 37.40054 37.40054 764.236 25.34161 25.34161 763.4252 763.4252 159.0345 2120.018 2120.018 1633.332 1633.332 990.4214 529.8083 730.603 525.4823 525.4823 726.7921 -180.6038 -180.6038 1772.8 1772.8 1013.82 241.8033 241.8033 -498.1974 -498.1974 -225.8769 -225.8769 -232.899 -1830.548 -1368.274 -1263.694 -1263.694 -1179.812 -1084.118 -1084.118 -1003.055 -1003.055 -1742.572 -2899.581 -2899.581 -1077.472 -1174.523 -801.2319 -592.1833 -592.1833 -893.2877 -893.2877 -1542.62 -2327.16 -2327.16 -514.2561 -514.2561 -461.9088 -406.306 -406.306 -427.3885 -427.3885 -733.4173 -351.692 -307.7204 -289.0239 -289.0239 -278.088 -275.7384 -280.416 -282.6184
63.50968 63.50968 92.50632 91.27377 91.27377 764.236 764.236 33.5034 940.0229 940.0229 406.1187 406.1187 2120.018 2897.601 2897.601 1497.978 1497.978 730.603 525.4823 470.0688 611.9271 611.9271 -73.78551 1772.8 1772.8 1725.946 1725.946 690.6422 -498.1974 -498.1974 -225.8769 -162.0674 -1351.756 -1368.274 -1368.274 -1263.694 -1263.694 -1369.342 -1369.342 -953.7285 -1003.055 -1003.055 -1742.572 -1858.096 -2793.026 -1174.523 -1174.523 -801.2319 -881.5955 -514.7025 -860.6197 -860.6197 -1542.62 -1542.62 -3099.125 -847.196 -847.196 -629.5828 -629.5828 -406.306 -405.0067 -405.0067 -309.4864 -309.4864 -307.7204 -289.0239 -291.6088 -286.7405 -286.7405 -280.416 -282.6184
102.1514 102.1514 92.50632 92.50632 197.254 415.816 415.816 33.5034 33.5034 940.0229 753.1787 753.1787 2769.62 2769.62 2897.601 1497.978 738.0637 477.4309 477.4309 470.0688 611.9271 735.9351 325.5765 325.5765 6370.926 1725.946 1725.946 1043.131 1043.131 -453.6712 -162.0674 -162.0674 -1351.756 -933.5936 -1104.078 -1206.65 -1206.65 -1369.342 -1369.342 -1350.946 -1276.144 -1276.144 -1858.096 -1858.096 -2793.026 -1320.393 -1320.393 -881.5955 -881.5955 -514.7025 -514.7025 -849.8021 -1629.85 -1629.85 -3099.125 -3099.125 -847.196 -602.7663 -602.7663 -508.5417 -508.5417 -405.0067 -327.5435 -327.5435 -303.3867 -303.3867 -291.6088 -286.7405 -941.566 -286.4305 -286.4305
56.0848 167.0773 161.0669 161.0669 197.254 197.254 653.6268 1959.209 1959.209 650.3117 650.3117 753.1787 2464.578 2464.578 1523.545 1523.545 738.0637 477.4309 720.319 796.2959 796.2959 735.9351 325.5765 325.5765 302.5233 302.5233 409.1423 1043.131 1043.131 -453.6712 -436.7242 -1002.457 -933.5936 -933.5936 -1104.078 -1104.078 -1761.457 -1434.981 -1434.981 -1350.946 -1350.946 -1281.03 -1862.842 -1862.842 -2644.559 -2644.559 -1320.393 -1104.081 -1104.081 -658.3846 -658.3846 -849.8021 -1629.85 -1599.205 -3037.903 -3037.903 -907.9334 -602.7663 -602.7663 -492.5331 -492.5331 -396.2154 -396.2154 -327.5435 -303.3867 -315.4135 -303.426 -303.426 -941.566 -286.4305 -286.4305
