STOTEN_Data/raw/MFVelFeb2000.asc
ncols         250
nrows         718
xllcorner     -2256000
yllcorner     1557000
cellsize      1000
NODATA_value  -9999
[rows 256 to 287 of 718, columns 0 to 70 of 250]
-9999 -9999 -9999 -9999 -9999 -9999 -9999 -9999 -9999 -9999 -9999 -9999 -9999 -9999 -9999 -9999 -9999 -9999 -9999 -9999 -9999 -9999 -9999 -9999 -9999 -9999 -9999 -9999 -9999 -9999 -9999 -9999 -9999 -9999 -9999 -9999 -424.3819 -424.3819 -680.3744 -680.3744 -498.3051 -1916.334 -3410.054 -2291.954 -2291.954 -2678.633 -2006.061 -2006.061 -1860.487 -1860.487 -480.7213 188.3488 188.3488 264.4815 247.1802 -199.766 -370.1299 -370.1299 -118.3162 396.3317 -390.2247 -574.576 -574.576 -160.4412 -160.4412 746.4622 1358.069 1358.069 522.0095 522.0095 857.1707
-9999 -9999 -9999 -9999 -9999 -9999 -9999 -9999 -9999 -9999 -9999 -9999 -9999 -9999 -9999 -9999 -9999 -9999 -9999 -9999 -9999 -9999 -9999 -9999 -9999 -9999 -9999 -9999 -9999 -9999 -9999 -9999 -9999 -9999 -9999 -552.2817 -552.2817 -424.3819 -1780.442 -1780.442 -1740.563 -1740.563 -3410.054 -2291.954 -2713.06 -2817.357 -2817.357 -2690.695 -1860.487 -1860.487 -529.0114 -529.0114 424.7641 247.1802 247.1802 -199.766 -742.9661 159.595 396.3317 396.3317 -390.2247 -390.2247 -1150.217 -672.5881 -672.5881 746.4622 746.4622 1358.069 3306.017 3306.017 1610.361
-9999 -9999 -9999 -9999 -9999 -9999 -9999 -9999 -9999 -9999 -9999 -9999 -9999 -9999 -9999 -9999 -9999 -9999 -9999 -9999 -9999 -9999 -9999 -9999 -9999 -9999 -9999 -9999 -9999 -9999 -9999 -9999 -9999 -9999 -9999 -1460.608 -1460.608 -1144.776 -1144.776 -1780.442 -1740.563 -2079.975 -3683.617 -3683.617 -2713.06 -2817.357 -2817.357 -2482.839 -2482.839 -1901.773 -529.0114 -529.0114 -509.9866 -509.9866 -492.5339 -742.9661 -742.9661 159.595 -637.0455 -665.8645 -856.2425 -856.2425 -1150.217 -1150.217 -423.8964 146.9151 146.9151 677.293 677.293 3306.017 1214.581
-9999 -9999 -9999 -9999 -9999 -9999 -9999 -9999 -9999 -9999 -9999 -9999 -9999 -9999 -9999 -9999 -9999 -9999 -9999 -9999 -9999 -9999 -9999 -9999 -9999 -9999 -9999 -9999 -9999 -9999 -9999 -9999 -9999 -9999 -9999 -1460.608 -1460.608 -1225.955 -1225.955 -616.3815 -616.3815 -2079.975 -3683.617 -3516.23 -2690.394 -2690.394 -2647.332 -2482.839 -2482.839 -1705.579 -1705.579 -1663.414 -509.9866 -509.9866 -492.5339 -209.1822 -1.820466 -637.0455 -637.0455 -665.8645 -665.8645 -627.9011 -329.183 -329.183 -423.8964 -423.8964 199.5917 235.2388 235.2388 509.8005 509.8005
-9999 -9999 -9999 -9999 -9999 -9999 -9999 -9999 -9999 -9999 -9999 -9999 -9999 -9999 -9999 -9999 -9999 -9999 -9999 -9999 -9999 -9999 -9999 -9999 -9999 -9999 -9999 -9999 -9999 -9999 -9999 -9999 -9999 -9999 -9999 -9999 -1571.477 -1225.955 -1225.955 -616.3815 -1901.249 -3487.857 -3516.23 -3516.23 -2690.394 -2461.425 -1992.855 -1992.855 -1015.781 -1705.579 -1705.579 -1220.237 -1220.237 -532.1404 -209.1822 -209.1822 -1.820466 -320.3747 -530.8375 -758.3528 -758.3528 -627.9011 -627.9011 -439.9282 -81.62981 -81.62981 199.5917 199.5917 235.2388 210.4684 210.4684
-9999 -9999 -9999 -9999 -9999 -9999 -9999 -9999 -9999 -9999 -9999 -9999 -9999 -9999 -9999 -9999 -9999 -9999 -9999 -9999 -9999 -9999 -9999 -9999 -9999 -9999 -9999 -9999 -9999 -9999 -9999 -9999 -9999 -9999 -9999 -9999 -1503.452 -1503.452 -1003.43 -1901.249 -1901.249 -3487.857 -2800.155 -2191.211 -2461.425 -2461.425 -1992.855 -1992.855 -746.2002 -1552.978 -1552.978 -1220.237 -1220.237 -532.1404 -965.9245 -965.9245 -320.3747 -320.3747 -530.8375 -424.1821 -441.3718 -734.0112 -734.0112 -439.9282 -439.9282 10.2106 546.6891 546.6891 204.1415 204.1415 210.4684
-9999 -9999 -9999 -9999 -9999 -9999 -9999 -9999 -9999 -9999 -9999 -9999 -9999 -9999 -9999 -9999 -9999 -9999 -9999 -9999 -9999 -9999 -9999 -9999 -9999 -9999 -9999 -9999 -9999 -9999 -9999 -9999 -9999 -9999 -9999 -727.5821 -1503.452 -1503.452 -2225.371 -2225.371 -2131.45 -2800.155 -2800.155 -2191.211 -2241.458 -1300.394 -1167.833 -1167.833 -746.2002 -746.2002 -1156.386 -545.8022 -545.8022 -590.5427 -590.5427 -965.9245 -400.2348 -400.2348 -424.1821 -424.1821 -441.3718 -734.0112 -530.0438 -72.88913 -72.88913 10.2106 546.6891 546.6891 504.6512 504.6512 492.1693
-9999 -9999 -9999 -9999 -9999 -9999 -9999 -9999 -9999 -9999 -9999 -9999 -9999 -9999 -9999 -9999 -9999 -9999 -9999 -9999 -9999 -9999 -9999 -9999 -9999 -9999 -9999 -9999 -9999 -9999 -9999 -9999 -9999 -9999 -9999 -1487.248 -1487.248 -1036.436 -2225.371 -2225.371 -2131.45 -3075.606 -2815.939 -2241.458 -2241.458 -1300.394 -1300.394 -2037.044 -1888.898 -1888.898 -1156.386 -1156.386 -916.2862 -1119.051 -1119.051 -874.9325 -874.9325 -400.2348 -323.8538 -323.8538 -613.5581 -613.5581 -530.0438 -72.88913 68.83559 217.6752 217.6752 558.1312 504.6512 504.6512 1008.381
-9999 -9999 -9999 -9999 -9999 -9999 -9999 -9999 -9999 -9999 -9999 -9999 -9999 -9999 -9999 -9999 -9999 -9999 -9999 -9999 -9999 -9999 -9999 -9999 -9999 -9999 -9999 -9999 -9999 -9999 -9999 -9999 -9999 -9999 -528.1236 -1487.248 -1487.248 -2563.756 -2563.756 -2174.359 -3075.606 -3075.606 -2815.939 -2922.365 -2650.618 -2450.157 -2450.157 -2037.044 -2037.044 -1358.438 -1421.72 -1421.72 -916.2862 -916.2862 -1119.051 -790.6689 -790.6689 -129.1564 -129.1564 -323.8538 -613.5581 -983.6867 -288.2589 -288.2589 68.83559 217.6752 217.6752 22.7686 22.7686 -85.71397 1008.381
-9999 -9999 -9999 -9999 -9999 -9999 -9999 -9999 -9999 -9999 -9999 -9999 -9999 -9999 -9999 -9999 -9999 -9999 -9999 -9999 -9999 -9999 -9999 -9999 -9999 -9999 -9999 -9999 -9999 -9999 -9999 -9999 -9999 -9999 -393.2995 -393.2995 -899.7862 -2563.756 -2563.756 -2174.359 -3015.236 -1954.357 -2922.365 -2922.365 -2650.618 -2158.547 -2332.438 -2162.874 -2162.874 -1358.438 -1358.438 -1523.168 -1350.584 -1350.584 -1061.52 -1061.52 -790.6689 -46.71158 -46.71158 -472.1583 -472.1583 -983.6867 -288.2589 -266.5113 287.2392 287.2392 460.1438 22.7686 22.7686 24.58977 24.58977
-9999 -9999 -9999 -9999 -9999 -9999 -9999 -9999 -9999 -9999 -9999 -9999 -9999 -9999 -9999 -9999 -9999 -9999 -9999 -9999 -9999 -9999 -9999 -9999 -9999 -9999 -9999 -9999 -9999 -9999 -9999 -9999 -654.7205 -654.7205 -393.2995 -393.2995 -2322.234 -2322.234 -3541.124 -3015.236 -3015.236 -1954.357 -3374.384 -2816.975 -2158.547 -2158.547 -2332.438 -2332.438 -1263.088 -1140.765 -1140.765 -1523.168 -1523.168 -1350.584 -1059.127 -1059.127 -328.1938 -328.1938 -46.71158 -472.1583 -821.3256 -1053.24 -1053.24 -266.5113 287.2392 224.2115 473.9621 473.9621 150.4272 24.58977 24.58977
-9999 -9999 -9999 -9999 -9999 -9999 -9999 -9999 -9999 -9999 -9999 -9999 -9999 -9999 -9999 -9999 -9999 -9999 -9999 -9999 -9999 -9999 -9999 -9999 -9999 -9999 -9999 -9999 -9999 -9999 -9999 -9999 -9999 -1238.88 -1829.28 -1829.28 -2322.234 -2322.234 -2264.74 -3506.277 -3506.277 -3374.384 -3374.384 -2816.975 -1681.528 -1681.528 -1782.987 -1782.987 -1263.088 -1263.088 -800.5444 -1458.716 -1458.716 -1414.134 -1414.134 -1059.127 -523.4641 -523.4641 -501.3599 -501.3599 -821.3256 -1053.24 -1195.906 -424.3067 -424.3067 224.2115 473.9621 473.9621 -300.9853 -300.9853 107.0353
-9999 -9999 -9999 -9999 -9999 -9999 -9999 -9999 -9999 -9999 -9999 -9999 -9999 -9999 -9999 -9999 -9999 -9999 -9999 -9999 -9999 -9999 -9999 -9999 -9999 -9999 -9999 -9999 -9999 -9999 -9999 -9999 -9999 -1238.88 -1238.88 -1653.983 -2149.917 -2149.917 -2264.74 -2264.74 -3506.277 -2572.494 -2572.494 -2393.021 -2393.021 -1681.528 -1782.987 -1059.623 -693.2023 -693.2023 -800.5444 -1458.716 -1458.716 -1026.837 -1026.837 -1162.689 -523.4641 -523.4641 -550.8502 -550.8502 -945.776 -945.776 -1195.906 -424.3067 -494.8234 -75.8465 -75.8465 191.9742 -300.9853 -300.9853 332.1394
-9999 -9999 -9999 -9999 -9999 -9999 -9999 -9999 -9999 -9999 -9999 -9999 -9999 -9999 -9999 -9999 -9999 -9999 -9999 -9999 -9999 -9999 -9999 -9999 -9999 -9999 -9999 -9999 -9999 -9999 -9999 -9999 -9999 -1594.53 -1594.53 -1653.983 -1653.983 -1911.903 -3362.742 -3362.742 -3423.773 -3423.773 -2572.494 -859.0848 -859.0848 -1373.729 -1373.729 -1059.623 -693.2023 -601.837 -1100.282 -1100.282 -1011.286 -1026.837 -1026.837 -969.493 -969.493 -689.8981 -550.8502 -550.8502 -945.776 -521.1755 -877.7723 -494.8234 -494.8234 -75.8465 -75.8465 -258.2285 -280.3476 -280.3476 332.1394
-9999 -9999 -9999 -9999 -9999 -9999 -9999 -9999 -9999 -9999 -9999 -9999 -9999 -9999 -9999 -9999 -9999 -9999 -9999 -9999 -9999 -9999 -1493.155 -1493.155 -910.4234 -9999 -9999 -9999 -9999 -9999 -9999 -9999 -9999 -9999 -1238.407 -1522.707 -1522.707 -1911.903 -1911.903 -3362.742 -2706.609 -2706.609 -2581.572 -2581.572 -859.0848 -1373.729 -1198.617 -704.8445 -704.8445 -601.837 -1100.282 -1479.286 -825.9984 -825.9984 -1069.875 -969.493 -969.493 -398.1772 -398.1772 -298.6035 -521.1755 -521.1755 -877.7723 -396.0757 200.6881 210.1956 210.1956 -258.2285 -258.2285 73.07555 820.2744
-9999 -9999 -9999 -9999 -9999 -9999 -9999 -9999 -9999 -9999 -9999 -9999 -9999 -9999 -9999 -9999 -9999 -9999 -9999 -9999 -9999 -1834.201 -1493.155 -1493.155 -910.4234 -9999 -9999 -9999 -9999 -9999 -559.395 -9999 -9999 -9999 -1238.407 -1238.407 -1382.385 -2412.731 -2412.731 -2926.498 -2926.498 -2706.609 -2010.903 -2010.903 -704.0352 -704.0352 -1198.617 -704.8445 -873.8798 -938.1701 -938.1701 -1479.286 -825.9984 -825.9984 -1302.618 -1302.618 -1034.273 -398.1772 -398.1772 -298.6035 263.7166 15.29707 -396.0757 -396.0757 200.6881 393.0266 8.616081 -213.2425 -213.2425 73.07555 73.07555
-9999 -9999 -9999 -9999 -9999 -9999 -9999 -9999 -9999 -9999 -9999 -9999 -9999 -9999 -9999 -9999 -9999 -9999 -9999 -9999 -9999 -1769.777 -719.7095 -719.7095 -9999 -9999 -9999 -223.7706 -165.3577 -559.395 -559.395 -9999 -9999 -2052.837 -418.0699 -418.0699 -1382.385 -1382.385 -2412.731 -509.5628 -509.5628 -1672.778 -1672.778 -2010.903 -971.6416 -971.6416 -261.3503 -261.3503 -873.8798 -938.1701 -1295.663 -1244.651 -1244.651 -1229.047 -1302.618 -1302.618 -627.9225 -627.9225 -371.4903 263.7166 263.7166 15.29707 527.2272 528.3804 393.0266 393.0266 8.616081 8.616081 166.6166 609.8895 609.8895
-9999 -9999 -9999 -9999 -9999 -9999 -9999 -9999 -9999 -9999 -9999 -9999 -9999 -9999 -9999 -9999 -9999 -9999 -9999 -1844.441 -1844.441 -1769.777 -1769.777 -3291.56 -728.4957 -728.4957 -223.7706 -223.7706 -165.3577 91.56238 91.56238 -858.969 -858.969 -2052.837 -418.0699 -295.6432 -347.3801 -347.3801 -2433.018 -2433.018 -509.5628 -296.4947 -296.4947 -397.4519 -397.4519 -971.6416 -261.3503 -91.63615 -1201.566 -1201.566 -1295.663 -1244.651 -1244.651 -1059.774 -1059.774 -1415.503 -627.9225 -627.9225 -107.7572 -107.7572 680.9484 527.2272 527.2272 528.3804 506.2403 8.492135 -90.20928 -90.20928 166.6166 166.6166 1384.098
-9999 -9999 -9999 -9999 -9999 -9999 -9999 -9999 -9999 -9999 -9999 -9999 -9999 -9999 -9999 -578.9185 -9999 -9999 -9999 -9999 -3468.62 -3096.217 -3096.217 -3291.56 -3291.56 -728.4957 -79.94794 -79.94794 116.0957 116.0957 91.56238 -858.969 -795.4274 -1043.568 -1043.568 -295.6432 -347.3801 -762.4688 -1655.357 -1655.357 -980.5931 -296.4947 -296.4947 -30.40545 -30.40545 -176.1801 -91.63615 -91.63615 -1201.566 -880.2865 -984.6804 -984.6804 -1000.089 -1059.774 -1059.774 -1325.221 -1325.221 -580.1334 -107.7572 -107.7572 680.9484 720.2909 560.6651 506.2403 506.2403 8.492135 8.492135 -21.71657 521.5874 521.5874 1384.098
-9999 -9999 -9999 -9999 -9999 -9999 -9999 -9999 -9999 -9999 -9999 -9999 -9999 -9999 -9999 -578.9185 -531.435 -9999 -1199.754 -1199.754 -3468.62 -3468.62 -3082.587 -2255.187 -2255.187 -326.6685 -326.6685 -79.94794 -892.911 -892.911 -1083.391 -1083.391 -795.4274 -1043.568 108.6536 -116.2612 -116.2612 -762.4688 -1655.357 -1655.357 -606.3919 -606.3919 -364.9633 -30.40545 -30.40545 -176.1801 150.8523 -189.3111 -880.2865 -880.2865 -984.6804 -879.2097 -904.2781 -766.9058 -766.9058 -1325.221 -1325.221 -204.8061 626.6773 626.6773 720.2909 720.2909 560.6651 -134.9334 -222.7008 -118.5369 -118.5369 -21.71657 -21.71657 179.6896 847.1301
-9999 -9999 -9999 -9999 -9999 -9999 -9999 -9999 -9999 -9999 -9999 -9999 -9999 -9999 -9999 -531.435 -531.435 -9999 -9999 -2124.346 -3434.947 -3434.947 -3082.587 -3082.587 -2255.187 134.6171 134.6171 -174.2882 -174.2882 -892.911 -317.1913 -317.1913 -460.0654 -460.0654 108.6536 -116.2612 -430.6222 247.1041 247.1041 -412.5833 -606.3919 -606.3919 -146.89 -146.89 124.108 150.8523 150.8523 -189.3111 -16.4306 -317.9612 -879.2097 -879.2097 -904.2781 -904.2781 -702.2864 -875.8026 -875.8026 -204.8061 -204.8061 626.6773 450.0187 450.0187 -134.9334 -134.9334 -222.7008 -118.5369 73.51283 -177.4215 -177.4215 179.6896 847.1301
-9999 -9999 -9999 -9999 -9999 -9999 -9999 -9999 -9999 -9999 -9999 -9999 -9999 -9999 -9999 -9999 -213.1163 -897.3788 -897.3788 -2124.346 -2124.346 -3252.509 -2255.233 -2255.233 -814.9908 -814.9908 134.6171 -222.7485 -222.7485 -806.4376 -806.4376 -317.1913 -460.0654 -228.741 -599.1281 -599.1281 -430.6222 247.1041 247.1041 89.8147 89.8147 -51.02595 -146.89 -146.89 85.07433 85.07433 123.4396 -16.4306 -16.4306 -317.9612 -507.6218 -877.717 -931.7975 -931.7975 -702.2864 -702.2864 -443.0509 -430.3224 -430.3224 593.3394 593.3394 450.0187 -322.5949 -322.5949 -387.8873 -387.8873 73.51283 -177.4215 -5915.846 -5809.503 -5809.503
-9999 -9999 -9999 -9999 -9999 -9999 -9999 -9999 -9999 -9999 -9999 -9999 -9999 -9999 -9999 -9999 -213.1163 -213.1163 -784.204 -1531.922 -1531.922 -3252.509 -3252.509 110.2439 621.8317 621.8317 477.0865 477.0865 -222.7485 -851.7856 -851.7856 -432.0802 -432.0802 -228.741 -599.1281 69.60769 -88.25519 -88.25519 243.3027 89.8147 89.8147 -37.82852 -37.82852 83.57832 85.07433 85.07433 123.4396 33.68644 -14.1017 -507.6218 -507.6218 -877.717 -877.717 -997.3372 -920.613 -920.613 -443.0509 -443.0509 -430.3224 522.9817 522.9817 -214.2015 -214.2015 -322.5949 -72.58953 -72.58953 -767.8368 -767.8368 -5915.846 -5809.503 2842.931
-9999 -9999 -9999 -9999 -9999 -9999 -9999 -9999 -9999 -9999 -9999 -9999 -9999 -9999 -9999 -9999 60.2199 60.2199 -784.204 -1531.922 -687.395 -881.9277 -881.9277 110.2439 621.8317 621.8317 994.0434 994.0434 282.3831 282.3831 -851.7856 -432.0802 -656.2957 -67.54582 -67.54582 69.60769 -88.25519 -88.25519 432.2397 432.2397 420.7589 -37.82852 -37.82852 -69.43555 -69.43555 -74.79156 33.68644 33.68644 -14.1017 -435.2193 -732.4542 -1129.573 -1129.573 -997.3372 -997.3372 -1139.233 -735.9387 -735.9387 -259.4802 -259.4802 522.9817 -511.8334 -511.8334 -195.1868 -195.1868 -72.58953 -767.8368 -8423.868 453.9926 453.9926 2842.931
-9999 -9999 -9999 -9999 -9999 -9999 -9999 -9999 -9999 -9999 -9999 -9999 -9999 -9999 -9999 -9999 635.8404 635.8404 -110.1879 -110.1879 -687.395 -881.9277 72.03948 575.6529 575.6529 1240.8 994.0434 994.0434 -357.9939 -357.9939 -506.6089 -656.2957 -656.2957 -67.54582 22.45381 371.3705 172.8128 172.8128 432.2397 432.2397 552.4813 552.4813 -199.3378 -69.43555 -69.43555 -74.79156 -333.7299 -305.7166 -435.2193 -435.2193 -732.4542 -732.4542 -752.2468 -719.3733 -719.3733 -1139.233 -1139.233 -637.0252 375.5101 375.5101 437.661 437.661 -511.8334 -252.6991 -252.6991 -403.7638 -403.7638 -8423.868 453.9926 2004.611 2265.668
-9999 -9999 -9999 -9999 -9999 -9999 -9999 -9999 -9999 -9999 -9999 -9999 -9999 -9999 -9999 -9999 -9999 635.8404 -110.1879 314.4604 2.954302 2.954302 72.03948 575.6529 575.6529 1350.581 1350.581 197.6896 -357.9939 -357.9939 -506.6089 -155.8094 -610.6114 22.45381 22.45381 371.3705 634.1715 182.359 169.3315 169.3315 552.4813 552.4813 -590.3747 -249.1585 -249.1585 -333.7299 -333.7299 -305.7166 -288.1641 -288.1641 -882.1766 -882.1766 -752.2468 -752.2468 -1225.991 -1180.191 -1180.191 -637.0252 -637.0252 375.5101 -313.3092 -313.3092 -407.1139 -407.1139 -252.6991 -403.7638 -69.99994 -7322.52 -7322.52 2004.611 2265.668
-9999 -9999 -9999 -9999 -9999 -9999 -9999 -9999 -9999 -9999 -9999 -9999 -9999 -9999 -9999 -104.5918 -104.5918 982.6431 982.6431 314.4604 2.954302 288.8405 388.602 388.602 863.4908 1350.581 1350.581 864.8814 864.8814 159.2546 -155.8094 -155.8094 -610.6114 -103.7968 442.4127 634.1715 634.1715 182.359 182.359 202.5161 -452.1913 -452.1913 -590.3747 -590.3747 -249.1585 -658.9554 -658.9554 -498.964 -498.964 -288.1641 -1034.029 -1034.029 -1435.164 -1435.164 -1225.991 -1180.191 -1435.586 -1059.682 -1059.682 -211.8643 -313.3092 -313.3092 90.8953 90.8953 237.4063 237.4063 -69.99994 -7322.52 -6463.201 1681.625 1681.625
-9999 -9999 -9999 -9999 -9999 -9999 -9999 -9999 -9999 -9999 -9999 -9999 -9999 -9999 -9999 -9999 -104.5918 982.6431 796.5209 498.0529 498.0529 288.8405 388.602 388.602 1387.543 1387.543 1633.792 864.8814 864.8814 10.38438 10.38438 -104.2085 -103.7968 -103.7968 442.4127 926.8386 841.6659 450.0566 450.0566 202.5161 202.5161 -924.0928 -789.4338 -789.4338 -436.647 -436.647 -658.9554 -360.852 -360.852 -379.9303 -379.9303 -1034.029 -1435.164 -1746.556 -1595.271 -1595.271 -1435.586 -1059.682 -1059.682 -245.6372 -245.6372 53.54567 90.8953 90.8953 906.5461 906.5461 349.3258 -6463.201 -6463.201 1681.625 1589.454
-9999 -9999 -9999 -9999 -9999 -9999 -9999 -9999 -9999 -9999 -9999 -9999 -9999 -9999 -9999 -9999 42.53971 42.53971 796.5209 498.0529 746.0256 513.9943 513.9943 674.6184 1387.543 1387.543 1760.975 1760.975 1466.597 10.38438 10.38438 -104.2085 363.1978 185.4813 926.8386 926.8386 841.6659 841.6659 -154.4646 -465.7371 -465.7371 -924.0928 -924.0928 -495.5537 -333.3845 -333.3845 -607.6096 -607.6096 -360.852 -610.6978 -610.6978 -1177.268 -1177.268 -1746.556 -1595.271 -894.8627 -1032.833 -1032.833 -517.0369 -245.6372 -245.6372 -326.7296 -326.7296 55.15166 906.5461 906.5461 349.3258 917.6566 -6472.116 1589.454 1589.454
-9999 -9999 -9999 -9999 -9999 -9999 -9999 -9999 -9999 -9999 -9999 -9999 -9999 -9999 -9999 -9999 42.53971 222.7823 966.3668 966.3668 746.0256 513.9943 626.0245 1137.743 1137.743 1868.21 1760.975 1760.975 858.9281 858.9281 184.0281 363.1978 363.1978 185.4813 470.2593 1569.471 97.37395 97.37395 -154.4646 -154.4646 -776.2399 -827.6031 -827.6031 -495.5537 -495.5537 -333.3845 -476.8969 -476.8969 -567.681 -567.681 -610.6978 -1177.268 -1213.337 -1504.187 -1504.187 -894.8627 -1032.833 -539.3131 -461.4868 -461.4868 -377.0313 -326.7296 -326.7296 287.8882 287.8882 1118.399 917.6566 917.6566 -6472.116 -5657.753 1021.835
-9999 -9999 -9999 -9999 -9999 -9999 -9999 -9999 -9999 -9999 -9999 -9999 -9999 -9999 -9999 -9999 222.7823 222.7823 966.3668 997.6436 747.8042 626.0245 626.0245 1137.743 1137.743 1791.594 1417.588 1417.588 858.9281 858.9281 184.0281 8.866762 123.7767 470.2593 470.2593 1569.471 2287.718 65.73771 -298.2102 -298.2102 -776.2399 -776.2399 -1224.606 -1062.826 -1062.826 -1037.428 -1037.428 -476.8969 -596.4973 -596.4973 -295.2327 -295.2327 -1213.337 -1504.187 -835.8488 -1084.346 -1084.346 -539.3131 -461.4868 -461.4868 -417.7868 -417.7868 -264.606 287.8882 287.8882 1118.399 905.5699 1115.45 -5657.753 -5657.753 1021.835
-9999 -9999 -9999 -9999 -9999 -9999 -9999 -9999 -9999 -9999 -9999 -9999 -9999 -9999 -9999 -9999 -9999 1389.064 997.6436 997.6436 747.8042 478.4942 673.4828 1489.274 1489.274 1791.594 1791.594 1580.552 546.7831 546.7831 8.866762 8.866762 123.7767 967.3126 967.3126 2287.718 2287.718 65.73771 -298.2102 -560.8394 -986.658 -986.658 -1224.606 -1224.606 -1062.826 -1968.921 -1968.921 -1763.85 -1763.85 -596.4973 -522.6349 -522.6349 -842.991 -842.991 -835.8488 -1084.346 -830.8275 -846.0707 -846.0707 -535.9611 -417.7868 -417.7868 36.0373 36.0373 777.9803 905.5699 905.5699 1115.45 -1012.559 -1852.131 -4920.367
