STOTEN_Data/raw/MFVelFeb2000.asc
ncols         250
nrows         718
xllcorner     -2256000
yllcorner     1557000
cellsize      1000
NODATA_value  -9999
[rows 352 to 383 of 718, columns 71 to 141 of 250]
-600.9739 1617.702 1617.702 900.7795 -2706.156 314.2447 31.63203 31.63203 -753.6492 -753.6492 -532.0731 -261.2688 -261.2688 -162.5643 -162.5643 -494.4821 -427.0906 -427.0906 -375.2198 -375.2198 -146.3483 120.3976 120.3976 -794.5552 -794.5552 -1633.948 -1650.792 -436.0664 -1949.71 -1949.71 -1488.03 -1910.989 -1910.989 -2165.304 -2165.304 -1594.718 -2133.266 -2133.266 -2537.776 -2180.551 -2976 -538.7001 -538.7001 -698.3087 -698.3087 -511.3752 -362.0327 -362.0327 -468.5977 -468.5977 -443.0499 -439.3626 -439.3626 -332.1198 -332.1198 -156.4788 439.3987 -45.27719 -9999 -9999 -9999 -9999 -9999 -9999 -9999 -9999 -9999 -9999 -9999 -9999 -9999
690.71 1134.448 1134.448 -2706.156 -2706.156 314.2447 327.6716 327.6716 -799.1785 -799.1785 -532.0731 -261.2688 210.8005 39.08982 39.08982 293.2441 293.2441 -427.0906 3343.827 3343.827 1739.395 1739.395 120.3976 -794.5552 1520.508 -714.7996 -714.7996 -436.0664 -1949.71 -1949.71 -1271.683 -1271.683 -1925.616 -2165.304 -2165.304 -1675.782 -1675.782 -1934.809 -2180.551 -2180.551 -2976 -200.5425 -381.5544 -570.9243 -570.9243 -511.3752 -511.3752 -355.3581 -490.3347 -490.3347 -468.4592 -468.4592 -439.3626 -3495.44 -3495.44 -501.9991 -501.9991 -45.27719 -9999 -9999 -9999 -9999 -9999 -9999 -9999 -9999 -9999 -9999 -9999 -9999 -9999
690.71 690.71 1134.448 3045.443 3045.443 2358.223 2358.223 327.6716 -799.1785 56.29019 -16.54927 -16.54927 210.8005 39.08982 2666.952 2125.519 2125.519 2421.411 3343.827 3343.827 731.1544 731.1544 1477.756 1520.508 1520.508 -714.7996 948.2102 357.3458 357.3458 -333.504 -1271.683 -1271.683 -1345.436 -1345.436 -1759.419 -1675.782 -1675.782 -1934.809 -1201.292 -2073.677 -200.5425 -200.5425 -381.5544 -381.5544 -2799.596 -339.461 -339.461 -355.3581 -355.3581 -490.3347 -484.0988 -484.0988 -537.4238 -537.4238 -3495.44 -2766.404 -2766.404 22.44065 22.44065 -9999 -9999 -9999 -9999 -9999 -9999 -9999 -9999 -9999 -9999 -9999 -9999
-141.7409 -141.7409 1575.744 1575.744 3045.443 2116.941 2116.941 424.2108 424.2108 56.29019 -16.54927 2238.651 4033.21 4033.21 2666.952 2125.519 2125.519 432.6326 432.6326 -220.4498 731.1544 731.1544 1477.756 -687.3773 353.786 948.2102 948.2102 357.3458 -1081.724 -927.516 -507.889 -507.889 -1345.436 -1345.436 -813.5276 -1130.608 -1130.608 -1201.292 -1201.292 -2073.677 -3792.15 -938.4886 -1340.927 -1340.927 -2799.596 -2799.596 -2496.169 -2956.427 -2956.427 -370.0365 -370.0365 -484.0988 -1815.263 -1815.263 -444.6541 -444.6541 -2766.404 22.44065 -9999 -9999 -9999 -9999 -9999 -9999 -9999 -9999 -9999 -9999 -9999 -9999 -9999
175.9943 -141.7409 2024.756 2024.756 2475.354 2475.354 2116.941 1872.609 1872.609 2587.025 2587.025 2238.651 4033.21 -318.3843 -116.4498 -116.4498 -238.1078 432.6326 432.6326 488.3175 488.3175 -279.74 -687.3773 -687.3773 353.786 -1050.709 -1338.004 -1081.724 -1081.724 -927.516 -927.516 -391.6632 -20.55497 -20.55497 -813.5276 -813.5276 -1130.608 -2141.458 -2141.458 -3792.15 -3792.15 -938.4886 -1340.927 -900.3286 -2011.635 -2011.635 -2496.169 -2956.427 -2240.355 -364.1082 -364.1082 -3322.25 -3322.25 -1815.263 -413.225 -413.225 -1341.908 -1341.908 -9999 -9999 -9999 -9999 -9999 -9999 -9999 -9999 -9999 -9999 -9999 -9999 -9999
31.97229 1515.056 1515.056 2024.756 3637.781 3637.781 3463.673 3463.673 1872.609 2587.025 210.9608 497.8968 497.8968 -318.3843 -116.4498 -116.4498 -141.3384 -141.3384 428.2632 488.3175 488.3175 -279.74 -249.3539 -899.5047 -1050.709 -1050.709 -1338.004 -1503.494 -1314.886 -1329.444 -1329.444 -391.6632 -391.6632 -1092.157 -1043.577 -1043.577 -1775.075 -1775.075 -2141.458 -2091.556 -2091.556 -805.5438 -805.5438 -900.3286 -2011.635 -2460.458 -2894.822 -2894.822 -2240.355 -364.1082 -364.1082 -314.6122 -314.6122 -379.847 -413.225 -413.225 -1341.908 -1013.785 -9999 -9999 -9999 -9999 -9999 -9999 -9999 -9999 -9999 -9999 -9999 -9999 -9999
-203.8578 -2132.853 -2132.853 3314.329 3314.329 3637.781 3700.343 3700.343 370.6653 370.6653 210.9608 497.8968 -362.5127 -539.114 -539.114 -230.1053 -141.3384 -141.3384 447.4139 447.4139 619.813 -249.3539 -249.3539 -899.5047 -637.8951 -734.0031 -1503.494 -1503.494 -1314.886 -1314.886 -1836.132 -1308.932 -1308.932 -1092.157 -1092.157 -1043.577 -2146.948 -2146.948 -2930.312 -2930.312 -2091.556 -1858.611 -1858.611 -1755.643 -1755.643 -2460.458 -2894.822 -519.5397 -401.819 -401.819 -460.6045 -314.6122 -314.6122 -173.5277 -173.5277 -268.9351 -1013.785 -1013.785 -9999 -9999 -9999 -9999 -9999 -9999 -9999 -9999 -9999 -9999 -9999 -9999 -9999
-203.8578 -2132.853 -2132.853 325.2639 325.2639 3837.063 3837.063 3700.343 370.6653 219.7023 -373.7119 -373.7119 -362.5127 -539.114 -539.114 -292.6927 -292.6927 -131.5213 447.4139 447.4139 640.1672 640.1672 144.4053 -637.8951 -637.8951 -734.0031 1.585228 -944.37 -1349.687 -1349.687 -1836.132 -1836.132 -1675.304 -2084.467 -2084.467 -1894.99 -1894.99 -2146.948 -4759.382 -4759.382 -2360.792 -2360.792 -1858.611 -1755.643 -503.9622 -512.0046 -512.0046 -519.5397 -401.819 -401.819 -394.1721 -394.1721 -304.1603 -173.5277 -173.5277 -488.7349 -488.7349 -658.9329 -9999 -9999 -9999 -9999 -9999 -9999 -9999 -9999 -9999 -9999 -9999 -9999 -9999
146.9549 146.9549 -1020.95 325.2639 325.2639 3265.944 3265.944 2524.954 219.7023 219.7023 -373.7119 212.0148 -844.7814 -460.0201 -460.0201 -292.6927 -292.6927 -133.7168 -133.7168 283.1962 640.1672 640.1672 144.4053 206.9933 34.14802 1.585228 1.585228 -944.37 -944.37 -1051.987 -1615.052 -1615.052 -1675.304 -1675.304 -1834.37 -2047.593 -2047.593 -2602.181 -2602.181 -4759.382 -2879.845 -2879.845 -431.4624 -431.4624 -503.9622 -512.0046 -705.564 -544.9462 -544.9462 -431.7884 -394.1721 -394.1721 -236.1132 -236.1132 -433.5168 -488.7349 -488.7349 -658.9329 -705.7662 -9999 -9999 -9999 -9999 -9999 -9999 -9999 -9999 -9999 -9999 -9999 -9999
146.9549 146.9549 -1555.585 -1555.585 2.455148 3265.944 3265.944 2524.954 399.6018 736.1432 212.0148 212.0148 -844.7814 -333.2656 -271.3641 -273.9285 -273.9285 -133.7168 -133.7168 -130.3758 132.0806 132.0806 206.9933 206.9933 34.14802 -105.0722 -105.0722 -668.1214 -668.1214 -1051.987 -1051.987 -2231.068 -2573.344 -2573.344 -1834.37 -1834.37 -2047.593 -4408.678 -4408.678 -3808.6 -3808.6 -2879.845 -431.4624 -593.142 -728.0641 -728.0641 -705.564 -544.9462 -509.7725 -394.3389 -394.3389 -314.4561 -236.1132 -236.1132 -166.0579 -166.0579 -546.9263 -705.7662 -705.7662 -9999 -9999 -9999 -9999 -9999 -9999 -9999 -9999 -9999 -9999 -9999 -9999
-1474.327 -1040.496 -1555.585 -1555.585 246.8729 246.8729 3202.51 399.6018 399.6018 736.1432 1246.718 -242.7411 -333.2656 -333.2656 -271.3641 -271.3641 114.3497 -67.12262 -67.12262 -130.3758 -130.3758 132.0806 -107.41 -107.41 89.51759 89.51759 -105.0722 -137.3815 -137.3815 -771.9489 -771.9489 -2231.068 -2573.344 -1844.12 -2781.592 -2781.592 -2606.64 -4408.678 -4408.678 -3558.237 -3558.237 -3489.065 -3489.065 -593.142 -728.0641 -783.9222 -728.0303 -728.0303 -509.7725 -394.3389 -394.3389 -2116.788 -2116.788 -227.5119 -166.0579 -166.0579 -546.9263 -539.8727 -673.2064 -9999 -9999 -9999 -9999 -9999 -9999 -9999 -9999 -9999 -9999 -9999 -9999
-1474.327 -75.40758 -75.40758 -1569.572 246.8729 246.8729 4678.372 4678.372 1989.93 1246.718 1246.718 -242.7411 -291.2668 -471.6503 -220.6303 -220.6303 114.3497 114.3497 -298.5922 86.97878 86.97878 609.1158 609.1158 -107.41 -129.0971 -129.0971 345.3596 345.3596 -137.3815 -771.9489 -1613.845 -2675.598 -2675.598 -1844.12 -2781.592 -2781.592 -2683.535 -2683.535 -4374.42 -3558.237 -3558.237 -589.6062 -589.6062 -711.7365 -783.9222 -783.9222 -728.0303 -627.9468 -416.9398 -416.9398 -308.3594 -2116.788 -2116.788 -173.7615 -173.7615 -62.94904 -539.8727 -539.8727 -673.2064 -590.434 -565.9338 -9999 -9999 -9999 -9999 -9999 -9999 -9999 -9999 -9999 -9999
-1206.417 -75.40758 -75.40758 -639.8579 -639.8579 942.8387 4678.372 4678.372 1989.93 2540.552 2193.352 -291.2668 -291.2668 -471.6503 -471.6503 -530.9841 -345.9802 -345.9802 -298.5922 -298.5922 -137.7712 -191.4221 -191.4221 -720.5704 -720.5704 -129.0971 559.7092 559.7092 532.8234 532.8234 -1613.845 -2675.598 -864.4035 -2103.214 -2103.214 -2778.274 -2683.535 -2683.535 -5069.303 -5069.303 -4073.137 -589.6062 -589.6062 -711.7365 -647.1426 -682.1857 -627.9468 -627.9468 -416.9398 -416.9398 -1736.049 -1662.163 -1662.163 -173.7615 -173.7615 -62.94904 -517.2153 -517.2153 -590.434 -590.434 -565.9338 -691.2823 -9999 -9999 -9999 -9999 -9999 -9999 -9999 -9999 -9999
1040.904 1040.904 -1688.027 -639.8579 -639.8579 1446.936 1446.936 3546.238 2540.552 2540.552 2193.352 7831.732 1038.585 -147.2271 -147.2271 -530.9841 -530.9841 205.5398 -74.25121 -74.25121 -137.7712 -137.7712 -191.4221 -306.2387 -306.2387 19.85641 19.85641 559.7092 532.8234 186.7846 -617.4131 -617.4131 -864.4035 -2103.214 323.1655 -1663.065 -1663.065 -2312.805 -5069.303 -5069.303 -698.212 -698.212 -709.5268 -647.1426 -647.1426 -682.1857 -423.9451 -379.6021 -2227.841 -2227.841 -1736.049 -1736.049 -1994.442 -2318.201 -2318.201 -19.35858 -19.35858 -517.2153 -596.7534 -596.7534 -691.2823 -691.2823 -9999 -9999 -9999 -9999 -9999 -9999 -9999 -9999 -9999
1040.904 1040.904 -2132.11 622.1055 622.1055 1446.936 1446.936 3546.238 -151.4713 -10770.91 7831.732 7831.732 1038.585 3785.055 525.2527 240.112 240.112 205.5398 205.5398 332.6543 -43.97549 -43.97549 -513.8898 -513.8898 -306.2387 1276.98 1276.98 891.068 891.068 186.7846 -617.4131 257.7668 416.6258 416.6258 323.1655 -1663.065 -1663.065 -2180.838 -2180.838 -3823.038 -698.212 -698.212 -709.5268 -654.1127 -484.4451 -423.9451 -423.9451 -379.6021 -379.6021 -200.731 16.41331 16.41331 -1994.442 -1994.442 -175.3083 -402.3757 -402.3757 -520.2916 -520.2916 -596.7534 -695.871 -695.871 -9999 -9999 -9999 -9999 -9999 -9999 -9999 -9999 -9999
500.9795 500.9795 -2132.11 -2132.11 -1903.61 686.0802 686.0802 -151.4713 -151.4713 -10770.91 6287.002 6287.002 3785.055 3785.055 525.2527 240.112 -530.7618 -305.3328 -305.3328 332.6543 332.6543 -43.97549 494.3966 494.3966 244.5903 244.5903 1276.98 891.068 1002.745 236.1921 236.1921 257.7668 416.6258 -52.29837 -951.731 -951.731 -692.0479 -2180.838 -2180.838 -648.8141 -648.8141 -793.2797 -654.1127 -654.1127 -484.4451 -1696.651 -198.1541 -241.0696 -241.0696 -200.731 -200.731 -2707.249 -849.6215 -849.6215 -175.3083 -175.3083 -402.3757 -502.1784 -502.1784 -583.3579 -583.3579 -695.871 -9999 -680.5837 -9999 -9999 -9999 -9999 -9999 -9999 -9999
-15.01189 -106.6071 -997.2451 -997.2451 -1903.61 -1903.61 1378.701 -2714.356 -2714.356 -7926.278 -7926.278 6287.002 4569.896 4569.896 34.98937 34.98937 -530.7618 -305.3328 1344.295 3035.018 3035.018 1323.449 494.3966 494.3966 3325.923 3325.923 1292.952 1002.745 1002.745 236.1921 1278.146 970.6968 970.6968 -52.29837 -951.731 -951.731 -481.0456 -481.0456 -1117.086 -648.8141 -648.8141 -793.2797 -2739.258 -2515.878 -1696.651 -1696.651 -198.1541 -199.7566 -819.2888 -247.2325 -247.2325 -2707.249 -2707.249 -253.1865 -115.0558 -115.0558 53.75263 53.75263 -502.1784 -565.1746 -565.1746 -645.6042 -645.6042 -680.5837 -9999 -9999 -9999 -9999 -9999 -9999 -9999
-16.69901 -106.6071 -106.6071 -1953.729 647.5697 647.5697 1378.701 1378.701 -2714.356 -8741.651 -8741.651 6985 6985 4569.896 34.98937 3836.3 2581.679 2581.679 1344.295 3035.018 3035.018 2997.87 2997.87 3209.154 3325.923 3325.923 650.2099 650.2099 2496.814 1278.146 1278.146 970.6968 2008.928 811.8824 -59.12674 -59.12674 -481.0456 -481.0456 -59.55435 -59.55435 -2640.092 -2739.258 -2739.258 -2515.878 -1412.178 -883.0226 -199.7566 -199.7566 -819.2888 -819.2888 -448.1067 -191.7159 -191.7159 -253.1865 -253.1865 -115.0558 -388.0371 -388.0371 -477.5755 -477.5755 -565.1746 -621.4542 -621.4542 -698.5262 -698.5262 -9999 -9999 -9999 -9999 -9999 -9999
-13.03164 -43.87277 -43.87277 -1953.729 -1953.729 -527.6248 953.8355 953.8355 4862.793 4862.793 -8741.651 4280.933 4280.933 5777.61 5777.61 3836.3 2581.679 4832.574 3481.848 3481.848 15.7669 2997.87 2997.87 -16.96429 -16.96429 -434.6986 650.2099 650.2099 2496.814 1750.01 2222.496 2008.928 2008.928 811.8824 811.8824 2985.974 605.185 605.185 -59.55435 -59.55435 -1038.031 -1155.183 -1155.183 -1412.178 -1412.178 -883.0226 -6.992402 -6.992402 4.970667 4.970667 -448.1067 -448.1067 -172.1392 -182.7231 -182.7231 46.33311 46.33311 -388.0371 -447.571 -447.571 -542.8032 -542.8032 -621.4542 -698.5262 -651.2905 -699.6678 -699.6678 -9999 -9999 -9999 -9999
-13.03164 -13.03164 792.502 -614.8489 -614.8489 -527.6248 -527.6248 953.8355 -4530.648 -4530.648 -3351.487 -3351.487 4280.933 5777.61 1104.574 544.8262 544.8262 4832.574 3481.848 60.62946 72.11855 72.11855 103.1079 -16.96429 -16.96429 -154.8676 -154.8676 -67.68805 1750.01 1750.01 2222.496 -3.065127 129.1935 2595.559 2595.559 2985.974 2985.974 2337.343 18.00156 18.00156 -1038.031 -1038.031 -1155.183 2.920661 2.920661 428.5747 428.5747 -6.992402 4.970667 384.2932 -1325.639 -1325.639 -172.1392 -182.7231 157.1747 -268.6473 -268.6473 -361.3146 -447.571 -447.571 -483.5201 -483.5201 -575.9109 -575.9109 -651.2905 -699.6678 -715.3663 -9999 -9999 -9999 -9999
1118.66 1118.66 792.502 792.502 -363.821 -518.0318 -518.0318 3022.124 3022.124 -4530.648 -4212.877 -4212.877 3706.509 3706.509 1104.574 544.8262 -304.8745 -129.7722 -129.7722 60.62946 72.11855 72.11855 77.44055 77.44055 -239.4537 -154.8676 -154.8676 -67.68805 92.24154 -1280.579 -3.065127 -3.065127 129.1935 -1048.611 17.12276 1583.296 1583.296 2337.343 2337.343 2820.911 253.3592 253.3592 25.23583 25.23583 2.920661 5007.611 5007.611 788.3743 788.3743 384.2932 -1325.639 6059.588 1989.936 1989.936 157.1747 -268.6473 -268.6473 -264.8399 -264.8399 -369.584 -483.5201 -483.5201 -575.9109 -503.1241 -598.1251 -715.3663 -715.3663 -9999 -9999 -9999 -9999
1118.66 686.3038 -29.99158 -29.99158 -363.821 -518.0318 -518.0318 -181.6648 -181.6648 3730.451 3730.451 -4212.877 3887.963 3887.963 206.4387 206.4387 -304.8745 -129.7722 -491.5983 -487.8814 -487.8814 95.75348 77.44055 77.44055 348.3475 348.3475 -337.8623 92.24154 92.24154 -1280.579 -1208.649 -1751.541 -1048.611 -1048.611 17.12276 17.12276 -102.0137 203.599 203.599 2820.911 2820.911 253.3592 3864.667 3864.667 3727.416 3727.416 5007.611 2539.033 2539.033 5315.192 5315.192 6059.588 1989.936 2991.157 1471.864 1471.864 264.0325 -264.8399 -264.8399 197.3613 197.3613 -382.4084 -503.1241 -503.1241 -598.1251 -523.129 -702.1201 -9999 -9999 -9999 -9999
-563.2048 686.3038 -29.99158 6.450909 -370.6951 -370.6951 -2681.509 -181.6648 -181.6648 3798.612 3798.612 -4472.835 3887.963 3887.963 206.4387 416.1864 -433.7449 -491.5983 -491.5983 -487.8814 -487.8814 -108.1852 -108.1852 60.32132 348.3475 348.3475 747.8427 747.8427 383.969 -1208.649 -1208.649 -1751.541 -1260.234 -674.03 -801.7339 -801.7339 -102.0137 -102.0137 -730.7089 36.93208 36.93208 3715.526 3715.526 3864.667 98.19991 98.19991 755.6614 755.6614 2539.033 5315.192 -1143.033 513.1539 513.1539 2991.157 1471.864 1471.864 331.8979 331.8979 202.177 197.3613 197.3613 -382.4084 -13.38279 -15.15264 -523.129 -523.129 -702.1201 -696.4804 -1564.911 -9999 -9999
-621.8633 1114.047 1114.047 6.450909 -370.6951 -351.8353 -1614.689 -1614.689 1464.943 3798.612 3798.612 -4900.82 -4900.82 4725.83 416.1864 416.1864 -433.7449 -233.6015 -500.5731 -174.0695 -174.0695 -108.1852 -108.1852 452.747 766.1262 766.1262 747.8427 747.8427 383.969 -75.75635 -466.666 -1260.234 -1260.234 -674.03 -674.03 -1697.937 -1788.593 -1788.593 -730.7089 -730.7089 36.93208 -304.4768 -304.4768 120.8617 120.8617 98.19991 -946.8193 -946.8193 -282.3613 -282.3613 -1143.033 513.1539 -1794.96 -134.6373 -134.6373 2832.418 331.8979 331.8979 2716.598 2716.598 134.3848 -13.38279 -13.38279 -15.15264 -42.67337 -91.61861 -696.4804 -696.4804 -1564.911 -1564.911 0.02765095
-621.8633 1114.047 103.6213 -22.31991 -22.31991 -351.8353 -1614.689 -1614.689 -460.3555 -460.3555 2680.144 -4900.82 -4900.82 4725.83 4785.058 1650.938 -233.6015 -233.6015 -500.5731 -161.4791 -309.614 -20.33318 -20.33318 452.747 452.747 239.1604 -13.07376 -13.07376 -75.75635 -75.75635 -466.666 -837.6608 -837.6608 -1490.476 -1490.476 -1697.937 -1788.593 -1839.81 -1551.843 -1551.843 -1165.96 -1165.96 -304.4768 -145.2219 -145.2219 12.92415 12.92415 -946.8193 -282.3613 -2204.036 -436.734 -436.734 -1794.96 -134.6373 -134.6373 -221.9471 -221.9471 2129.569 2716.598 2716.598 1898.118 1898.118 410.0286 -42.67337 -42.67337 -91.61861 -181.7182 -624.3436 -26.48906 -26.48906 0.02765095
-9999 -9999 103.6213 -22.31991 -9.936465 -345.2675 -345.2675 -1935.831 -460.3555 -460.3555 1389.955 1389.955 -4246.712 4785.058 4785.058 1650.938 1459.47 -307.5518 -161.4791 -161.4791 -309.614 -309.614 83.76231 150.983 150.983 239.1604 239.1604 -13.07376 847.0461 847.0461 297.7099 297.7099 -837.6608 -1490.476 -967.413 -1503.699 -1503.699 -1839.81 -1551.843 -2105.403 -1683.878 -1683.878 -200.3134 -145.2219 -145.2219 -401.5503 -401.5503 -1487.808 -2204.036 -2204.036 -436.734 -554.9192 -400.2144 -400.2144 -180.8309 -221.9471 -221.9471 342.8443 342.8443 234.7942 1898.118 1898.118 410.0286 1164.886 305.7089 -181.7182 -181.7182 -624.3436 -624.3436 -9999 -0.009321769
-9999 -9999 191.2063 191.2063 -9.936465 -345.2675 -345.2675 89.19413 89.19413 -721.3591 1389.955 1389.955 -2929.849 -2929.849 3232.496 1459.47 1459.47 -307.5518 -286.6143 -481.7195 -479.86 -479.86 83.76231 83.76231 -291.8774 26.50526 26.50526 278.1567 278.1567 847.0461 273.193 273.193 -480.2295 -480.2295 -967.413 -1503.699 -1525.922 -1905.057 -1905.057 -2105.403 -1683.878 -1683.878 -956.4496 -956.4496 -619.3233 -401.5503 -401.5503 -1487.808 -1923.705 -437.7325 -554.9192 -554.9192 -400.2144 -429.499 -239.4707 -696.3249 -696.3249 342.8443 342.8443 -17.33017 51.87577 51.87577 1164.886 1164.886 305.7089 1655.116 889.6216 -67.17753 -67.17753 -9999 -9999
-9999 -9999 191.2063 489.2817 365.7213 365.7213 -1185.513 89.19413 89.19413 -238.7317 -238.7317 1734.005 -2929.849 -2929.849 3232.496 6734.754 2205.009 -286.6143 -286.6143 -481.7195 -481.7195 -674.0807 -194.268 -194.268 -291.8774 -291.8774 26.50526 511.0752 511.0752 529.5396 529.5396 273.193 -681.1732 -681.1732 -1060.301 -1060.301 -1525.922 -1905.057 -1338.401 -1372.528 -1372.528 -2530.648 -956.4496 -956.4496 -833.1624 -833.1624 -1715.909 -1923.705 -1923.705 -437.7325 -521.4783 -606.267 -429.499 -429.499 -239.4707 -239.4707 -1346.004 -116.1966 -116.1966 -17.33017 -17.33017 51.87577 68.42302 68.42302 1655.116 1655.116 889.6216 -260.0406 -260.0406 -9999 -9999
-9999 -9999 489.2817 489.2817 365.7213 -1047.83 -1167.9 -659.0117 -659.0117 -238.7317 -238.7317 3160.812 3160.812 -3127.596 6734.754 6734.754 2205.009 2622.39 76.9263 -518.5259 -518.5259 -674.0807 -674.0807 253.4523 438.7208 438.7208 301.0665 301.0665 511.0752 103.6468 103.6468 146.5923 146.5923 -681.1732 -1060.301 -135.6764 -488.8494 -488.8494 -1338.401 -1372.528 -1372.528 -3252.123 -3252.123 -1274.406 -833.1624 -833.1624 -1785.448 -1785.448 -2349.232 -521.4783 -521.4783 -606.267 -620.6354 -572.6582 -339.7339 -339.7339 -1346.004 -1346.004 -235.1928 -159.355 -159.355 -32.82154 -32.82154 68.42302 1537.535 1537.535 333.9198 333.9198 -260.0406 -9999 -9999
-9999 -9999 -9999 -1295.063 -1047.83 -1047.83 -1167.9 -1167.9 -873.1397 -490.2007 -490.2007 3160.812 3160.812 -3127.596 -6141.45 -6141.45 2622.39 2622.39 76.9263 -518.5259 -460.7939 -264.8499 -264.8499 253.4523 253.4523 -542.5347 -144.459 -144.459 384.2799 384.2799 103.6468 1066.55 1066.55 241.5662 241.5662 -135.6764 -488.8494 -401.8306 -62.71271 -62.71271 -86.85571 -3252.123 -3252.123 -1104.165 -1104.165 -1509.68 -1785.448 -1785.448 -2349.232 -2464.595 -525.2733 -620.6354 -620.6354 -572.6582 -572.6582 -462.2211 -275.9759 -275.9759 -235.1928 -235.1928 -210.0534 40.52184 40.52184 159.5509 159.5509 1537.535 -430.8991 -430.8991 -395.0802 -395.0802 -9999
-9999 -9999 -9999 -1295.063 -1345.459 -1035.064 -1290.551 -1290.551 -873.1397 -873.1397 -1784.891 1973.186 1973.186 4776.453 4776.453 -6141.45 4455.637 4455.637 523.5009 523.5009 -460.7939 -264.8499 -556.2367 -495.1029 -495.1029 -542.5347 -144.459 -144.459 -45.44437 -45.44437 544.3091 544.3091 1066.55 241.5662 833.9165 323.989 323.989 -401.8306 -62.71271 263.3972 -2572.213 -2572.213 -1610.886 -1104.165 -1104.165 -1428.746 -1428.746 -1686.722 -2464.595 -2464.595 -525.2733 -487.3297 -641.0374 -588.8339 -588.8339 -462.2211 -462.2211 -318.2155 -290.1879 -290.1879 -210.0534 -210.0534 40.52184 -306.5576 -306.5576 -284.8886 -284.8886 -430.8991 -395.0802 -445.2398 -9999
-9999 -9999 -9999 -1345.459 -1345.459 -1035.064 -1035.064 -90.94062 -1312.944 -1312.944 -1784.891 -1784.891 1973.186 6580.997 6580.997 -2103.286 -2103.286 4455.637 277.6313 277.6313 -515.9175 -515.9175 -556.2367 -495.1029 -200.6549 -522.4021 -522.4021 -392.2209 -45.44437 -45.44437 1458.21 1458.21 1814.683 833.9165 833.9165 323.989 116.9737 605.6932 263.3972 263.3972 -2572.213 -2572.213 -1316.412 -1316.412 -1708.041 -1428.746 -1428.746 -1686.722 -1491.928 -2221.811 -487.3297 -487.3297 -641.0374 -549.319 -529.7641 -400.48 -400.48 -318.2155 -318.2155 -319.51 -278.4893 -278.4893 -309.4237 -309.4237 -306.5576 -371.0123 -371.0123 -410.2633 -410.2633 -445.2398 -9999
