STOTEN_Data/raw/MFVelSept2000.asc
ncols         250
nrows         718
xllcorner     -2256000
yllcorner     1557000
cellsize      1000
NODATA_value  -9999
[rows 465 to 495 of 718, columns 71 to 141 of 250]
-9999 -9999 -9999 -9999 -9999 -9999 -9999 -10.00124 -10.21393 -10.21393 -10.63996 -10.63996 -11.51391 -14.0754 -14.0754 -15.90574 -15.90574 -15.953 7.561467 7.561467 -94.68663 -94.68663 -351.4395 -476.3801 -370.2247 -333.8311 -333.8311 -1096.611 -1862.558 -1862.558 -2985.235 -2985.235 -6564.736 -3194.782 -3194.782 -2496.746 -2648.163 -2874.036 -2874.036 -3477.785 -1595.154 -1595.154 -3080.022 -3080.022 -1619.478 -2987.45 -2987.45 -1035.738 -1634.16 55.58827 -1025.616 -1025.616 -426.3626 -426.3626 -1151.923 -1137.681 -1137.681 -109.1158 -109.1158 -2127.791 -868.2549 -868.2549 -795.6454 -795.6454 -2202.802 -266.7289 -266.7289 -73.88948 -73.88948 1330.924 196.5599
-9999 -9999 -9999 -9999 -9999 -9999 -9999 -10.00124 -10.00124 -10.09292 -10.70337 -10.70337 -12.12326 -12.12326 -14.0754 -9999 -9999 -9999 -9999 7.561467 -94.68663 -726.1338 -1425.283 -1425.283 -370.2247 -333.8311 -333.8311 -1941.461 -1941.461 -1716.203 -2985.235 -2985.235 -6564.736 -3103.354 -2654.484 -2648.163 -2648.163 -2874.036 -3612.818 -6825.631 -2891.082 -2891.082 -3080.022 -3080.022 -2904.02 -3110.76 -3110.76 -1634.16 -1634.16 55.58827 -559.2319 -1304.664 -944.7953 -944.7953 -1151.923 -1151.923 -1638.113 -1504.381 -1504.381 -2127.791 -2127.791 -868.2549 -2551.733 -2551.733 -802.9318 -802.9318 -266.7289 -73.88948 -947.3799 313.8914 313.8914
-9999 -9999 -9999 -9999 -9999 -9999 -9999 -9.864851 -9.864851 -10.09292 -10.09292 -10.19487 -9999 -9999 -9999 -9999 -9999 -9999 -9999 -162.3376 -162.3376 -726.1338 -1425.283 -1763.328 -408.5502 -408.5502 -361.7948 -1941.461 -1941.461 -1543.889 -1543.889 -1895.145 -3103.354 -3103.354 -2654.484 -1958.047 -2961.131 -3612.818 -3612.818 -6825.631 -6825.631 -2087.704 -1931.44 -1931.44 -2904.02 -2904.02 -3110.76 -2501.146 -2501.146 -559.2319 -559.2319 -1304.664 -1275.975 -1275.975 -457.9476 -457.9476 -1638.113 -1638.113 -2158.413 -2715.227 -2715.227 -2174.372 -2174.372 -2551.733 -1366.84 -1366.84 -297.0403 -297.0403 -947.3799 313.8914 -111.454
-9999 -9999 -9999 -9999 -9999 -9999 -9999 -9999 -9.730515 -9.938342 -9.938342 -10.19487 -10.19487 -9999 -9999 -9999 -9999 -9999 -9999 -162.3376 -9999 -1381.758 -1381.758 -1763.328 -408.5502 -408.5502 -456.0464 -456.0464 -2010.387 -1543.889 -1543.889 -1643.125 -1643.125 -2458.672 -1958.047 -1958.047 -2961.131 -686.7953 -2241.648 -3027.645 -3027.645 -2087.704 -2087.704 -1375.192 -3004.329 -3004.329 -3595.31 -3595.31 -2501.146 -1517.467 -1517.467 -16.48269 -16.48269 -1275.975 -457.9476 -1828.696 -3223.092 -3223.092 -2158.413 -2715.227 -2715.227 -2252.102 -2252.102 -2344.625 -1366.84 -1366.84 -475.8332 -475.8332 426.5555 426.5555 -111.454
-9999 -9999 -9999 -9999 -9999 -9999 -9.504762 -9.504762 -9.730515 -9.730515 -9.805458 -9999 -9999 -9999 -9999 -9999 -9999 -9999 -9999 -9999 -9999 -1381.758 -696.9767 -1948.032 -1948.032 -475.4366 -456.0464 -456.0464 -2304.889 -2304.889 -1565.923 -1643.125 -1643.125 -2458.672 -703.4908 -663.4693 -686.7953 -686.7953 -2241.648 -2241.648 -882.4853 -1896.822 -1896.822 -1375.192 -1375.192 -3036.755 -3028.792 -3028.792 -2993.257 -2993.257 -1517.467 -409.8665 -409.8665 -1851.402 -1851.402 -1828.696 -3223.092 -2337.478 -2437.581 -2437.581 -2692.366 -2252.102 -2252.102 -2699.955 -2699.955 -2031.913 -475.8332 -475.8332 426.5555 -950.6584 -1145.349
-9999 -9999 -9999 -9999 -9999 -9999 -9.504762 -9.251119 -9.443768 -9.443768 -9.805458 -9999 -9999 -9999 -9999 -9999 -9999 -9999 -9999 -9999 -9999 -9999 -696.9767 -1948.032 -1002.149 -551.4814 -551.4814 -546.3339 -2304.889 -2304.889 -1744.807 -1744.807 -563.6969 -703.4908 -703.4908 -663.4693 -1076.859 -1175.13 -802.0057 -802.0057 -882.4853 -882.4853 -711.1516 -614.6864 -614.6864 -3036.755 -3036.755 -3028.792 -3053.796 -3053.796 -1900.18 -1900.18 -409.8665 -1851.402 -1643.734 -2395.416 -2395.416 -2337.478 -2437.581 -2680.688 -3779.457 -3779.457 -2779.823 -2699.955 -2699.955 -1370.269 -1370.269 -1534.458 -950.6584 -950.6584 -1145.349
-9999 -9999 -9999 -9999 -9999 -9999 -9999 -9.251119 -9.443768 -8.895434 -9999 -9999 -9999 -9999 -9999 -9999 -9999 -9999 -9999 -9999 -9999 -9999 -518.2038 -1002.149 -1002.149 -551.4814 -551.4814 -543.4935 -543.4935 -596.8047 -1744.807 -1744.807 -563.6969 -1014.662 -1178.965 -1076.859 -1076.859 -1175.13 -1105.481 -864.5538 -870.8434 -870.8434 -711.1516 -711.1516 -973.891 -721.7871 -721.7871 -2925.18 -2925.18 -3053.796 -2750.267 -2750.267 -1539.608 -1539.608 -1643.734 -2395.416 -2823.014 -3733.32 -3733.32 -2680.688 -3779.457 -3779.457 -1330.221 -1330.221 -2752.442 -1370.269 -1370.269 -1534.458 -1917.87 -1835.343 -2507.153
-9999 -9999 -9999 -9999 -9999 -9999 -9999 -8.959564 -8.959564 -8.895434 -9999 -9999 -9999 -9999 -9999 -9999 -9999 -9999 -9999 -9999 -9999 -9999 -518.2038 -409.474 -1646.974 -624.3619 -624.3619 -543.4935 -543.4935 -679.6405 -790.0562 -790.0562 -1014.662 -1014.662 -1178.965 -1358.394 -1358.394 -1105.481 -1105.481 -864.5538 -864.5538 -1098.028 -905.1444 -905.1444 -973.891 -973.891 -721.7871 -2893.648 -2893.648 -3106.755 -3106.755 -2750.267 -1539.608 -2380.802 -3796.869 -3796.869 -2823.014 -3733.32 -2942.085 -2483.342 -2483.342 -1611.703 -1330.221 -1330.221 -2522.569 -2522.569 -3073.668 -1917.87 -1917.87 -1835.343 -1893.794
-9999 -9999 -9999 -9999 -9999 -9999 -9999 -8.959564 -9999 -8.46145 -8.46145 -9999 -9999 -9999 -9999 -9999 -9999 -9999 -9999 -9999 -9999 -9999 -409.474 -409.474 -1646.974 -1646.974 -775.4557 -728.9223 -728.9223 -679.6405 -679.6405 -774.539 -627.7589 -627.7589 -626.1414 -626.1414 -1358.394 -1549.21 -1549.21 -1046.063 -1046.063 -1098.028 -905.1444 -911.4222 -899.8738 -899.8738 -813.5368 -813.5368 -2893.648 -3804.823 -3804.823 -3045.566 -3045.566 -2380.802 -3796.869 -2957.163 -3200.232 -3200.232 -2942.085 -2483.342 -2483.342 -2169.975 -2169.975 -1589.172 -2522.569 -2522.569 -3073.668 -1877.414 -2227.203 -1893.794 -1893.794
-9999 -9999 -9999 -9999 -9999 -9999 -9999 -9999 -9999 -8.46145 -8.245738 -9999 -9999 -9999 -9999 -9999 -9999 -9999 -9999 -9999 -9999 -9999 -9999 -1736.392 -9999 -9999 -775.4557 -775.4557 -818.8567 -786.8008 -786.8008 -774.539 -774.539 -627.7589 -513.4693 -513.4693 -570.3305 -570.3305 -1549.21 -1046.063 -1111.225 -1004.129 -1004.129 -911.4222 -899.8738 -899.8738 -862.9082 -862.9082 -3090.746 -3804.823 -3804.823 -1039.997 -1039.997 -2692.796 -2957.163 -2957.163 -3200.232 -3177.123 -2990.647 -2990.647 -1208.483 -2169.975 -2169.975 -3154.503 -3154.503 -1361.002 -1877.414 -1877.414 -2227.203 -5103.262 -2102.77
-9999 -9999 -9999 -9999 -9999 -9999 -9999 -9999 -9999 -9999 -8.245738 -9999 -9999 -9999 -9999 -9999 -9999 -9999 -9999 -9999 -9999 -9999 -9999 -1736.392 -1285.997 -799.2078 -842.2891 -842.2891 -818.8567 -818.8567 -863.3303 -1117.952 -1117.952 -739.7281 -739.7281 -513.4693 -492.1289 -492.1289 -610.488 -610.488 -1111.225 -1004.129 -1249.961 -999.5463 -999.5463 -1073.116 -862.9082 -862.9082 -784.2869 -784.2869 -805.0319 -1039.997 -1039.997 -2692.796 -7879.957 -3005.146 -3177.123 -3177.123 -2990.647 -2990.647 -1404.862 -3249.232 -3249.232 -3154.503 -3154.503 -3648.5 -2460.828 -2460.828 -5103.262 -5103.262 -2102.77
-9999 -9999 -9999 -9999 -9999 -9999 -9999 -9999 -9999 -9999 -9999 -9999 -9999 -9999 -9999 -9999 -9999 -9999 -9999 -9999 -9999 -9999 -99.82993 -1285.997 -1285.997 -799.2078 -799.2078 -818.6874 -899.4774 -899.4774 -863.3303 -863.3303 -1117.952 -810.6552 -810.6552 -553.2671 -553.2671 -492.1289 -610.488 -782.6395 -1231.315 -1231.315 -1249.961 -999.5463 -1012.752 -1031.951 -1031.951 -1070.36 -784.2869 -784.2869 -1422.95 -1422.95 -1283.311 -7879.957 -7879.957 -3005.146 -2095.795 -1814.22 -3171.149 -3171.149 -1404.862 -1404.862 -3750.032 -2750.63 -2750.63 -3648.5 -3648.5 -2460.828 -2475.003 -2475.003 -2230.052
-9999 -9999 -9999 -9999 -9999 -9999 -9999 -9999 -9999 -9999 -9999 -9999 -9999 -9999 -9999 -9999 -9999 -9999 -9999 -9999 -9999 -9999 -99.82993 25.59101 -12.42972 -877.6868 -877.6868 -818.6874 -818.6874 -740.6448 -724.038 -724.038 -836.0291 -836.0291 -810.6552 -585.2658 -585.2658 -504.8568 -504.8568 -782.6395 -1231.315 -1266.505 -1136.87 -1136.87 -1012.752 -1031.951 -1031.951 -1369.882 -1369.882 -930.6537 -1422.95 -1422.95 -1283.311 -5244.725 -8328.367 -2095.795 -2095.795 -1814.22 -2110.04 -2064.093 -2022.669 -2022.669 -3750.032 -3750.032 -4608.048 -5427.173 -5427.173 -4520.493 -4520.493 -2475.003 -3271.877
-9999 -9999 -9999 -9999 -9999 -9999 -9999 -9999 -9999 -9999 -9999 -9999 -9999 -9999 -9999 -9999 -9999 -9999 -9999 -9999 -9999 -9999 25.59101 25.59101 -12.42972 -877.6868 -719.1563 -710.1761 -710.1761 -740.6448 -740.6448 -724.038 -699.8749 -699.8749 -661.0187 -661.0187 -585.2658 -534.1503 -534.1503 -773.659 -773.659 -1266.505 -1136.87 -1259.062 -1139.262 -1139.262 -1284.742 -1369.882 -1369.882 -1030.614 -1030.614 -3050.123 -5244.725 -5244.725 -8328.367 -8683.791 -2765.954 -2110.04 -2110.04 -2064.093 -2064.093 -3309.042 -4102.664 -4102.664 -4608.048 -4608.048 -5427.173 -982.9194 -982.9194 -1784.98 -1784.98
-9999 -9999 -9999 -9999 -9999 -9999 -9999 -9999 -9999 -9999 -9999 -9999 -9999 -9999 -9999 -9999 -9999 -9999 -9999 -9999 -9999 -9999 -1.336048 -1.336048 -8.71344 -8.71344 -719.1563 -710.1761 -629.7319 -643.692 -643.692 -608.6569 -699.8749 -699.8749 -591.7485 -591.7485 -581.472 -581.472 -534.1503 -773.659 -706.2947 -1249.38 -1249.38 -1259.062 -1139.262 -1139.262 -1363.602 -1363.602 -3539.607 -1030.614 -1030.614 -2922.787 -2922.787 -2015.49 -8683.791 -8683.791 -2765.954 -3016.044 -2865.704 -4460.194 -4460.194 -3309.042 -3309.042 -5320.083 -6311.996 -6311.996 -19971.48 -19971.48 -982.9194 -3186.294 -3186.294
-9999 -9999 -9999 -9999 -9999 -9999 -9999 -9999 -9999 -9999 -9999 -9999 -9999 -9999 -9999 -9999 -9999 -9999 -9999 -9999 -9999 -9999 -9999 -1.336048 -8.71344 -9999 -707.5333 -707.5333 -629.7319 -643.692 -471.6468 -517.4727 -517.4727 -602.751 -591.7485 -591.7485 -513.0815 -513.0815 -512.4897 -706.2947 -706.2947 -1249.38 -1202.896 -1175.152 -1694.763 -1694.763 -1363.602 -1363.602 -1404.099 -1404.099 -971.5591 -2922.787 -2922.787 -2015.49 -2330.481 -9117.471 -3016.044 -3016.044 -2865.704 -2865.704 -22387.61 -6529.625 -6529.625 -5320.083 -5320.083 -3940.639 -5541.011 -5541.011 -2414.168 -2414.168 -3186.294
-9999 -9999 -9999 -9999 -9999 -9999 -9999 -9999 -9999 -9999 -9999 -9999 -9999 -9999 -9999 -9999 -9999 -9999 -9999 -9999 -9999 -9999 -9999 -416.2273 -416.2273 -9999 -707.5333 -535.3878 -515.4792 -515.4792 -471.6468 -517.4727 -517.4727 -673.5915 -673.5915 -608.6106 -513.0815 -513.0815 -512.4897 -449.0594 -510.5558 -1202.896 -1202.896 -1175.152 -1167.797 -1183.535 -1328.259 -1328.259 -1404.099 -1404.099 -985.2941 -1470.706 -1470.706 -2330.481 -2330.481 -9117.471 -3554.725 -3554.725 -4884.336 -4884.336 -22387.61 -22387.61 -4609.855 -6791.302 -6791.302 -3940.639 -3940.639 -5541.011 -3270.617 -3270.617 -5990.38
-9999 -9999 -9999 -9999 -9999 -9999 -9999 -9999 -9999 -9999 -9999 -9999 -9999 -9999 -9999 -9999 -9999 -9999 -9999 -9999 -9999 -9999 -9999 -1225.172 -1225.172 -9999 -9999 -535.3878 -515.4792 -468.4673 -503.9931 -503.9931 -580.5345 -673.5915 -673.5915 -535.7659 -535.7659 -470.5975 -449.0594 -449.0594 -510.5558 -753.6415 -972.6956 -1167.797 -1167.797 -1183.535 -1183.535 -1291.427 -1287.72 -1287.72 -985.2941 -985.2941 -1470.706 -2375.784 -2375.784 -9088.908 -9088.908 -3554.725 -4884.336 -4095.085 -7270.037 -7270.037 -4609.855 -6791.302 -19976.63 -5657.762 -5657.762 -1757.348 -3270.617 -3270.617 -14856.15
-9999 -9999 -9999 -9999 -9999 -9999 -9999 -9999 -9999 -9999 -9999 -9999 -9999 -9999 -9999 -9999 -9999 -9999 -9999 -9999 -9999 -9999 -9999 -9999 -1225.172 -9999 -10261.1 -435.8413 -435.8413 -468.4673 -503.9931 -503.9931 -511.2017 -511.2017 -583.4381 -535.7659 -535.7659 -460.4679 -460.4679 -396.4888 -753.6415 -753.6415 -972.6956 -926.246 -950.0637 -1064.374 -1064.374 -1291.427 -1291.427 -1303.37 -1087.761 -1087.761 -2363.698 -2363.698 -2375.784 -8727.793 -8727.793 -3699.358 -3699.358 -4095.085 -7270.037 -22948.08 -7375.675 -7375.675 -19976.63 -5657.762 -5657.762 -2224.266 -2224.266 -6385.971 -14856.15
-9999 -9999 -9999 -9999 -9999 -9999 -9999 -9999 -9999 -9999 -9999 -9999 -9999 -9999 -9999 -9999 -9999 -9999 -9999 -9999 -9999 -9999 -9999 -9999 -1775.612 -1775.612 -10261.1 -435.8413 -478.8123 -486.4007 -486.4007 -526.8695 -511.2017 -511.2017 -552.084 -552.084 -547.6107 -460.4679 -460.4679 -396.4888 -394.6424 -1094.286 -926.246 -926.246 -950.0637 -950.0637 -1072.015 -1361.479 -1361.479 -1303.37 -1303.37 -1087.761 -2669.263 -2669.263 -2951.941 -2951.941 -8727.793 -7313.668 -7313.668 -6045.902 -6045.902 -22948.08 -7375.675 -4759.042 -6635.316 -6635.316 -4462.827 -2224.266 -2224.266 -5217.478 -5217.478
-9999 -9999 -9999 -9999 -9999 -9999 -9999 -9999 -9999 -9999 -9999 -9999 -9999 -9999 -9999 -9999 -9999 -9999 -9999 -9999 -9999 -9999 -9999 -9999 -1775.612 82.13359 -1972.724 -1972.724 -478.8123 -486.4007 -586.7726 -670.5387 -670.5387 -565.7158 -552.084 -552.084 -659.8521 -659.8521 -539.4373 -394.6424 -394.6424 -1094.286 -380.6738 -1116.18 -1108.337 -1108.337 -1072.015 -1072.015 -1384.012 -1375.662 -1375.662 -3448.949 -3448.949 -2669.263 -3030.546 -3030.546 -8177.942 -8177.942 -7313.668 -6045.902 -5611.114 -9423.983 -9423.983 -4759.042 -6635.316 -6635.316 -3401.879 -3401.879 -3045.541 -5217.478 -5217.478
-9999 -9999 -9999 -9999 -9999 -9999 -9999 -9999 -9999 -9999 -9999 -9999 -9999 -9999 -9999 -9999 -9999 -9999 -9999 -9999 -9999 -9999 -9999 -9999 82.13359 82.13359 -1972.724 -743.3102 -548.8578 -586.7726 -586.7726 -670.5387 -670.5387 -719.7602 -705.9725 -705.9725 -659.8521 -659.8521 -539.4373 -453.1579 -401.3042 -380.6738 -380.6738 -1116.18 -1116.18 -1020.773 -528.0613 -528.0613 -1384.012 -1384.012 -1214.316 -1290.375 -1290.375 -2475.875 -2475.875 -3030.546 -4132.399 -4132.399 -10716.59 -10716.59 -5611.114 -9423.983 -22447.49 -6180.544 -6180.544 -4690.879 -3401.879 -3401.879 -3584.182 -3584.182 -4547.933
-9999 -9999 -9999 -9999 -9999 -9999 -9999 -9999 -9999 -9999 -9999 -9999 -9999 -9999 -9999 -9999 -9999 -9999 -9999 -9999 -9999 -9999 -9999 627.522 627.522 85.14037 -743.3102 -743.3102 -548.8578 -563.3906 -619.1313 -683.5946 -683.5946 -719.7602 -719.7602 -613.973 -585.58 -585.58 -453.1579 -453.1579 -401.3042 -755.1624 -755.1624 -1082.047 -1082.047 -1020.773 -528.0613 -799.5066 -678.3031 -678.3031 -1214.316 -1214.316 -1290.375 -2663.342 -2663.342 -3055.819 -3055.819 -4132.399 -10716.59 -8804.689 -9724.459 -9724.459 -22447.49 -6180.544 -4151.04 -3385.225 -3385.225 -2948.015 -3584.182 -3584.182 -4716.675
-9999 -9999 -9999 -9999 -9999 -9999 -9999 -9999 -9999 -9999 -9999 -9999 -9999 -9999 -9999 -9999 -9999 -9999 -9999 -9999 -9999 -9999 -9999 627.522 627.522 85.14037 79.92145 -217.8715 -563.3906 -563.3906 -619.1313 -619.1313 -620.5931 -644.6537 -644.6537 -613.973 -613.973 -585.58 -553.9984 -553.9984 -609.5477 -609.5477 -755.1624 -901.2256 -901.2256 -1079.467 -1079.467 -799.5066 -678.3031 -511.882 -3703.103 -3703.103 -1261.599 -2663.342 -2663.342 -4910.323 -4910.323 -5162.243 -8804.689 -8804.689 -9724.459 -8212.068 -6517.329 -6517.329 -4151.04 -3385.225 -3385.225 -2815.328 -2815.328 -1545.218 -4716.675
-9999 -9999 -9999 -9999 -9999 -9999 -9999 -9999 -9999 -9999 -9999 -9999 -9999 -9999 -9999 -9999 -9999 -9999 -9999 -9999 -9999 -9999 -9999 -9999 -9999 79.92145 79.92145 -217.8715 64.56601 -577.2548 -617.4089 -617.4089 -620.5931 -620.5931 -525.5715 -540.0488 -540.0488 -574.1639 -574.1639 -553.9984 -717.5441 -717.5441 -1057.119 -1057.119 -901.2256 -1079.467 -1000.605 -837.9872 -837.9872 -511.882 -3703.103 -3703.103 -1124.716 -1124.716 -3022.216 -4910.323 -4910.323 -4945.786 -4945.786 -6280.785 -8212.068 -8212.068 -6517.329 -4664.77 -3617.587 -3404.971 -3404.971 -2815.328 -2815.328 -1969.276 -3266.295
-9999 -9999 -9999 -9999 -9999 -9999 -9999 -9999 -9999 -9999 -9999 -9999 -9999 -9999 -9999 -9999 -9999 -9999 -9999 -9999 -9999 -9999 -9999 -9999 -9999 -9999 73.07082 64.56601 64.56601 -577.2548 -577.2548 -592.9405 -565.0239 -565.0239 -525.5715 -525.5715 -433.5309 -417.8454 -417.8454 -458.123 -458.123 -717.5441 -1036.771 -1036.771 -977.3076 -977.3076 -1000.605 -837.9872 -951.4525 -923.8898 -923.8898 -746.2219 -1124.716 -1124.716 -2748.885 -2748.885 -4560.814 -4945.786 -4945.786 -6280.785 -8392.987 -8066.322 -4664.77 -4664.77 -3617.587 -3617.587 -5439.321 -2019.535 -2019.535 -1969.276 -1969.276
-9999 -9999 -9999 -9999 -9999 -9999 -9999 -9999 -9999 -9999 -9999 -9999 -9999 -9999 -9999 -9999 -9999 -9999 -9999 -9999 -9999 -9999 -9999 -9999 -9999 -9999 73.07082 -9999 -76.0547 -590.2928 -590.2928 -592.9405 -592.9405 -444.9767 -436.7102 -436.7102 -433.5309 -433.5309 -417.8454 -399.8899 -399.8899 -1158.128 -1158.128 -1036.771 -977.3076 -1153.438 -1176.394 -1176.394 -951.4525 -923.8898 -861.07 -340.9321 -340.9321 -842.45 -2748.885 -2748.885 -4485.534 -4485.534 -5224.329 -8392.987 -8392.987 -8066.322 -7272.349 -4411.581 -4108.54 -4108.54 -5439.321 -5439.321 -2394.056 -2071.534 -2071.534
-9999 -9999 -9999 -9999 -9999 -9999 -9999 -9999 -9999 -9999 -9999 -9999 -9999 -9999 -9999 -9999 -9999 -9999 -9999 -9999 -9999 -9999 -9999 -9999 -9999 -9999 -9999 -9999 -76.0547 -175.8461 -264.5505 -531.0184 -531.0184 -444.9767 -444.9767 -409.3935 -392.9508 -392.9508 -345.5267 -345.5267 -399.8899 -1580.295 -1580.295 -1399.918 -1399.918 -1153.438 -1176.394 -1181.052 -988.6494 -988.6494 -861.07 -340.9321 -340.9321 -819.434 -819.434 -2112.28 -4485.534 -4485.534 -5224.329 -5031.813 -5977.912 -7272.349 -7272.349 -4411.581 -4411.581 -6174.24 -24428.38 -24428.38 -2394.056 -2394.056 -2611.454
-9999 -9999 -9999 -9999 -9999 -9999 -9999 -9999 -9999 -9999 -9999 -9999 -9999 -9999 -9999 -9999 -9999 -9999 -9999 -9999 -9999 -9999 -9999 -9999 -9999 -9999 -9999 -9999 -175.8461 -175.8461 -264.5505 -531.0184 -2949.834 -448.8149 -448.8149 -409.3935 -392.9508 -392.9508 -465.9095 -465.9095 -541.8826 -541.8826 -1580.295 -1637.267 -1637.267 -1615.198 -1615.198 -1181.052 -988.6494 -1087.25 -1103.407 -1103.407 -870.8617 -819.434 -819.434 -984.2157 -984.2157 -3760.309 -5031.813 -5031.813 -5977.912 -7335.361 -5786.323 -5256.848 -5256.848 -6174.24 -6174.24 -6119.008 -2672.758 -2672.758 -2611.454
-9999 -9999 -9999 -9999 -9999 -9999 -9999 -9999 -9999 -9999 -9999 -9999 -9999 -9999 -9999 -9999 -9999 -9999 -9999 -9999 -9999 -9999 -9999 -9999 -9999 -9999 -9999 -9999 -9999 -9999 -406.8657 -406.8657 -2949.834 -448.8149 -2608.93 -455.1213 -455.1213 -464.0301 -465.9095 -465.9095 -457.8551 -457.8551 -624.7914 -1637.267 -1637.267 -1615.198 -1528.551 -1335.605 -1087.25 -1087.25 -1103.407 -1103.407 -992.5933 -992.5933 -990.1485 -984.2157 -984.2157 -3760.309 -6960.068 -4663.654 -7335.361 -7335.361 -5786.323 -5257.23 -6285.154 -4891.27 -4891.27 -6119.008 -6119.008 -3128.346 -2687.857
-9999 -9999 -9999 -9999 -9999 -9999 -9999 -9999 -9999 -9999 -9999 -9999 -9999 -9999 -9999 -9999 -9999 -9999 -9999 -9999 -9999 -9999 -9999 -9999 -9999 -9999 -9999 -9999 -9999 -9999 -406.8657 -421.7233 -580.5933 -580.5933 -2608.93 -455.1213 -632.5128 -578.0247 -578.0247 -507.0808 -457.8551 -457.8551 -521.4632 -521.4632 -1122.804 -1528.551 -1528.551 -1335.605 -1210.667 -1067.07 -1038.511 -1038.511 -992.5933 -992.5933 -1195.322 -1439.843 -1439.843 -6960.068 -6960.068 -4663.654 -6606.966 -6606.966 -5257.23 -5257.23 -6285.154 -6285.154 -6123.332 -4622.074 -4622.074 -3128.346 -3128.346
