STOTEN_Data/raw/MFVelSept2000.asc
ncols         250
nrows         718
xllcorner     -2256000
yllcorner     1557000
cellsize      1000
NODATA_value  -9999
[rows 248 to 278 of 718, columns 0 to 70 of 250]
-9999 -9999 -9999 -9999 -9999 -9999 -9999 -9999 -9999 -9999 -9999 -9999 -9999 -9999 -9999 -9999 -9999 -9999 -9999 -9999 -9999 -9999 -9999 -9999 -9999 -9999 -9999 -9999 -9999 -9999 -9999 -9999 -9999 -9999 -336.1174 -871.3167 -774.8951 -533.3369 -533.3369 -566.5822 -566.5822 -2253.65 -2686.192 -2686.192 -2710.77 -2710.77 -2644.006 -1983.95 -1983.95 -2709.407 -2709.407 -3423.834 -3302.616 -3302.616 -3367.71 -3367.71 -3109.153 -2286.688 -885.4344 492.9975 492.9975 578.7983 -559.3754 -559.3754 -1152.901 -1152.901 455.5883 455.5883 1727.697 -1200.879 -815.2025
-9999 -9999 -9999 -9999 -9999 -9999 -9999 -9999 -9999 -9999 -9999 -9999 -9999 -9999 -9999 -9999 -9999 -9999 -9999 -9999 -9999 -9999 -9999 -9999 -9999 -9999 -9999 -9999 -9999 -9999 -9999 -9999 -9999 -9999 -871.3167 -871.3167 -774.8951 -2923.185 -2873.375 -2723.755 -2723.755 -2253.65 -2253.65 -2934.277 -2835.162 -2835.162 -2644.006 -2644.006 -1983.95 -2667.121 -2667.121 -695.4887 -695.4887 -3302.616 -3367.71 -2883.688 -2458.499 -2458.499 -885.4344 492.9975 885.6826 631.3471 631.3471 -685.4661 -1152.901 -1152.901 -931.2875 -931.2875 -724.2363 -815.2025 -815.2025
-9999 -9999 -9999 -9999 -9999 -9999 -9999 -9999 -9999 -9999 -9999 -9999 -9999 -9999 -9999 -9999 -9999 -9999 -9999 -9999 -9999 -9999 -9999 -9999 -9999 -9999 -9999 -9999 -9999 -9999 -9999 -9999 -9999 -9999 -9999 -904.2565 -2923.185 -2923.185 -2873.375 -2792.066 -2819.112 -2957.806 -2957.806 -2934.277 -2934.277 -2380.176 -1720.012 -1720.012 -2205.365 -2205.365 -2667.121 -3452.937 -3452.937 -834.1042 -834.1042 -2883.688 -2458.499 -2403.925 -1166.237 -1166.237 885.6826 631.3471 631.3471 1002.099 1002.099 -927.9139 -931.2875 -931.2875 -724.2363 -1399.78 -1179.225
-9999 -9999 -9999 -9999 -9999 -9999 -9999 -9999 -9999 -9999 -9999 -9999 -9999 -9999 -9999 -9999 -9999 -9999 -9999 -9999 -9999 -9999 -9999 -9999 -9999 -9999 -9999 -9999 -9999 -9999 -9999 -9999 -9999 -9999 -9999 -904.2565 -342.4766 -984.5702 -2792.066 -2792.066 -2819.112 -2819.112 -2924.661 -2878.573 -2878.573 -2380.176 -2380.176 -1720.012 -2644.938 -2644.938 -3288.401 -3288.401 -3452.937 -2579.101 -2579.101 -2915.746 -2915.746 -2403.925 -1166.237 -1353.916 -817.3546 -817.3546 487.7594 1002.099 1002.099 -589.4744 -589.4744 -1398.852 -1399.78 -1399.78 -1179.225
-9999 -9999 -9999 -9999 -9999 -9999 -9999 -9999 -9999 -9999 -9999 -9999 -9999 -9999 -9999 -9999 -9999 -9999 -9999 -9999 -9999 -9999 -9999 -9999 -9999 -9999 -9999 -9999 -9999 -9999 -9999 -9999 -9999 -9999 -9999 -342.4766 -342.4766 -984.5702 -934.5058 -778.2986 -710.1433 -710.1433 -2924.661 -2924.661 -3024.435 -1946.758 -1946.758 -2317.09 -2317.09 -2644.938 -2922.682 -2922.682 -2578.553 -2578.553 -2579.101 -2915.746 -1699.905 -1352.531 -1352.531 -1353.916 -817.3546 -817.3546 505.6187 505.6187 2154.447 -589.4744 -589.4744 -1398.852 -1363.851 -951.9404 -2029.416
-9999 -9999 -9999 -9999 -9999 -9999 -9999 -9999 -9999 -9999 -9999 -9999 -9999 -9999 -9999 -9999 -9999 -9999 -9999 -9999 -9999 -9999 -9999 -9999 -9999 -9999 -9999 -9999 -9999 -9999 -9999 -9999 -9999 -9999 -9999 -335.1182 -335.1182 -934.5058 -934.5058 -778.2986 -710.1433 -689.8693 -2515.669 -2515.669 -3024.435 -1946.758 -2329.484 -2185.94 -2185.94 -2309.98 -2309.98 -2922.682 -2370.88 -2370.88 -2182.536 -2182.536 -1699.905 -1352.531 -732.1508 -615.2903 -615.2903 -1013.61 505.6187 505.6187 -212.7623 -212.7623 -887.3718 -1363.851 -1363.851 -951.9404 -827.0903
-9999 -9999 -9999 -9999 -9999 -9999 -9999 -9999 -9999 -9999 -9999 -9999 -9999 -9999 -9999 -9999 -9999 -9999 -9999 -9999 -9999 -9999 -9999 -9999 -9999 -9999 -9999 -9999 -9999 -9999 -9999 -9999 -9999 -9999 -9999 -9999 -335.1182 -983.9234 -983.9234 -825.4601 -825.4601 -689.8693 -2515.669 -2364.794 -3279.144 -3279.144 -2329.484 -2185.94 -2185.94 -2563.618 -2563.618 -2681.822 -2370.88 -2370.88 -2182.536 -2154.325 -1385.332 -1385.332 -732.1508 -615.2903 -615.2903 -713.943 -713.943 54.34516 -212.7623 -212.7623 -717.3552 -717.3552 -1265.081 -827.0903 -827.0903
-9999 -9999 -9999 -9999 -9999 -9999 -9999 -9999 -9999 -9999 -9999 -9999 -9999 -9999 -9999 -9999 -9999 -9999 -9999 -9999 -9999 -9999 -9999 -9999 -9999 -9999 -9999 -9999 -9999 -9999 -9999 -9999 -9999 -9999 -9999 -9999 -846.0293 -846.0293 -983.9234 -724.678 -724.678 -2456.901 -2456.901 -2364.794 -3279.144 -3221.247 -2482.843 -2482.843 -2511.214 -2563.618 -2563.618 -2295.913 -2295.913 -2146.242 -2154.325 -2154.325 -1385.332 -896.5266 -887.5613 -850.2515 -850.2515 -713.943 -713.943 -397.1312 -483.8622 -483.8622 -717.3552 -717.3552 -1265.081 -822.5757 -642.1724
-9999 -9999 -9999 -9999 -9999 -9999 -9999 -9999 -9999 -9999 -9999 -9999 -9999 -9999 -9999 -9999 -9999 -9999 -9999 -9999 -9999 -9999 -9999 -9999 -9999 -9999 -9999 -9999 -9999 -9999 -9999 -9999 -9999 -9999 -9999 -9999 -823.607 -823.607 -801.8459 -801.8459 -724.678 -2456.901 -3446.512 -2775.386 -2775.386 -3221.247 -2482.843 -2482.843 -3356.739 -3356.739 -2715.752 -2295.913 -2295.913 -2146.242 -2206.708 -2043.718 -896.5266 -896.5266 -887.5613 -974.5671 -1099.342 -1128.727 -1128.727 -397.1312 -397.1312 -324.634 -161.0306 -161.0306 -822.5757 -822.5757 -642.1724
-9999 -9999 -9999 -9999 -9999 -9999 -9999 -9999 -9999 -9999 -9999 -9999 -9999 -9999 -9999 -9999 -9999 -9999 -9999 -9999 -9999 -9999 -9999 -9999 -9999 -9999 -9999 -9999 -9999 -9999 -9999 -9999 -9999 -9999 -9999 -932.3585 -932.3585 -823.607 -2406.078 -2406.078 -2367.055 -2367.055 -3446.512 -2775.386 -4080.215 -3546.443 -3546.443 -3360.611 -3356.739 -3356.739 -2621.887 -2621.887 -2090.196 -2206.708 -2206.708 -2043.718 -1739.253 -1280.336 -974.5671 -974.5671 -1099.342 -1099.342 -984.198 -575.6014 -575.6014 -324.634 -324.634 -161.0306 792.4662 792.4662 -281.6754
-9999 -9999 -9999 -9999 -9999 -9999 -9999 -9999 -9999 -9999 -9999 -9999 -9999 -9999 -9999 -9999 -9999 -9999 -9999 -9999 -9999 -9999 -9999 -9999 -9999 -9999 -9999 -9999 -9999 -9999 -9999 -9999 -9999 -9999 -9999 -1357.318 -1357.318 -1025.891 -1025.891 -2406.078 -2367.055 -2433.758 -3865.498 -3865.498 -4080.215 -3546.443 -3546.443 -3362.571 -3362.571 -3481.447 -2621.887 -2621.887 -2216.304 -2216.304 -2101.26 -1739.253 -1739.253 -1280.336 -1207.083 -1232.373 -1303.152 -1303.152 -984.198 -984.198 -1046.029 -1205.143 -1205.143 -872.7615 -872.7615 792.4662 -794.3649
-9999 -9999 -9999 -9999 -9999 -9999 -9999 -9999 -9999 -9999 -9999 -9999 -9999 -9999 -9999 -9999 -9999 -9999 -9999 -9999 -9999 -9999 -9999 -9999 -9999 -9999 -9999 -9999 -9999 -9999 -9999 -9999 -9999 -9999 -9999 -1357.318 -1357.318 -1189.674 -1189.674 -776.487 -776.487 -2433.758 -3865.498 -3567.185 -4056.935 -4056.935 -3430.218 -3362.571 -3362.571 -2605.853 -2605.853 -2503.89 -2216.304 -2216.304 -2101.26 -1761.965 -1574.835 -1207.083 -1207.083 -1232.373 -1232.373 -1558.103 -627.1069 -627.1069 -1046.029 -1046.029 -1676.64 -1774.805 -1774.805 -1474.774 -1474.774
-9999 -9999 -9999 -9999 -9999 -9999 -9999 -9999 -9999 -9999 -9999 -9999 -9999 -9999 -9999 -9999 -9999 -9999 -9999 -9999 -9999 -9999 -9999 -9999 -9999 -9999 -9999 -9999 -9999 -9999 -9999 -9999 -9999 -9999 -9999 -9999 -1434.601 -1189.674 -1189.674 -776.487 -2252.615 -3691.649 -3567.185 -3567.185 -4056.935 -3105.457 -2465.153 -2465.153 -2641.41 -2605.853 -2605.853 -1904.563 -1904.563 -2154.738 -1761.965 -1761.965 -1574.835 -1434.614 -1403.126 -1463.744 -1463.744 -1558.103 -1558.103 -1325.206 -1522.936 -1522.936 -1676.64 -1676.64 -1774.805 -2288.229 -2288.229
-9999 -9999 -9999 -9999 -9999 -9999 -9999 -9999 -9999 -9999 -9999 -9999 -9999 -9999 -9999 -9999 -9999 -9999 -9999 -9999 -9999 -9999 -9999 -9999 -9999 -9999 -9999 -9999 -9999 -9999 -9999 -9999 -9999 -9999 -9999 -9999 -1347.243 -1347.243 -983.0046 -2252.615 -2252.615 -3691.649 -4065.805 -2682.336 -3105.457 -3105.457 -2465.153 -2465.153 -2610.245 -2288.665 -2288.665 -1904.563 -1904.563 -2154.738 -1326.045 -1326.045 -1434.614 -1434.614 -1403.126 -1451.164 -1696.783 -1715.094 -1715.094 -1325.206 -1325.206 -1359.748 -1205.462 -1205.462 -1984.783 -1984.783 -2288.229
-9999 -9999 -9999 -9999 -9999 -9999 -9999 -9999 -9999 -9999 -9999 -9999 -9999 -9999 -9999 -9999 -9999 -9999 -9999 -9999 -9999 -9999 -9999 -9999 -9999 -9999 -9999 -9999 -9999 -9999 -9999 -9999 -9999 -9999 -9999 -752.168 -1347.243 -1347.243 -2254.259 -2254.259 -2376.83 -4065.805 -4065.805 -2682.336 -2576.521 -2457.695 -2525.586 -2525.586 -2610.245 -2610.245 -1974.645 -1616.803 -1616.803 -1747.928 -1747.928 -1326.045 -1440.947 -1440.947 -1451.164 -1451.164 -1696.783 -1715.094 -1630.674 -764.4814 -764.4814 -1359.748 -1205.462 -1205.462 -1463.198 -1463.198 -2083.594
-9999 -9999 -9999 -9999 -9999 -9999 -9999 -9999 -9999 -9999 -9999 -9999 -9999 -9999 -9999 -9999 -9999 -9999 -9999 -9999 -9999 -9999 -9999 -9999 -9999 -9999 -9999 -9999 -9999 -9999 -9999 -9999 -9999 -9999 -9999 -774.56 -774.56 -982.1559 -2254.259 -2254.259 -2376.83 -3629.701 -4212.137 -2576.521 -2576.521 -2457.695 -2457.695 -2001.847 -2502.721 -2502.721 -1974.645 -1974.645 -1481.419 -1465.105 -1465.105 -1429.608 -1429.608 -1440.947 -1605.17 -1605.17 -2014.328 -2014.328 -1630.674 -764.4814 -390.5 -1154.836 -1154.836 -1149.533 -1463.198 -1463.198 -1277.298
-9999 -9999 -9999 -9999 -9999 -9999 -9999 -9999 -9999 -9999 -9999 -9999 -9999 -9999 -9999 -9999 -9999 -9999 -9999 -9999 -9999 -9999 -9999 -9999 -9999 -9999 -9999 -9999 -9999 -9999 -9999 -9999 -9999 -9999 -589.0396 -774.56 -774.56 -2446.537 -2446.537 -2563.378 -3629.701 -3629.701 -4212.137 -3883.546 -3092.184 -2653.01 -2653.01 -2001.847 -2001.847 -1641.228 -1567.954 -1567.954 -1481.419 -1481.419 -1465.105 -1312.359 -1312.359 -1471.339 -1471.339 -1605.17 -2014.328 -1879.306 -855.6689 -855.6689 -390.5 -1154.836 -1154.836 -1587.946 -1587.946 -2061.949 -1277.298
-9999 -9999 -9999 -9999 -9999 -9999 -9999 -9999 -9999 -9999 -9999 -9999 -9999 -9999 -9999 -9999 -9999 -9999 -9999 -9999 -9999 -9999 -9999 -9999 -9999 -9999 -9999 -9999 -9999 -9999 -9999 -9999 -9999 -9999 -284.5029 -284.5029 -971.1508 -2446.537 -2446.537 -2563.378 -4647.472 -3703.046 -3883.546 -3883.546 -3092.184 -2615.687 -2185.855 -1154.162 -1154.162 -1641.228 -1641.228 -1418.833 -1392.781 -1392.781 -1500.003 -1500.003 -1312.359 -1725.297 -1725.297 -2012.603 -2012.603 -1879.306 -855.6689 -543.4974 -205.0741 -205.0741 -670.4382 -1587.946 -1587.946 -2035.765 -2035.765
-9999 -9999 -9999 -9999 -9999 -9999 -9999 -9999 -9999 -9999 -9999 -9999 -9999 -9999 -9999 -9999 -9999 -9999 -9999 -9999 -9999 -9999 -9999 -9999 -9999 -9999 -9999 -9999 -9999 -9999 -9999 -9999 -968.8446 -968.8446 -284.5029 -284.5029 -2209.617 -2209.617 -3561.631 -4647.472 -4647.472 -3703.046 -3977.837 -3584.228 -2615.687 -2615.687 -2185.855 -2185.855 -1341.226 -1921.734 -1921.734 -1418.833 -1418.833 -1392.781 -1406.507 -1406.507 -1522.097 -1522.097 -1725.297 -2012.603 -1917.732 -1842.86 -1842.86 -543.4974 -205.0741 -235.0598 -628.9579 -628.9579 -1149.079 -2035.765 -2035.765
-9999 -9999 -9999 -9999 -9999 -9999 -9999 -9999 -9999 -9999 -9999 -9999 -9999 -9999 -9999 -9999 -9999 -9999 -9999 -9999 -9999 -9999 -9999 -9999 -9999 -9999 -9999 -9999 -9999 -9999 -9999 -9999 -9999 -1440.378 -2107.565 -2107.565 -2209.617 -2209.617 -1740.978 -5472.826 -5472.826 -3977.837 -3977.837 -3584.228 -1518.781 -1518.781 -1429.145 -1429.145 -1341.226 -1341.226 -1932.756 -1076.749 -1076.749 -1236.666 -1236.666 -1406.507 -1691.883 -1691.883 -1833.44 -1833.44 -1917.732 -1842.86 -1740.331 -289.651 -289.651 -235.0598 -628.9579 -628.9579 -1906.649 -1906.649 -2252.606
-9999 -9999 -9999 -9999 -9999 -9999 -9999 -9999 -9999 -9999 -9999 -9999 -9999 -9999 -9999 -9999 -9999 -9999 -9999 -9999 -9999 -9999 -9999 -9999 -9999 -9999 -9999 -9999 -9999 -9999 -9999 -9999 -9999 -1440.378 -1440.378 -2250.775 -2068.857 -2068.857 -1740.978 -1740.978 -5472.826 -2736.173 -2736.173 -2315.079 -2315.079 -1518.781 -1429.145 -956.7541 -1781.064 -1781.064 -1932.756 -1076.749 -1076.749 -348.3113 -348.3113 -1253.054 -1691.883 -1691.883 -1715.287 -1715.287 -1886.329 -1886.329 -1740.331 -289.651 -833.652 -1076.481 -1076.481 -1125.322 -1906.649 -1906.649 -2491.694
-9999 -9999 -9999 -9999 -9999 -9999 -9999 -9999 -9999 -9999 -9999 -9999 -9999 -9999 -9999 -9999 -9999 -9999 -9999 -9999 -9999 -9999 -9999 -9999 -9999 -9999 -9999 -9999 -9999 -9999 -9999 -9999 -9999 -1942.219 -1942.219 -2250.775 -2250.775 -2389.402 -4312.874 -4312.874 -4047.818 -4047.818 -2736.173 -973.9048 -973.9048 -500.8544 -500.8544 -956.7541 -1781.064 -1960.324 -1521.242 -1521.242 -190.6096 -348.3113 -348.3113 -1567.862 -1567.862 -1636.395 -1715.287 -1715.287 -1886.329 -1613.669 -1463.126 -833.652 -833.652 -1076.481 -1076.481 -1876.537 -2237.695 -2237.695 -2491.694
-9999 -9999 -9999 -9999 -9999 -9999 -9999 -9999 -9999 -9999 -9999 -9999 -9999 -9999 -9999 -9999 -9999 -9999 -9999 -9999 -9999 -9999 -1948.586 -1948.586 -671.4706 -9999 -9999 -9999 -9999 -9999 -9999 -9999 -9999 -9999 -2119.847 -2360.614 -2360.614 -2389.402 -2389.402 -4312.874 -4081.993 -4081.993 -2945.866 -2945.866 -973.9048 -500.8544 -1491.889 -1622.128 -1622.128 -1960.324 -1521.242 -1245.164 -444.0002 -444.0002 -1207.426 -1567.862 -1567.862 -1511.843 -1511.843 -1385.635 -1613.669 -1613.669 -1463.126 -716.5903 708.7695 -823.9279 -823.9279 -1876.537 -1876.537 -2667.287 -2686.123
-9999 -9999 -9999 -9999 -9999 -9999 -9999 -9999 -9999 -9999 -9999 -9999 -9999 -9999 -9999 -9999 -9999 -9999 -9999 -9999 -9999 -2158.515 -1948.586 -1948.586 -671.4706 -9999 -9999 -9999 -9999 -9999 -163.7963 -9999 -9999 -9999 -2119.847 -2119.847 -2241.333 -4647.961 -4647.961 -4053.834 -4053.834 -4081.993 -1463.61 -1463.61 -650.1702 -650.1702 -1491.889 -1622.128 -1848.36 -1935.175 -1935.175 -1245.164 -444.0002 -444.0002 -1512.201 -1512.201 -1516.245 -1511.843 -1511.843 -1385.635 903.8857 -548.472 -716.5903 -716.5903 708.7695 -627.4284 -1816.574 -2394.826 -2394.826 -2667.287 -2667.287
-9999 -9999 -9999 -9999 -9999 -9999 -9999 -9999 -9999 -9999 -9999 -9999 -9999 -9999 -9999 -9999 -9999 -9999 -9999 -9999 -9999 -1866.039 -362.1959 -362.1959 -9999 -9999 -9999 -4.331768 -196.5193 -163.7963 -163.7963 -9999 -9999 -2368.288 -644.3254 -644.3254 -2241.333 -2241.333 -4647.961 -847.0317 -847.0317 -2145.267 -2145.267 -1463.61 160.1115 160.1115 -513.3734 -513.3734 -1848.36 -1935.175 -1531.953 -1464.204 -1464.204 -1511.181 -1512.201 -1512.201 -1556.679 -1556.679 -893.3228 903.8857 903.8857 -548.472 1711.111 -46.30366 -627.4284 -627.4284 -1816.574 -1816.574 -2644.781 -2722.265 -2722.265
-9999 -9999 -9999 -9999 -9999 -9999 -9999 -9999 -9999 -9999 -9999 -9999 -9999 -9999 -9999 -9999 -9999 -9999 -9999 -1964.379 -1964.379 -1866.039 -1866.039 -3923.65 -121.6026 -121.6026 -4.331768 -4.331768 -196.5193 570.2036 570.2036 -1131.237 -1131.237 -2368.288 -644.3254 -531.4112 -540.4594 -540.4594 -4145.385 -4145.385 -847.0317 -565.2316 -565.2316 -147.1496 -147.1496 160.1115 -513.3734 1007.182 -1077.014 -1077.014 -1531.953 -1464.204 -1464.204 -1768.716 -1768.716 -1546.655 -1556.679 -1556.679 -223.9536 -223.9536 2033.226 1711.111 1711.111 -46.30366 -447.5717 -1659.613 -2293.838 -2293.838 -2644.781 -2644.781 -2119.817
-9999 -9999 -9999 -9999 -9999 -9999 -9999 -9999 -9999 -9999 -9999 -9999 -9999 -9999 -9999 -886.1288 -9999 -9999 -9999 -9999 -4350.977 -3897.592 -3897.592 -3923.65 -3923.65 -121.6026 -1718.096 -1718.096 -1441.508 -1441.508 570.2036 -1131.237 -648.1008 -1354.756 -1354.756 -531.4112 -540.4594 -1104.975 -2488.125 -2488.125 -1758.271 -565.2316 -565.2316 271.4321 271.4321 -168.9134 1007.182 1007.182 -1077.014 -723.2198 -1338.798 -1338.798 -1598.252 -1768.716 -1768.716 -1297.365 -1297.365 -1282.432 -223.9536 -223.9536 2033.226 2301.962 1673.234 -447.5717 -447.5717 -1659.613 -1659.613 -2368.609 -2421.108 -2421.108 -2119.817
-9999 -9999 -9999 -9999 -9999 -9999 -9999 -9999 -9999 -9999 -9999 -9999 -9999 -9999 -9999 -886.1288 -682.1556 -9999 -1065.128 -1065.128 -4350.977 -4350.977 -3402.294 -1835.205 -1835.205 -1249.163 -1249.163 -1718.096 -1120.618 -1120.618 -1353.694 -1353.694 -648.1008 -1354.756 -662.683 -182.2304 -182.2304 -1104.975 -2488.125 -2488.125 -1077.143 -1077.143 -154.4612 271.4321 271.4321 -168.9134 -35.22784 -404.594 -723.2198 -723.2198 -1338.798 -1131.031 -1649.962 -957.1716 -957.1716 -1297.365 -1297.365 -615.7888 1632.662 1632.662 2301.962 2301.962 1673.234 -851.5125 -1344.397 -2055.081 -2055.081 -2368.609 -2368.609 -352.7704 -159.7489
-9999 -9999 -9999 -9999 -9999 -9999 -9999 -9999 -9999 -9999 -9999 -9999 -9999 -9999 -9999 -682.1556 -682.1556 -9999 -9999 -1221.095 -3574.539 -3574.539 -3402.294 -3402.294 -1835.205 428.7242 428.7242 -1156.212 -1156.212 -1120.618 -734.3474 -734.3474 -897.3394 -897.3394 -662.683 -182.2304 -577.4255 -672.6253 -672.6253 -1170.255 -1077.143 -1077.143 589.5901 589.5901 461.6377 -35.22784 -35.22784 -404.594 135.7147 1010.499 -1131.031 -1131.031 -1649.962 -1649.962 -712.6367 -767.2776 -767.2776 -615.7888 -615.7888 1632.662 226.9049 226.9049 -851.5125 -851.5125 -1344.397 -2055.081 -1725.384 -1324.114 -1324.114 -352.7704 -159.7489
-9999 -9999 -9999 -9999 -9999 -9999 -9999 -9999 -9999 -9999 -9999 -9999 -9999 -9999 -9999 -9999 -906.4261 187.045 187.045 -1221.095 -1221.095 -1126.062 -1141.478 -1141.478 150.3885 150.3885 428.7242 920.2982 920.2982 -146.2692 -146.2692 -734.3474 -897.3394 -854.8302 -1312.616 -1312.616 -577.4255 -672.6253 -672.6253 -234.4043 -234.4043 29.64655 589.5901 589.5901 320.5526 320.5526 74.22789 135.7147 135.7147 1010.499 -938.1696 -1472.965 -1735.521 -1735.521 -712.6367 -712.6367 1807.539 -265.7738 -265.7738 680.3751 680.3751 226.9049 -1526.156 -1526.156 -1014.054 -1014.054 -1725.384 -1324.114 2365.889 2474.47 2474.47
-9999 -9999 -9999 -9999 -9999 -9999 -9999 -9999 -9999 -9999 -9999 -9999 -9999 -9999 -9999 -9999 -906.4261 -906.4261 607.7547 157.0174 157.0174 -1126.062 -1126.062 830.8008 901.8364 901.8364 1794.311 1794.311 920.2982 1660.804 1660.804 336.2667 336.2667 -854.8302 -1312.616 -292.4251 -819.8309 -819.8309 -755.84 -234.4043 -234.4043 380.3437 380.3437 608.0466 320.5526 320.5526 74.22789 -52.15445 -387.6674 -938.1696 -938.1696 -1472.965 -1472.965 -1821.515 -1071.65 -1071.65 1807.539 1807.539 -265.7738 2037.502 2037.502 -719.9852 -719.9852 -1526.156 -1592.07 -1592.07 -578.9933 -578.9933 2365.889 2474.47 -1193.442
