STOTEN_Data/raw/N_total.asc
ncols         250
nrows         718
xllcorner     -2256000
yllcorner     1557000
cellsize      1000
NODATA_value  -9999
[rows 560 to 587 of 718, columns 126 to 188 of 250]
109.764 106.2347 106.004 106.3086 142.7328 4893.678 6704.135 6739.613 6366.642 6128.18 6738.68 6738.73 6738.68 6738.693 6739.014 6008.11 6133.723 6034.139 6739.134 6738.426 6737.853 6738.023 6738.193 6737.478 6521.378 6736.053 4972.687 6735.898 6735.59 6735.282 6734.739 6734.137 6733.896 6560.733 5737.966 6387.111 5906.543 6659.612 4204.946 3848.229 6523.897 5764.624 6625.376 6697.124 6601.76 6243.469 6136.121 6534.713 386.1567 92.82044 93.03735 93.35744 4326.325 7508.711 8735.488 7723.245 8502.048 8896.986 8807.104 8702.238 8304.33 8730.408 8948.491
109.8475 106.3148 106.0824 106.3856 104.9511 269.2908 4789.485 6733.776 6438.562 4914.329 6738.888 6738.835 6738.585 6738.431 5983.616 5824.537 6125.599 6739.452 6739.195 6738.484 6737.909 6738.077 6738.245 6737.527 6736.609 6061.113 5634.883 6734.945 6735.044 6735.145 6734.687 6734.09 6733.851 6734.028 6734.138 5938.79 6219.358 6733.162 6732.95 6732.854 6732.901 6732.945 6732.96 6732.975 6733.168 6733.415 6733.583 6733.647 1976.189 2034.469 1913.171 337.399 3347.569 8254.186 8308.032 7126.963 7522.784 8752.975 8447.165 8543.112 8841.842 8818.298 8466.8
109.3687 106.7612 106.5694 106.7694 105.5729 103.0975 580.9568 3793.806 6344.494 6495.794 6015.768 6738.908 6678.768 6048.897 5857.895 6089.286 6739.072 6739.319 6739.124 6738.47 6737.942 6738.108 6738.275 6737.573 6736.674 4906.102 6711.778 6734.381 6734.723 6735.064 6734.657 6734.063 6733.773 6733.839 6733.865 6733.605 6733.345 6733.017 6732.669 6732.558 6732.737 6732.898 6732.903 5484.391 6514.333 6733.234 6733.367 6733.432 5433.306 5753.861 5761.324 1119.537 4624.606 7285.378 7749.936 8003.698 8563.883 8838.015 8724.062 8916.743 8808.397 8473.761 8962.785
108.0645 107.7454 107.6558 107.6035 106.9975 105.8846 104.3733 1131.184 3825.671 6628.649 6115.414 6738.935 6350.046 6009.065 6391.769 6738.611 6738.806 6739.008 6738.86 6738.349 6737.941 6738.107 6738.273 6737.613 6736.766 4964.643 6735.072 6734.389 6734.729 6735.068 6734.66 6734.065 6733.649 6733.443 6733.259 6733.223 6733.187 6732.909 6732.563 6732.452 6732.63 6732.788 6266.544 6105.145 6159.074 6733.072 6729.243 6733.354 4095.463 4950.168 5221.743 2125.695 7172.863 7485.147 8479.077 7336.297 8381.042 8789.469 8736.646 8310.596 8983.046 8736.157 8841.155
106.9038 108.6724 108.6719 108.3843 108.3295 108.4879 107.7347 102.9287 239.5861 5873.564 5735.54 6728.318 6487.552 6439.453 6738.367 6738.415 6738.557 6738.719 6738.614 6738.236 6737.937 6738.074 5572.637 6068.152 6736.837 4902.967 6735.119 6734.399 6734.737 6735.074 6734.665 6734.067 6733.533 6733.072 6732.69 6732.865 6733.04 6732.808 6732.464 6732.348 6732.514 6732.66 6732.641 6696.759 6732.747 6732.913 4648.165 2788.789 2253.897 2853.221 5185.323 5829.335 6706.046 6345.118 8669.938 8401.04 8956.197 8541.03 8458.717 6568.917 8600.64 8321.556 8740.956
651.6838 108.8018 108.7056 108.4225 108.3694 108.5269 107.8324 103.3495 98.86654 1594.181 5044.716 6609.858 6122.911 6666.733 6738.426 6738.392 6738.538 6738.72 6738.626 6738.247 6737.883 6737.608 6737.333 6406.243 5292.112 5052.413 5738.93 6186.52 6734.775 6735.111 6734.689 6734.079 6733.527 6733.047 6732.648 6732.838 6733.028 6732.798 6732.453 6732.262 6732.261 6732.276 6732.42 6589.11 6732.682 6732.791 2942.672 950.0173 759.1582 763.0665 5792.464 7384.246 8978.199 8575.961 8930.983 8915.487 8367.032 8570.309 8519.982 8669.456 7894.173 7471.139 8983.458
5016.64 158.7424 108.7393 108.4607 108.4093 108.566 107.93 103.7702 99.61047 98.23574 3247.423 3643.165 5342.625 6087.079 6738.486 6738.368 6738.518 6738.721 6738.638 6738.258 6737.83 6737.142 6736.453 6736.367 5582.798 6736.035 6735.175 6316.068 5738.595 5738.928 5696.656 6108.466 6733.522 6733.021 6732.607 6732.812 6733.016 6732.789 6732.442 6732.176 6732.008 6731.892 5953.158 6732.508 6732.618 6732.668 5873.752 4685.427 804.7729 729.6583 5421.349 7917.947 8831.17 6181.775 8978.771 8840.81 5819.448 8713.326 8981.105 8981.298 6593.251 8982.552 8943.393
6748.309 2964.147 106.9567 106.902 106.8559 106.8178 106.1904 102.9436 99.69675 98.35026 97.3517 98.63085 902.4297 5814.162 6314.122 6738.369 6738.404 6738.476 6738.407 6738.194 6737.899 6737.148 6736.397 6515.23 5646.69 6736.19 6735.252 6734.455 6734.539 6734.623 6734.334 6156.146 5462.339 5495.704 5569.006 6314.372 6732.979 6732.747 6732.398 6732.11 6731.898 6731.746 5271.641 6732.447 6732.563 6732.609 6445.803 6159.101 1930.773 367.2756 3229.402 8283.094 8937.658 5924.782 6710.821 7739.444 8072.385 8943.801 6461.515 6885.678 7650.14 8784.725 8654.758
6745.591 6571.725 1554.995 104.7479 104.7085 104.4034 103.766 101.652 99.53789 98.36601 97.36666 143.9707 1065.424 6228.6 6463.565 6738.379 6738.256 6738.138 6738.086 6738.104 6738.014 6737.331 6736.648 6736.653 5370.004 6736.399 6735.348 6734.407 6734.148 6733.889 6733.804 6733.762 6733.505 6732.998 6732.574 6055.324 5453.786 5403.737 5349.592 6251.875 6731.84 6731.689 6389.337 5853.72 6332.032 6732.572 6662.949 6020.155 5445.576 135.5937 3835.041 8971.454 8977.606 6931.406 95.03522 762.6868 6566.487 8483.664 8979.979 8860.498 7455.836 8981.232 8803.059
6743.941 6702.237 5044.924 365.1146 103.4049 102.9365 102.341 101.18 100.019 98.85958 97.70052 183.2294 3233.221 6738.565 6738.496 6738.426 6738.201 6737.944 6737.891 6738.049 6738.084 6737.442 6736.801 6306.303 6200.688 6736.212 6735.306 6734.457 6733.968 6733.479 6733.513 6733.678 6733.525 6733.002 6732.553 6732.632 6732.711 6732.518 6732.25 5823.457 4831.037 6731.646 6731.99 5327.003 6041.736 6732.49 6732.57 5318.069 3123.425 91.43539 2386.07 8977.32 8977.379 8977.524 1777.679 92.33985 228.7593 6824.223 8979.563 8436.333 8703.326 8644.866 8080.012
6743.96 6744.096 6744.49 3826.005 103.4204 102.9514 102.4787 101.9897 101.5007 100.1003 98.53298 97.55244 4056.127 6738.292 6738.411 6738.531 6738.291 6737.977 6737.894 6738.051 5761.792 6737.442 6736.8 5718.162 6735.825 6735.406 6735.046 6734.661 6734.117 6733.573 6733.595 6733.759 6733.589 6733.03 6732.521 6732.37 6732.22 6732.152 6732.106 6731.987 5575.858 5330.938 5319.326 4386.544 6715.097 6732.337 6732.323 6245.508 140.0185 91.00047 4592.813 8630.336 8952.862 5958.558 1018.582 92.29305 92.75741 1615.348 4334.041 7497.054 6013.554 7451.45 8977.383
6743.996 6744.096 6744.481 6709.048 1830.878 103.0127 102.6916 102.8019 102.9122 101.2773 99.32279 97.95866 2936.4 6738.032 6738.331 6642.994 6738.377 6738.01 6737.9 6738.056 5753.826 6737.448 6736.807 5576.354 6735.048 6734.649 6734.803 6734.854 6734.257 6733.662 6733.659 6733.806 6733.618 6733.041 6732.489 6044.729 6731.751 6731.802 6731.968 6731.963 6731.749 6731.592 6731.923 6590.126 5977.797 6732.184 6321.646 6110.996 3816.281 2533.321 7684.44 8168.747 8904.378 2339.82 91.5387 92.21796 951.0388 1058.126 3889.664 7325.462 8927.087 8006.707 8461.88
6744.336 6743.748 6743.978 6744.342 5192.046 103.9274 104.2852 103.6599 103.0346 101.2851 99.3298 97.96486 647.0886 5992.202 4689.446 3185.449 6738.399 6738.058 6737.96 6112.492 6397.447 6737.551 6736.947 5570.537 6735.226 6734.795 6734.865 6734.843 6734.246 6733.647 6733.385 6733.207 6732.993 6732.738 6732.468 6732.087 6731.706 6731.752 6731.917 6731.897 6731.648 6731.444 6731.604 6731.766 6731.9 6732.027 6072.571 5522.522 6417.036 6964.296 8630.334 7990.1 7859.369 4258.997 99.15987 91.6236 4633.533 8978.182 8858.706 8979.17 8923.566 8029.84 8951.532
6683.576 6743.399 6743.476 6711.893 2761.185 104.8421 105.8787 104.5179 103.1571 101.293 99.33681 97.97105 97.17973 4136.583 569.7409 160.9221 5170.374 6738.105 6738.021 5775.829 6738.219 6737.653 6169.244 6256.096 6735.403 6734.941 6734.928 6734.833 6734.233 6733.633 6733.111 6732.608 6732.368 6732.436 6732.447 6732.053 6731.66 6731.703 6731.866 6731.83 6731.548 6731.295 6731.287 6731.277 6731.535 6731.871 6728.434 6731.893 6731.801 7232.738 8840.461 5878.803 8496.432 8412.938 719.0082 4749.822 3610.141 8662.934 8977.91 8978.354 7808.438 6052.791 7637.377
4944.955 6743.312 6743.342 5639.808 103.2505 105.1114 106.2635 104.2647 102.2659 100.8439 99.52756 98.40808 121.3895 5144.265 3322.059 97.17128 615.6497 5098.335 6737.921 6287.568 6737.752 6737.412 5812.582 6736.302 6735.436 6734.992 6735.012 6734.943 6734.322 6733.7 6733.074 6732.448 6732.184 6732.342 6732.431 6732.02 6731.609 6731.539 6731.561 6659.777 6731.349 6731.205 6731.143 6731.082 6731.318 6731.643 6731.755 6731.587 6731.441 7078.595 8975.855 4641.388 7933.526 8919.949 1178.985 7062.529 422.557 5077.247 8977.601 8978.023 8061.411 4644.309 7955.54
2332.882 6575.965 6743.358 6743.63 2408.518 105.1213 106.1625 103.5649 100.9673 100.2112 99.79214 99.01827 97.89913 4924.674 866.166 97.18099 96.93914 538.95 1239.95 675.72 1908.06 6737.032 5884.232 6736.278 6735.41 6735.003 6735.104 6735.102 6734.45 6733.799 6733.133 6732.464 6732.176 6732.332 6732.417 6731.987 6731.558 6731.328 6731.154 6059.623 6731.111 6731.137 6731.07 6731.004 6731.161 6731.385 6731.41 6731.173 6730.953 8659.837 8975.092 8975.143 8311.465 8975.478 1807.819 6232.487 90.99895 5508.08 8977.47 8977.89 8285.294 7607.917 8553.962
104.0345 5245.407 6743.519 6727.637 780.5714 105.0698 106.0987 103.1266 100.1545 99.81422 99.95583 99.3977 98.15875 375.4001 3534.714 97.04793 96.84308 4167.166 3843.996 95.65524 189.5177 1517.298 5678.994 6442.73 6494.976 6734.929 6734.924 6734.849 6734.334 6733.819 6733.16 6732.464 6732.16 6732.314 6732.395 6731.946 6731.498 6731.166 6574.791 6155.619 6730.925 6731.058 6730.997 6730.936 6731.045 6731.206 6731.176 2853.609 6668.194 8973.399 8974.594 8974.678 8175.122 4787.299 2996.453 90.43478 2253.578 7882.163 8977.257 8977.633 7759.912 8713.184 8800.069
105.8593 4056.387 6743.923 5719.298 102.8002 104.9159 106.0972 103.1243 100.1515 99.81046 99.95127 99.39237 98.15269 1875.01 6354.474 441.3694 96.60579 96.56222 452.9216 95.73385 95.29907 95.44795 237.7244 931.0258 307.1225 1823.346 3462.705 5108.084 6542.537 6733.71 6733.133 6732.436 6732.131 6732.284 6732.361 6731.893 6731.426 6731.082 6191.488 6730.006 6730.826 6730.96 6730.922 6730.885 6730.999 6581.725 6731.127 6724.868 7537.616 8974.692 8974.539 8974.622 8140.411 7642.164 7381.284 180.6468 8363.947 8976.598 5498.137 5967.57 8532.4 7117.515 8938.813
107.6174 4231.245 6744.313 6145.52 1664.529 104.7161 106.0223 103.0801 100.1379 99.78654 99.9096 99.35249 98.13362 3528.709 6738.158 2968.094 1260.627 3191.45 704.6949 95.80893 95.38325 95.51716 95.65107 94.89369 93.93393 93.03776 92.21144 91.54055 4372.271 5880.845 6155.301 6152.611 6405.339 6732.239 6732.305 6731.829 6731.353 6731 5977.542 6730.575 6730.729 6730.864 6730.846 6730.829 6730.94 6731.089 6731.056 6730.78 8112.313 5911.716 8974.479 8974.562 8974.723 8175.187 8159.401 4960.765 7387.06 8976.317 7505.086 5375.334 8443.88 8945.543 6152.394
107.6181 2340.416 6744.312 6707.385 4752.33 103.3068 104.016 101.9296 99.84323 99.23122 98.88914 98.40121 97.77136 2709.932 6738.214 5845.174 3452.301 6737.975 1095.197 95.79115 95.30532 95.0518 94.79829 94.36034 93.88052 93.20904 3336.689 3946.322 6012.113 6329.207 6378.488 6515.231 6494.846 6183.89 6163.822 6181.55 6458.294 6483.9 6344.11 6730.535 6228.595 6271.892 6663.642 6730.627 6730.555 6730.489 6730.413 6664.573 8680.726 8974.366 8974.232 8974.378 8974.616 7751.274 8839.096 8975.276 8909.118 8976.245 8976.489 8976.648 8745.028 7961.811 8746.045
107.6188 1065.252 6744.311 5440.193 4514.744 2195.955 102.0096 100.7791 99.54858 98.67588 97.86869 97.44994 97.4091 1418.946 6738.271 6737.78 5253.451 6676.193 3655.47 4178.29 5335.35 622.5837 93.9455 93.82698 93.8271 93.38032 5808.093 6733.145 6733.439 6646.066 6468.18 6178.504 6004.557 6346.842 6731.027 6731.094 6502.031 5483.659 5616.832 5588.827 6401.893 6655.713 6399.186 6242.279 6255.972 6729.889 6729.77 7004.565 8974.214 8974.1 8973.986 8974.195 8974.51 8335.006 8359.202 8975.211 8975.691 8976.173 8976.415 8920.592 8968.872 8801.434 8953.874
105.5436 103.2042 5751.957 5152.609 2376.889 5151.429 101.398 100.4253 99.45264 98.50076 97.55268 97.15426 97.29063 177.0166 6280.687 6737.777 6020.384 6351.093 6737.445 6737.116 6048 110.4173 93.70541 93.66909 93.7999 843.2358 6729.943 6733.106 6733.121 6733.136 6732.733 6732.227 6731.707 6492.079 6156.898 6204.864 6043.627 5720.625 6730.458 6730.286 6730.307 6730.324 5815.779 6730.289 6281.72 6729.67 6729.537 7745.896 8974.087 8973.979 8973.869 8974.069 8974.37 8859.998 8089.794 8975.023 8975.483 8975.944 8976.18 8976.336 8440.847 8977.226 8977.776
102.5708 101.734 1781.893 6741.611 1438.423 3700.618 1355.964 100.416 99.44261 98.49002 97.54124 97.14204 97.27753 97.30586 4973.64 6737.774 6737.446 5792.741 6736.985 6736.943 5126.232 641.7808 93.73021 93.67352 1157.748 5077.813 6553.917 6733.023 6732.638 6732.252 6732.087 3855.561 5449.844 6731.056 6730.557 6730.703 6730.849 5027.078 6168.4 6144.228 6175.944 6355.143 6729.95 6423.345 6550.645 6729.616 6729.482 8362.563 8974.028 8973.918 8973.809 8973.969 8534.372 8147.169 4998.228 8974.783 8975.216 8975.648 8975.876 7407.696 7772.37 8977.052 8913.714
100.6654 100.7903 288.8316 1945.189 990.226 2036.382 4192.037 100.0826 99.27864 98.37092 97.44421 97.0554 97.18993 181.0459 5150.438 6737.759 6450.391 6075.357 6164.855 6736.823 6736.818 6644.361 458.3534 1169.591 2179.864 613.3828 5650.605 6732.878 6732.228 6731.579 6731.563 6659.314 6622.595 6730.931 6730.428 6730.496 6670.792 6240.223 6730.086 6729.808 6729.525 6557.963 6179.773 5686.023 6168.018 6311.136 6785.059 8883.789 8973.88 8973.809 8973.737 8973.881 8974.095 8258.092 4865.667 8974.604 8975.018 8975.432 7805.405 4215.725 6978.652 8830.188 8932.096
1675.354 100.7838 100.2059 99.51407 316.445 193.0771 314.6886 99.17274 98.84073 98.05898 97.19488 96.83635 96.96973 1197.416 6020.827 6604.23 6426.459 6661.109 5917.768 6736.134 3341.014 3274.455 93.70901 3621.612 6735.251 6671.027 6725.705 6732.624 6731.951 6731.278 6731.257 6731.399 6731.259 6730.79 6730.36 6730.215 6198.09 6729.988 6729.923 6729.761 6729.477 6729.259 6729.59 6275.646 6729.757 6621.854 6814.992 8973.556 8973.57 8973.609 8973.647 8973.816 8855.847 7791.521 2989.815 8739.948 8974.942 8602.152 273.7863 281.0714 8461.545 8976.419 8976.791
2514.125 100.7413 100.1702 99.48557 317.4329 3409.264 3913.017 112.2291 98.41183 97.75333 96.95049 96.61867 96.74515 470.7161 6677.541 6315.291 6737.256 6736.798 5329.973 4715.778 95.29588 94.48606 93.67623 733.8706 2470.083 4183.076 5399.245 6509.886 6731.679 6730.984 6730.957 6731.098 6731.006 6730.646 6730.286 6729.931 6161.733 6729.612 6729.754 6729.706 6729.422 6729.2 6729.487 6261.552 6729.625 6729.345 7859.588 8973.332 8973.267 8973.413 8690.992 7976.771 3926.859 6796.249 532.8369 6258.975 5103.345 6133.609 4636.609 2574.42 4590.771 8976.038 8880.215
459.9902 99.05245 98.85764 98.57304 1535.58 6568.347 5815.116 191.9111 98.39533 97.73611 96.93257 96.46369 96.32041 899.1468 6333.809 6540.306 6737.163 6736.699 6114.891 226.7003 95.17843 94.285 93.39155 92.95168 92.61478 92.13844 91.5089 304.0614 1802.345 3495.226 5242.568 6605.533 6730.894 6730.38 6729.885 6729.52 6131.424 6729.185 6729.325 6729.299 6729.068 6728.884 6406.321 6617.729 6729.278 6729.18 8437.2 8973.269 8973.203 8973.347 8973.491 8101.973 5963.357 8722.528 6726.004 6910.061 8911.485 7751.363 7269.021 6890.571 6240.334 7832.146 8832.143
120.6845 97.36362 97.5451 97.66053 139.6426 5546.63 4011.945 98.25062 98.37883 97.7189 96.91466 96.30871 95.89568 2897.623 6737.241 6737.428 6737.07 6736.6 6736.428 1710.966 95.06098 94.08392 93.10686 92.27094 91.46705 91.0229 90.97388 90.83507 90.13617 89.43728 89.40767 338.601 1892.473 3667.075 5379.942 6557.095 6245.896 6728.758 6728.896 6728.893 6728.714 6728.569 6324.239 6728.836 6728.932 6733.37 6224.834 7102.757 8812.307 8815.115 8409.178 8840.29 8957.737 8973.847 8973.903 7749.523 8066.163 8974.589 4793.909 3125.14 5860.395 6098.24 5631.409
