STOTEN_Data/raw/N_total.asc
ncols         250
nrows         718
xllcorner     -2256000
yllcorner     1557000
cellsize      1000
NODATA_value  -9999
[rows 588 to 615 of 718, columns 63 to 125 of 250]
4427.923 832.7484 837.6399 3670.877 2093.102 2763.784 1769.807 2161.665 2583.432 3711.711 753.0908 477.254 144.13 269.0992 584.2804 1359.888 228.4169 788.6714 4023.7 3063.797 4513.191 1364.211 169.5143 170.1077 170.3774 171.4375 2194.828 4740.11 4236.903 2005.493 171.2523 169.4425 165.095 159.0398 154.5912 154.7302 154.8693 142.1403 128.3072 121.7799 120.4865 119.5377 119.6552 119.7727 128.7827 138.717 521.7312 368.4026 144.2976 148.4025 152.5075 140.5593 126.641 120.4838 120.6178 118.4686 107.9299 97.39113 5089.435 9261.441 8436.822 7072.943 6088.095
3625.792 815.384 3114.117 3199.212 1174.02 167.4037 1473.251 1857.61 1745.642 724.8389 2908.158 4705.871 3491.74 208.0807 633.2371 3487.346 2599.85 4206.86 3256.346 4642.664 4751.722 2385.741 169.5594 170.129 170.3974 1562.384 4048.956 4768.814 2905.891 212.1801 170.1419 169.5125 164.6756 157.0073 151.3631 151.4983 151.6335 143.0298 133.6763 127.2152 122.8263 119.5376 2100.588 1390.767 222.5186 138.7122 143.0911 143.2365 145.1267 152.8888 160.6508 153.3412 144.1819 140.1664 140.3206 136.531 118.2494 99.96778 5278.471 9362.93 10235.56 5279.03 1545.167
3496.364 574.7017 301.2808 923.9422 398.8016 168.2485 386.555 878.1222 2666.833 3794.406 4287.964 4389.386 4338.662 2974.988 2111.04 970.0107 709.7029 4704.771 4527.058 4692.595 4138.967 308.874 169.9999 170.7083 1920.472 4601.765 4768.537 4737.277 4568.53 3293.29 309.0156 169.6649 164.4009 155.6754 148.9927 148.1431 147.2935 142.22 136.7841 131.1839 125.466 1218.016 4666.732 4716.477 4377.156 1249.915 141.6004 140.5192 142.3706 154.0915 165.8124 161.7132 155.6723 153.0601 153.2273 148.3625 125.0071 101.6517 97.18551 128.8678 1822.564 1226.417 119.3309
574.3308 491.6615 634.7575 1834.735 950.152 1471.384 520.6067 1161.423 2873.798 4742.432 4746.797 3713.385 2824.099 4690.68 714.5794 2206.327 220.7375 3148.353 2826.622 4747.743 3872.609 294.8444 171.1926 2390.848 4767.363 4604.11 4189 4345.35 4715.094 2456.458 170.8609 169.9744 164.4019 292.6795 478.6389 2389.705 1805.647 353.2278 135.5915 132.3635 143.3805 3038.733 4721.109 4721.23 4726.566 2773.566 211.7265 132.6486 132.7965 149.05 165.3035 161.6986 155.6565 153.0433 153.2095 148.3444 124.9912 101.638 96.65526 94.28391 93.2439 93.35104 93.67368
1898.958 473.5146 513.4124 498.2494 602.6617 4210.345 1694.644 942.1877 1412.725 4746.386 4624.206 1039.983 197.525 511.1503 1068.919 2672.878 155.1449 1137.874 337.5239 3426.579 2212.634 165.0491 333.6664 3749.402 4737.269 2104.427 3370.971 3492.992 883.2379 173.5452 171.9204 170.262 699.2589 3800.796 2422.572 356.5435 185.9809 134.2259 134.4701 133.5836 719.5966 4677.458 4725.839 4634.989 4683.096 4731.462 4064.841 166.1984 123.2693 143.9722 164.6749 161.5626 155.5274 152.9113 153.0667 148.2069 124.9185 101.6301 96.1367 93.17293 91.85751 91.96241 92.36161
1471.819 203.533 523.6746 561.9939 2371.502 4740.164 3710.952 4376.403 4266.535 3340.925 2514.126 1303.641 610.4595 3707.255 4703.687 3631.529 163.4595 165.6565 166.8372 1219.687 920.6487 1142.394 3438.812 3396.043 1082.812 3443.432 3384.756 211.6524 174.6775 173.5441 170.3689 480.4383 3703.286 3707.453 153.1189 148.8185 144.5181 144.4191 144.6806 141.2537 1007.788 4388.708 4727.292 3317.913 992.6318 3348.844 3543.749 124.816 121.2365 133.1134 144.9902 142.0797 137.3545 134.4467 133.0122 129.0492 115.7948 102.5404 97.48129 93.58715 91.84075 91.94496 92.34342
2072.76 736.14 346.049 566.2351 1541.395 3689.063 3968.973 2636.44 1955.947 400.2509 159.1295 1843.003 2267.739 4759.725 4762.599 3180.175 171.7742 176.0401 178.2801 1012.406 1419.362 176.024 732.1154 635.3285 2234.338 3299.147 684.2346 763.9798 421.4321 173.543 1501.162 3198.769 2296.046 2293.546 158.6844 156.6023 790.0184 233.188 154.8911 148.9238 138.4815 514.8837 3196.29 1972.347 136.8645 137.3879 188.1178 124.805 119.2038 122.2546 125.3054 122.5969 119.1816 115.9821 112.9577 109.8914 106.6711 103.4507 98.82587 94.00137 91.82398 91.92752 92.32523
2303.877 297.5446 170.0805 307.7783 1036.255 3191.738 4381.228 1253.642 163.5089 161.5196 161.7337 184.1362 233.8235 1241.08 1736.087 2079.458 174.5374 179.4904 182.0819 1469.895 440.4508 179.69 176.2532 176.5144 176.965 3028.896 3592.971 1795.931 995.2638 431.8712 2081.315 3314.134 160.6391 160.7759 160.5282 159.1825 3033.431 1898.495 3148.478 861.96 143.5644 137.6576 139.6438 141.63 141.9408 142.0775 136.3988 126.2873 118.3092 117.5112 116.7132 114.7876 112.7235 109.8374 106.2848 103.5162 103.6281 103.7401 98.66647 92.85572 90.1115 90.0096 90.15817
1689.246 157.4408 152.6078 158.3338 1478.13 4273.332 4750.838 3975.966 164.6735 164.9696 165.1877 166.4238 168.2246 169.5125 169.631 169.7494 174.5398 179.4924 194.4902 278.3942 183.7476 182.4502 181.1528 180.3029 179.4759 593.4131 4553.426 2198.884 4126.045 1580.449 3234.503 162.9155 160.6332 160.7694 160.5211 173.8791 4049.852 4751.63 3350.252 185.9302 149.5354 147.1951 147.8567 148.5183 148.7097 148.8522 141.528 128.5123 117.9807 115.8092 113.6377 112.7839 112.0917 109.8197 106.267 103.4982 103.6094 103.7206 97.75909 90.9343 87.55569 87.1465 86.92244
1352.652 470.1884 185.3789 154.369 163.9086 3546.628 4269.1 2263.999 400.4254 415.4133 819.5447 173.8301 169.4557 170.6224 171.8508 173.0792 177.2509 181.5248 184.0012 185.4131 186.1716 185.3282 184.4847 182.8417 181.1578 1034.479 4670.197 4769.399 3563.223 1617.464 750.5768 163.6161 161.4111 161.5474 161.2049 1290.801 4739.069 4671.515 1272.526 153.3934 153.534 153.5849 335.3229 2235.617 1883.775 175.4588 145.0579 132.2229 121.212 116.3405 111.469 111.1384 111.3651 109.0426 104.6538 101.2045 101.208 101.2114 95.57832 89.14398 85.83533 85.21994 84.74582
2851.644 2021.304 1478.549 2039.761 1431.68 1098.505 3326.195 492.6025 1974.579 2678.746 1297.893 803.0789 279.9999 173.9843 178.5823 183.1803 185.475 187.6897 189.8184 191.8961 192.2656 188.446 184.6263 182.8374 181.1525 1232.061 2967.258 4373.756 4681.307 3241.354 178.5163 165.579 163.7844 163.9221 163.2945 2434.582 4752.738 3938.473 1493.96 1759.355 2985 1039.958 984.5895 3719.807 4738.286 973.9934 145.333 138.9567 131.6882 121.417 111.1459 110.2222 2893.987 1156.252 99.79356 94.2798 93.9575 93.6352 90.80601 87.62045 85.81521 85.19933 84.72469
2923.513 3624.964 1763.23 1698.726 4343.512 4295.829 2520.683 3508.758 3473.834 189.344 167.5072 885.0548 1115.646 822.4941 185.3139 193.2814 193.6991 193.8545 195.6355 198.3792 198.3596 191.5637 184.7678 182.833 181.1471 890.182 3065.586 4302.985 4769.525 4283.047 561.771 167.542 166.1577 166.2968 165.3842 4231.78 4752.622 4750.752 4749.059 4748.433 4748.572 4470.62 383.5373 2070.618 2915.477 837.0826 145.6081 145.6906 142.1644 126.4935 110.8227 109.3059 5896.651 8480.363 3001.173 2371.988 86.70703 3575.372 2931.431 8446.851 5796.867 1454.133 84.70356
3628.323 2163.359 188.612 213.3982 2925.759 3720.822 370.2483 4425.641 2220.802 1293.104 1221.019 1142.86 1106.51 189.7804 192.7229 241.1566 193.7684 1502.581 968.5731 198.4314 198.3616 191.3792 184.3968 183.2445 182.3908 179.8899 176.3487 2451.191 4468.775 3686.123 1424.722 167.5473 165.1378 163.556 161.8123 543.2951 769.0051 1491.335 1702.185 1153.813 619.0833 1214.17 150.5534 2996.421 212.8113 144.6415 143.9746 145.0251 142.2346 126.5175 110.8005 109.2773 1833.365 9379.777 6174.038 6244.198 84.77065 3036.494 7271.939 10168.13 10158.84 1602.999 81.7159
4764.657 1912.925 177.9061 2567.443 2871.043 4254.275 3628.6 2747.73 2456.213 342.8624 2580.671 3418.091 4304.477 1806.783 1345.623 2505.603 193.7643 587.698 4146.977 3568.91 3552.25 2209.319 184.0211 183.6598 183.6458 180.9241 176.4923 704.1609 1642.573 759.4987 1733.498 167.535 164.0874 160.7691 158.1896 157.7195 157.2493 153.5658 149.6066 148.0314 148.1643 2271.087 688.1381 2594.685 2020.416 142.3359 142.3239 144.293 142.2112 126.4961 110.781 109.2568 109.4742 6297.074 8708.104 8546.729 3404.878 8667.064 7983.212 10109.74 10182.71 4498.87 78.70156
3728.984 695.3447 180.1412 2294.84 2881.844 4520.605 3491.252 4776.831 3582.452 2957.991 1134.494 1995.891 4435.99 4694.147 4390.951 2801.596 1012.951 1910.841 1958.193 968.9031 891.6719 3070.805 1732.414 474.196 184.0635 181.2644 176.523 172.7634 171.5987 170.434 440.8835 2189.476 518.3214 157.4567 154.3151 154.4446 154.5742 151.5959 148.351 146.9799 307.319 3234.287 573.9225 1076.803 144.0062 141.502 141.3753 143.0608 141.4633 128.8166 116.1699 113.6857 112.4487 664.845 6511.079 10125.17 9965.123 9963.268 9916.717 10005.02 10163.21 8924.997 5484.484
1874.538 212.4767 190.9816 520.6783 495.6488 306.7417 2779.012 4778.874 2532.892 274.7483 185.9926 1387.854 3388.694 2133.193 3438.507 2800.171 1673.423 1955.873 1393.559 201.6254 198.2535 1870.091 3154.105 2096.23 184.0358 181.2354 176.4936 171.9785 168.0627 164.1469 162.9814 725.3592 2617.075 606.0197 150.3067 150.4316 150.5564 149.1435 147.5986 146.7937 222.7971 2043.147 1029.438 146.2284 143.9559 141.451 140.8001 141.5625 140.3299 132.3833 124.4367 120.4821 117.0175 113.976 126.4881 4184.72 6659.58 9408.233 9493.821 10157.08 10217.92 10172.22 10181.47
251.0677 226.1096 1824.244 228.2736 204.7181 193.8984 1079.53 4568.87 1847.147 192.6281 191.8584 830.2826 2745.21 250.8621 198.1036 677.4543 1152.381 3260.369 3492.45 203.7909 629.6853 2136.598 2866.024 2510.844 198.4618 181.9391 177.8533 173.0777 166.4792 159.8808 159.5776 159.7039 392.3543 1811.134 147.3631 146.7578 146.1524 145.8303 145.5325 144.9235 825.5405 2976.814 2115.365 495.2713 142.1865 613.4894 277.2571 139.2987 138.1696 134.0968 130.0239 125.1323 120.1401 117.9694 118.0856 114.7084 98.49403 635.9457 5029.81 9816.967 10217.97 10217.92 10199.78
255.4755 1072.715 1610.468 213.9132 210.9796 220.9471 227.7706 1377.692 3457.171 1559.556 197.1399 193.1682 1636.202 197.9721 205.4557 1763.775 2897.114 247.8271 2063.483 3316.398 3569.765 303.981 781.3403 2629.683 190.9113 184.2409 182.2432 178.287 169.155 160.0231 711.1974 159.6831 156.6062 151.3741 146.7422 143.8241 140.9058 140.6395 140.6007 139.3795 137.3112 1193.103 716.2545 136.0168 136.6672 823.8762 2879.225 604.9815 133.7694 131.7677 129.7661 125.1005 120.1081 117.9366 118.052 115.5257 103.2921 91.05859 152.0773 5503.238 8942.648 9001.394 9649.427
368.2698 2639.549 393.2807 218.972 379.8368 286.5823 437.389 268.699 264.4057 232.8547 202.4215 194.3091 2203.713 1316.825 1660.255 201.9577 204.8492 207.835 339.9716 1004.525 1410.697 256.5492 286.0912 1685.683 188.8749 186.5428 186.6332 183.4964 171.8309 160.1654 1973.671 159.6623 156.5851 151.3531 146.1214 490.1157 791.3757 135.4487 135.6689 133.8356 676.4254 1677.518 128.1729 128.2851 131.1479 142.5676 3235.341 3270.783 515.3551 129.4387 140.5364 125.0688 120.076 117.9039 118.0184 116.343 108.0902 99.8375 91.03575 1190.502 8874.883 9959.985 9853.525
407.0968 388.5211 213.0235 213.1494 227.2625 249.0124 343.1737 263.3815 263.5436 238.8523 213.6946 718.4744 1658.717 3036.925 548.8344 400.0928 209.2899 210.1247 210.1212 209.6211 208.2507 204.746 201.2412 298.528 188.9036 186.5756 186.7156 183.3196 170.5792 899.4832 939.9348 153.9873 151.5624 148.5615 144.625 263.0023 1813.663 368.477 134.7741 133.6764 601.7961 452.116 166.7825 130.9613 157.6441 134.7491 132.9888 1582.764 2566.292 2103.224 4395.818 1778.677 120.7164 118.3692 116.0303 112.8021 106.3062 99.81023 91.14761 82.17699 272.7632 2698.427 9427.605
409.6579 1752.065 1087.915 213.1393 227.2511 248.6212 263.2053 263.3668 263.5283 244.5019 225.1155 953.402 668.9204 2179.266 215.0161 215.1587 213.8404 212.4713 211.2325 210.0708 208.2304 204.7253 201.2202 195.1173 188.8812 186.5526 186.6917 183.0101 169.2308 1543.162 1194.099 148.1729 146.4163 145.7016 143.1069 135.1439 1093.524 1700.707 576.0246 133.6499 949.1571 1618.64 262.136 133.894 1618.899 3615.134 1164.4 144.7388 1951.17 3354.613 2009.287 826.8333 121.3734 118.8467 113.994 109.1538 104.3598 99.56587 91.11713 82.14886 78.03997 78.11821 1949.035
540.9894 1932.76 1297.294 214.3619 229.1642 251.5831 266.0091 263.4475 260.886 244.9856 1446.069 596.0975 371.995 903.7827 217.4228 217.5664 215.4758 213.3077 210.7924 208.0716 205.4113 202.8993 200.3873 193.771 186.9446 184.3859 184.5228 180.988 167.7501 2558.193 206.9629 146.0501 144.5355 144.6489 142.5404 134.0871 321.3837 2100.258 2502.923 356.6586 126.7607 124.4374 126.7473 129.0571 1829.553 2934.321 2213.563 1596.925 1283.323 399.1782 119.7442 120.6989 121.7211 118.9956 113.2324 108.0581 105.0481 102.0381 94.45017 86.21142 81.4647 79.72693 78.3019
1156.956 1354.367 3774.066 236.9629 232.1712 256.2359 270.4147 263.5826 256.7505 242.5325 232.3114 221.4477 218.9512 519.1554 217.4022 217.5452 706.2078 586.8647 209.4705 204.6803 201.0013 200.0471 199.0929 191.6718 183.9196 181.0007 181.1343 177.9924 166.1942 2387.14 172.4757 146.0259 144.5109 144.6236 142.5148 134.0624 245.5413 1976.3 2598.136 256.7424 121.2002 117.9616 118.8824 119.8032 161.3399 4013.031 1562.204 1094.319 2024.583 119.8806 120.7534 121.3407 121.8929 118.9577 113.1955 108.4137 107.2342 106.0548 99.69532 92.59948 86.85192 82.26611 78.58754
726.6599 1271.299 3323.078 252.0573 239.6575 261.6701 273.4958 263.6707 253.8457 242.4913 231.1082 225.0729 222.0043 1893.347 219.5528 219.3089 253.3332 283.1673 705.6345 424.9875 197.903 198.0403 198.1776 190.1925 181.7915 178.0689 177.3011 174.1655 164.7721 1356.07 150.8878 146.7314 145.1268 145.2393 143.1571 134.8075 126.4578 125.0246 2854.575 1026.011 116.7912 113.4149 1249.263 258.0538 113.3926 175.5238 123.0165 116.8826 118.7434 119.6743 120.6051 120.9036 121.1245 118.616 113.8951 110.064 109.5022 108.9405 103.3596 97.06526 90.61681 84.03558 78.77809
1301.51 486.8394 1146.737 694.3391 257.6365 268.9344 273.4737 263.6488 253.8239 248.1001 242.4531 237.2351 232.255 2507.449 226.7892 225.2536 224.3526 223.4737 759.4866 568.2117 197.8775 198.014 198.1507 190.1653 181.764 176.1994 172.4264 168.3912 163.6631 1228.667 154.0461 149.1462 147.2431 147.3566 145.3636 137.3555 129.3474 124.7296 899.7266 2235.629 115.0796 113.3869 1325.054 133.9577 113.3627 113.4597 114.5148 116.3002 117.6837 117.7147 117.7457 117.9395 118.1534 117.5627 116.3201 114.7474 111.9622 109.177 103.3208 97.028 90.58131 84.00201 78.74591
289.8709 217.4924 1478.355 654.2413 275.6155 276.1986 273.4516 263.6269 253.8022 253.7088 253.7981 249.3973 242.5056 1983.439 234.0256 231.1983 231.2136 231.3277 222.3571 230.4668 1226.229 197.9878 198.1237 190.1381 181.7366 174.33 167.5517 162.6169 162.554 162.4911 157.2043 151.5611 149.3595 149.4739 147.5702 139.9036 132.237 124.4346 2293.305 1440.878 113.368 1130.708 1578.673 435.8246 113.3328 113.4291 114.2843 115.7179 116.6241 115.7551 114.8862 114.9754 115.1823 116.5095 118.745 119.4308 114.4222 109.4135 103.2819 96.99074 90.54581 83.96843 78.71373
283.077 318.8536 1749.773 293.4428 265.8553 266.0116 264.5847 259.7932 255.0018 251.7976 248.6231 244.8903 240.8476 858.8153 239.7956 231.4032 231.4537 231.606 224.6882 213.5834 204.8629 201.9893 199.1157 194.3764 189.5417 181.7697 172.1427 164.859 163.7686 162.6782 157.2987 151.6267 147.5092 144.4379 141.0045 136.5374 132.0702 125.2804 443.6223 633.7529 115.5231 115.3545 114.3726 113.3907 113.7 114.1433 114.9225 115.9574 116.5481 115.6434 114.7387 114.8224 115.0273 116.4281 118.7983 119.9796 116.7923 113.605 110.0034 106.3428 99.88577 91.0191 83.48373
273.2988 292.1673 833.3038 649.2877 254.9632 255.1124 255.3569 255.8041 256.2513 249.5794 242.774 239.703 238.7035 237.1313 234.2526 231.3739 231.4236 231.5751 226.8692 219.2868 212.161 206.1551 200.1492 198.7889 197.6664 189.5893 177.1199 167.4283 165.078 162.7277 157.2681 151.5965 145.4972 139.11 134.0809 132.9297 131.7786 126.1726 120.1844 582.3022 117.836 117.4325 115.4851 113.5377 114.0833 114.888 1801.067 2503.369 1279.525 241.0525 114.702 114.784 114.9873 116.3864 118.7549 120.3598 119.1589 117.958 117.0007 116.0781 109.6083 98.35886 88.44971
