STOTEN_Data/raw/N_total.asc
ncols         250
nrows         718
xllcorner     -2256000
yllcorner     1557000
cellsize      1000
NODATA_value  -9999
[rows 616 to 643 of 718, columns 126 to 188 of 250]
84.17548 78.19537 75.679 73.72468 71.53629 69.13358 67.18435 67.25119 67.31802 67.65443 68.04021 68.26249 396.8748 9206.925 7129.28 4707.882 6165.559 9453.449 10207.61 10207.68 9110.68 1698.933 69.23865 833.1987 1665.614 10006.17 10100.71 1023.697 2100.782 8167.341 9514.373 2869.459 5846.653 10144 10070.89 7668.987 804.2965 156.4695 3986.587 2496.231 9725.848 10210.04 8865.593 8104.229 2722.562 5332.437 10218.89 10149.81 10187.23 8880.261 9452.313 9789.959 9954.156 10197.5 10167.14 9987.714 10006.06 9020.5 10218.81 10218.38 10053.89 9926.205 9898.918
82.95382 76.02396 74.42372 73.68829 71.75834 68.73458 66.27792 66.3426 66.40727 67.0439 67.78526 68.17709 1738.353 10208.69 10114.52 8465.817 10153.69 10207.81 10207.51 10207.58 9922.807 414.8679 68.77892 7655.425 8074.819 10156.21 10211.52 9555.193 4863.304 10216.49 10116.58 7600.831 1624.056 8722.175 10061.63 10202.93 1832.39 9338.453 5339.167 5212.575 8106.898 10136.25 10218.55 10218.73 9862.719 10218.5 10218.39 10218.35 10218.33 9710.495 10109.21 10136.58 10218.63 10063.44 10063.45 9871.813 9540.356 9503.982 10066.67 9856.578 9959.93 9683.178 9324.298
84.52272 74.75945 73.51416 73.65105 71.90613 68.43806 65.616 65.66602 65.71604 66.46973 67.35226 67.81053 67.85602 7172.278 5882.556 8568.88 10208.14 10207.56 10207.37 10107.16 8673.544 860.8981 4335.528 7823.576 8595.071 10107.48 10210.98 3500.44 631.936 9107.496 10216.39 9939.686 4887.749 6558.754 10091.6 9947.973 6756.137 10025.65 8881.006 1302.221 8335.661 6967.799 10217.95 10218.09 10218.08 10218.03 10218.01 10218.03 10105.51 9822.817 10218.52 10218.54 10218.49 9917.287 10218.45 10172.82 10106.06 8959.345 9786.803 10218.73 10218.73 10130.61 10218.93
93.12611 75.78109 73.47612 73.61162 71.8667 68.39992 65.57043 65.57432 65.5782 65.98722 66.4704 66.73521 66.78754 785.8079 6851.925 9556.501 10207.27 10206.94 10161.44 10207.67 10208.23 6518.438 8392.687 9178.281 8686.281 10013.11 10171.38 944.8949 3415.565 9387.709 10013.9 10120.66 8968.845 8069.36 8030.851 10069.48 10142.91 10216.52 10046.83 6205.025 5431.379 7471.688 10172.16 10190.49 10135.76 10217.91 10196.63 8742.51 9189.734 10218.13 10218.28 10218.37 10069.37 10075.52 10218.57 9938.771 9905.47 9899.549 9427.928 9695.452 9817.086 9890.242 10033.37
101.7295 76.80273 73.43808 73.57219 71.82728 68.36176 65.52485 65.48261 65.44038 65.5047 65.58853 65.65988 65.71908 65.78992 65.91817 7552.7 10206.4 10206.32 10206.78 10153.03 10172.16 9776.762 10074.97 10099.99 8397.224 9949.173 8480.91 70.62913 4380.005 8989.53 9802.276 9857.477 10213.68 7332.86 7591.556 10205.2 10123.51 10051.47 10016.08 9505.647 8444.449 10156.78 10217.63 10025.99 10062.55 10199.53 9134.837 10071.83 10217.88 10099.32 10218.04 10218.2 10191.01 9911.298 10045.29 9923.753 9470.635 9835.853 10015.15 9912.425 9882.914 9789.817 9805.215
102.7216 77.8723 72.97185 71.30838 69.44846 67.40862 65.70576 65.50101 65.29626 65.36134 65.47583 65.56214 65.62106 65.68237 65.7556 3941.491 8965.04 10181.88 9966.285 10170.93 10208.15 9602.832 9612.025 10053.77 10078.87 8564.411 10139.46 5073.626 5365.425 9651.529 9428.954 10213.26 10213.54 7977.65 650.3228 6486.578 9627.516 9716.466 9765.947 9748.169 8412.743 10216.8 10116.55 9998.048 10147.21 10095.57 9137.433 10217.59 10172.16 9998.88 10135.9 10218.17 10190.94 10060.27 10090.84 9041.452 9516.184 9960.491 10030.4 10111.38 9939.998 7494.315 9168.676
103.2761 78.94463 72.48101 68.91672 66.93515 66.40289 65.89968 65.52575 65.1518 65.2375 65.40733 65.5206 65.5788 65.62978 65.645 65.66023 6090.106 10187.88 10206.45 10207.06 10207.58 9839.545 10104.28 8781.54 8061.265 7903.642 9555.934 8838.469 5264.852 9443.565 9049.637 10213.19 10201.3 9501.687 6534.726 1791.503 9238.052 9776.959 10017.74 9996.729 9908.582 9470.611 9302.238 9675.631 9973.252 10043.3 9258.65 10180.82 10144.69 10163.11 9386.057 9831.703 9771.06 9929.366 8289.806 10090.89 9814.21 9972.555 9838.776 9914.874 9933.219 3236.67 4373.573
103.0675 79.29183 72.2641 67.95396 65.92474 65.98416 65.95175 69.9241 73.26604 65.13512 65.29218 65.36328 65.35074 65.33115 65.27677 597.5937 8696.769 10205.73 9573.462 10188.5 10189.09 9736.041 10207.79 10162.63 9150.127 8946.809 10209.78 10192.04 8607.802 9645.876 7380.004 6579.375 7239.854 9895.822 5594.482 73.38953 2829.906 8392.359 10032.54 10005.46 10215.44 10169.91 10188.5 9969.809 9647.531 9614.209 9069.911 10107.65 7942.989 8106.516 3935.317 8580.95 9847.023 9789.335 9975.061 9479.35 9944.946 10045.49 10219 10219.11 10219.24 8789.602 5662.462
102.3653 79.17008 72.22436 67.91534 65.88632 65.94508 65.91208 65.47112 65.03016 65.04662 65.14685 65.1311 65.0025 64.87341 64.74191 79.82103 8693.104 10141.21 9317.279 10206.49 10207.33 9800.177 10025.78 10080.84 8715.185 9786.378 10209.72 9513.539 8735.134 10210.94 4181.922 71.48193 3093.766 8522.318 4359.051 72.89304 73.08393 1009.664 7621.941 10069.26 9987.202 10142.45 9726.017 9978.85 10170.77 9891.146 8297.301 7958.816 4636.151 9174.678 7413.023 9837.723 9801.294 5731.653 5301.159 4752.208 10075.7 9920.693 10161.13 10176.42 10073.11 10188.87 9629.276
100.2818 80.13771 73.64613 69.36987 67.35685 67.41626 67.3223 66.54645 65.7706 65.40992 65.12526 64.89247 64.71014 64.52682 64.3386 64.15039 6727.423 10204.63 9146.469 10206.09 10207.01 9663.176 9615.21 10184.27 9226.068 9411.911 10209.45 6963.97 8482.202 10210.35 5799.711 3709.257 1354.16 3394.959 321.8938 72.5107 72.58155 73.28011 2260.422 9977.796 10215.19 10084.51 9950.963 9996.908 10216.27 10198.35 10189.46 6975.073 9321.702 10025.77 9907.458 10071.88 8723.796 2705.651 778.3664 2601.997 10054.35 10106.22 10072.84 10218.94 10045.65 8938.485 9398.011
94.44229 84.06754 79.04204 74.88454 72.93047 72.99408 72.67501 70.65462 68.63423 67.00168 65.44014 64.63632 64.56971 64.48241 64.293 64.10358 3370.906 9721.896 9499.063 10205.3 10160.18 9470.686 9568.617 10207.67 9970.445 8620.05 10208.61 7133.595 9367.032 10146.34 9438.021 10211.21 5664.774 2682.019 3632.665 990.1452 72.50864 73.02607 1234.742 7090.266 10074.82 10096.35 10114.83 9959.914 10197.52 10206.99 10189.05 10189.34 10217.01 10135.2 10050.34 9697.641 9034.595 3249.195 660.9849 6281.918 9856.559 10167.05 10109.36 10145.94 10039.58 9206.229 10173.82
88.60276 87.99738 84.43796 80.39921 78.5041 78.5719 78.02773 74.76279 71.49786 68.59344 65.75501 64.38017 64.42929 64.43802 64.2474 64.05678 2010.016 9680.271 9854.701 10204.51 10198.54 9167.938 10206.5 10206.73 10079.02 8123.273 10207.78 5474.91 10102.8 10210.1 8379.293 5431.976 9848.635 6495.751 8542.568 5338.277 2170.485 72.77204 1494.866 3686.596 8535.077 10096.03 10214.82 9609.58 9123.145 10215.62 10216.02 10216.47 10204.75 10007.34 9901.185 9922.698 9226.381 8942.978 7492.145 9801.206 10218.52 9944.972 10075.9 10079.01 9476.799 9480.053 9754.082
93.26242 88.85023 84.76713 80.73743 78.13847 76.84957 75.43124 73.43739 71.44354 68.80373 66.04566 64.71436 64.77122 64.7785 64.54099 64.3035 2264.785 8206.106 9179.52 10049.37 10155.82 9739.994 10206.39 9257.468 10161.04 8439.538 10207.66 7476.507 10209.12 9224.262 10185.99 7013.375 4543.64 9010.097 10212.29 10087.63 9743.942 1925.115 511.0638 9595.293 6968.284 9876.893 10150.83 10150.97 10160.39 10215.51 10179.33 10216.15 10100.86 9745.273 9666.522 9709.364 9910.368 9646.879 8634.938 9712.953 10154.41 10218.64 10042.38 9354.985 10219.09 10219.24 9583.625
98.70637 89.47322 84.71782 80.689 77.32917 74.58193 72.24094 71.70609 71.17125 68.91084 66.33449 65.09264 65.14919 65.14772 65.2802 88.10789 64.58347 393.2051 9485.971 9857.783 10177.06 9323.171 10160.7 9640.72 10206.62 8445.564 10207.61 7686.344 9560.004 9252.462 9942.268 8470.018 802.2548 8470.121 9776.843 9694.772 9810.438 7699.756 3368.469 10213.78 6002.839 6879.311 10085.84 10083.96 10160.31 10188.04 10215.68 9221.043 10161.22 10115.95 10107.19 10162.23 9879.57 9961.888 8200.57 10171.96 9798.234 10218.5 9820.238 9732.203 10094.37 10155.3 9583.512
101.8281 91.44449 87.43915 84.46877 81.63221 78.91816 76.71424 76.77834 76.84245 72.62762 67.62935 65.13879 65.08811 65.0117 64.80836 64.60502 64.63248 64.70717 5573.886 6341.23 10174.19 10141.57 9470.958 10206.61 10206.79 8284.503 10207.62 6323.365 10194.66 9688.345 9514.177 9696.656 2593.742 2026.626 9302.018 10190.46 10211.89 9689.123 7011.616 8097.104 9007.035 4079.119 9898.825 10031.8 10010.78 9138.005 10206.11 9978.25 10069.82 10161.38 9875.713 10210.62 10216.98 10217.16 9216.372 10132.15 10126.5 10041.76 9908.21 9512.995 9993.833 10213.95 9606.643
103.3501 94.34454 92.06909 90.88573 89.45701 87.80362 86.4668 86.53738 86.60798 78.83103 69.61724 64.95616 64.72459 64.52764 64.50157 64.4755 64.53183 64.60504 64.59812 3101.559 9791.207 10150.86 9561.995 10206.74 10070.23 7110.571 7515.419 5544.439 10208.72 9476.278 10209.62 10209.68 6715.674 70.40156 616.6397 6612.913 10212 9905.018 7439.153 7957.609 9206.176 5939.207 6450.411 9766.45 10146.95 10141.13 10214.59 10023.64 10142.94 9978.822 10216.27 10152.63 10067.72 9781.942 9100.571 10083.26 10144.44 10175.2 9630.996 10045.07 9954.038 9268.612 10159.05
103.1086 96.32708 95.50916 95.65892 95.28058 94.41866 93.72881 93.804 93.8792 83.88082 72.03802 65.79646 65.00459 189.1877 64.47022 64.57643 64.62306 64.65752 64.70238 2464.992 4815.662 3108.518 6945.129 9966.491 10207.37 7293.327 9843.696 4146.968 10208.59 9865.542 10045.25 10209.63 8452.66 2023.307 1772.451 7584.242 10201.81 9530.675 7982.341 8934.695 8286.968 9427.996 1576.429 10085.38 10213.34 9538.189 7609.999 10208.9 10033.3 10215.89 10170.32 10042.77 10179.94 10070.62 9833.437 9039.56 10019.41 10183.97 10117.43 9457.694 10017.71 9646.639 10218.67
97.67986 95.61104 95.44949 95.59743 95.21805 94.35582 93.66554 93.73979 93.81404 85.53752 75.73203 69.64552 67.17735 65.1429 65.24902 65.35515 65.27863 65.16474 65.13682 65.19778 6026.834 10205.98 9819.915 10182.43 10198.18 8525.322 8833.647 1594.564 10108.12 9879.631 9921.569 10209.84 7541.209 7802.191 9848.891 7805.874 6705.921 10065.73 10089.34 10143.36 10121.29 10212.79 6112.219 7940.739 10039.96 10195.24 6216.491 10214.46 9886.479 10145.12 9938.322 10087.62 10206.55 9741.382 9019.199 5381.978 9564.859 9803.57 9423.714 8621 10145.37 9494.418 10218.55
92.25117 94.89499 95.38982 95.53593 95.15553 94.29298 93.60229 93.67558 93.74888 87.19423 79.42603 73.49457 69.35012 65.92177 66.02782 66.13387 65.9342 65.67196 65.57127 65.63757 140.7438 8219.667 9305.779 9780.808 10097.73 6286.264 2721.972 67.35435 6901.635 10194.89 9755.297 10146.16 6097.386 7031.399 8366.987 9305.201 3386.477 9116.22 10130.74 10028.69 10212.47 10212.72 4186.553 432.8484 9699.258 10076.55 10131.48 10131.8 10031.71 10095.65 9192.533 10032.08 9464.989 9594.673 9570.74 9567.101 8130.74 9934.243 9630.469 8374.476 9466.867 9968.878 9610.012
93.19128 97.44215 98.1634 98.31193 97.30343 95.23546 93.00939 90.08037 87.15135 82.81019 78.21046 73.77071 69.48663 65.94194 66.04666 66.15139 65.94071 65.66548 65.60085 65.75391 65.89169 65.94499 5865.292 9899.595 9714.567 5777.361 67.35691 67.48382 3150.743 10209.04 9716.706 9352.119 9224.631 9023.907 5606.674 4885.913 493.3094 4381.455 10185.14 10102.26 10175.44 10111.73 9920.322 6548.886 6973.871 10212.78 10213.04 10137.53 10214.09 10065.19 9117.212 9967.181 9880.185 9886.566 9643.614 10129.75 8727.121 8332.744 9343.092 9688.37 9667.547 9896.114 9409.788
94.72041 100.2911 101.199 101.3504 99.65577 96.27092 92.3675 86.1586 79.94969 77.86747 76.54082 73.71642 69.43481 65.89194 65.99522 66.0985 65.88719 65.6115 65.59299 65.84034 66.05785 66.11057 6598.607 9762.863 10116.29 6976.117 67.5184 67.63125 134.0222 8279.265 10072.56 9659.304 10210.21 10146.38 9642.477 7032.557 5642.529 9384.521 9434.384 10211.28 10083.6 10083.7 9490.702 7773.129 7360.508 9192.938 10212.43 10088.52 10214.01 10126.05 8266.561 10130.51 9690.827 9656.666 9859.504 9656.576 7034.16 1857.477 1716.811 9440.459 9956.449 9716.911 9425.617
95.33289 101.4592 101.5944 100.7573 98.81603 95.86353 92.19282 85.32895 78.46509 77.45255 77.51136 89.51306 77.79722 66.78051 66.35928 65.93806 65.70683 65.5145 65.55772 65.84441 66.09513 66.14716 2513.079 9790.276 10207.59 7180.038 2614.016 67.97884 68.33433 2857.301 10203.4 9887.416 9769.014 9397.931 9969.925 10146.59 10155.94 9973.547 9842.843 9286.219 10211.08 10211.15 10065.33 10211.55 3172.173 4544.225 10212.05 10039.41 10021.87 9857.938 10214.21 10214.33 10214.39 10013.84 9851.948 10087.82 6017.043 1715.686 2500.76 6267.074 10053.69 9680.458 10177.22
95.27325 101.3949 100.0538 97.5017 95.6358 94.39823 92.36069 86.76652 81.17234 80.3575 80.41772 77.87536 85.40926 68.35726 67.02799 65.69872 65.43346 65.38599 65.50236 65.7881 66.0379 2712.734 8007.083 8145.442 9595.046 10062 6565.014 68.47321 68.68758 668.2 10035.15 10209.85 9796.294 10027.55 9686.909 10183.01 9991.591 5467.078 10074.98 9045.813 10049.77 7959.9 9301.672 9578.7 1341.744 1376.276 5425.567 9814.787 10042.38 10003.24 10104.02 10213.68 10104.22 10077.13 9090.499 9215.346 7570.559 9562.149 7609.957 8422.465 10044.45 10002.81 9559.55
93.44765 98.94708 97.39114 94.69037 93.435 93.50317 92.69067 87.96276 83.23485 82.08047 81.58039 78.85226 73.95636 69.54487 67.52426 65.50365 65.21121 65.27251 65.45456 65.76144 66.03525 5122.131 10092.03 977.2405 176.6367 2007.529 1851.984 68.83392 68.94044 3382.931 9428.805 10164.17 9726.229 9851.001 9355.203 10210.26 10210.48 8962.329 9940.988 10006.98 8425.136 9522.397 8998.326 10019.66 8886.081 131.9774 478.9274 9388.49 10142.16 9957.029 10158.25 10213.16 10173.67 8190.524 10001.29 9193.445 8012.689 9592.684 9520.647 7753.229 10217.76 10121.34 9781.497
85.98598 88.89207 91.14735 93.29705 94.36007 94.42803 93.53801 88.38883 83.23965 80.03118 77.17804 74.48349 71.94323 69.49055 67.47019 65.44983 65.15213 65.20705 65.4309 65.82937 66.20679 66.46796 653.8585 67.00523 67.28474 67.70058 68.2662 68.76814 68.87296 1376.076 1734.202 6869.483 10167.25 9829.577 9881.316 10073.11 10210.15 8088.954 9161.87 10149.64 9675.117 8784.857 4724.823 9772.891 9500.379 2389.209 810.572 8162.492 8392.844 9470.198 8062.135 10085.3 10167.49 10213.44 10214.14 9770.713 9099.449 9002.035 8978.251 9938.707 9645.595 10218.58 10027.75
78.5243 78.83704 84.90357 91.90374 95.28514 95.3529 94.38535 88.8149 83.24445 77.98189 72.7757 70.11472 69.9301 69.43625 67.41612 65.396 65.09306 65.14159 65.40723 65.8973 66.37833 66.80945 67.24056 67.3782 67.4492 67.73127 68.24519 68.70235 68.80549 68.90863 69.07752 848.0458 9249.448 9990.681 9135.825 9726.056 10209.81 9977.711 9709.117 10210.15 10210.2 9146.537 5539.767 8336.651 9064.131 7072.02 180.9066 7809.585 4946.036 3489.301 6732.635 10212.97 10213.02 10213.34 9514.35 10208.68 8037.68 7920.117 9653.983 9992.285 9083.631 10218.48 9945.458
77.73425 77.78754 84.22923 91.70753 94.75797 93.75391 92.3047 88.87654 85.44837 80.51659 75.30952 72.76805 72.82008 72.57741 70.88018 69.18295 67.69432 66.24839 65.67334 65.99855 66.34245 66.78951 67.23658 67.35963 67.4091 67.76356 68.453 69.06164 69.16627 69.2709 69.39853 69.53191 2765.909 10028.4 9790.041 10076.47 10019.04 9666.435 6542.168 8504.438 10018.48 10193.99 8282.66 10210.49 9845.782 7382.067 2628.505 5933.312 10211.63 10212.08 10093.89 10212.88 10165.55 10048.32 7308.885 8451.245 1066.058 1213.157 9465.731 10153.31 10047.19 9777.255 10173.51
77.6839 77.73647 84.17236 91.64404 94.06979 91.87509 89.89944 88.89777 87.8961 83.55952 78.61234 76.19993 76.25367 76.07285 74.73429 73.39573 70.59054 67.48515 65.97157 66.10349 66.28356 66.72951 67.17545 67.29765 67.34634 67.79604 68.68617 69.46804 69.57452 69.68102 69.76292 69.83868 69.8396 7452.975 10194.84 9649.197 9914.2 6948.289 4935.732 333.5724 9029.743 9537.88 9647.509 6690.683 9139.842 10210.97 10095.56 10199.04 10211.3 10211.76 10163.54 10161.08 10139.4 9953.302 9109.913 6502.16 4103.004 1527.401 7554.567 10089.31 9898.012 9637.202 10109.53
