STOTEN_Data/raw/N_total.asc
ncols         250
nrows         718
xllcorner     -2256000
yllcorner     1557000
cellsize      1000
NODATA_value  -9999
[rows 112 to 139 of 718, columns 0 to 62 of 250]
-9999 273.538 277.8033 282.0685 283.6754 284.5955 279.8932 268.4916 258.0525 254.8134 251.5742 232.1449 208.1367 195.0254 195.7179 195.3293 185.5033 175.6772 167.4164 159.6381 154.217 151.9721 149.1931 140.8535 132.5139 130.0382 129.5251 129.3439 129.6388 130.13 172.4446 136.1349 137.503 138.2792 139.5504 141.5773 143.4875 143.4763 143.4651 144.7753 146.602 147.2684 146.0463 144.9043 145.5805 146.2567 146.7408 147.1441 147.5496 147.9589 803.8776 7089.528 5534.462 4892.226 6475.369 7043.021 6968.741 5329.292 2195.426 1236.543 1067.29 3635.292 5792.455
-9999 274.6869 278.3825 282.0781 283.4924 284.3175 277.4281 261.3469 247.3603 249.042 250.7237 236.8225 218.5143 205.3597 198.7336 191.9689 183.9961 176.0232 165.7395 154.7434 148.8425 149.8068 149.9059 140.9969 132.088 129.2109 128.3527 128.1709 128.9592 129.8571 132.1572 134.4572 135.9585 137.1705 139.12 142.1957 145.0357 143.9977 142.9597 143.9033 145.6215 146.3425 145.4402 144.5931 144.9989 158.7974 1152.848 147.0605 147.6982 147.8783 2522.311 6287.934 2906.29 694.9218 3832.375 6926.908 6837.793 3182.46 4055.045 1996.044 5076.764 4324.752 4180.167
-9999 273.5567 277.311 281.0653 283.049 284.5753 278.2576 262.5934 248.9799 250.7055 252.4311 250.2838 247.0412 232.9683 205.176 179.9609 177.245 174.5291 165.5094 154.5468 148.6719 149.652 149.72 140.2895 130.859 128.1077 127.5918 127.6157 128.4136 129.3382 131.8823 134.4264 136.852 139.2348 141.4388 143.3701 145.1318 144.1046 143.0774 143.0569 143.43 143.6367 143.5727 143.5266 143.8885 1472.365 4466.809 146.9202 147.9436 4508.958 7340.246 7361.858 6867.85 3859.619 1404.915 5673.424 5669.83 2232.545 4065.078 3919.618 2483.523 3410.25 3915.273
-9999 272.3932 276.1333 279.8735 282.4581 284.7442 279.0242 263.7651 250.5309 252.444 254.3572 263.456 274.5871 259.8661 212.3964 170.0495 172.4251 174.8007 166.4511 154.7957 148.4536 149.2704 149.16 139.3949 129.6298 127.0421 126.8566 127.0899 127.9235 128.897 131.6596 134.4223 137.7125 141.1939 143.6255 144.454 145.177 144.1628 143.1487 142.2144 141.3114 141.0353 141.7794 142.5056 142.826 609.6606 3845.553 805.2267 337.8619 6465.994 3917.126 3089.796 5463.333 7303.292 6361.977 3020.365 5386.878 2604.697 5236.385 5697.979 5344.521 2078.965 206.4985
-9999 270.3439 272.1407 273.9375 277.958 282.553 278.1268 262.9516 250.2624 256.169 262.0756 268.9703 276.1444 267.932 240.2285 215.6891 218.7731 221.8572 198.4373 166.8479 146.972 142.8786 138.6927 133.5433 128.3939 126.9741 126.8025 127.3425 128.903 130.5174 132.8212 135.1249 137.6968 140.3657 142.3083 143.1415 143.8729 142.9315 141.9901 141.4749 141.1264 141.198 141.9533 142.6911 143.0311 806.3123 4349.746 2861.979 5997.932 6694.769 6465.283 2626.804 5207.917 7257.732 7026.287 5517.46 6451.533 2094.992 5866.321 3960.984 7315.889 6979.402 2971.008
-9999 268.2947 268.1481 268.0014 273.4579 280.3618 277.2293 262.1381 249.9939 259.894 269.794 274.4845 277.7017 275.998 268.0605 261.3286 265.1212 268.9137 230.4234 178.9 145.4904 136.4868 128.2253 127.6917 127.158 126.906 126.7483 127.5952 1453.533 147.7627 133.9827 135.8276 137.681 139.5376 140.991 141.8289 142.5689 141.7003 140.8316 145.3121 163.4725 141.3607 142.1273 142.8767 143.2362 143.5957 144.1583 3684.211 4958.649 5588.732 5921.201 6465.861 3519.477 6654.139 6831.228 4724.402 5932.086 3452.164 5985.453 2563.302 7022.374 7430.681 6705.75
-9999 266.0731 265.4522 264.8312 269.4415 275.4034 273.1617 261.1454 251.8056 262.4863 273.167 277.1472 279.2324 279.1793 276.4173 272.5747 259.2988 246.0229 212.2956 172.2646 144.8425 134.4094 124.9676 125.8482 126.7289 126.8646 512.6542 796.7036 978.697 389.7968 134.6398 136.1773 137.7832 139.4139 140.543 140.9059 141.2287 140.8923 140.5559 140.5253 140.6143 140.8286 141.247 141.678 142.3929 143.1077 143.8793 166.2521 5360.421 6314.238 6686.217 7214.518 4680.34 6573.966 6996.619 4641.985 1681.379 982.8325 7393.865 4058.125 6445.097 7183.045 7078.748
-9999 263.777 263.3174 262.8578 265.6345 269.2475 267.7224 260.0752 254.5174 264.5886 274.6599 278.576 280.7516 280.2469 276.3472 268.9391 230.9028 192.8664 172.4841 157.5432 144.5553 134.1988 319.0244 125.7391 126.6488 127.5788 535.7671 153.4304 130.9349 133.7831 135.0787 136.3743 137.9364 139.5951 140.471 140.1515 139.8729 140.2675 140.6621 140.5441 140.2257 139.996 139.9107 139.8802 141.0958 142.3114 143.5948 144.9068 1449.563 6381.79 7520.894 7588.653 1673.569 1919.157 7414.707 2564.409 3281.137 2781.365 6782.768 7090.747 5726.328 6814.759 7380.249
-9999 264.1204 267.8607 271.6009 269.4157 265.6996 261.9542 258.1736 255.981 265.6668 275.3526 279.7918 282.7473 282.8364 279.2945 270.5712 216.6138 162.6565 150.8338 250.2119 645.3231 336.4604 225.1448 125.4901 126.2811 1743.378 2872.763 128.0741 131.2233 134.2247 135.3344 136.4441 137.8857 139.4476 140.1027 139.3732 138.7432 139.7493 140.7555 140.6245 140.049 139.5386 139.1343 138.8121 140.3563 141.9004 143.3518 144.7643 837.8947 3074.493 4887.733 6741.191 218.2253 476.4891 2589.664 1926.101 5522.226 5455.44 5765.708 6834.158 6631.972 6576.097 6985.397
-9999 269.1646 284.2965 299.4284 286.71 266.7963 255.6003 254.7914 255.2218 264.9211 274.6205 280.6281 285.5916 288.1357 287.6152 281.5844 227.4474 173.3104 161.5257 162.7954 156.4234 139.755 124.5831 124.9922 125.4013 541.8282 1404.713 128.0677 131.2318 134.2408 135.264 136.2873 137.4718 138.7147 139.2069 138.5524 138.0161 139.421 140.826 140.8147 140.2496 139.7495 139.3551 139.0433 140.6094 142.1754 143.1828 143.955 144.7445 147.7963 4411.972 4028.799 147.8884 5179.966 4171.966 606.1942 5897.193 7442.688 5128.624 714.1347 7069.166 6935.915 7552.717
-9999 274.4894 300.5836 326.6778 303.9122 268.5234 250.2448 252.3531 255.3221 264.7289 274.1357 281.5515 288.4042 293.3092 295.7468 292.3522 238.0427 183.7331 171.836 173.0119 164.7212 143.6757 124.4776 124.5169 124.5562 125.2734 126.2175 128.0771 131.2495 134.26 135.1981 136.1362 137.0692 1573.257 379.4026 137.7524 137.3068 139.0823 140.8577 140.9673 140.4255 139.9429 139.5568 139.2536 140.8338 142.4141 142.9965 143.159 143.5853 2035.824 6710.775 6957.023 5312.659 7215.347 5006.539 150.1398 4290.028 7112.956 5458.023 5187.753 6008.578 7251.073 7298.605
-9999 292.7614 310.0089 327.2564 316.8623 299.3269 290.9373 293.445 295.0671 290.0635 285.06 286.4988 289.7597 292.6749 295.1523 291.8091 237.651 183.4929 164.5446 156.4491 146.8916 135.3641 124.8663 125.0891 125.312 126.0914 127.0572 128.8098 131.6906 134.4286 135.3395 136.2504 137.1866 189.4709 192.0494 137.9098 137.4219 138.2625 139.103 139.3889 139.4581 139.3298 138.8802 138.5018 139.7375 140.9732 142.0155 142.9764 143.9131 4687.924 7039.246 7274.342 6504.983 7416.613 5971.206 3545.031 5552.374 6786.348 5319.663 4720.531 6203.675 6817.633 7418.949
-9999 311.0335 319.4343 327.8351 329.8125 330.1304 331.6298 334.537 334.812 315.3981 295.9842 291.4461 291.1151 292.0406 294.5578 291.2659 237.2592 183.2526 157.2531 139.8863 129.0619 127.0526 125.2549 125.6613 126.0677 126.9095 127.897 933.1077 2047.295 134.5973 135.481 136.3646 137.3041 138.2639 138.6236 138.0671 137.537 137.4426 137.3483 137.8106 138.4906 138.7166 138.2037 137.7499 138.6411 139.5322 141.0345 593.6831 2472.347 7422.62 7381.109 7006.845 7465.166 7463.865 7034.083 1849.116 6917.411 6071.349 6083.083 5809.104 6941.183 6332.856 7106.262
-9999 309.9261 315.4715 321.0169 329.0258 337.6711 340.2608 335.6351 329.6433 313.4332 297.2231 290.45 286.3458 279.5507 269.3468 256.3584 219.0597 181.761 158.4478 139.4454 127.948 126.5627 125.3404 125.8162 126.2919 127.4886 128.9266 802.4961 2255.452 134.6868 135.5282 136.3696 137.0018 626.3937 137.8501 137.7382 137.6129 137.2695 136.926 137.4639 138.3463 138.6926 138.166 137.6952 138.4911 139.287 140.6876 146.807 4815.544 7093.923 7201.928 6894.792 7587.65 7352.215 6411.551 3720.759 7137.196 7037.936 5855.631 4338.509 7470.572 7107.704 7450.236
-9999 299.8175 305.2902 310.763 321.8586 334.4068 334 318.157 303.6133 298.7884 293.9634 286.6933 278.7316 261.5541 232.7021 205.4895 192.5889 179.6883 163.5842 146.4927 134.5981 129.7057 125.2852 125.7772 126.2691 127.9568 130.0445 1288.114 1684.657 134.7395 135.5316 136.3237 241.4143 3649.827 190.2209 137.1834 137.6706 137.3966 137.1226 137.6892 138.5843 138.9421 138.425 137.9642 138.7806 139.5971 140.6353 1129.11 6970.104 7499.172 7270.068 7014.509 7546.888 7550.638 5351.451 5873.984 6945.66 7411.14 4681.451 6699.495 7210.235 6931.99 7504.227
-9999 293.0418 300.7945 308.5471 320.7595 334.124 330.0691 305.2588 283.6842 286.3125 288.9409 282.241 272.903 249.5806 208.5432 172.043 175.1537 178.2643 166.8998 151.0735 138.9605 131.8508 125.4157 126.0056 126.5955 128.5389 130.9353 333.6597 276.65 134.8009 135.5713 136.3417 3087.101 2727.301 818.9568 136.888 137.7759 137.4537 137.1315 137.5534 138.2663 138.5916 138.2861 138.028 138.8468 139.6655 2935.161 7428.586 7073.783 7570.074 7280.67 7239.553 7414.953 6340.562 6255.407 7109.661 7180.083 7551.849 4176.487 7419.381 7250.776 7427.757 7455.274
-9999 292.6094 307.1191 321.6289 331.2089 339.5153 330.5724 301.0768 275.3658 277.9646 280.5634 276.465 270.4726 249.0701 208.1466 171.7538 174.9145 178.0752 166.7503 150.9604 138.9692 132.0965 125.8998 126.743 127.5862 384.5443 324.8448 132.9945 133.9422 134.8792 135.6801 136.481 2136.374 600.2568 2399.485 2695.101 137.9718 137.3775 136.7831 136.7307 427.0664 320.1337 137.3899 137.7013 138.4876 166.0593 2423.831 6864.008 6174.595 7023.575 7211.864 6617.188 4854.048 6202.797 6148.017 6401.312 7500.828 4477.61 3229.505 7597.429 7277.052 7536.624 7153.583
-9999 292.1871 313.4061 334.6251 341.5876 344.8668 331.0662 296.9147 267.0851 269.5843 272.0835 270.5648 267.9099 248.4549 207.7179 171.4923 174.652 177.8117 166.5481 150.8388 138.9913 132.347 126.3808 127.4759 128.571 1700.805 369.1994 133.2197 134.0904 134.9584 135.7933 136.6281 136.5564 136.1562 136.3031 137.2853 138.1619 137.2998 136.4377 135.9146 2535.059 3423.538 3844.061 137.3785 141.1088 2305.536 3905.043 3494.386 7536.546 7231.532 7096.175 7139.9 7449.247 6528.303 5783.521 5365.596 7307.449 5262.727 7403.026 7596.912 7597.976 7295.056 6865.288
-9999 293.4382 313.5249 333.6116 340.383 343.7143 330.0146 296.0224 264.9688 255.8967 246.8246 244.3354 243.7079 230.7085 202.0368 175.777 170.5737 165.3704 157.7317 149.3423 141.1994 133.3887 126.3599 127.4723 128.5847 244.002 131.8985 133.2998 134.2225 135.1823 136.6149 138.0476 138.3156 138.1616 137.9606 137.6877 137.4066 136.9899 136.5732 136.1826 2236.232 135.9074 3348.83 164.4783 175.6695 1407.833 5417.832 7474.862 7583.081 7092.807 7080.219 6949.77 6596.109 7182.305 6634.642 7320.487 7039.606 5104.73 7082.102 7224.663 7491.543 7126.4 7381.914
-9999 294.6892 313.6436 332.5981 339.1784 342.5617 328.9631 295.1301 262.8524 242.2091 221.5658 218.106 219.5058 212.9621 196.3557 180.0618 166.4954 152.9291 148.9152 147.8458 143.4076 134.4305 126.3389 127.4687 128.5984 715.0114 290.4279 133.3799 134.3548 135.4061 501.273 139.4671 140.0747 140.167 139.6181 138.09 136.6513 141.1442 3622.544 679.6011 2121.184 488.1286 3637.075 292.0238 254.1286 336.7682 2036.312 7173.372 7087.209 6454.085 6756.231 7074.372 6756.354 7396.579 7117.462 7391.46 7434.707 4846.288 7515.636 7010.897 6802.525 7002.386 6945.418
-9999 293.0982 309.763 326.4278 326.7821 322.9224 310.1888 286.8817 264.3055 247.1973 230.089 221.5808 215.5047 206.5842 194.0603 181.1534 164.9022 148.6511 145.8865 147.2789 144.3944 135.7473 127.938 128.8538 129.7695 146.8322 132.8197 134.0737 134.8138 135.6651 1124.539 140.2144 140.9614 141.1551 140.5075 138.5751 136.778 137.2052 917.3881 2288.46 4908.531 4084.802 4417.911 1807.616 2205.281 7272.553 5285.395 5182.083 7085.479 7195.777 7297.149 6949.999 7290.343 6631.388 7349.966 7311.394 6641.764 4706.532 7430.998 7205.335 6934.543 7326.453 7057.537
-9999 290.0927 303.8918 317.6909 308.8156 294.0822 282.5939 274.9721 267.5351 261.4804 255.4258 239.8395 221.5577 205.8643 193.4499 180.6557 164.5459 148.436 145.7384 147.1748 144.7734 137.2009 130.3434 130.9301 131.5167 637.1688 1274.719 135.073 135.4356 135.9416 294.5332 140.6272 141.4139 141.6369 141.0146 139.1013 137.3437 138.1462 138.9487 138.776 252.0604 536.6619 6241.17 4680.171 5745.676 7438.407 6481.148 6309.405 6836.403 6891.08 7211.376 6399.311 6583.692 5749.847 7414.902 6175.163 4629.804 6787.562 6654.241 7116.158 7506.095 7232.824 7359.147
-9999 284.9956 298.1092 311.2228 296.445 274.4613 263.8383 266.7516 269.4836 270.8589 272.2342 250.3209 221.8215 201.3389 191.0121 180.0273 163.2994 146.5714 144.3683 146.6422 145.0313 138.1862 131.9734 132.3456 132.7177 519.9084 605.9833 135.9564 136.4737 137.1035 139.1725 141.2416 142.0708 142.4509 141.843 139.7265 137.7797 138.6227 139.4657 139.4187 139.0237 138.6078 1899.305 4685.384 6638.089 6983.661 6964.679 7465.483 6843.669 6580.294 7375.812 4198.017 757.3953 4119.878 6533.449 3639.629 6037.804 7148.055 6870.353 6920.776 7276.472 7092.482 6924.24
-9999 275.6387 292.5072 309.3756 295.4716 273.6174 263.0855 266.0445 268.8225 270.2478 271.673 244.9623 210.2944 189.0629 184.8522 179.1325 160.2399 141.3472 140.5095 145.2369 145.0427 138.2173 132.0242 132.4154 233.2522 232.0721 135.1318 136.6035 138.3598 140.0685 141.1677 142.2669 143.1443 143.9414 143.326 140.5535 137.9516 138.1532 138.3549 138.6393 138.9559 138.9842 138.5431 5978.182 7439.85 7394.833 7496.221 6601.694 6943.969 6318.3 5090.53 490.849 876.7564 2538.618 6111.884 4751.878 7070.004 7298.864 6750.051 7248.105 7567.258 6999.353 7257.358
-9999 266.2819 286.9052 307.5285 294.4983 272.7735 262.3328 265.3373 268.1616 269.6367 271.1118 239.6036 198.7674 176.7869 178.6923 178.2377 157.1804 136.123 136.6507 143.8316 145.0541 138.2484 132.075 132.4852 2389.574 671.9087 135.2587 137.2507 140.246 143.0336 143.1628 143.2921 144.2178 145.4319 144.809 141.3806 138.1235 137.6838 137.2441 137.8598 138.8881 139.3606 138.9284 3192.884 7527.331 7455.56 7422.854 7057.092 6952.749 6363.057 6498.118 1508.592 608.2175 3820.374 7117.001 6116.364 7213.819 6840.304 6975.728 6843.298 7514.297 7526.753 6715.487
-9999 285.4593 300.5838 315.7083 300.0343 276.4033 255.5521 238.013 224.9827 245.6791 266.3755 239.1454 198.3614 176.448 178.4394 178.0668 157.0547 136.0427 133.9157 137.6096 138.3061 134.9638 131.9658 132.5517 1914.373 463.8917 139.0855 141.4313 142.3854 143.2814 143.4342 143.587 144.5343 145.7694 145.1587 141.7292 138.4679 137.9712 137.4746 138.088 139.1353 139.5706 139.0096 4442.83 7167.887 7254.571 7251.055 6885.55 7276.907 7275.698 7116.005 6391.451 5705.487 7219.61 7373.008 7142.407 7032.205 6962.182 6789.216 6919.691 7257.154 7549.29 7057.66
-9999 304.898 314.439 323.9799 305.6299 280.0742 248.7162 210.4448 181.4144 221.5076 261.6009 238.7322 198.0572 176.2184 178.2407 177.9024 156.9559 136.0095 131.1909 131.3435 131.4961 131.6489 156.4085 132.6182 825.3401 1744.718 142.9462 145.6442 144.5271 143.5043 143.6898 143.8753 144.844 146.0963 145.498 142.0735 138.8139 138.2656 137.7174 138.3254 139.3854 139.779 152.4808 6686.071 7511.561 7285.715 7190.862 7164.903 7143.483 7102.853 6526.509 5914.354 4328.252 7148.43 7238.741 7485.408 7287.327 7276.749 7288.658 7151.76 7035.716 7033.878 6841.059
-9999 297.9543 311.4644 324.9745 306.9804 280.847 245.9332 200.5576 164.5796 198.8975 233.2153 214.691 181.2224 162.8512 163.605 162.8153 148.5495 134.2836 130.1595 129.1612 1821.127 1599.296 636.3507 132.728 158.119 138.3356 144.4216 147.6335 146.7243 145.8865 145.9626 146.0388 145.3102 144.2902 142.9197 141.0139 139.1852 138.6256 138.066 138.3281 138.9116 139.1811 1545.179 6960.896 7292.853 7236.418 6777.723 7513.015 6931.352 7014.117 7306.698 4891.52 6771.697 6991.658 7091.302 7425.274 7181.787 6958.393 7208.617 7100.958 7574.02 6629.858 6900.331
