STOTEN_Data/raw/Ngw_1975.asc
ncols         250
nrows         718
xllcorner     -2256000
yllcorner     1557000
cellsize      1000
NODATA_value  -9999
[rows 348 to 376 of 718, columns 66 to 131 of 250]
5.655309 6.644669 5.576235 6.87875 7.527623 7.427262 7.466427 6.618158 6.508085 7.448914 6.893397 5.207201 6.296293 6.042376 6.124932 5.865283 6.292396 6.099229 9.248067 5.453856 5.945863 5.333704 5.471609 5.580746 5.794014 5.735966 6.039575 6.426425 6.724926 6.034809 5.803265 12.27021 18.465 13.5842 8.633291 5.52877 6.128502 12.39319 15.07525 10.11974 5.100113 5.209874 5.593989 5.515481 5.086257 4.701738 4.689155 4.890066 4.660625 4.667042 4.611863 4.515571 4.419036 4.360525 4.35999 4.360517 4.360953 4.361885 4.362134 4.362096 4.361015 4.360089 4.35999 4.35999 4.35999 4.35999
7.46981 7.602583 5.815947 7.581697 6.271606 8.888965 7.938143 4.969547 5.586927 7.251344 8.233731 10.25462 10.04612 5.701777 5.932926 6.024334 5.878025 5.966019 6.291905 6.105425 5.632689 5.829842 5.779873 5.603684 6.296354 5.974213 6.273666 6.010565 6.039927 5.478989 5.770604 6.264262 6.741211 6.451229 5.185054 5.750705 5.449105 6.227729 6.036864 10.92306 4.90329 5.158936 5.430571 5.069364 8.559898 9.762403 4.655518 4.642057 4.635904 4.632622 4.579611 4.49941 4.417099 4.36114 4.360246 4.362114 4.362046 4.361027 4.361866 4.362023 4.361005 4.360647 4.36007 4.35999 4.35999 4.35999
6.569651 7.319502 6.372402 7.375187 6.33557 9.812743 6.264368 6.984851 8.764956 8.203747 8.102327 10.36389 10.35605 7.357456 5.963711 6.104704 6.152953 6.20376 5.969713 6.091455 5.844998 6.012126 6.622871 6.011066 5.775953 5.926832 6.262588 6.702281 6.364261 6.641006 6.047008 6.320309 6.076084 5.779809 5.631245 5.789706 5.896475 5.80735 7.264393 18.91901 9.635426 5.634332 5.275938 6.099892 8.146282 6.048711 5.269129 5.864896 4.612875 4.587375 4.542765 4.485724 4.412315 4.361687 4.360418 4.362362 4.362907 4.360826 4.360797 4.360714 4.36061 4.360339 4.35999 4.35999 4.35999 4.35999
6.782071 5.625615 5.185638 6.303476 7.181223 6.359284 6.369587 8.60212 16.05894 6.296085 7.291791 13.93275 12.99959 16.02538 11.41429 5.882256 5.729275 6.139359 5.896745 5.548546 5.734534 5.134298 6.830687 6.181707 6.058018 5.728764 5.679217 6.152488 6.055624 6.109667 7.01512 6.535891 7.51782 6.657388 5.993814 6.356643 6.660779 5.87957 7.004967 8.562788 5.691464 5.876026 5.224791 5.812326 5.437111 4.944985 4.969529 4.60427 4.574528 4.545914 4.509767 4.464791 4.413992 4.368926 4.365064 4.364999 4.364893 4.364999 4.376269 4.365967 4.364195 4.360871 4.360007 4.35999 4.35999 4.35999
7.069801 5.082254 4.73819 7.012308 6.983795 6.734251 4.72245 11.67885 9.484411 5.670266 6.26644 24.72929 21.97079 17.04777 14.08444 18.53513 6.276832 6.184507 5.476798 5.316799 5.914347 5.796024 5.952997 5.866762 5.365489 5.775388 6.690315 6.497105 6.288441 5.923325 7.545267 8.386328 6.116454 6.363198 5.648948 5.935542 6.363896 6.426054 8.902112 6.335673 5.111715 5.122547 5.023213 5.787961 6.047614 5.283059 4.905002 6.14041 4.703197 5.012589 4.506826 4.474629 4.436048 4.384583 4.364724 4.364266 4.364841 4.378678 4.389109 4.390265 4.370881 4.377141 4.366106 4.360755 4.35999 4.35999
5.963409 3.776299 5.50745 4.889249 4.82014 5.033025 7.783336 15.10376 11.32289 7.002193 11.98752 12.33606 16.28725 25.08953 9.676593 8.419904 6.201716 6.614119 6.057005 6.3601 6.233029 5.557129 5.46776 4.799012 5.342632 6.604646 7.392658 5.652531 7.636742 7.330833 6.214311 6.777945 6.42751 6.875598 7.877947 8.255085 6.261299 6.209226 9.318708 6.872328 5.331298 5.374509 10.56277 8.23661 5.577988 5.48683 5.446771 14.7495 4.69812 4.650991 4.533044 4.495537 4.458046 4.428843 4.365385 4.365103 4.365025 4.3852 4.449424 4.560891 4.500094 4.42548 4.384046 4.372328 4.364369 4.35999
4.490032 6.786681 5.857266 5.533931 4.118461 4.201891 7.019819 5.81342 5.142672 6.856005 11.30881 14.35872 15.1704 17.10985 17.82907 11.20304 10.54612 6.276783 6.095758 6.563339 7.532651 11.17022 5.438701 5.909774 6.251529 9.30134 6.388536 11.76099 9.808769 6.465273 7.414618 6.902168 8.540467 7.422993 7.000004 5.701645 6.417021 6.117998 7.167754 6.856108 6.397515 5.987868 6.357214 8.955982 7.374442 9.048868 5.361765 6.899117 5.239331 4.699536 4.90711 6.307692 4.487549 5.668001 4.371009 4.364619 4.365077 4.407904 4.482235 4.409928 4.533962 4.678271 4.973253 4.477294 4.365576 4.35999
5.997175 7.90443 4.370553 4.634099 6.079372 5.870466 6.203383 6.261831 4.59029 5.463315 8.034056 9.128298 18.64207 15.59975 21.58214 7.739114 7.41154 5.921549 6.320513 6.611367 30.9359 7.24949 6.470009 6.785549 6.357895 9.037652 7.191454 10.55613 7.559592 15.34707 11.86977 6.78266 5.675504 7.060203 7.944218 6.215706 5.951615 5.925236 6.289183 6.810757 7.590829 8.315049 7.477501 7.470368 9.150299 11.0291 5.744288 5.658855 6.309599 5.219326 5.530176 5.218561 5.401466 5.978926 4.418299 4.36948 4.494452 4.618564 4.367907 4.362215 4.372173 4.870932 4.621378 4.366301 4.361874 4.35999
6.259437 4.658673 4.753941 4.171845 5.350288 5.532745 5.694493 6.803358 4.954168 4.73296 6.285966 14.32663 15.51009 7.300029 5.8988 5.996112 7.193136 7.781717 7.770977 6.531775 9.537905 7.892199 6.233451 6.670295 6.716015 6.777319 5.965982 6.178709 7.362195 10.30836 8.618125 6.620595 6.427839 7.635831 8.180957 7.509197 5.957593 5.509392 5.530696 6.755338 7.659163 8.236403 6.635804 6.67521 6.884461 6.110899 6.63188 6.486698 5.881708 5.143012 5.639599 9.866838 6.924429 5.635426 4.882211 4.593357 4.955856 4.698009 4.364377 4.361635 4.362723 4.363129 4.428178 4.360877 4.360008 4.35999
6.968015 5.699126 5.5287 5.07314 3.567391 5.545031 5.245935 4.219451 5.440058 5.87279 5.882441 10.26285 5.494983 5.521031 9.037323 8.850624 17.26535 20.70059 16.4225 9.917755 6.358259 6.56422 7.845553 8.601277 6.1231 5.719502 7.109816 7.339478 7.831898 7.878301 7.757501 6.676675 6.304869 6.800848 8.747962 7.586633 5.732084 5.47294 5.511879 5.322512 6.009371 6.15408 6.770165 6.783789 6.858597 6.471364 6.278957 5.882296 5.888827 6.033274 8.679343 28.96968 5.71159 6.052806 5.185922 4.428198 4.499782 4.361292 4.361176 4.360622 4.360879 4.360848 4.360762 4.360285 4.360194 4.360009
5.321301 4.934419 5.566088 5.700508 5.021791 5.684129 3.825816 4.424976 6.36393 4.431531 6.905569 5.399863 4.721106 5.425777 6.994021 6.002193 8.878928 14.88825 12.91228 20.54734 9.265646 7.417952 7.476271 8.544831 7.87295 6.031342 6.740661 7.16391 7.128829 6.902942 6.928542 6.141647 5.909205 8.186156 7.122289 6.373694 7.053843 5.815506 6.05943 6.265108 5.958549 6.113344 6.771866 9.144237 6.988288 7.980965 9.118286 7.186092 5.953774 5.475779 5.016121 5.238631 5.208342 6.249253 4.982927 4.408943 4.360772 4.35999 4.359993 4.36025 4.360268 4.360276 4.360269 4.360281 4.360271 4.360173
4.617211 5.362736 4.49659 5.062551 6.006306 5.259949 5.519185 5.297535 5.662907 6.264128 4.915753 4.598679 4.706853 4.811732 5.07814 5.235147 6.072585 18.80874 19.26035 10.26285 12.32695 7.992383 7.692056 7.830709 8.79961 6.556301 6.311839 6.935104 6.859624 8.682442 6.275711 5.545239 6.159065 7.314989 6.792094 14.76213 8.660917 6.113925 7.9267 5.672997 7.144469 7.758405 6.72883 8.604073 5.808077 5.383286 13.35916 19.73063 12.32454 5.016078 4.799953 5.037557 5.990542 6.465501 4.519217 4.448108 4.381298 4.36001 4.360042 4.360281 4.360271 4.360276 4.360278 4.36029 4.360282 4.3602
4.144314 5.021324 3.945817 4.761221 5.618048 5.314475 5.265472 6.248655 7.097516 5.874207 6.53701 4.8859 4.726116 4.835394 5.025489 5.430827 9.315519 7.973397 14.63731 7.039297 8.666286 8.397875 7.332591 7.620815 7.596656 6.679678 6.174344 5.923008 5.782445 5.4717 5.569214 5.393177 6.147801 7.136072 8.861149 7.386454 6.210135 5.413392 5.599595 5.262121 11.98421 15.51512 6.552562 4.741012 4.794556 5.158188 5.394202 5.314807 5.109265 4.920805 4.868429 4.809724 4.73445 4.981801 4.580977 4.503642 4.425488 4.366114 4.360012 4.360122 4.360202 4.360253 4.360275 4.360287 4.360273 4.360251
5.25293 6.566626 6.373626 5.287283 5.978789 5.762818 7.525681 8.435004 4.828803 11.4653 7.017935 4.814835 5.104893 5.152389 4.852494 5.311657 9.364282 19.77393 20.44037 7.30628 11.18108 10.93713 6.877346 6.808745 7.515019 7.731088 6.724974 5.810246 5.606118 5.594959 5.453106 5.672328 5.876659 5.686666 7.067336 7.180049 6.443115 5.331671 4.95575 5.669626 6.160676 10.59378 4.820051 4.710493 5.67932 4.931276 4.853243 9.171672 9.953928 5.59774 5.727541 40.98651 7.491522 4.712753 4.640055 4.554628 4.468931 4.388802 4.35999 4.35999 4.35999 4.359995 4.360057 4.360131 4.360209 4.360211
4.506927 5.865498 6.586019 6.024316 7.032307 7.852803 7.036793 6.877193 5.350209 6.591824 7.595462 5.515981 5.37138 5.311122 5.103252 5.392752 5.645161 6.401496 8.96351 14.96078 9.333779 7.165026 10.55596 6.884526 6.597909 7.442025 7.103234 6.23227 5.691456 5.60322 5.594653 5.633842 5.662857 5.948434 6.741872 6.54289 6.015319 5.703176 7.053004 14.75966 7.604063 11.46729 5.096591 4.80856 4.833856 5.045641 4.979364 6.295485 12.68759 14.51378 9.638361 6.598513 4.899499 4.69087 4.639813 4.574342 4.57869 4.541006 4.362244 4.360021 4.35999 4.35999 4.35999 4.35999 4.360043 4.360268
4.29881 4.75592 5.91262 5.618505 6.244147 6.482275 8.002246 6.574574 5.784503 5.459122 7.911457 6.696826 5.043034 5.151939 6.51876 6.658814 16.89828 15.7787 21.10292 7.702802 7.501063 7.103644 7.370555 7.311429 7.619886 7.710809 7.413068 6.048901 5.614941 5.586366 5.597113 5.635091 5.630728 5.627197 5.483362 6.084764 6.223508 5.580026 10.83101 11.48376 8.507304 37.72734 13.68271 6.207242 6.097643 14.14301 5.185608 5.761129 13.83533 9.8403 21.15052 5.811118 4.691686 4.645567 4.59526 4.53594 4.890601 5.095197 4.612956 4.387609 4.35999 4.35999 4.35999 4.35999 4.360105 4.36029
5.106184 7.059734 6.073822 6.01328 4.612922 5.621896 8.476927 6.657827 5.4509 5.750551 5.831436 6.605523 5.400591 4.83035 5.062247 6.867598 7.297892 9.388389 30.26106 13.61337 11.20172 7.026475 7.278209 7.397775 7.426687 7.721959 7.292633 6.403352 5.616534 5.589326 5.60533 5.668935 5.683536 5.677806 5.914871 5.899108 6.283683 5.83807 14.27154 9.214121 10.05652 6.427596 21.18109 11.63418 10.65531 7.839713 7.57839 7.502233 5.884183 4.76639 5.908682 4.740906 4.644209 4.600355 4.552335 4.507737 5.377489 5.795392 4.647551 4.364955 4.35999 4.55773 4.548624 4.35999 4.360173 4.36029
4.771618 5.807833 7.030306 6.650056 5.937773 5.810781 6.721524 6.596181 5.297028 3.743542 5.509782 6.891756 6.078251 6.851189 5.585196 6.782428 10.98522 8.090409 12.24237 7.614085 17.37035 6.737133 7.872768 8.384177 7.733124 7.427515 8.236669 6.517448 5.713214 5.598161 5.617116 5.657366 5.708593 5.677552 5.65414 5.59568 5.527547 6.576341 11.05027 6.451563 7.157196 6.241926 7.875484 14.92419 14.02811 20.1755 17.93055 13.43356 4.704721 4.720281 4.687872 4.639396 4.597653 4.55442 4.510261 4.466492 4.624042 5.05495 4.621384 4.593395 4.36771 4.693897 5.161032 11.90886 4.360208 4.360155
4.373226 4.654233 7.208713 14.07801 5.738142 5.533858 4.664423 4.728527 5.341877 6.409696 6.3813 6.189631 6.939692 6.598107 6.70071 7.99969 7.724351 8.552256 14.40048 10.74204 21.17318 7.16676 8.107752 8.446638 6.958434 7.631801 7.681104 6.213058 5.973611 5.632642 5.631001 5.675105 5.65404 5.729019 6.008368 5.623775 6.139804 6.750962 6.765395 6.713378 8.084999 10.26534 15.83007 6.790733 4.956416 5.820831 11.83813 9.706331 4.640998 4.667926 4.632434 4.59313 4.556473 4.517446 4.477155 4.436523 5.92024 5.282223 4.75027 4.67789 4.381007 4.483224 5.382095 4.360007 4.359994 4.35999
4.360054 4.426318 4.820245 11.97433 7.392033 4.93714 4.958992 4.585834 4.611087 4.32719 5.155298 5.619435 6.200374 6.170636 6.363799 6.260922 6.426732 6.973811 10.91234 7.52483 7.686211 8.875018 7.655104 7.479236 7.271308 8.187936 7.073368 7.034177 6.675231 5.717317 5.660686 6.227432 6.430574 5.986347 5.876718 5.273638 5.980968 7.211468 6.65832 7.359514 5.804328 5.790371 6.715884 8.357799 5.196956 7.117935 13.14448 5.081161 4.710021 4.606258 4.578751 4.552585 4.518541 4.48598 4.451539 4.42523 5.693167 4.649078 4.428323 4.596299 4.360532 4.462839 4.959865 4.466998 4.361827 4.360198
4.360029 4.360052 5.025344 6.663221 6.335995 6.728324 6.111831 7.124854 4.192627 5.548982 4.979692 5.844367 5.811238 6.204969 9.279852 8.43417 9.299664 11.33157 7.60626 6.880688 17.89791 8.653661 9.316065 8.391459 11.32234 7.805583 7.975604 7.946863 6.614182 5.745822 6.518274 6.226767 6.422996 5.693406 6.220326 5.95999 6.420885 6.556997 5.958609 7.486729 7.391045 7.103814 6.91439 9.110312 6.847733 9.643808 10.83466 6.894511 5.473382 4.912428 4.540025 4.827781 4.483917 4.459097 4.433165 5.019274 5.198394 4.398405 4.360521 4.360362 4.36052 4.360516 4.368688 4.360684 4.363761 4.35999
4.359993 4.360038 4.368874 4.850531 5.503191 6.521472 5.347732 4.380628 5.397646 5.941039 6.306744 6.7336 6.331208 7.257401 11.77719 22.33992 11.1125 12.96442 6.870692 8.019407 13.26875 7.900239 9.57726 10.98265 8.223679 9.020588 10.33069 7.96559 6.108748 5.937981 7.036325 6.558832 5.931489 5.735651 5.697794 5.413561 6.259861 7.384184 6.542514 7.854451 7.561693 6.618223 7.205722 7.630878 6.050639 6.293509 7.378554 10.82278 5.686482 5.711386 4.71002 4.84303 4.519975 4.457449 4.433437 9.203938 7.503294 5.143442 4.362656 4.360085 4.360332 4.360528 4.360532 4.360513 4.360464 4.360618
4.35999 4.359995 4.360048 4.49482 4.830462 6.656008 6.561573 5.655976 6.136202 5.794819 5.790558 3.955176 6.021597 7.972096 14.85486 17.07019 13.60917 6.314716 6.569747 6.795698 8.26761 11.31403 12.55088 7.604962 9.011461 7.850132 7.85502 7.922366 8.003856 7.601819 7.247602 6.208205 6.050866 6.450821 5.990712 6.103486 6.609853 7.734554 6.709279 7.129959 7.215745 5.9381 7.748173 6.660022 5.982708 6.603479 7.341035 7.416449 7.427295 6.052058 6.018409 6.310478 6.293543 5.434246 4.406008 6.784647 4.92839 4.364032 4.360339 4.35999 4.359997 4.360479 4.360674 4.360639 4.360606 4.360826
4.35999 4.35999 4.359998 4.360048 4.53555 5.469074 5.896209 5.759783 7.186312 6.834666 7.663531 7.616385 5.775658 6.088577 18.95183 18.13557 19.79508 6.140899 5.954013 9.835579 7.557426 10.64371 14.42553 17.52476 18.45259 9.302949 10.07499 10.27019 9.262121 15.12878 6.280663 5.736093 5.76811 5.711883 5.984975 7.249036 6.987214 8.316704 6.299509 7.283699 7.440271 7.034176 6.994198 7.49707 6.69631 7.016991 6.55553 6.68169 7.318336 6.122586 6.252326 6.423655 5.834187 5.321292 4.402587 5.263037 4.515876 4.442434 4.35999 4.35999 4.360041 4.360352 4.360684 4.360688 4.360743 4.360988
4.35999 4.35999 4.35999 4.360017 4.451148 4.989261 5.792448 5.583486 4.268788 5.783823 6.148399 5.458538 6.547128 6.949911 6.52397 4.99946 6.205519 5.986808 6.015306 11.45503 16.22437 11.55224 11.50987 6.578238 7.886903 10.35415 8.347959 8.598368 8.188622 10.75079 6.833162 5.907244 5.756023 5.722439 6.260845 6.82521 8.478053 7.590062 6.296629 8.227105 8.863814 6.151563 6.064864 5.933582 6.958851 11.964 12.86159 6.840299 6.217795 6.85846 6.64019 7.195344 5.492195 5.068342 4.627459 5.006426 4.38 4.361907 4.884721 5.069817 4.360267 4.360578 4.36068 4.360703 4.360826 4.360965
4.35999 4.35999 4.35999 4.359997 4.360048 4.775346 5.687445 6.56527 4.968484 7.311186 6.090174 5.832304 4.077076 4.95858 6.729833 5.784073 5.542763 5.946299 6.56547 9.915895 11.86252 7.018482 12.94841 9.013995 7.282926 21.65209 8.058925 8.481459 10.72123 9.613929 7.204656 6.735396 6.199584 5.947651 6.440216 6.569033 6.480479 8.608806 6.966996 6.702329 7.220002 7.156202 7.370204 6.310578 6.566037 17.61222 8.80087 7.017354 5.216783 5.878581 5.38931 5.355298 5.687407 4.949574 5.710005 6.209272 6.06726 4.362381 4.780383 5.692595 4.405762 4.36046 4.360694 4.361209 4.360927 4.360966
4.35999 4.35999 4.35999 4.35999 4.360016 4.419517 5.658137 6.934942 7.753293 10.4147 7.321359 7.509319 6.530551 6.101141 6.450274 7.596009 6.598157 5.412066 6.766102 10.87798 8.684285 9.806117 12.36999 13.72202 8.554565 8.041527 6.787034 8.219747 7.608239 14.08201 6.520785 6.798429 6.954371 6.040232 5.891276 7.019443 7.041434 5.827313 6.686245 6.162143 6.309105 7.802344 7.688199 6.70345 6.540267 6.462059 6.731028 7.208294 23.51681 6.133126 6.388635 6.654424 7.444175 5.7371 6.497403 6.009473 5.390591 4.369507 4.484208 4.985413 4.643231 4.390584 4.462742 4.377141 4.391662 4.361333
4.35999 4.35999 4.35999 4.35999 4.359995 4.360054 5.146305 6.910362 9.245667 7.623133 6.843507 7.461932 7.007787 6.914126 5.963676 6.208133 6.244057 5.410665 5.66553 6.73712 7.715871 7.952322 8.833628 14.64725 11.2104 10.78058 8.222058 8.649109 7.79055 14.26359 6.709692 5.948934 6.073382 5.644503 6.766553 7.957214 7.199576 6.591311 8.021439 7.919412 6.992344 6.557806 9.618468 6.952699 8.016288 6.52464 6.452282 6.639251 8.285947 19.84045 7.491725 7.525664 6.001993 6.219977 7.330378 5.725316 4.449002 4.461069 4.980223 5.681839 9.238009 9.410893 4.645788 4.460227 4.496257 4.361531
4.35999 4.35999 4.35999 4.35999 4.35999 4.360012 4.380632 5.940895 7.25204 7.339006 7.141995 7.801264 7.490926 7.412956 6.475255 7.94843 7.065142 6.015622 5.793965 5.769663 6.486189 7.850729 6.970151 12.89761 11.36035 8.946281 13.86556 9.811206 9.412414 7.016484 8.396971 6.403799 6.195138 5.907434 6.432517 7.287767 7.074089 6.638307 6.390751 6.150587 6.724331 7.766472 15.55692 6.882617 6.268725 6.75245 5.907918 6.758114 9.7032 13.58752 11.26632 8.27409 6.183999 5.971184 6.581258 6.705341 5.777304 4.498839 4.645877 4.979083 5.280008 5.023933 11.80736 7.04581 4.38037 4.367731
