STOTEN_Data/raw/Ngw_1975.asc
ncols         250
nrows         718
xllcorner     -2256000
yllcorner     1557000
cellsize      1000
NODATA_value  -9999
[rows 609 to 637 of 718, columns 132 to 197 of 250]
5.462579 7.643536 5.357622 4.35999 4.416413 4.948459 5.980699 4.521294 4.35999 4.35999 4.35999 4.35999 4.374712 5.424522 5.514653 6.026889 6.2182 6.262864 5.879082 5.829068 5.818343 5.7751 4.370566 4.35999 4.359991 4.360102 4.360099 4.360107 4.360107 4.360107 4.360054 4.35999 4.35999 4.360024 4.867092 4.977978 4.552428 4.805046 5.399393 4.766654 4.389955 4.606842 6.87676 6.844119 9.839654 8.023211 6.58199 6.52822 5.555417 6.288972 6.106409 5.358653 5.245545 5.551911 6.348539 8.658158 6.094674 4.393556 5.926621 6.641699 5.316991 5.499287 5.268925 5.936343 5.770611 6.142092
4.894157 6.745155 9.532423 5.260907 5.094827 5.135842 4.643221 4.35999 4.35999 4.35999 4.35999 4.35999 4.35999 5.062824 5.504673 5.275788 5.329358 5.516718 5.757388 5.548398 5.435547 4.835793 4.35999 4.35999 4.359991 4.360098 4.430658 4.360102 4.360107 4.360106 4.360023 4.35999 4.35999 4.702068 6.65186 5.105442 4.926951 5.94289 4.590226 4.765923 4.361436 4.582354 7.283486 13.46025 15.04277 6.584552 7.613529 5.937282 6.068091 6.818234 6.718244 5.88559 5.213958 6.642245 5.316021 6.046813 5.400694 4.82856 5.599524 6.58459 6.545041 5.423596 7.44663 5.211963 5.041468 6.494646
4.360162 4.693734 6.255118 5.237398 5.191514 4.986077 4.35999 4.35999 4.35999 4.35999 4.35999 4.35999 4.35999 4.554038 5.514981 4.710648 4.579991 4.803941 5.651734 6.006101 4.822816 4.432446 4.35999 4.35999 4.359997 4.360103 4.430664 4.360105 4.360104 4.371639 4.524372 4.35999 4.35999 9.13086 12.36196 4.492593 5.565084 7.959673 5.048292 4.351657 4.360307 5.088744 6.066483 15.28307 16.77514 8.115174 7.388801 6.33712 6.350713 5.773026 5.765899 5.981551 5.656111 5.104839 5.172417 7.13679 6.293586 5.404849 5.322028 5.423484 5.340546 5.403157 6.52783 5.601079 6.102333 6.539099
4.360164 4.360154 4.36006 4.477688 4.374391 4.372329 4.36031 4.360146 4.36 4.35999 4.35999 4.35999 4.35999 4.35999 5.265547 5.021517 4.900957 5.124698 6.317467 6.164178 5.625978 4.403013 4.35999 4.35999 4.509995 4.501255 4.360103 4.360107 4.360107 4.390383 5.078722 4.428427 4.386451 8.715135 12.24166 7.228488 10.25811 10.31641 5.294004 5.066937 4.524784 4.631983 5.047482 11.43872 10.53292 8.096681 9.061488 6.622633 6.405038 6.256772 6.44253 6.322773 6.099873 5.062207 5.933616 6.66355 5.80406 6.173748 14.18009 11.81242 5.787507 4.845525 5.873561 6.199068 6.013866 6.383809
4.360011 4.360006 4.35999 4.35999 4.36035 4.360585 4.36063 4.360362 4.359995 4.35999 5.234527 4.650168 4.433294 4.35999 4.674583 5.418433 4.980921 5.578413 6.482701 5.467522 6.454493 4.689573 4.35999 4.35999 4.474731 4.726213 4.360107 4.360107 4.360107 4.36005 4.421354 4.458478 4.408502 6.577309 12.76419 23.27702 9.813715 11.00916 4.965328 5.919067 5.900981 4.380484 5.162991 6.047559 11.21902 8.357049 6.738478 6.286314 6.356691 6.009714 6.427199 5.724128 4.566268 6.004912 4.785009 5.96757 6.492821 6.38793 5.778847 6.318152 5.219149 4.819576 5.665501 5.950287 5.367794 5.562069
4.35999 4.35999 4.35999 4.35999 4.35999 4.35999 4.360035 4.359992 4.35999 4.366946 4.991732 5.873424 6.220478 5.480223 4.373465 5.377272 4.820379 4.96108 6.373458 5.279225 6.430389 4.71804 4.360003 4.455356 4.360065 4.360173 4.360107 4.3601 4.360096 4.360017 4.35999 4.35999 4.35999 4.378839 13.97305 14.1077 6.17423 4.890572 4.341688 5.792056 5.06046 6.135766 6.826255 6.646201 6.479043 6.601537 6.83562 7.016661 6.892314 6.066905 6.584928 6.59715 6.132168 6.06262 5.900595 6.13429 6.226213 5.413993 5.176215 5.446419 5.701579 5.007786 5.623228 5.520852 4.779063 4.772407
4.35999 4.35999 4.35999 4.35999 4.35999 4.35999 4.35999 4.35999 4.35999 4.35999 4.573431 5.89935 5.472974 5.395543 4.35999 5.162643 4.486415 4.494188 5.647353 5.267797 5.628272 4.716391 4.473423 6.099216 5.843177 4.4616 4.659018 5.626128 5.614778 4.734859 4.35999 4.35999 4.35999 8.779235 13.99779 10.17238 5.248372 4.706115 4.525972 6.131154 6.282703 7.108413 6.31013 5.831989 6.45566 5.820329 6.37 6.353202 6.940996 7.52804 7.383739 7.636739 6.0886 6.018206 5.729258 6.880783 8.103521 20.12196 8.387851 8.962141 5.405189 5.513559 5.413336 4.829363 5.642963 5.679489
4.35999 4.35999 4.35999 4.35999 4.35999 4.35999 4.35999 4.35999 4.35999 4.35999 4.860889 5.846869 6.932686 6.279898 7.320894 5.243433 5.146573 4.416786 4.479187 4.038123 5.585205 4.432865 4.901544 5.124841 4.436911 4.47487 5.326673 6.224314 6.637552 5.925665 4.5254 4.361167 4.897152 6.986015 14.62292 8.951302 7.552928 5.717198 5.250964 5.29559 6.31613 6.625708 6.283279 6.349154 6.363334 5.946157 6.371677 5.835351 6.047595 5.465233 6.213984 7.374462 5.65733 6.246905 6.183663 6.686998 9.910741 11.67203 7.412826 16.15973 5.218921 5.418479 5.44321 5.718831 5.316658 6.451877
4.35999 4.35999 4.35999 4.35999 4.35999 4.35999 4.35999 4.35999 4.35999 4.451865 5.606196 6.131408 6.16528 6.073684 7.76057 4.765758 6.053504 6.315009 5.035832 4.516781 6.454723 5.479446 4.900067 5.223816 5.397037 5.747955 4.466447 5.607428 6.308891 7.256416 5.016373 5.781977 4.655118 4.679578 4.864659 5.403071 6.596961 6.077139 6.500268 5.202485 7.26898 6.222315 7.322208 6.872956 6.351222 6.532783 6.988324 5.84936 5.867242 5.236623 5.773746 5.611558 5.235651 5.517982 5.861653 7.336562 17.86673 11.18568 5.567372 5.306278 5.0605 5.417226 5.44665 5.345804 6.04219 6.092257
4.35999 4.35999 4.35999 4.35999 4.35999 4.35999 4.35999 4.35999 4.360164 4.936904 5.985356 6.006109 6.037929 5.645344 6.154492 4.659306 5.509229 6.476589 6.187354 6.168654 6.471088 4.772099 4.459515 5.761446 6.477834 6.418931 5.252592 4.804812 6.017981 5.959529 5.318499 6.76554 5.994688 4.584431 4.64457 5.211427 7.124553 6.9634 6.559589 6.193363 7.81099 6.415036 5.935629 6.02732 6.001066 5.821014 6.356496 6.355018 6.689022 5.458904 5.144393 5.629302 5.93472 5.261304 5.114989 6.18251 6.280655 6.029733 5.236067 5.414923 5.43723 6.261636 5.572192 5.233447 5.343063 5.054856
4.35999 4.35999 4.35999 4.35999 4.35999 4.35999 4.35999 4.360027 4.360481 5.456923 5.811961 5.900765 6.307271 6.288013 6.432256 5.250175 4.953314 5.409158 5.713541 3.687659 4.097244 4.375834 4.581566 6.121547 6.346851 6.30909 5.695671 5.225046 5.683117 4.969985 5.500138 6.095049 5.753508 5.455188 5.461567 5.989144 6.435009 6.561773 6.068495 6.333829 6.728177 6.48234 7.777164 6.342457 6.571357 6.646853 6.524376 6.467202 6.794515 5.946372 4.568534 6.302159 5.648358 5.221363 5.127771 5.455652 6.281454 5.881289 5.58319 5.088595 5.833354 12.07015 6.405525 5.718163 5.540507 5.025638
4.35999 4.35999 4.35999 4.35999 4.35999 4.35999 4.35999 4.471715 4.780698 6.48848 6.923093 5.768286 6.305891 6.424222 6.154564 6.723372 5.98438 5.353487 5.6533 5.502328 5.388074 4.35999 4.678875 6.280855 5.71768 6.282285 6.012505 5.135137 5.826894 6.150949 5.988515 6.15055 5.609147 6.10847 6.493808 6.35121 6.110923 6.302129 6.092132 5.597644 5.577332 6.438931 7.187585 6.784205 6.787979 6.629897 6.270369 6.296466 6.07012 5.910687 5.275474 6.802619 5.919952 6.252466 5.720924 5.217659 6.403685 6.078162 6.230468 9.722088 8.010611 12.86317 7.664462 4.834653 5.353627 5.148017
4.35999 4.759847 4.35999 4.35999 4.35999 4.35999 4.35999 4.35999 4.404119 6.293368 7.526279 7.169796 6.7666 6.517691 6.391676 6.698052 6.307537 5.707947 5.469193 4.345439 3.789936 3.939167 5.152929 6.345462 6.218179 6.024038 5.480568 5.840271 4.543157 4.499343 5.222561 6.296484 5.585483 5.148546 5.146429 5.788148 7.242783 6.71959 6.194703 5.673188 7.049936 6.522392 6.410102 6.134459 6.745695 5.150515 5.440951 5.562521 5.581315 5.423883 5.715619 4.197843 5.534639 5.247269 6.420802 5.195148 6.105 6.281152 6.353128 6.896556 7.836568 7.992365 5.8909 5.161462 5.407512 5.293398
4.35999 5.180284 4.35999 4.35999 4.35999 4.407032 4.515817 4.35999 4.35999 4.816082 7.016833 8.414893 8.789807 8.009661 6.479975 6.758175 6.450943 6.361589 6.112763 5.660144 6.283747 6.027064 5.606536 5.534649 5.368176 5.919467 5.214484 5.806777 5.196109 4.585074 5.756128 5.239795 5.743881 6.08338 5.611486 5.489026 5.519895 6.33309 6.388379 6.259554 6.381242 6.392591 6.435104 6.701551 6.97841 5.308839 5.935271 7.658772 6.264215 6.35721 5.326778 6.277731 5.428574 5.645396 6.285203 4.655229 5.525261 6.444835 5.234264 5.223774 4.783597 5.854096 4.820736 5.2969 5.355287 5.906238
4.35999 4.36293 4.35999 4.35999 4.35999 4.35999 4.35999 4.35999 4.35999 4.448197 7.347327 9.236624 7.315954 6.188545 6.192286 6.527894 6.460954 6.419072 6.344099 5.475087 6.171517 5.88098 5.86709 6.096218 5.421601 5.191683 5.163676 6.272723 5.315015 4.268627 4.902711 5.584989 6.341691 6.49943 6.677209 7.010166 6.352829 6.951632 6.672234 7.248698 5.703674 5.078084 5.683925 5.676295 6.514879 5.089919 6.028923 6.205214 5.808666 6.069985 5.942799 5.949608 5.388121 6.376221 7.097625 7.992007 5.358814 5.18161 5.365505 5.365036 5.00569 5.876254 4.789639 5.12192 5.581663 6.605574
4.448194 4.536397 4.35999 4.35999 4.35999 4.35999 4.35999 4.35999 4.35999 4.377631 5.566082 7.128378 7.388143 7.063941 6.966732 6.365506 6.395277 6.432572 5.697369 5.111815 4.990334 4.712062 5.966725 6.466078 5.04588 4.495725 4.966609 5.209054 4.740968 4.378677 4.365042 4.658702 5.976703 5.528174 5.454769 6.536619 5.97501 6.068566 6.874511 6.912099 5.035589 4.934115 4.416523 5.446152 16.3834 6.943344 4.707216 5.054707 5.904748 6.030437 6.095856 6.102594 6.877798 4.677906 6.823769 5.838666 5.500248 5.241344 5.314143 5.587962 5.074652 5.608567 5.982617 5.028257 6.828222 5.310336
4.821589 4.806889 4.35999 4.35999 4.436433 4.477595 4.35999 4.35999 4.35999 4.756906 4.712418 5.9807 7.667953 6.783868 6.514628 6.461944 6.378628 6.427057 5.772157 6.181934 6.161467 4.504131 6.103654 6.209723 5.011707 4.425658 4.565245 4.927235 4.387721 4.309112 4.415928 4.325073 4.896174 6.954673 5.182785 5.662034 5.558742 4.689659 6.674291 7.128005 6.474556 5.674212 8.263327 6.997143 5.960361 5.396967 5.427882 5.397052 5.5376 5.236342 5.12126 5.682495 5.764507 5.228061 4.873135 5.141339 5.473826 4.897287 4.367704 5.181044 5.439764 6.825765 5.321594 5.08895 5.230703 5.853731
4.583439 4.492296 4.35999 4.35999 4.35999 4.35999 4.35999 4.35999 4.35999 4.730445 4.61815 5.506521 6.482262 7.493038 6.491982 6.401475 6.672577 6.521464 6.415494 6.302158 6.007433 4.382821 6.544484 6.005593 4.839622 4.321004 4.457322 4.988989 5.193746 4.520194 4.303124 4.360894 4.682199 5.935854 5.260106 6.71225 4.781476 5.593185 6.711658 6.490647 7.047596 7.802495 10.68806 5.783082 5.479609 5.335407 5.589365 5.263936 5.351957 5.35718 5.956424 5.66451 5.788017 6.201595 5.896583 6.071037 6.019213 5.499568 4.829273 4.983941 4.904464 5.579255 4.847648 5.447151 6.432788 8.195213
4.35999 4.35999 4.35999 4.35999 4.35999 4.35999 4.35999 4.35999 4.35999 4.727505 4.762649 6.583932 6.415037 6.771668 6.050195 6.318623 7.025968 6.999137 6.483044 4.348768 4.033855 4.46869 5.507581 6.207517 5.858962 4.260965 4.466362 5.836571 6.105349 5.633287 4.525344 4.359998 4.456228 4.73833 5.983006 7.027674 5.638358 5.695782 5.789035 5.843251 8.199936 14.52553 9.126221 5.988979 5.276877 6.298772 5.194515 6.067131 5.034264 5.196923 5.23265 5.499879 6.011148 6.265946 6.559196 6.272026 5.346366 5.813095 4.824847 5.369058 5.347537 5.405293 5.458353 6.032444 7.829323 7.869596
4.35999 4.35999 4.35999 4.35999 4.35999 4.35999 4.35999 4.35999 4.35999 4.35999 5.015665 6.070513 6.043965 6.268005 4.832836 6.056844 5.563255 6.373904 6.242203 5.563354 6.196239 5.009049 5.861995 4.926439 6.152323 5.322145 4.4879 5.113759 5.432716 6.217339 5.279103 4.478364 4.349177 5.615762 5.411456 6.450374 6.12746 7.097876 6.014474 6.554049 6.521125 12.21273 7.318145 5.312527 6.439236 5.695334 5.530672 6.396353 5.64149 5.72107 5.894572 5.92689 6.21217 6.394791 6.64569 5.984717 5.262277 5.55928 5.57094 5.43734 5.642867 5.894193 6.242518 5.497002 5.12927 4.647182
4.35999 4.35999 4.35999 4.35999 4.35999 4.35999 4.35999 4.35999 4.35999 4.35999 4.780427 4.526911 5.309916 5.966934 5.040328 6.913416 5.203038 5.167434 5.529364 6.261842 6.465439 4.861869 3.473508 5.721248 5.840592 5.365008 5.363655 5.137786 4.735779 5.691453 5.680483 5.820505 4.474145 5.714354 5.17568 5.68135 5.643124 6.627791 5.585849 4.790903 6.022743 11.84997 12.78852 6.006907 6.520383 6.420036 6.598351 6.662724 5.790419 5.249839 4.949989 5.513006 6.343721 6.336352 5.972605 5.400774 4.967824 5.593193 5.239127 5.32963 6.902128 6.612273 5.36371 6.065472 5.776782 5.006434
4.35999 4.35999 4.35999 4.35999 4.35999 4.35999 4.35999 4.35999 4.35999 4.35999 5.183224 5.357552 4.715841 4.939412 5.133261 5.107606 5.068477 5.132852 5.889247 5.936736 6.44093 5.524768 5.874575 6.062432 6.256194 5.750173 4.779937 4.674058 5.273196 6.446015 4.883188 4.942493 5.496265 4.770145 5.947929 5.056011 5.695173 5.511562 5.138663 5.495631 6.354345 5.815124 5.454297 6.060609 6.540974 5.867495 6.129504 6.09182 6.175856 5.561785 6.488271 5.682646 5.613072 6.231819 6.032293 5.221102 6.385179 5.805593 5.303831 5.44626 7.596141 7.402593 4.943247 4.63695 4.973353 4.678776
4.35999 4.35999 4.35999 4.35999 4.35999 4.35999 4.35999 4.35999 4.35999 4.35999 4.580499 5.453715 4.995056 4.443783 5.51243 5.390238 6.241458 5.431749 6.332841 5.087819 4.486027 4.834241 5.914051 5.983652 6.252202 6.431997 5.131262 4.389167 4.422232 5.382205 5.285865 5.338903 5.827372 5.374167 6.948338 5.071989 5.12267 6.171074 6.459982 6.874925 6.356834 6.907562 4.229533 5.182399 6.54221 6.161742 5.409865 6.321129 5.705417 6.106573 7.011163 6.353365 5.893048 5.630066 5.43245 5.784393 6.682363 6.40955 5.39757 5.234717 5.702682 5.882729 4.984822 4.957496 4.658625 4.649542
4.35999 4.35999 4.35999 4.35999 4.35999 4.35999 4.35999 4.445254 4.35999 4.35999 4.35999 4.457014 5.418433 4.762787 5.680118 5.15785 5.434836 5.182359 6.447893 4.68177 4.35999 4.711405 6.251652 5.772873 5.665831 6.198358 6.215682 4.870065 4.760641 5.563762 6.464878 5.230675 5.274624 5.159528 5.959102 5.505393 4.564031 6.381608 6.527097 5.718811 4.556923 6.088016 4.412385 5.31521 6.270627 6.537776 5.774153 5.796332 5.894547 5.838511 7.204731 5.816679 6.036536 6.210904 4.840794 6.257288 6.954268 8.277278 6.842433 5.928496 5.948484 5.671509 5.403784 5.624026 5.642289 4.803831
4.35999 4.35999 4.35999 4.35999 4.35999 4.35999 4.35999 4.798068 4.630481 4.459954 4.35999 4.35999 4.515817 5.171463 5.725391 6.398215 6.073061 5.536714 5.522574 4.523695 4.35999 4.747787 6.768497 6.398054 6.278573 6.265678 6.052644 5.71904 5.747836 5.719693 5.141799 6.304856 6.359442 5.912045 5.828041 6.674791 9.038191 5.755353 5.832564 5.282235 5.168573 6.010473 5.815 5.298946 6.656036 6.645329 6.445533 5.706762 5.803318 5.487978 5.784971 5.687238 6.045802 5.842745 5.680899 5.613895 6.451289 6.734111 5.411466 4.622062 5.982158 5.560854 5.859384 5.321121 5.291386 4.482949
4.35999 4.35999 4.35999 4.35999 4.35999 4.35999 4.439373 5.480175 5.536038 5.403733 4.35999 4.35999 4.35999 4.562859 4.67712 6.104048 6.016942 5.844786 6.039896 4.381345 4.35999 4.35999 4.497886 7.675239 6.239715 6.053437 5.421607 6.020738 5.70759 5.871939 5.076138 4.987738 6.231454 7.073117 11.80512 6.402861 5.821301 4.412887 6.070581 5.453453 6.199867 5.743557 8.286976 5.686294 6.361137 6.367598 5.369095 6.16723 6.276255 5.894198 5.278445 5.791321 6.074834 7.072941 5.585434 5.283984 5.365332 5.735144 5.367422 5.109049 4.890835 5.972155 6.032233 5.715579 5.471336 6.09572
4.35999 4.35999 4.35999 4.35999 4.35999 4.35999 4.35999 4.498176 5.168523 4.939194 4.35999 4.35999 4.35999 4.35999 4.35999 4.486415 5.264506 6.065939 5.819264 4.529033 4.35999 4.35999 5.03282 6.714421 7.465554 6.516836 6.756546 6.452773 5.545804 5.52467 5.059331 4.498913 6.366714 8.550273 15.81866 14.11005 14.58177 7.611944 5.954096 5.909602 6.039934 6.906334 19.92339 9.081037 12.84564 7.776856 6.346741 6.29689 6.460047 5.689184 5.311261 5.521782 6.271548 7.378426 5.725377 6.100027 5.808118 4.906219 5.08881 5.890898 5.358174 5.586393 5.221323 5.965203 6.342299 5.088313
4.35999 4.35999 4.35999 4.35999 4.360089 4.360125 4.35999 4.35999 4.35999 4.35999 4.35999 4.35999 4.35999 4.35999 4.35999 4.35999 5.59609 6.47772 6.013624 4.856641 4.35999 4.35999 4.3644 5.806574 7.874781 6.863748 6.305402 6.501973 6.263866 5.631097 6.020654 6.026503 6.351716 6.564535 15.79917 15.43983 15.26163 12.52714 11.12475 6.101282 6.204046 8.803007 15.26953 10.71012 8.085256 7.01548 6.878517 5.91924 5.331181 5.812511 7.525103 5.908237 5.419913 5.588208 5.809064 5.821989 6.01926 5.391258 5.243153 6.115504 5.042996 5.854766 5.688736 5.298587 6.613616 5.029551
4.35999 4.35999 4.35999 4.35999 4.360101 4.360304 4.361442 4.360372 4.35999 4.35999 4.35999 4.35999 4.35999 4.35999 4.35999 4.35999 4.754714 6.258162 6.204794 5.00707 4.473882 4.35999 4.35999 5.083048 6.393548 6.621089 6.374873 5.888438 5.72212 6.765459 6.658354 6.067447 6.349365 6.242837 11.23052 9.632457 16.95186 15.32874 7.396723 6.352084 8.140869 11.12285 15.88421 6.35394 6.306467 8.069261 6.523147 6.141831 6.346365 5.569024 6.947917 5.426667 5.642465 5.589667 5.43219 5.350487 5.231441 5.953153 5.573335 5.500765 5.298907 5.671387 6.510929 6.170976 6.232418 6.178266
