STOTEN_Data/raw/Ngw_1975.asc
ncols         250
nrows         718
xllcorner     -2256000
yllcorner     1557000
cellsize      1000
NODATA_value  -9999
[rows 116 to 144 of 718, columns 0 to 65 of 250]
-9999 -9999 -9999 -9999 -9999 -9999 -9999 -9999 -9999 -9999 -9999 -9999 -9999 -9999 -9999 -9999 -9999 -9999 -9999 -9999 -9999 -9999 4.35999 4.35999 4.35999 4.35999 4.35999 4.35999 4.35999 4.35999 4.35999 4.35999 4.35999 4.35999 4.35999 4.35999 4.35999 4.35999 4.35999 4.35999 4.35999 4.35999 4.35999 4.35999 4.360064 4.360833 4.361099 4.363059 4.362028 4.35999 4.68363 4.918646 4.606536 5.515172 5.702756 5.513395 5.997267 6.32408 5.20793 4.656862 5.248761 5.2829 5.546991 5.48437 5.419366 5.732317
-9999 -9999 -9999 -9999 -9999 -9999 -9999 -9999 -9999 -9999 -9999 -9999 -9999 -9999 -9999 -9999 -9999 -9999 -9999 -9999 -9999 4.35999 4.35999 4.35999 4.35999 4.35999 4.35999 4.35999 4.35999 4.35999 4.35999 4.35999 4.35999 4.35999 4.35999 4.35999 4.35999 4.35999 4.359992 4.360044 4.359997 4.35999 4.35999 4.35999 4.35999 4.35999 4.360036 4.361195 4.373908 4.385436 6.797138 7.870474 4.818756 5.338078 10.2026 11.03843 5.164814 5.503796 5.033169 4.723859 5.195239 5.232699 6.750406 5.152401 5.385838 5.142794
-9999 -9999 -9999 -9999 -9999 -9999 -9999 -9999 -9999 -9999 -9999 -9999 -9999 -9999 -9999 -9999 -9999 -9999 -9999 -9999 -9999 4.35999 4.35999 4.35999 4.35999 4.35999 4.35999 4.35999 4.35999 4.35999 4.35999 4.35999 4.35999 4.35999 4.35999 4.35999 4.35999 4.35999 4.35999 4.359997 4.360431 4.360321 4.35999 4.35999 4.35999 4.35999 4.35999 4.360483 4.434953 4.883719 6.738317 9.161283 6.149785 7.413369 5.572494 5.292822 4.865264 4.771499 4.836971 4.509245 5.240447 5.459782 6.412713 5.318971 5.557386 5.442771
-9999 -9999 -9999 -9999 -9999 -9999 -9999 -9999 -9999 -9999 -9999 -9999 -9999 -9999 -9999 -9999 -9999 -9999 -9999 -9999 -9999 4.35999 4.35999 4.35999 4.35999 4.35999 4.35999 4.35999 4.35999 4.35999 4.35999 4.35999 4.35999 4.35999 4.35999 4.35999 4.35999 4.35999 4.35999 4.35999 4.35999 4.35999 4.35999 4.35999 4.35999 4.35999 4.35999 4.369934 4.437468 4.965075 5.040953 4.769966 4.833603 5.183537 6.261519 4.983402 5.037405 4.779511 5.081815 4.444398 4.669482 5.18897 5.511258 6.258874 5.304565 5.795303
-9999 -9999 -9999 -9999 -9999 -9999 -9999 -9999 -9999 -9999 -9999 -9999 -9999 -9999 -9999 -9999 -9999 -9999 -9999 -9999 -9999 4.35999 4.35999 4.35999 4.35999 4.35999 4.35999 4.35999 4.35999 4.35999 4.35999 4.35999 4.35999 4.35999 4.35999 4.35999 4.35999 4.35999 4.35999 4.35999 4.35999 4.35999 4.35999 4.35999 4.35999 4.35999 4.35999 4.36068 4.374607 4.688525 3.284425 4.18321 4.815162 5.285808 5.71455 5.648844 5.026422 5.434518 5.506326 5.273529 5.189199 5.735056 5.012683 6.302798 7.078177 4.681065
-9999 -9999 -9999 -9999 -9999 -9999 -9999 -9999 -9999 -9999 -9999 -9999 -9999 -9999 -9999 -9999 -9999 -9999 -9999 -9999 4.35999 4.35999 4.35999 4.35999 4.35999 4.35999 4.35999 4.35999 4.35999 4.35999 4.35999 4.35999 4.35999 4.35999 4.35999 4.35999 4.35999 4.35999 4.35999 4.35999 4.35999 4.35999 4.35999 4.35999 4.35999 4.35999 4.35999 4.35999 4.386568 4.536384 5.684255 5.326027 5.293261 4.960213 4.836316 5.324831 5.312002 5.902328 6.387917 9.134529 5.450605 5.36767 5.13816 5.207273 5.701563 3.807013
-9999 -9999 -9999 -9999 -9999 -9999 -9999 -9999 -9999 -9999 -9999 -9999 -9999 -9999 -9999 -9999 -9999 -9999 -9999 -9999 4.35999 4.35999 4.35999 4.35999 4.35999 4.35999 4.35999 4.35999 4.35999 4.35999 4.35999 4.35999 4.35999 4.35999 4.35999 4.35999 4.35999 4.35999 4.35999 4.35999 4.35999 4.35999 4.35999 4.37322 4.395271 4.35999 4.35999 4.35999 4.476141 4.575213 5.229838 5.610285 5.687838 4.529155 4.983483 5.298478 7.963867 10.88912 5.494683 12.30803 13.87407 7.176328 4.560949 3.177273 4.588048 3.164256
-9999 -9999 -9999 -9999 -9999 -9999 -9999 -9999 -9999 -9999 -9999 -9999 -9999 -9999 -9999 -9999 -9999 -9999 -9999 -9999 4.35999 4.35999 4.35999 4.35999 4.35999 4.35999 4.35999 4.35999 4.35999 4.35999 4.35999 4.35999 4.35999 4.35999 4.35999 4.35999 4.35999 4.35999 4.35999 4.35999 4.35999 4.35999 4.35999 4.382041 4.412912 4.35999 4.418479 4.460909 4.935727 5.264116 5.760564 5.385072 5.686364 5.488953 5.629618 5.355447 9.010571 10.13326 9.677301 7.319014 5.086323 6.767967 6.707415 5.131532 4.901691 2.430674
-9999 -9999 -9999 -9999 -9999 -9999 -9999 -9999 -9999 -9999 -9999 -9999 -9999 -9999 -9999 -9999 -9999 -9999 -9999 4.35999 4.35999 4.35999 4.35999 4.35999 4.35999 4.35999 4.35999 4.35999 4.35999 4.35999 4.35999 4.35999 4.35999 4.35999 4.35999 4.35999 4.35999 4.35999 4.35999 4.35999 4.35999 4.35999 4.35999 4.35999 4.35999 4.35999 4.595981 4.855952 4.729709 5.52163 5.133672 5.324617 4.230632 5.884035 6.061297 5.259139 10.86965 8.587488 11.90159 5.490391 5.148011 6.333918 9.40114 5.744895 5.67639 4.1587
-9999 -9999 -9999 -9999 -9999 -9999 -9999 -9999 -9999 -9999 -9999 -9999 -9999 -9999 -9999 -9999 -9999 -9999 -9999 4.35999 4.35999 4.35999 4.35999 4.35999 4.35999 4.35999 4.35999 4.35999 4.35999 4.35999 4.35999 4.35999 4.35999 4.35999 4.35999 4.35999 4.35999 4.35999 4.35999 4.35999 4.35999 4.35999 4.35999 4.35999 4.35999 4.35999 4.61691 4.936205 4.630111 4.924457 4.380261 5.469614 5.960339 5.852947 5.729164 5.613404 6.009645 6.589887 5.513865 4.861993 5.119986 5.122917 4.738003 5.469422 6.654135 5.308642
-9999 -9999 -9999 -9999 -9999 -9999 -9999 -9999 -9999 -9999 -9999 -9999 -9999 -9999 -9999 -9999 -9999 -9999 -9999 4.35999 4.35999 4.35999 4.35999 4.35999 4.35999 4.35999 4.35999 4.35999 4.35999 4.35999 4.35999 4.35999 4.35999 4.35999 4.35999 4.35999 4.35999 4.35999 4.35999 4.35999 4.35999 4.35999 4.35999 4.36881 4.35999 4.364611 4.443604 4.40389 4.360411 4.412805 4.905242 5.587528 6.392867 5.27038 5.379943 4.862097 4.143353 2.78203 3.606447 5.159946 4.747918 4.208055 5.736151 5.186635 5.967294 4.862638
-9999 -9999 -9999 -9999 -9999 -9999 -9999 -9999 -9999 -9999 -9999 -9999 -9999 -9999 -9999 -9999 -9999 -9999 -9999 4.35999 4.35999 4.35999 4.35999 4.35999 4.35999 4.35999 4.35999 4.35999 4.35999 4.35999 4.35999 4.35999 4.35999 4.35999 4.35999 4.35999 4.35999 4.35999 4.35999 4.35999 4.35999 4.35999 4.35999 4.388055 4.35999 4.35999 4.424329 4.514956 4.528443 4.523685 4.719334 5.580351 6.875755 4.903144 4.93728 6.195083 3.057814 4.011537 5.004907 5.5942 3.985321 5.380063 5.599544 5.636969 5.20953 4.639838
-9999 -9999 -9999 -9999 -9999 -9999 -9999 -9999 -9999 -9999 -9999 -9999 -9999 -9999 -9999 -9999 -9999 -9999 4.35999 4.35999 4.35999 4.35999 4.35999 4.35999 4.35999 4.35999 4.35999 4.35999 4.35999 4.35999 4.35999 4.35999 4.35999 4.35999 4.35999 4.35999 4.35999 4.35999 4.35999 4.35999 4.35999 4.35999 4.35999 4.36841 4.355723 4.388656 4.399672 3.844503 5.007358 4.835844 4.604621 4.972872 5.49814 5.72843 5.275888 4.005643 4.805897 4.798837 4.998416 6.019402 4.28503 4.668435 4.551722 4.619434 4.458726 5.545334
-9999 -9999 -9999 -9999 -9999 -9999 -9999 -9999 -9999 -9999 -9999 -9999 -9999 -9999 -9999 -9999 -9999 -9999 4.35999 4.35999 4.35999 4.35999 4.35999 4.35999 4.35999 4.35999 4.35999 4.35999 4.35999 4.35999 4.35999 4.35999 4.35999 4.35999 4.35999 4.35999 4.35999 4.35999 4.35999 4.35999 4.35999 4.35999 4.399682 4.509784 4.396866 4.373143 4.393172 4.186212 4.546336 4.969465 4.848648 5.150214 5.077819 5.242384 8.030833 5.207506 5.316343 5.459261 6.12063 5.985132 4.62064 4.523521 4.56017 4.850296 4.907808 13.21618
-9999 -9999 -9999 -9999 -9999 -9999 -9999 -9999 -9999 -9999 -9999 -9999 -9999 -9999 -9999 -9999 -9999 -9999 4.35999 4.35999 4.35999 4.35999 4.35999 4.35999 4.35999 4.35999 4.35999 4.35999 4.35999 4.35999 4.35999 4.35999 4.35999 4.35999 4.35999 4.35999 4.35999 4.35999 4.35999 4.35999 4.35999 4.35999 4.534609 4.479361 4.482704 4.492464 4.373641 4.486641 4.395154 4.531212 4.540385 4.568649 6.691185 5.398934 4.437261 5.070447 6.192633 6.243604 4.779464 2.964053 4.350846 4.603682 4.547234 7.417622 6.801648 4.752614
-9999 -9999 -9999 -9999 -9999 -9999 -9999 -9999 -9999 -9999 -9999 -9999 -9999 -9999 -9999 -9999 -9999 -9999 4.35999 4.35999 4.35999 4.35999 4.35999 4.35999 4.35999 4.35999 4.35999 4.35999 4.35999 4.35999 4.35999 4.35999 4.35999 4.35999 4.35999 4.35999 4.35999 4.35999 4.35999 4.35999 4.35999 4.35999 4.35999 4.461234 4.553531 4.368463 4.555696 5.30251 4.36487 4.835944 4.984745 4.920373 7.956333 5.227307 4.964556 4.077652 6.526329 6.079271 6.04595 7.195015 8.269846 6.310762 4.571918 5.450696 5.997411 4.929395
-9999 -9999 -9999 -9999 -9999 -9999 -9999 -9999 -9999 -9999 -9999 -9999 -9999 -9999 -9999 -9999 -9999 4.35999 4.35999 4.35999 4.35999 4.35999 4.35999 4.35999 4.35999 4.35999 4.35999 4.35999 4.35999 4.35999 4.35999 4.35999 4.35999 4.35999 4.35999 4.35999 4.35999 4.35999 4.35999 4.35999 4.35999 4.35999 4.35999 4.359168 4.469834 4.680844 4.392228 4.654349 4.695365 5.289335 5.335384 4.765323 5.234113 4.898425 4.709377 4.841923 6.003848 4.832766 5.131865 5.145548 6.139896 4.645761 4.581244 9.053592 8.175593 4.862688
-9999 -9999 -9999 -9999 -9999 -9999 -9999 -9999 -9999 -9999 -9999 -9999 -9999 -9999 -9999 -9999 -9999 4.35999 4.35999 4.35999 4.35999 4.35999 4.35999 4.35999 4.35999 4.35999 4.35999 4.35999 4.35999 4.35999 4.35999 4.35999 4.35999 4.35999 4.35999 4.35999 4.35999 4.35999 4.35999 4.35999 4.35999 4.35999 4.35999 4.4578 4.379409 4.926313 4.632421 4.80766 4.820832 4.791832 4.765707 5.508472 5.76439 5.750523 4.934542 4.593537 4.771372 4.899177 4.524627 4.511608 5.082358 5.455579 4.535003 5.02354 6.347898 4.549002
-9999 -9999 -9999 -9999 -9999 -9999 -9999 -9999 -9999 -9999 -9999 -9999 -9999 -9999 -9999 -9999 -9999 4.35999 4.35999 4.35999 4.35999 4.35999 4.35999 4.35999 4.35999 4.35999 4.35999 4.35999 4.35999 4.35999 4.35999 4.35999 4.35999 4.35999 4.35999 4.35999 4.35999 4.35999 4.35999 4.35999 4.35999 4.35999 4.35999 3.869168 4.345158 4.920051 5.32367 5.223481 4.896885 4.381533 4.934755 4.888502 5.31937 5.083238 4.607419 4.497983 4.498957 4.510974 4.50001 4.504231 6.908035 8.245719 5.011229 4.551096 4.523777 4.558892
-9999 -9999 -9999 -9999 -9999 -9999 -9999 -9999 -9999 -9999 -9999 -9999 -9999 -9999 -9999 -9999 -9999 4.35999 4.35999 4.35999 4.35999 4.35999 4.35999 4.35999 4.35999 4.35999 4.35999 4.35999 4.35999 4.35999 4.35999 4.35999 4.35999 4.35999 4.35999 4.35999 4.35999 4.35999 4.35999 4.35999 4.35999 4.35999 4.35999 4.342325 3.815037 5.22826 5.561112 4.764254 5.530456 4.986457 5.639198 5.698621 5.748412 5.639745 4.621098 4.425035 4.501007 4.667361 4.526986 13.29626 6.431648 7.999025 4.53205 4.534663 4.527145 4.535213
-9999 -9999 -9999 -9999 -9999 -9999 -9999 -9999 -9999 -9999 -9999 -9999 -9999 -9999 -9999 -9999 4.35999 4.35999 4.35999 4.35999 4.35999 4.35999 4.35999 4.35999 4.35999 4.35999 4.35999 4.35999 4.35999 4.35999 4.35999 4.35999 4.35999 4.35999 4.35999 4.35999 4.35999 4.35999 4.35999 4.35999 4.35999 4.35999 4.35999 4.486699 5.121932 5.183433 5.198457 4.912953 5.383353 5.380999 5.205964 5.426234 5.440197 4.826272 4.83828 4.438628 4.484293 4.519484 4.516342 8.434843 5.160883 4.511804 4.50549 4.492577 4.517932 4.51516
-9999 -9999 -9999 -9999 -9999 -9999 -9999 -9999 -9999 -9999 -9999 -9999 -9999 -9999 -9999 -9999 4.35999 4.35999 4.35999 4.35999 4.35999 4.35999 4.35999 4.35999 4.35999 4.35999 4.35999 4.35999 4.35999 4.35999 4.35999 4.35999 4.35999 4.35999 4.35999 4.35999 4.35999 4.35999 4.35999 4.35999 4.35999 4.35999 4.35999 4.761566 5.540131 6.251515 5.380165 5.168659 4.448864 4.441615 4.571273 4.790864 4.624036 4.556278 4.954907 4.759304 4.512913 4.473043 4.513095 4.474837 4.48051 4.459131 4.486589 4.492947 4.493893 4.500636
-9999 -9999 -9999 -9999 -9999 -9999 -9999 -9999 -9999 -9999 -9999 -9999 -9999 -9999 -9999 -9999 4.35999 4.35999 4.35999 4.35999 4.35999 4.35999 4.35999 4.35999 4.35999 4.35999 4.35999 4.35999 4.35999 4.35999 4.35999 4.35999 4.35999 4.35999 4.35999 4.35999 4.35999 4.35999 4.35999 4.35999 4.35999 4.35999 4.382041 5.635754 5.310639 6.407086 4.995472 4.996096 4.704423 4.392189 4.402388 4.828116 5.07917 4.599855 4.746347 4.582788 4.436716 4.481086 4.481817 4.442793 4.409231 4.404088 4.452624 4.483645 4.486241 4.486276
-9999 -9999 -9999 -9999 -9999 -9999 -9999 -9999 -9999 -9999 -9999 -9999 -9999 -9999 -9999 -9999 4.35999 4.35999 4.35999 4.35999 4.35999 4.35999 4.35999 4.35999 4.35999 4.35999 4.35999 4.35999 4.35999 4.35999 4.35999 4.35999 4.35999 4.35999 4.35999 4.35999 4.35999 4.35999 4.35999 4.35999 4.35999 4.35999 4.585175 4.689946 4.791153 4.223613 3.936643 4.604191 4.711089 4.399641 4.423294 4.821838 4.43984 4.442134 4.442317 4.460557 4.535201 4.435636 4.459055 4.498823 4.717649 4.381805 4.451731 4.463388 4.466524 4.468113
-9999 -9999 -9999 -9999 -9999 -9999 -9999 -9999 -9999 -9999 -9999 -9999 -9999 -9999 -9999 4.35999 4.35999 4.35999 4.35999 4.35999 4.35999 4.35999 4.35999 4.35999 4.35999 4.35999 4.35999 4.35999 4.35999 4.35999 4.35999 4.35999 4.35999 4.35999 4.35999 4.35999 4.35999 4.35999 4.35999 4.35999 4.35999 4.35999 4.643836 4.99212 5.202737 4.757291 4.612219 3.517278 3.851725 4.398284 4.41972 4.776018 4.446098 4.450714 4.450664 4.385379 4.458624 4.426283 4.432002 4.520401 4.524136 4.448036 4.462456 4.490149 4.493708 4.450396
-9999 -9999 -9999 -9999 -9999 -9999 -9999 -9999 -9999 -9999 -9999 -9999 -9999 -9999 -9999 4.35999 4.35999 4.35999 4.35999 4.35999 4.35999 4.35999 4.35999 4.35999 4.35999 4.35999 4.35999 4.35999 4.35999 4.35999 4.35999 4.35999 4.35999 4.35999 4.35999 4.35999 4.35999 4.35999 4.35999 4.35999 4.35999 4.35999 4.421777 5.625022 5.18841 4.557343 4.786346 4.345261 4.391459 4.423133 4.431481 4.798357 4.445637 4.421707 4.462067 4.426238 4.412241 4.439906 4.434638 4.435915 4.426447 4.450009 4.484664 4.502469 4.494341 4.429272
-9999 -9999 -9999 -9999 -9999 -9999 -9999 -9999 -9999 -9999 -9999 -9999 -9999 -9999 -9999 4.35999 4.35999 4.35999 4.35999 4.35999 4.35999 4.35999 4.35999 4.35999 4.35999 4.35999 4.35999 4.35999 4.35999 4.35999 4.35999 4.35999 4.35999 4.35999 4.35999 4.35999 4.35999 4.35999 4.35999 4.35999 4.35999 4.360084 5.232635 5.46797 5.485125 4.100064 3.627283 4.455492 4.389212 4.426528 4.71185 4.499662 4.406521 4.399961 4.404999 4.438803 4.414082 4.427184 4.456493 4.427738 4.452246 4.464253 4.454103 4.515771 4.506529 4.20015
-9999 -9999 -9999 -9999 -9999 -9999 -9999 -9999 -9999 -9999 -9999 -9999 -9999 -9999 -9999 4.35999 4.35999 4.35999 4.35999 4.35999 4.35999 4.35999 4.35999 4.35999 4.35999 4.35999 4.35999 4.35999 4.35999 4.35999 4.35999 4.35999 4.35999 4.35999 4.35999 4.35999 4.35999 4.35999 4.35999 4.35999 4.35999 4.36008 4.472248 5.081225 4.944963 4.384296 5.462302 4.517589 4.419282 4.41891 4.822899 4.35999 4.3616 4.394299 4.427799 4.473927 4.414683 4.45824 4.434391 4.43786 4.42858 4.465409 4.503105 4.555965 4.509233 5.102913
-9999 -9999 -9999 -9999 -9999 -9999 -9999 -9999 -9999 -9999 -9999 -9999 -9999 -9999 4.35999 4.35999 4.35999 4.35999 4.35999 4.35999 4.35999 4.35999 4.35999 4.35999 4.35999 4.35999 4.35999 4.35999 4.35999 4.35999 4.35999 4.35999 4.35999 4.35999 4.35999 4.35999 4.35999 4.35999 4.35999 4.35999 4.35999 4.360044 4.360647 4.339071 5.298375 4.346591 4.123028 4.414399 4.442704 4.441158 4.789305 4.35999 4.36001 4.361272 4.366667 4.46514 4.665822 4.473825 4.481825 4.49352 4.461455 4.581017 4.58959 4.565268 4.220541 4.863026
