STOTEN_Data/raw/Ngw_1975.asc
ncols         250
nrows         718
xllcorner     -2256000
yllcorner     1557000
cellsize      1000
NODATA_value  -9999
[rows 203 to 231 of 718, columns 0 to 65 of 250]
4.35999 4.35999 4.35999 4.35999 4.35999 4.35999 4.35999 4.35999 4.35999 4.35999 4.35999 4.35999 4.35999 4.35999 4.35999 4.35999 4.35999 4.35999 4.35999 4.35999 4.35999 4.35999 4.35999 4.35999 4.35999 4.35999 4.35999 4.35999 4.360009 5.009914 4.936147 4.379168 4.360665 4.35999 4.35999 4.359996 4.360128 4.360793 4.360777 4.360761 4.360755 4.360765 4.399015 5.299969 4.781324 3.562351 4.160524 4.665968 5.126281 6.619903 5.528059 5.556872 4.490835 4.986391 5.478883 6.008139 5.265424 5.318813 4.655519 4.583017 4.60063 4.522396 5.746498 4.537255 5.386301 5.172268
4.35999 4.35999 4.35999 4.35999 4.35999 4.35999 4.35999 4.35999 4.35999 4.35999 4.35999 4.35999 4.35999 4.35999 4.35999 4.35999 4.35999 4.35999 4.35999 4.35999 4.35999 4.35999 4.35999 4.35999 4.35999 4.35999 4.35999 4.35999 4.35999 4.576097 4.585916 4.409299 4.360751 4.360105 4.35999 4.35999 4.359992 4.360654 4.360775 4.360793 4.360793 4.360793 4.541499 5.403044 4.702773 5.157796 4.897107 5.004529 4.859939 4.884231 4.871054 5.225874 5.319929 5.498135 4.171099 5.534647 6.047563 5.368646 4.708958 4.605795 4.56854 4.606831 6.33145 5.323991 6.064402 5.920503
4.35999 4.35999 4.35999 4.35999 4.35999 4.35999 4.35999 4.35999 4.35999 4.35999 4.35999 4.35999 4.35999 4.35999 4.35999 4.35999 4.35999 4.35999 4.35999 4.35999 4.35999 4.35999 4.35999 4.35999 4.35999 4.35999 4.35999 4.35999 4.35999 4.505304 4.893207 4.47499 4.360787 4.360165 4.35999 4.35999 4.35999 4.360602 4.360793 4.360767 4.360763 4.360759 4.359908 4.529948 4.448452 4.829373 4.596013 4.439961 5.101002 4.780053 4.474419 5.638163 5.446191 5.869585 5.985387 4.862053 6.334554 5.195828 5.066213 4.783698 4.710842 4.794241 5.130148 5.615976 5.39806 5.116177
4.35999 4.35999 4.35999 4.35999 4.35999 4.35999 4.35999 4.35999 4.35999 4.35999 4.35999 4.35999 4.35999 4.35999 4.35999 4.35999 4.35999 4.35999 4.35999 4.35999 4.35999 4.35999 4.35999 4.35999 4.35999 4.35999 4.35999 4.35999 4.35999 4.539883 5.051515 4.52322 4.360636 4.35999 4.35999 4.35999 4.35999 4.360498 4.360761 4.360767 4.360767 4.360763 4.360865 4.361176 4.459738 5.043993 5.238735 4.847032 4.409692 4.592837 5.028857 5.813618 5.982325 5.142214 5.621828 5.815169 5.51139 5.068271 5.375592 5.107882 4.584934 5.258257 6.05661 6.164977 4.727974 5.918413
4.35999 4.35999 4.35999 4.35999 4.35999 4.35999 4.35999 4.35999 4.35999 4.35999 4.35999 4.35999 4.35999 4.35999 4.35999 4.35999 4.35999 4.35999 4.35999 4.35999 4.35999 4.35999 4.35999 4.35999 4.35999 4.35999 4.35999 4.35999 4.35999 4.456085 5.035887 4.67564 4.360464 4.35999 4.35999 4.35999 4.360021 4.360775 4.360761 4.360771 4.360793 4.360763 4.356264 4.345392 4.34826 4.389144 4.55164 4.524779 4.369147 4.384481 4.923221 5.20831 5.887704 6.562396 6.57055 6.010287 5.182631 4.454687 4.502106 4.859934 5.090324 5.80882 6.187505 5.599655 4.503997 5.096995
4.35999 4.35999 4.35999 4.35999 4.35999 4.35999 4.35999 4.35999 4.35999 4.35999 4.35999 4.35999 4.35999 4.35999 4.35999 4.35999 4.35999 4.35999 4.35999 4.35999 4.35999 4.35999 4.35999 4.35999 4.35999 4.35999 4.35999 4.35999 4.35999 4.403421 4.58386 4.868022 4.371116 4.35999 4.35999 4.35999 4.360128 4.360775 4.360793 4.360793 4.360749 4.360787 4.359732 4.343995 4.351208 4.342519 4.357741 4.361428 4.356775 4.36397 4.560127 4.698459 4.753183 5.043784 6.1608 5.489144 4.870142 4.486353 4.479145 4.730777 6.765553 5.740964 6.317478 5.130755 5.723734 6.198749
4.35999 4.35999 4.35999 4.35999 4.35999 4.35999 4.35999 4.35999 4.35999 4.35999 4.35999 4.35999 4.35999 4.35999 4.35999 4.35999 4.35999 4.35999 4.35999 4.35999 4.35999 4.35999 4.35999 4.35999 4.35999 4.35999 4.35999 4.35999 4.35999 4.368122 5.051279 5.075402 4.4153 4.360006 4.35999 4.35999 4.360004 4.360648 4.360761 4.360773 4.360761 4.360773 4.357928 4.345124 4.344421 4.341363 4.344544 4.348853 4.355399 4.362126 4.434342 4.595922 5.484396 5.74797 5.895879 4.587288 4.426296 5.235613 6.604887 4.445035 5.209736 5.018512 5.566043 5.525859 6.550031 6.193706
4.35999 4.35999 4.35999 4.35999 4.35999 4.35999 4.35999 4.35999 4.35999 4.35999 4.35999 4.35999 4.35999 4.35999 4.35999 4.35999 4.35999 4.35999 4.35999 4.35999 4.35999 4.35999 4.35999 4.35999 4.35999 4.35999 4.35999 4.35999 4.35999 4.36017 5.031498 5.37264 4.744127 4.36037 4.35999 4.35999 4.35999 4.360277 4.360793 4.360785 4.360793 4.359143 4.349432 4.346128 4.341333 4.343502 4.347759 4.351332 4.356486 4.361756 4.40537 5.09687 5.716 4.899026 5.257743 5.162639 4.654058 5.226377 5.106657 6.846376 4.482876 4.576525 5.945192 5.374273 4.6885 5.173955
4.35999 4.35999 4.35999 4.35999 4.35999 4.35999 4.35999 4.35999 4.35999 4.35999 4.35999 4.35999 4.35999 4.35999 4.35999 4.35999 4.35999 4.35999 4.35999 4.35999 4.35999 4.35999 4.35999 4.35999 4.35999 4.35999 4.35999 4.35999 4.35999 4.363054 4.707305 4.981372 4.542137 4.360734 4.360103 4.35999 4.35999 4.360301 4.360787 4.360769 4.360771 4.351112 4.347824 4.346627 4.346133 4.347708 4.350396 4.35491 4.359942 4.364754 4.502863 5.337113 5.557854 5.27536 5.423121 4.847496 5.089556 5.074775 5.136811 8.021725 4.599295 4.542262 4.691323 5.845593 4.568978 5.556375
4.35999 4.35999 4.35999 4.35999 4.35999 4.35999 4.35999 4.35999 4.35999 4.35999 4.35999 4.35999 4.35999 4.35999 4.35999 4.35999 4.35999 4.35999 4.35999 4.35999 4.35999 4.35999 4.35999 4.35999 4.35999 4.35999 4.35999 4.35999 4.35999 4.403807 4.97427 5.087375 4.778545 4.360793 4.360317 4.35999 4.35999 4.360237 4.360771 4.360787 4.360401 4.351808 4.348973 4.350218 4.355841 4.352678 4.354667 4.358408 4.362751 4.367824 4.373776 5.283288 5.435872 4.911652 5.021607 4.877265 4.928261 5.62826 4.492261 4.517338 4.512117 4.497154 4.47639 4.494473 4.882642 4.987495
4.35999 4.35999 4.35999 4.35999 4.35999 4.35999 4.35999 4.35999 4.35999 4.35999 4.35999 4.35999 4.35999 4.35999 4.35999 4.35999 4.35999 4.35999 4.35999 4.35999 4.35999 4.35999 4.35999 4.35999 4.35999 4.35999 4.35999 4.35999 4.35999 4.385816 4.904785 4.948609 5.042969 4.360791 4.360518 4.35999 4.35999 4.360095 4.360769 4.360787 4.360453 4.382361 4.351327 4.35288 4.352641 4.354692 4.357669 4.361168 4.365676 4.371562 4.407414 4.505171 5.061063 5.439906 5.250517 4.660912 4.472264 4.428281 4.485374 4.503046 4.513859 4.513179 4.458285 4.510854 4.694835 5.053649
4.35999 4.35999 4.35999 4.35999 4.35999 4.35999 4.35999 4.35999 4.35999 4.35999 4.35999 4.35999 4.35999 4.35999 4.35999 4.35999 4.35999 4.35999 4.35999 4.35999 4.35999 4.35999 4.35999 4.35999 4.35999 4.35999 4.35999 4.35999 4.35999 4.36013 4.613429 4.950962 5.253433 4.360767 4.360604 4.35999 4.35999 4.360054 4.360771 4.360767 4.397172 4.423346 4.376326 4.355142 4.355053 4.3575 4.360286 4.364325 4.36886 4.372952 4.388232 4.640425 5.814078 5.215007 5.773185 4.492535 4.493334 4.419547 4.731498 4.637198 4.512065 4.502866 4.449625 3.010156 5.386232 5.944524
4.35999 4.35999 4.35999 4.35999 4.35999 4.35999 4.35999 4.35999 4.35999 4.35999 4.35999 4.35999 4.35999 4.35999 4.35999 4.35999 4.35999 4.35999 4.35999 4.35999 4.35999 4.35999 4.35999 4.35999 4.35999 4.35999 4.35999 4.35999 4.35999 4.360018 4.719534 5.15273 6.020777 4.360567 4.360008 4.35999 4.35999 4.360038 4.360739 4.360476 4.428927 4.421555 4.36167 4.355546 4.356369 4.359334 4.362477 4.36725 4.370796 4.386293 4.382491 4.408636 4.728647 5.942893 4.777434 4.353474 4.786892 4.439068 4.681647 4.52143 4.622433 4.825216 4.55479 3.94926 4.120577 6.011701
4.35999 4.35999 4.35999 4.35999 4.35999 4.35999 4.35999 4.35999 4.35999 4.35999 4.35999 4.35999 4.35999 4.35999 4.35999 4.35999 4.35999 4.35999 4.35999 4.35999 4.35999 4.35999 4.35999 4.35999 4.35999 4.35999 4.35999 4.35999 4.35999 4.35999 4.684793 4.922068 5.307538 4.381719 4.35999 4.35999 4.35999 4.35999 4.360717 4.360773 4.483679 4.478013 4.414238 4.385274 4.426942 4.418826 4.365142 4.369 4.374289 4.388432 4.462824 4.473557 4.635536 5.644456 4.713493 4.421321 4.520594 4.472213 4.462743 4.607324 4.536168 4.5844 4.649661 4.432827 4.34068 6.178718
4.35999 4.35999 4.35999 4.35999 4.35999 4.35999 4.35999 4.35999 4.35999 4.35999 4.35999 4.35999 4.35999 4.35999 4.35999 4.35999 4.35999 4.35999 4.35999 4.35999 4.35999 4.35999 4.35999 4.35999 4.35999 4.35999 4.35999 4.35999 4.35999 4.35999 5.170889 5.801477 5.679769 4.938951 4.371646 4.35999 4.35999 4.35999 4.36059 4.444989 4.555829 4.495717 4.487238 4.400004 5.132819 4.708616 4.489731 4.369377 4.374037 4.450542 4.476771 4.47477 4.642462 4.70153 5.354334 3.522693 5.33102 4.731517 5.536339 4.474421 4.472723 4.536549 4.46869 4.516246 4.509087 4.85477
4.35999 4.35999 4.35999 4.35999 4.35999 4.35999 4.35999 4.35999 4.35999 4.35999 4.35999 4.35999 4.35999 4.35999 4.35999 4.35999 4.35999 4.35999 4.35999 4.35999 4.35999 4.35999 4.35999 4.35999 4.35999 4.35999 4.35999 4.35999 4.35999 4.35999 4.413469 5.139526 5.974268 4.993619 4.597215 4.35999 4.35999 4.35999 4.36062 4.497236 4.595914 4.544696 4.50597 4.373724 4.505931 5.046375 4.536009 4.383222 4.567554 4.461995 4.485407 4.492008 4.664232 4.592651 5.975477 5.478948 6.131067 5.441026 4.316857 5.746322 4.572281 4.529828 4.487273 4.549981 4.81674 4.812532
4.35999 4.35999 4.35999 4.35999 4.35999 4.35999 4.35999 4.35999 4.35999 4.35999 4.35999 4.35999 4.35999 4.35999 4.35999 4.35999 4.35999 4.35999 4.35999 4.35999 4.35999 4.35999 4.35999 4.35999 4.35999 4.35999 4.35999 4.35999 4.35999 4.35999 4.668016 5.213461 6.895585 5.818234 4.482404 4.35999 4.35999 4.35999 4.360634 4.36681 4.732393 4.649718 4.419785 4.462266 4.201904 4.414589 4.441962 4.430146 4.387498 4.482097 4.518412 4.678989 4.56531 4.58799 5.311778 5.958484 6.160302 5.802669 5.472491 5.516164 4.861928 4.525256 4.651457 4.649879 4.711715 6.86203
4.35999 4.35999 4.35999 4.35999 4.35999 4.35999 4.35999 4.35999 4.35999 4.35999 4.35999 4.35999 4.35999 4.35999 4.35999 4.35999 4.35999 4.35999 4.35999 4.35999 4.35999 4.35999 4.35999 4.35999 4.35999 4.35999 4.35999 4.35999 4.35999 4.35999 4.374389 6.281913 5.981555 5.385038 4.385682 4.35999 4.35999 4.35999 4.360662 4.399462 4.822449 4.952071 5.536637 4.883196 4.579728 4.257972 4.363395 4.463871 4.427155 4.456371 4.555623 4.755632 4.523627 4.597176 5.297261 6.53395 5.982066 5.498759 5.575997 4.666333 4.889314 4.518358 4.768761 4.989097 4.723403 5.083766
4.35999 4.35999 4.35999 4.35999 4.35999 4.35999 4.35999 4.35999 4.35999 4.35999 4.35999 4.35999 4.35999 4.35999 4.35999 4.35999 4.35999 4.35999 4.35999 4.35999 4.35999 4.35999 4.35999 4.35999 4.35999 4.35999 4.35999 4.35999 4.35999 4.35999 4.375757 5.014756 4.94423 4.920853 4.64753 4.35999 4.35999 4.35999 4.360622 4.686707 4.895501 4.966147 5.747363 5.241705 3.648936 4.420462 4.638741 4.667278 4.467098 4.465247 4.650371 4.580168 4.549417 4.565732 4.485774 6.615029 5.89237 6.639813 5.929093 5.327105 5.692039 4.941043 4.861756 5.333292 4.609494 4.816221
4.35999 4.35999 4.35999 4.35999 4.35999 4.35999 4.35999 4.35999 4.35999 4.35999 4.35999 4.35999 4.35999 4.35999 4.35999 4.35999 4.35999 4.35999 4.35999 4.35999 4.35999 4.35999 4.35999 4.35999 4.35999 4.35999 4.35999 4.35999 4.35999 4.35999 4.359995 5.313122 4.963819 4.550984 4.966934 4.35999 4.35999 4.35999 4.360666 4.634041 4.737279 5.763959 5.645924 5.906232 5.124345 5.101491 6.081005 4.743237 4.60335 4.577712 4.677538 4.484459 4.501986 4.635361 4.463006 4.916883 4.721687 6.105029 5.017061 6.427916 5.437096 6.866729 6.775851 5.743835 5.61682 4.629643
4.35999 4.35999 4.35999 4.35999 4.35999 4.35999 4.35999 4.35999 4.35999 4.35999 4.35999 4.35999 4.35999 4.35999 4.35999 4.35999 4.35999 4.35999 4.35999 4.35999 4.35999 4.35999 4.35999 4.35999 4.35999 4.35999 4.35999 4.35999 4.35999 4.35999 4.35999 4.911301 5.585898 4.834885 4.582168 4.360406 4.35999 4.360023 4.360769 4.494607 5.224074 4.795936 4.87857 5.234106 6.06189 5.993372 5.309537 4.847295 4.703602 4.862426 4.724403 4.623157 4.558257 4.451988 4.48365 4.419269 5.550319 6.930572 5.947666 6.060777 4.64269 5.674949 7.290965 5.004921 5.462704 6.256681
4.35999 4.35999 4.35999 4.35999 4.35999 4.35999 4.35999 4.35999 4.35999 4.35999 4.35999 4.35999 4.35999 4.35999 4.35999 4.35999 4.35999 4.35999 4.35999 4.35999 4.35999 4.35999 4.35999 4.35999 4.35999 4.35999 4.35999 4.35999 4.35999 4.35999 4.35999 4.503839 5.214341 5.216837 4.838227 4.457789 4.360323 4.360219 4.365139 4.532485 7.042099 5.833743 5.652172 6.899594 5.385031 6.474498 5.80958 7.169456 5.239258 4.991372 4.682297 4.650684 4.567712 4.49722 4.407252 4.377271 5.496563 5.926484 5.538128 6.90631 5.244102 6.349393 5.553023 5.81401 6.456837 7.043548
4.35999 4.35999 4.35999 4.35999 4.35999 4.35999 4.35999 4.35999 4.35999 4.35999 4.35999 4.35999 4.35999 4.35999 4.35999 4.35999 4.35999 4.35999 4.35999 4.35999 4.35999 4.35999 4.35999 4.35999 4.35999 4.35999 4.35999 4.35999 4.35999 4.35999 4.35999 4.35999 4.915202 6.406049 5.094852 4.716507 4.576825 4.536475 4.542147 4.587338 5.727561 5.89766 6.189729 5.505655 4.096329 6.214321 5.644138 6.266606 5.3901 5.036597 4.952435 4.710979 4.6961 4.486593 4.414928 4.382289 5.306612 6.041916 6.22619 5.007143 7.276731 6.614829 5.792681 6.847971 6.983037 6.331518
4.35999 4.35999 4.35999 4.35999 4.35999 4.35999 4.35999 4.35999 4.35999 4.35999 4.35999 4.35999 4.35999 4.35999 4.35999 4.35999 4.35999 4.35999 4.35999 4.35999 4.35999 4.35999 4.35999 4.35999 4.35999 4.35999 4.35999 4.35999 4.35999 4.35999 4.35999 4.35999 4.36734 4.503628 5.220192 4.966019 5.944803 4.853229 5.471095 4.587046 4.764747 5.486735 6.56907 5.553903 5.636073 5.403871 5.590475 5.351014 5.028494 5.000086 4.8812 4.825344 4.721857 4.579045 4.440242 4.381465 5.691741 6.548244 5.699559 6.259316 5.843707 6.25009 6.856134 6.503095 5.694339 6.39656
4.35999 4.35999 4.35999 4.35999 4.35999 4.35999 4.35999 4.35999 4.35999 4.35999 4.35999 4.35999 4.35999 4.35999 4.35999 4.35999 4.35999 4.35999 4.35999 4.35999 4.35999 4.35999 4.35999 4.35999 4.35999 4.35999 4.35999 4.35999 4.35999 4.35999 4.35999 4.35999 4.35999 4.360277 4.422772 4.497238 4.535312 4.571762 4.59255 4.829091 5.355697 4.729267 4.870798 4.634585 4.754411 6.328068 6.387557 6.731792 5.730464 4.939754 4.854981 4.799696 4.616917 4.572467 4.46116 4.382389 5.00236 5.155191 5.221308 5.962088 6.04337 5.757924 6.459252 6.957956 7.108819 5.700957
4.35999 4.35999 4.35999 4.35999 4.35999 4.35999 4.35999 4.35999 4.35999 4.35999 4.35999 4.35999 4.35999 4.35999 4.35999 4.35999 4.35999 4.35999 4.35999 4.35999 4.35999 4.35999 4.35999 4.35999 4.35999 4.35999 4.35999 4.35999 4.35999 4.35999 4.35999 4.35999 4.35999 4.35999 4.365613 4.444378 4.443263 4.462113 4.611684 4.838163 5.922654 5.419989 5.634243 5.402114 4.673519 5.014313 5.874337 6.20908 6.859188 5.163612 4.8234 4.737845 4.623183 4.505999 4.420087 4.380462 4.623071 7.501183 7.361611 6.395702 6.27841 4.120501 6.345893 6.456777 6.8137 6.005195
4.35999 4.35999 4.35999 4.35999 4.35999 4.35999 4.35999 4.35999 4.35999 4.35999 4.35999 4.35999 4.35999 4.35999 4.35999 4.35999 4.35999 4.35999 4.35999 4.35999 4.35999 4.35999 4.35999 4.35999 4.35999 4.35999 4.35999 4.35999 4.35999 4.35999 4.35999 4.35999 4.35999 4.35999 4.35999 4.388633 4.416085 4.634437 5.305055 5.07466 5.013968 5.472389 5.27554 5.464066 5.437582 6.910025 4.508833 5.411741 6.582211 5.492502 4.831883 4.589092 4.584017 4.578774 4.380361 4.371635 4.709445 7.136043 7.104759 6.247639 5.95937 4.69409 6.180673 6.51671 5.682151 5.604293
4.35999 4.35999 4.35999 4.35999 4.35999 4.35999 4.35999 4.35999 4.35999 4.35999 4.35999 4.35999 4.35999 4.35999 4.35999 4.35999 4.35999 4.35999 4.35999 4.35999 4.35999 4.35999 4.35999 4.35999 4.35999 4.35999 4.35999 4.35999 4.35999 4.35999 4.35999 4.35999 4.35999 4.35999 4.35999 4.36018 4.372693 4.430673 4.91095 4.927001 5.023129 5.894905 5.426857 5.779257 5.935369 6.407412 5.868255 5.446106 5.256049 6.355229 5.067763 4.38909 4.484923 4.397575 4.37871 4.500962 6.884953 6.545234 5.86402 5.64992 5.972798 5.938917 6.131793 6.650987 7.422256 5.754665
4.35999 4.35999 4.35999 4.35999 4.35999 4.35999 4.35999 4.35999 4.35999 4.35999 4.35999 4.35999 4.35999 4.35999 4.35999 4.35999 4.35999 4.35999 4.35999 4.35999 4.35999 4.35999 4.35999 4.35999 4.35999 4.35999 4.35999 4.35999 4.35999 4.35999 4.35999 4.35999 4.35999 4.35999 4.35999 4.35999 4.363921 4.382215 4.680887 5.165027 5.823428 6.483207 6.159211 6.927118 5.909675 5.436995 6.181413 6.127104 6.077184 4.736559 4.465436 4.003732 4.658907 5.240489 4.728955 5.874849 5.912759 5.430666 4.954819 5.527642 6.456336 5.419133 6.406424 5.268477 7.197849 9.792789
