STOTEN_Data/raw/no3_preds_3d_direct_extract400ft_121m.asc
ncols         206
nrows         674
xllcorner     -2235500
yllcorner     1580500
cellsize      1000
NODATA_value  -9999
[rows 512 to 543 of 674, columns 71 to 141 of 206]
-9999 -9999 -9999 -9999 -9999 -9999 -9999 -9999 -9999 -9999 -9999 -9999 -9999 -9999 -9999 -9999 -9999 -9999 -9999 -9999 -9999 -9999 -9999 -9999 -9999 -9999 -9999 2.178069 2.679322 2.245035 1.887573 2.221369 2.852851 2.709647 2.406659 2.472527 2.491837 2.522606 2.328769 2.371089 2.435014 2.117962 1.768525 1.888871 2.239357 1.806546 1.317931 1.473247 1.484557 1.109818 1.891196 1.744175 1.430942 0.7052113 0.8098016 0.8407086 0.4272884 0.2716952 0.2839377 0.2324862 0.3456043 0.1563096 0.5787513 0.3144471 0.2893737 0.5014478 0.8901021 1.160179 2.118687 2.617892 1.556414
-9999 -9999 -9999 -9999 -9999 -9999 -9999 -9999 -9999 -9999 -9999 -9999 -9999 -9999 -9999 -9999 -9999 -9999 -9999 -9999 -9999 -9999 -9999 -9999 -9999 -9999 1.046319 2.67844 2.525381 2.217888 2.485884 2.404088 2.972738 2.513462 2.506286 3.191994 2.737991 2.548355 2.506025 1.659 2.708318 2.322168 2.408889 1.549737 2.083488 1.728146 1.746389 2.164351 1.60558 1.303543 1.900654 1.572465 1.537625 1.413269 0.6852696 0.7801992 0.4514783 0.2769551 0.2016909 0.3911013 0.4250532 0.2355951 0.4706773 0.2964304 0.2972718 0.4104921 0.5309942 0.8887808 1.347728 1.963228 1.414251
-9999 -9999 -9999 -9999 -9999 -9999 -9999 -9999 -9999 -9999 -9999 -9999 -9999 -9999 -9999 -9999 -9999 -9999 -9999 -9999 -9999 -9999 -9999 -9999 -9999 -9999 1.725197 2.723372 2.707041 2.435658 2.084583 2.264023 2.449694 3.316072 3.646667 2.1194 2.7639 1.96009 2.14237 1.923155 1.963586 2.034279 1.3814 1.515195 2.13255 1.855427 2.181564 2.543814 2.222904 2.21811 1.838004 1.891771 1.546287 1.402569 0.7497291 0.7822832 0.3367904 0.2995231 0.2781089 0.3944052 0.3448317 0.2085504 0.1473791 0.313643 0.3172806 0.7579756 0.6830503 0.9050773 2.536491 1.822559 2.070414
-9999 -9999 -9999 -9999 -9999 -9999 -9999 -9999 -9999 -9999 -9999 1.10586 -9999 -9999 -9999 -9999 -9999 1.850284 1.687786 -9999 -9999 -9999 -9999 -9999 -9999 -9999 2.513463 2.10378 1.679877 1.548352 2.513989 2.391245 3.879055 3.792854 2.815981 2.442788 1.886879 2.380233 1.734026 1.912704 1.992567 1.286162 1.422114 1.942758 2.096111 2.782561 2.776346 2.407514 2.667387 2.881746 2.249087 1.649917 1.833227 1.732373 0.890451 0.7359324 0.3699027 0.332789 0.2995289 0.4069635 0.370223 0.2577347 0.2086874 0.2801684 0.278787 0.3200743 0.3464473 0.3540798 0.5853758 0.8766078 1.137496
-9999 -9999 -9999 -9999 -9999 -9999 -9999 -9999 -9999 -9999 -9999 -9999 1.539945 1.528462 -9999 1.576307 1.802662 1.415834 1.539515 -9999 -9999 -9999 -9999 -9999 -9999 1.575001 1.672056 2.085866 2.0995 1.759977 1.952732 2.34057 3.574394 2.973943 3.352095 3.485917 2.38533 2.144622 2.113635 1.984248 1.787253 1.516795 1.619676 2.151182 2.438581 2.781092 2.535052 2.602981 3.357681 2.820803 2.661867 2.255637 1.731822 1.477948 0.7808796 0.9937496 0.3634517 0.3792515 0.3375459 0.3922154 0.325981 0.3313171 0.2169812 0.3531064 0.2902917 0.3139568 0.3651187 0.3172327 0.5125517 0.6878719 1.208015
-9999 -9999 -9999 -9999 -9999 -9999 -9999 -9999 -9999 -9999 -9999 -9999 -9999 1.569193 1.275247 1.596336 1.112807 1.147033 -9999 -9999 -9999 -9999 -9999 -9999 -9999 -9999 0.7379492 1.416458 1.743883 2.08087 2.514223 2.756807 2.271182 2.357712 1.97908 1.971342 2.216473 2.005129 1.967642 1.991905 2.017405 1.651662 1.988694 2.394475 2.04611 1.867834 2.066554 2.345935 2.447084 2.440367 2.584062 2.265102 1.760397 1.211923 0.5898023 0.9817145 0.4096833 0.3479294 0.3733534 0.3308393 0.4204356 0.3282384 0.3681199 0.3294781 0.3385196 0.3675322 0.4351037 0.4941826 0.4527949 1.018417 0.7021906
-9999 -9999 -9999 -9999 -9999 -9999 -9999 -9999 -9999 -9999 -9999 -9999 -9999 2.051603 1.907581 1.698973 1.517452 1.592063 1.649766 1.560918 1.797733 -9999 -9999 -9999 -9999 -9999 0.7306904 1.110922 1.869012 1.776834 2.325695 2.651717 2.082724 1.864812 1.735813 1.639914 1.722956 2.222486 1.669054 3.741304 1.97577 2.527308 1.65482 2.415492 2.538244 2.259845 2.073017 2.187678 2.388455 3.747731 3.033086 1.552287 1.862032 0.9630776 1.196043 0.9070547 0.3990421 0.3281518 0.372504 0.3824275 0.2627314 0.3978437 0.3239276 0.3372642 0.4502253 0.4314739 0.4391555 0.2994157 0.4700161 0.7549452 0.6630203
-9999 -9999 -9999 -9999 -9999 -9999 -9999 -9999 -9999 -9999 -9999 -9999 -9999 -9999 1.660905 1.419349 2.627857 1.648364 1.551376 1.552082 1.621887 -9999 -9999 -9999 -9999 -9999 0.6083667 0.8761342 1.341287 2.050222 1.729002 2.230191 1.528347 1.607524 1.631777 2.140406 2.35705 2.074274 3.196574 2.460251 1.795067 1.837405 0.9907516 1.830739 1.863827 2.589308 2.804462 2.628425 2.630368 3.879667 3.998435 2.032871 1.49531 1.280349 1.201668 1.177842 0.4680673 0.3811927 0.3302632 0.3777712 0.2618576 0.393876 0.4104199 0.3893548 0.4198871 0.515383 0.5321625 0.4406568 0.5498115 0.9161775 0.5004696
-9999 -9999 -9999 -9999 -9999 -9999 -9999 -9999 -9999 -9999 -9999 -9999 1.657154 1.430476 1.539291 1.394444 2.8104 1.768022 1.562409 1.686649 1.599232 -9999 -9999 -9999 -9999 -9999 0.6386301 0.778916 1.699853 1.305257 1.384169 1.629486 2.121594 1.905623 2.025317 2.114795 2.311678 2.468868 2.28914 2.575978 2.640674 2.14097 0.6810346 2.060829 1.867726 2.180864 2.905724 3.54806 2.16121 4.128195 3.989941 1.97774 1.594447 1.508824 1.129382 0.7599255 0.5226476 0.447602 0.2989272 0.5370827 0.6768628 0.5098803 0.6101699 0.5834783 0.4316175 0.4489352 0.5819222 0.4747453 0.5290517 0.53609 0.3490093
-9999 -9999 -9999 -9999 -9999 -9999 -9999 -9999 -9999 -9999 -9999 -9999 1.582365 1.711531 1.769285 2.360789 3.192098 1.589588 1.775015 1.586019 1.580622 -9999 -9999 -9999 -9999 -9999 1.010487 0.4019629 1.383002 1.591157 1.617764 1.418628 1.53304 1.787353 1.958628 1.992616 3.218854 3.345707 1.679993 2.288539 2.315059 2.379421 0.8600774 2.986064 3.100737 2.607988 1.944096 5.134674 2.958716 4.379438 4.28462 2.263249 1.055623 1.522702 1.201704 0.7826748 0.3669328 0.2747189 0.3077445 0.3771939 0.4766226 0.3326963 0.4725747 0.5666199 0.6614788 0.4997243 0.6272106 0.9494432 1.240133 0.8234503 0.4646111
-9999 -9999 -9999 -9999 -9999 -9999 -9999 -9999 -9999 -9999 -9999 -9999 -9999 1.64934 1.713661 1.911905 1.944095 1.914004 1.288326 1.603478 1.363172 1.082729 1.325659 0.4320188 0.4974605 0.6733043 1.338569 1.837492 1.385474 1.148823 1.378022 2.338577 2.493061 1.895384 2.748594 2.260216 2.920424 3.684462 2.18844 3.717624 2.659974 3.875638 2.808191 3.786987 2.363229 2.398638 2.865122 2.831387 2.884471 2.920852 3.987772 1.782852 0.998028 1.19826 1.26018 0.8341989 0.3223927 0.2835474 0.2914505 0.3350728 0.3891494 0.4128478 0.3254137 0.4632073 0.4681392 0.5308273 0.8575701 0.9355748 2.047128 0.9643163 1.176668
-9999 -9999 -9999 -9999 -9999 -9999 -9999 -9999 -9999 -9999 -9999 -9999 -9999 -9999 2.08353 2.34908 3.682738 1.471112 1.605024 1.584649 1.56761 1.428841 1.349866 2.029075 0.7413314 0.6876952 1.222286 0.5491598 0.9646555 1.129427 1.41696 1.887307 1.504456 1.615795 2.555225 1.726797 1.915894 2.246401 3.43397 5.190663 2.082364 2.545902 2.072156 2.584034 2.322853 2.786019 2.964277 3.903763 3.843529 3.503046 3.320102 2.016079 1.102551 1.717093 1.810612 0.8971348 0.3410847 0.2918071 0.3815173 0.4144964 0.5212032 0.6133797 0.5845463 0.4747514 0.4196364 0.8396684 0.9892951 0.6587412 0.7822994 0.6184269 0.9613127
-9999 -9999 -9999 -9999 -9999 -9999 -9999 -9999 -9999 -9999 -9999 -9999 -9999 2.196263 2.456304 2.720604 3.463096 1.417323 1.230085 1.514907 1.815754 1.625503 1.666732 1.916546 0.5880715 0.5127813 0.614168 0.55126 1.693037 1.975232 2.776855 1.887029 2.019446 1.824926 1.513075 1.5234 2.942001 2.648185 3.130597 2.971266 2.080611 2.050912 2.707829 4.897367 3.388851 2.151816 2.540807 2.857129 3.060477 4.350806 3.893429 2.406062 2.281259 2.385303 2.063214 1.157745 0.4263226 0.3160837 0.287207 0.2570754 0.493305 0.6009576 0.4055812 0.5001693 0.6952718 0.6114362 0.7135376 1.093178 0.7585363 0.6177647 0.5675069
-9999 -9999 -9999 -9999 -9999 -9999 -9999 -9999 -9999 -9999 -9999 -9999 -9999 -9999 2.527764 2.280712 2.192224 2.205393 1.243926 1.349946 1.190193 1.323265 2.041621 1.188907 1.916119 1.392212 0.5769569 1.210353 1.41982 1.81593 2.284442 2.411699 2.029751 1.947277 2.053169 2.51437 2.8248 2.676598 2.968419 2.708053 2.577168 3.140959 2.909214 3.874404 2.764636 3.022022 2.939492 4.038377 4.040009 4.227378 3.669272 2.134665 2.437277 1.851017 1.21243 1.105508 0.448869 0.3547255 0.2419031 0.1849456 0.4074676 0.5024483 0.4248282 0.73023 0.4790075 0.7223966 0.7445614 0.8452462 0.4092507 0.4012492 0.31458
-9999 -9999 -9999 -9999 -9999 -9999 -9999 -9999 -9999 -9999 -9999 -9999 -9999 -9999 -9999 1.222472 2.918724 3.205091 2.232772 1.676537 1.269502 2.114872 2.085441 1.47188 2.344844 1.90905 0.4451394 1.143296 0.9586824 1.264271 2.470744 1.88267 1.666173 2.339312 1.684224 2.892282 2.811949 3.225231 3.312775 3.305858 3.298979 2.750692 3.815726 3.464523 4.58473 4.641369 4.015649 5.186549 4.297283 4.047669 3.221201 1.552988 2.336578 1.892142 1.45054 0.7874388 0.3984719 0.3122041 0.3547526 0.1613797 0.4911323 0.66178 0.3026173 0.6398897 0.6609448 0.4349061 0.4886583 0.4030607 0.4510867 0.4096452 0.4552824
-9999 -9999 -9999 -9999 -9999 -9999 -9999 -9999 -9999 -9999 -9999 -9999 -9999 -9999 -9999 -9999 -9999 -9999 2.754341 1.86812 2.07756 1.560213 1.379889 2.301398 1.314291 1.723481 0.6670276 0.7426105 1.259556 1.765054 2.518607 1.850798 2.044608 2.108596 2.730058 2.453227 2.879856 3.017018 2.825644 2.230644 2.410034 2.917998 3.27888 3.937274 3.535301 3.917761 3.703262 4.617248 5.620733 4.890298 2.808818 1.849638 1.414415 1.413272 1.689952 0.8456751 0.4807539 0.4028535 0.2228326 0.3282102 0.5296325 0.3892327 0.5635105 0.691234 0.5927965 0.6994001 0.2555983 0.3142434 0.408913 0.4310076 0.5788237
-9999 -9999 -9999 -9999 -9999 -9999 -9999 -9999 -9999 -9999 -9999 -9999 -9999 -9999 -9999 -9999 -9999 -9999 -9999 1.641026 1.678037 1.994199 1.722961 1.49201 1.2371 1.863164 1.853579 1.539264 2.086616 2.476452 4.113223 2.085193 2.374831 2.101414 2.405427 1.943858 3.176838 3.070438 2.130691 3.36272 3.015673 3.329896 3.329284 3.571672 4.186806 4.139758 4.604735 4.382729 4.367225 4.538442 1.98782 1.45614 1.277974 1.385355 1.540539 0.9470897 0.3359228 0.3639312 0.2274648 0.4524062 0.3203465 0.3218871 0.5998068 0.4118306 0.6144571 0.5134188 0.7763474 0.5956026 0.3459478 0.5006692 0.8513122
-9999 -9999 -9999 -9999 -9999 -9999 -9999 -9999 -9999 -9999 -9999 -9999 -9999 -9999 -9999 -9999 -9999 -9999 -9999 1.958739 2.317771 2.342448 2.227107 1.567818 1.43726 1.930136 1.557687 1.544122 1.374749 1.842179 1.66315 2.030824 2.777684 2.539983 2.189954 2.458599 2.186408 2.034633 2.974654 3.55731 4.027794 4.23727 4.832995 4.522848 4.720326 3.843127 4.439413 3.08433 3.236413 4.486548 1.808184 1.568993 1.449197 1.520204 1.196254 0.687281 0.3462209 0.4000426 0.221818 0.4383638 0.3700264 0.6021711 0.9208491 0.5139663 0.5256671 0.5229999 0.472553 0.3825821 0.6138236 0.9401621 0.9579542
-9999 -9999 -9999 -9999 -9999 -9999 -9999 -9999 -9999 -9999 -9999 -9999 -9999 -9999 -9999 -9999 -9999 -9999 -9999 -9999 1.861217 1.457228 2.086047 1.469613 1.730027 1.406324 1.497222 1.72885 1.989573 2.487854 2.563698 2.357167 2.840554 3.736635 4.896746 2.85476 2.604252 1.896472 2.564095 2.273401 2.308604 4.758174 5.509101 4.730407 5.22398 2.903736 2.857054 2.839156 4.236958 2.73568 1.478376 1.232008 1.498494 1.254005 1.029284 0.603371 0.2192256 0.1687419 0.2603165 0.2819376 0.6447308 0.4788372 0.4808033 0.6845424 0.5630264 0.5846581 0.6997356 0.3937265 0.4468928 0.9688004 0.3809909
-9999 -9999 -9999 -9999 -9999 -9999 -9999 -9999 -9999 -9999 -9999 -9999 -9999 -9999 -9999 -9999 -9999 -9999 -9999 -9999 -9999 0.6939488 1.564851 1.748957 2.640241 1.813012 2.067974 1.563307 2.329747 3.124331 2.53542 3.269141 3.376583 2.681392 3.221262 3.384831 4.207088 2.389591 1.822479 2.139707 2.590735 2.631934 4.038708 5.942831 2.594689 3.961546 3.86304 3.057066 3.733593 2.901254 1.531472 1.312838 1.574773 0.9468855 0.8951078 0.3865596 0.2922415 0.193534 0.4192484 0.2956304 0.3914172 0.4236968 0.6625873 0.6775406 0.5384765 0.7281079 0.3876754 0.3409868 0.3936198 0.501234 0.442788
-9999 -9999 -9999 -9999 -9999 -9999 -9999 -9999 -9999 -9999 -9999 -9999 -9999 -9999 -9999 -9999 -9999 -9999 -9999 -9999 -9999 1.451828 0.8745342 2.874378 2.805783 1.720086 1.607723 2.854071 1.221184 2.739277 2.62043 2.721245 2.037963 2.103401 2.497572 2.447913 4.754714 3.790309 2.070433 3.153005 3.322351 2.341532 2.939351 3.739494 5.250597 4.217943 4.29009 3.603826 3.551923 2.891488 1.105924 1.330046 1.378897 0.9296199 0.605617 0.3431391 0.2693993 0.2749366 0.3018906 0.2616178 0.4373857 0.4967045 0.6648067 0.569044 0.6884721 0.6190563 0.561341 0.6890661 0.6870728 0.504455 0.5136628
-9999 -9999 -9999 -9999 -9999 -9999 -9999 -9999 -9999 -9999 -9999 -9999 -9999 -9999 -9999 -9999 -9999 -9999 -9999 -9999 -9999 -9999 0.9641611 0.7131008 3.920117 2.573252 1.724994 2.182356 1.125072 1.045082 1.848768 1.748771 3.276958 2.931258 3.072514 4.930125 3.588909 4.000696 2.98736 3.338968 2.45086 2.067888 2.985951 3.359299 4.277252 2.345285 2.154622 2.041243 4.118246 2.398715 2.147946 1.620368 0.9929247 0.7705674 0.2854705 0.2200674 0.1646264 0.1816789 0.3943224 0.5263662 0.6323924 0.2982479 0.5809597 0.4842087 0.9555054 1.107761 0.6345943 0.6166599 0.8077819 0.7891741 0.3253665
-9999 -9999 -9999 -9999 -9999 -9999 -9999 -9999 -9999 -9999 -9999 -9999 -9999 -9999 -9999 -9999 -9999 -9999 -9999 -9999 -9999 -9999 -9999 0.6312915 2.435581 1.839676 2.40259 2.907497 0.762158 2.412548 2.299298 2.186048 2.538443 1.623781 3.885756 3.71992 3.350888 3.580555 2.811675 2.542971 1.82887 1.941423 1.975122 1.80861 1.689339 1.811383 1.592876 1.910112 3.088186 3.174336 1.611007 1.140696 0.940335 0.5122547 0.3712844 0.2426881 0.194344 0.3795449 0.359969 0.4973903 0.5532128 0.3645653 0.5458975 0.3181282 0.4229647 0.8029512 0.3701651 1.247633 0.9016718 0.8255629 0.3637681
-9999 -9999 -9999 -9999 -9999 -9999 -9999 -9999 -9999 -9999 -9999 -9999 -9999 -9999 -9999 -9999 -9999 -9999 -9999 -9999 -9999 -9999 -9999 0.9868945 4.075985 2.583007 3.274801 3.875574 1.115794 3.377413 2.932823 2.488233 2.043643 1.599052 1.337578 3.486561 2.707063 2.887352 2.307628 3.957392 1.506454 1.057037 1.392437 1.293201 1.209525 1.145967 1.635207 2.22876 2.889992 3.718944 2.104908 1.05295 0.478432 0.3950378 0.2907823 0.2968248 0.2899714 0.3690242 0.3617786 0.4017141 0.5544472 0.4664359 0.8305548 0.4427751 0.4791971 0.4593298 0.6243702 0.8163123 0.9475185 0.4707435 0.3277287
-9999 -9999 -9999 -9999 -9999 -9999 -9999 -9999 -9999 -9999 -9999 -9999 -9999 -9999 -9999 -9999 -9999 -9999 -9999 -9999 -9999 -9999 -9999 2.186149 2.46989 3.458628 2.766685 2.220755 3.012081 1.124082 1.402787 1.681491 1.960196 2.2389 2.517605 2.796309 2.346185 2.678478 2.968492 3.460489 1.983437 1.913691 1.667817 1.810148 1.351293 0.9871349 2.285166 1.959318 2.23821 2.611104 1.352779 1.132219 0.4003259 0.265627 0.2394028 0.2736065 0.2449775 0.3519907 0.3688784 0.3216769 0.5725104 0.5167196 0.6737569 0.5284153 0.4095776 0.5325159 0.4500005 0.3814189 0.7890916 0.8263301 0.5336065
-9999 -9999 -9999 -9999 -9999 -9999 -9999 -9999 -9999 -9999 -9999 -9999 -9999 -9999 -9999 -9999 -9999 -9999 -9999 -9999 -9999 -9999 -9999 -9999 4.383099 3.239354 2.670422 1.469389 2.83103 1.064959 1.04826 1.031561 1.014861 0.998162 0.9814627 0.9647635 0.9480641 2.467012 2.48424 3.888851 2.599708 1.611654 1.917293 1.613619 2.056455 1.869344 2.456115 2.025449 2.934489 1.377544 1.069296 0.4531055 0.2789132 0.2343778 0.2571571 0.2792728 0.2574767 0.2533438 0.263454 0.4483231 0.5469235 0.5561149 0.6362631 0.5124227 0.4637293 0.579218 0.440603 0.5001143 0.5546775 0.4023791 0.7245672
-9999 -9999 -9999 -9999 -9999 -9999 -9999 -9999 -9999 -9999 -9999 -9999 -9999 -9999 -9999 -9999 -9999 -9999 -9999 -9999 -9999 -9999 -9999 0.9384892 1.31643 1.693489 3.300317 1.465979 2.211566 0.687452 1.104527 1.119178 1.133829 1.14848 1.163131 1.177781 1.192432 2.028451 2.286524 3.060854 2.74669 3.196095 2.267193 2.641605 2.325925 1.864738 1.145878 1.386852 2.34706 0.6037265 0.4932433 0.2736417 0.1741899 0.4618169 0.2276449 0.2237914 0.3262841 0.358714 0.3633202 0.4532694 0.4615508 0.5781005 0.6163702 0.4415926 0.4149217 0.449091 0.5249277 0.5645394 0.5477811 0.5356402 0.4359827
-9999 -9999 -9999 -9999 -9999 -9999 -9999 -9999 -9999 -9999 -9999 -9999 -9999 -9999 -9999 -9999 -9999 -9999 -9999 -9999 -9999 -9999 -9999 1.316406 0.9771789 3.288527 2.081099 1.836107 1.513434 2.974098 0.9874654 1.057981 1.128496 1.199012 1.269527 1.340043 1.410559 0.7488487 2.145632 3.952513 3.385941 2.275335 2.626623 2.804462 1.754824 1.53799 1.242511 1.143446 1.656003 1.353995 0.4236048 0.227193 0.3067639 0.296549 0.2637849 0.2483009 0.3305486 0.3260611 0.3029231 0.4449604 0.4746968 0.6002965 0.4880477 0.4385864 0.4968438 0.4569611 0.5202312 0.4615688 0.5759283 0.6706009 0.6488427
-9999 -9999 -9999 -9999 -9999 -9999 -9999 -9999 -9999 -9999 -9999 -9999 -9999 -9999 -9999 -9999 -9999 -9999 -9999 -9999 -9999 -9999 -9999 1.449527 0.9040599 3.14713 2.251388 2.308546 1.546931 1.993909 2.134904 2.091424 2.047944 2.004463 1.960983 1.917503 1.874023 1.830542 1.787062 3.042854 2.284083 2.083518 2.82679 1.934879 1.699562 1.241784 0.904771 1.357107 1.68651 0.570158 0.2315191 0.4134703 0.2390414 0.3051201 0.3610909 0.3213199 0.3152887 0.3412112 0.3466133 0.5004194 0.4214994 0.6114557 0.4745458 0.4226012 0.4559752 0.4074914 0.5245262 0.5264155 0.6790338 0.5266705 0.6319751
-9999 -9999 -9999 -9999 -9999 -9999 -9999 -9999 -9999 -9999 -9999 -9999 -9999 -9999 -9999 -9999 -9999 -9999 -9999 -9999 -9999 -9999 -9999 1.532891 1.105172 2.763567 1.961454 2.151922 1.891418 1.691146 1.933555 1.023876 1.174779 1.234349 1.29392 1.35349 1.413061 1.472632 1.532202 1.591773 1.534604 1.188116 1.16043 1.186512 1.026336 0.5156484 0.8597505 0.9967961 0.3612242 0.3213469 0.3374146 0.5193578 0.3376182 0.3393058 0.3586279 0.3561378 0.3522675 0.3479633 0.3830007 0.4070782 0.4847269 0.5861704 0.4520029 0.4204298 0.4292791 0.3901235 0.4704714 0.5533432 0.4970866 0.536294 0.5875341
-9999 -9999 -9999 -9999 -9999 -9999 -9999 -9999 -9999 -9999 -9999 -9999 -9999 -9999 -9999 -9999 -9999 -9999 -9999 -9999 -9999 -9999 -9999 -9999 -9999 2.515341 3.447367 2.308045 1.826372 1.820906 1.478982 1.679683 1.620648 2.058295 1.956204 1.854113 1.752022 1.649931 1.54784 1.445748 1.343657 1.645843 1.115235 1.105248 0.460947 0.6417859 0.3432216 0.6727598 0.3500236 0.2729273 0.3418275 0.3248498 0.2931794 0.4516866 0.4405241 0.45801 0.3958974 0.4732971 0.4923245 0.3662119 0.4450933 0.5875292 0.5652345 0.5347903 0.4495558 0.3948027 0.4702249 0.5640279 0.4014673 0.4892569 0.4557707
-9999 -9999 -9999 -9999 -9999 -9999 -9999 -9999 -9999 -9999 -9999 -9999 -9999 -9999 -9999 -9999 -9999 -9999 -9999 -9999 -9999 -9999 -9999 -9999 -9999 0.8795996 2.596112 2.35113 1.99104 1.726812 1.435149 1.862752 2.059648 0.9728507 1.048732 1.124614 1.200496 1.276378 1.352259 1.428141 1.504023 1.579905 1.727176 1.569496 0.8469275 0.5136524 0.2407175 0.3314618 0.3401563 0.4050406 0.3959736 0.3774312 0.3415672 0.39035 0.4220312 0.4943246 0.3927743 0.4606633 0.4654459 0.4343562 0.5460675 0.4352193 0.5361435 0.5566449 0.4327241 0.4056986 0.3682588 0.4088165 0.4045329 0.484698 0.4755275
