STOTEN_Data/raw/no3_preds_3d_direct_extract400ft_121m.asc
ncols         206
nrows         674
xllcorner     -2235500
yllcorner     1580500
cellsize      1000
NODATA_value  -9999
[rows 256 to 287 of 674, columns 0 to 70 of 206]
-9999 -9999 -9999 1.912802 2.360498 1.32337 0.8261448 1.193169 1.871204 1.793779 2.875233 2.285141 5.128206 4.745708 4.53453 4.323353 4.175131 3.928195 3.061746 2.543653 2.293606 1.54142 1.559636 1.432478 1.42619 0.6696507 0.3652923 0.3906764 0.9742489 2.279612 2.057107 0.4628637 0.4554111 0.4417007 0.5906216 0.48431 0.2802529 0.2192353 0.1972061 0.2249717 0.2209029 0.2844827 0.3231689 0.2115321 0.2538039 0.345311 0.343817 0.3596748 0.278306 0.5035061 0.2796456 0.3134314 0.5116911 1.843342 1.991705 1.358522 1.89139 1.427821 1.518786 2.181726 2.0583 2.33948 2.434388 1.772983 2.407357 1.844085 2.062914 2.088963 2.005957 1.792473 2.369498
-9999 -9999 1.306188 1.112088 0.7205996 0.5237224 0.3862883 0.7074654 3.464667 3.924231 2.271115 2.70464 2.98075 4.912194 3.710991 5.240577 6.188981 2.62888 2.08806 1.819908 1.696242 1.392522 1.973911 1.587166 1.825551 0.9230127 0.2882082 0.4126308 1.007063 2.056231 1.645533 0.4727227 0.4595924 0.692183 0.4144855 0.3662427 0.27884 0.2497403 0.2892489 0.1970297 0.2334567 0.232586 0.2030872 0.2539138 0.2489723 0.3422794 0.2548138 0.2971712 0.3469722 0.2898346 0.3875555 0.3548035 1.402004 1.75303 1.82773 1.710169 1.958248 1.98533 1.900816 2.032353 2.300085 2.25771 2.255962 2.147866 2.378442 2.014207 1.947878 1.737285 2.37988 1.794241 2.704941
-9999 -9999 1.159056 0.4567374 0.3593027 0.4143969 0.3777041 0.3528708 0.8554254 2.733014 3.155483 3.3427 3.754297 4.105042 3.327334 4.914521 4.945079 4.079376 2.165076 1.704992 2.280319 1.876609 1.146774 1.135598 0.6847212 1.247242 0.9058487 0.3880717 0.5269173 1.178971 0.4092255 0.397097 0.4415727 0.4169668 0.4164277 0.3781292 0.3461357 0.3108025 0.1387473 0.1588667 0.4073423 0.2448224 0.2068623 0.2987224 0.3113577 0.2974402 0.3141825 0.3362578 0.3275302 0.2769315 0.5168852 0.4770577 0.7539989 1.350801 1.841613 1.619377 1.945116 2.164114 2.453634 2.292361 2.167377 1.80854 2.058187 2.222205 2.052116 1.953819 1.930884 2.560899 1.790473 2.430285 2.704209
-9999 -9999 0.7347823 0.3906665 0.3367096 0.4406451 0.2649048 0.3756137 0.3243635 0.6256322 1.742602 1.944481 2.163321 2.454737 2.332319 3.484196 3.05239 2.620584 1.898035 1.63637 1.861452 2.131546 1.769862 1.283756 1.190331 1.090044 0.7624012 0.5293517 0.4281398 0.7933812 0.3887234 0.4319977 0.4087216 0.309523 0.3848803 0.3706883 0.3218081 0.3042364 0.2661729 0.2067268 0.3881158 0.3035628 0.3135245 0.2701698 0.3633642 0.3755166 0.403972 0.4290064 0.389228 0.4243049 0.4411107 0.3008217 0.521257 1.180707 1.501645 2.122214 2.360698 1.406858 1.836028 2.75634 2.671114 2.194789 2.436807 2.756256 2.30251 1.697206 2.020216 1.757325 2.351281 1.578219 1.863027
-9999 0.5267727 0.3758291 0.314599 0.3372411 0.5371584 0.5853812 0.6336039 0.6818267 0.468796 0.4735329 1.434564 1.121424 1.155805 1.294657 1.648044 1.913671 2.301877 0.7585379 0.5364121 0.5192701 0.5606788 1.593274 1.218586 1.248383 1.312457 1.180805 1.395755 0.3908336 0.2583518 0.4096332 0.3793748 0.4681767 0.3282766 0.3171253 0.4408872 0.2494153 0.2650011 0.1614947 0.2505432 0.2529688 0.5161573 0.3953859 0.589094 0.4471352 0.2899378 0.3672932 0.5945654 0.5132318 0.4880904 0.3215638 0.9362584 0.8743163 0.5844439 1.806458 2.037405 1.943709 1.96968 2.159056 2.485695 2.519085 1.942704 2.06072 1.813297 2.484576 2.553306 2.003371 2.894565 1.577498 2.068399 1.621107
-9999 -9999 -9999 -9999 0.3486235 0.5243924 0.949066 1.37374 1.798413 2.223087 2.647761 1.168697 1.144516 1.393621 1.015645 1.15059 1.175045 0.8310016 0.4512662 0.3902821 0.401501 1.261972 1.616218 1.184704 1.149634 1.428211 1.284558 1.309958 0.5242744 0.4781362 0.4222713 0.4582588 0.4814888 0.3867667 0.2890953 0.2805558 0.2733543 0.2653235 0.1697897 0.4204389 0.3581432 0.3974092 0.5054199 0.4080717 0.3865167 0.3577412 0.3827154 0.4975223 0.5514669 0.3953802 0.394855 0.9400333 1.066217 1.02964 1.537455 2.095023 1.501653 2.32672 2.11985 2.33346 2.30768 2.18141 2.063956 1.734937 2.070084 2.233527 1.864372 1.638103 1.696061 2.270546 1.816316
-9999 -9999 -9999 -9999 0.3410322 0.3853922 0.8951409 1.052572 1.210002 1.367433 1.524864 1.682294 1.839725 0.4687734 0.3234307 0.3653544 1.334334 1.338086 1.551942 1.943967 1.871233 1.649406 1.582408 1.455927 1.295097 0.8510262 1.000355 1.240183 0.4448256 0.3409951 0.3357809 0.4799868 0.5017688 0.6458126 0.4944196 0.6445079 0.4823085 0.3885548 0.2944918 0.4759302 0.547978 0.4216962 0.3975872 0.3424147 0.3411258 0.4568698 0.3791596 0.45117 0.5992966 0.5727112 0.218136 0.341457 1.02533 1.956801 0.9404927 0.8881444 1.50466 2.188393 1.886279 1.806279 2.859981 2.044629 1.916479 1.957572 2.73167 1.810116 1.616958 2.177924 2.046412 1.375365 1.563077
-9999 -9999 -9999 -9999 0.382883 0.3185053 0.338879 0.3646823 0.3911936 0.4177049 0.4442161 0.4707274 0.4972387 0.52375 0.5502613 0.4016324 0.6216984 1.580148 1.72794 1.309557 2.649738 2.256957 1.876156 1.374882 1.872215 1.143252 1.15907 1.154007 2.064366 1.670203 0.5093677 0.3961339 0.4252588 0.6361266 0.7705424 0.5147249 0.6359874 0.3812374 0.3320793 0.3263261 0.3641985 0.4388492 0.3928175 0.4422262 0.4540144 0.3024722 0.3385533 0.2887998 0.6985942 0.4770768 0.4069452 0.2551654 0.3593648 0.5254756 1.392778 1.468505 1.854087 1.696012 1.958075 2.733119 2.750849 1.86519 2.536093 2.212921 2.169513 2.234092 1.865968 2.096245 1.644295 1.694092 1.441228
-9999 -9999 -9999 -9999 0.4179159 0.3931119 0.3126988 0.3545548 0.4668571 0.7393806 0.6755131 0.6116457 0.5477782 0.4839108 0.4200433 0.7167525 1.301928 2.806498 2.545117 2.140112 3.083701 2.975667 1.546283 1.215749 1.264909 1.130253 0.9047715 1.094024 1.788894 0.7600591 0.4226651 0.4188082 0.5579733 0.4588494 0.4528818 0.3662588 0.3898731 0.2451079 0.3607114 0.2222251 0.3084179 0.4138338 0.3329347 0.3922953 0.4506923 0.3116537 0.3179331 0.387425 0.4538822 0.5495045 0.4509523 0.308577 0.3701967 1.042259 1.911302 2.033038 1.873177 1.698302 1.720312 1.771717 2.17057 2.325593 1.623426 1.922721 1.805978 1.123038 1.042969 1.620365 1.755688 2.128772 1.788722
-9999 -9999 -9999 0.3745735 0.3676898 0.3353941 0.3278525 0.3981698 0.4679778 0.4757159 0.5172276 0.496547 0.7417938 0.402963 0.3376074 0.399769 1.595318 2.106002 2.13695 2.232962 2.163417 2.661888 2.351129 1.442142 1.227274 1.359386 1.924634 1.705903 0.9213551 0.7562244 0.2954298 0.4442984 0.7604044 0.5958565 0.4125526 0.3158169 0.2431737 0.2473505 0.29296 0.2715971 0.243904 0.4445585 0.3839441 0.2987179 0.3407044 0.3621054 0.2923183 0.3383538 0.3533606 0.5413471 0.391989 0.3326292 0.3528074 0.5030505 0.588613 1.013711 1.836287 1.731794 1.618096 1.650861 2.384054 1.853298 1.486272 1.918408 1.560678 1.206851 1.013241 2.017394 1.963975 1.468832 1.809719
-9999 -9999 -9999 0.334207 0.3077803 0.3409096 0.2625452 0.3003495 0.2725919 0.3458425 0.4042627 0.3606182 0.3702438 0.4080372 0.3963801 0.3618193 1.739106 2.300796 2.103677 1.58416 2.530708 2.444577 2.456733 2.55598 2.629036 2.622542 1.907277 1.93668 2.45101 1.033332 0.2671041 0.3006347 0.4395292 0.3798446 0.5416005 0.2750027 0.3914195 0.3179185 0.3287881 0.2220305 0.373484 0.4273827 0.3709407 0.2733077 0.415516 0.3750571 0.2553611 0.3089508 0.2993651 0.4010954 0.3554358 0.2823137 0.3253298 0.3893552 0.744576 1.67832 1.358669 1.239653 1.261477 1.305305 1.935486 2.149282 2.165107 1.055882 0.738969 0.706769 0.8249449 1.419667 1.296376 1.089103 1.658171
-9999 -9999 -9999 0.3023967 0.2817066 0.4063246 0.3653221 0.3658929 0.3233078 0.3611062 0.5025066 0.4376625 0.3128721 0.4414108 0.3971112 0.2764964 0.9793845 1.798214 1.618619 2.388108 2.136265 3.078072 2.594559 2.438366 3.548569 2.571888 1.833603 1.873511 1.961082 1.379261 1.09251 0.823793 0.4544717 0.283057 0.4702272 0.3630738 0.3572598 0.3479239 0.2271208 0.1941621 0.2720096 0.2964676 0.3214375 0.5762262 0.3712024 0.3103895 0.3247263 0.4214143 0.3219083 0.3464267 0.3731693 0.3156245 0.3879577 0.5161783 0.4823791 1.123107 1.309659 1.458598 0.9032148 1.809676 1.598467 2.58024 1.079796 1.239891 1.432666 1.339087 1.769156 1.522302 1.740312 2.122669 1.259075
-9999 -9999 -9999 -9999 -9999 -9999 0.3223709 0.2958769 0.4398329 0.322975 0.4633583 0.4500322 0.3866256 0.4720089 0.5188611 1.736629 1.279197 1.38081 2.1753 2.747126 2.303415 2.717294 2.145365 2.608333 3.326521 2.864446 2.657083 1.961944 1.962175 1.282382 1.109326 1.24456 0.345944 0.4286251 0.3563165 0.3572251 0.4103653 0.328142 0.3313176 0.262435 0.2257104 0.2527345 0.3677497 0.4467835 0.2993745 0.3638535 0.2994657 0.4217033 0.4479104 0.310924 0.3568153 0.3928976 0.4701997 0.4622427 0.4402516 0.9102005 0.9386065 1.18535 1.555424 1.862471 2.151359 1.899703 1.423151 1.349032 1.381446 1.836328 1.702638 1.965241 1.753409 2.47815 1.518847
-9999 -9999 -9999 -9999 -9999 -9999 0.3363639 0.2153654 0.3291923 0.3534991 0.3342229 0.4325083 0.3809931 1.452773 1.053746 2.146442 1.202827 0.9777826 1.961324 1.265009 1.369925 2.756042 2.796224 3.569153 3.570866 2.895309 1.988376 1.69388 2.375394 1.731298 1.537549 1.085904 0.7488544 0.7722149 0.3915533 0.4664463 0.486335 0.4890873 0.3905401 0.3586624 0.4299562 0.5101741 0.3829409 0.2921623 0.2587593 0.337047 0.25784 0.3444885 0.2891001 0.3246065 0.3460763 0.5321577 0.5525612 0.2607927 0.3997144 0.6959369 0.4612982 1.674423 1.708568 1.842674 1.450543 0.5646434 1.414706 1.874795 1.880707 1.551702 1.5802 1.726036 1.588112 1.729192 2.322586
-9999 -9999 -9999 -9999 -9999 -9999 -9999 0.2866914 0.312047 0.3695751 0.4768005 0.4351603 0.3601568 0.2893077 0.4476159 1.159031 1.0558 1.096477 1.799115 2.374182 1.369756 1.774612 1.946336 3.662586 3.253634 3.226063 3.19812 2.951574 2.034625 2.529005 1.109505 1.292836 0.7234566 0.7031497 0.6964856 0.4987625 0.3245892 0.3849515 0.4026085 0.3743246 0.4171837 0.4669967 0.4379109 0.3407349 0.414823 0.2786088 0.3414958 0.246891 0.4659858 0.4709142 0.6090596 0.5595433 0.5131309 0.4246633 0.2825547 0.3937325 0.4976307 0.7599993 1.605789 1.124195 1.478913 1.344052 1.430616 1.346472 1.471508 1.695495 2.219862 1.85522 1.733264 1.624817 2.046308
-9999 -9999 -9999 -9999 -9999 -9999 -9999 0.3142911 0.2723601 0.2533008 0.3145026 0.3658511 0.2708671 0.3504542 0.4223766 0.8668177 2.095713 2.085326 1.984507 2.664569 1.936245 2.207683 1.903329 2.863572 3.469403 2.698248 2.882989 2.271508 1.985678 1.899581 1.437556 1.42362 0.4466155 0.8584212 0.9676425 0.4754961 0.3276549 0.4104176 0.3455234 0.2907928 0.458066 0.5993768 0.4162665 0.3384478 0.2963202 0.395826 0.3131972 0.4563915 0.344285 0.4230537 0.4237708 0.6221033 0.3852422 0.3170849 0.2553746 0.551305 0.7350875 1.319108 1.827064 2.229352 1.676123 1.262165 2.081201 1.947017 1.423087 1.499971 2.016259 1.583095 1.804067 2.314215 1.941992
-9999 -9999 -9999 -9999 -9999 -9999 -9999 -9999 -9999 -9999 0.2518113 0.3194381 0.2676703 0.2803928 0.6784075 0.9879484 2.12264 2.722643 2.173123 1.785133 1.726867 1.870746 1.50531 2.13663 2.529756 2.586117 2.603603 1.703659 1.692954 1.78806 1.481497 2.720331 2.467732 2.535112 0.584899 0.2413701 0.4287964 0.4401642 0.3191823 0.3580635 0.3417914 0.4801215 0.4930469 0.5026095 0.4258083 0.2819059 0.3132099 0.5299365 0.5554379 0.4047711 0.4317937 0.3449652 0.4053086 0.2637174 0.2753928 0.4011564 0.65525 1.6901 1.607733 2.01369 2.485757 1.544614 1.93008 2.558607 1.612807 1.521076 1.527165 1.65972 1.589312 1.7274 1.588681
-9999 -9999 -9999 -9999 -9999 -9999 -9999 -9999 -9999 -9999 0.3056825 0.3157002 0.3020017 0.2545222 0.2370469 0.7957649 1.422999 1.445517 2.723989 1.445338 1.942897 2.648606 1.741373 1.64177 1.709329 1.859802 2.435921 1.922133 1.867141 1.791913 1.665366 1.074235 2.887376 0.6401154 -9999 0.422363 0.4407288 0.7140564 0.3832483 0.3261433 0.3768312 0.5887451 0.475754 0.3125296 0.3718988 0.2426889 0.3666543 0.2922436 0.3771763 0.2632656 0.1800931 0.2164564 0.2796223 0.2769485 0.1859241 0.2977338 0.5832192 0.6222351 2.772751 1.396415 2.955388 2.029671 1.753281 1.561271 1.565709 1.266703 1.287531 1.567271 1.805188 2.03798 1.955541
-9999 -9999 -9999 -9999 -9999 -9999 -9999 -9999 -9999 -9999 -9999 -9999 -9999 -9999 0.2826214 0.9920985 1.894715 -9999 -9999 -9999 -9999 1.900317 2.09717 1.387717 1.846126 1.693167 2.206094 1.966374 1.873416 1.591354 1.447715 -9999 -9999 -9999 -9999 0.5186191 0.297804 0.4595847 0.5583706 0.6637455 0.6588802 0.3890325 0.3748758 0.3073135 0.37143 0.333946 0.3815114 0.4587333 0.3213799 0.2783143 0.2217263 0.3407529 0.2585612 0.2295695 0.1563285 0.1861966 0.4453491 0.6346361 0.9306233 1.505103 1.189243 2.056961 1.79813 1.3512 1.693015 1.971973 1.282304 1.434587 1.166471 1.303352 1.634264
-9999 -9999 -9999 -9999 -9999 -9999 -9999 -9999 -9999 -9999 -9999 -9999 -9999 -9999 -9999 -9999 -9999 -9999 -9999 -9999 -9999 2.378427 2.524071 1.267395 1.78692 1.476267 1.764434 2.03742 1.639529 1.589356 1.520052 -9999 -9999 -9999 -9999 0.3983769 0.476614 0.3988445 0.4974668 0.5253788 0.3942629 0.3665318 0.4052627 0.3580174 0.3936042 0.4640123 0.316146 0.327665 0.2925127 0.2189139 0.2019188 0.3477532 0.1531825 0.2295305 0.2558773 0.2344027 0.2995452 0.4043658 0.6271996 1.444017 1.715964 1.926157 1.354341 1.076931 1.152099 0.922685 1.89191 1.298674 1.369234 1.835766 2.085793
-9999 -9999 -9999 -9999 -9999 -9999 -9999 -9999 -9999 -9999 -9999 -9999 -9999 -9999 -9999 -9999 -9999 -9999 -9999 -9999 -9999 2.262536 1.718653 1.839462 2.004566 1.854713 1.582492 1.917797 1.622209 1.745123 1.946293 -9999 -9999 -9999 -9999 0.3041575 0.4864096 0.445907 0.4538577 0.5545856 0.4927557 0.5136153 0.5065344 0.3840713 0.349187 0.3602005 0.3149439 0.2940215 0.3262996 0.2550793 0.2686507 0.220231 0.2399394 0.392985 0.5134913 0.520584 0.5507255 1.093665 1.399711 3.153866 1.708491 2.048045 1.558312 1.968248 1.175834 1.266228 1.215825 1.627134 1.839031 1.691974 2.594243
-9999 -9999 -9999 -9999 -9999 -9999 -9999 -9999 -9999 -9999 -9999 -9999 -9999 -9999 -9999 -9999 -9999 -9999 -9999 -9999 -9999 2.778426 2.156297 1.965415 1.907549 2.185822 1.445017 2.090451 1.787483 1.171633 -9999 -9999 -9999 -9999 -9999 0.4839841 0.4110261 0.3848438 0.457894 0.4873313 0.4901102 0.4744588 0.4925092 0.3229715 0.3742187 0.3113148 0.3410062 0.2218438 0.2827026 0.2647807 0.3061924 0.2643722 0.3097142 0.4386222 0.616208 1.667689 1.343323 1.617686 1.032863 2.09524 1.729104 1.039225 1.54802 1.464547 1.250914 1.667831 1.352585 1.596669 1.781699 2.267609 1.849762
-9999 -9999 -9999 -9999 -9999 -9999 -9999 -9999 -9999 -9999 -9999 -9999 -9999 -9999 -9999 -9999 -9999 -9999 -9999 -9999 -9999 2.639938 2.183242 2.106573 2.415049 1.480095 1.123744 1.393164 0.7754176 -9999 -9999 -9999 -9999 -9999 -9999 0.3803581 0.3907188 0.3982184 0.4704086 0.4526555 0.5188718 0.4762929 0.3896398 0.3771693 0.3612758 0.3215092 0.3082689 0.2921897 0.3339522 0.3757148 0.2710589 0.2027216 0.2685766 0.2633598 0.7689438 1.0567 2.452197 3.448481 2.560771 2.441973 1.626528 0.9873289 1.101255 1.542136 1.250551 1.177522 2.227355 2.28651 1.773434 2.09711 1.722304
-9999 -9999 -9999 -9999 -9999 -9999 -9999 -9999 -9999 -9999 -9999 -9999 -9999 -9999 -9999 -9999 -9999 -9999 -9999 -9999 -9999 2.719189 2.472564 2.040369 2.035243 2.360646 1.331801 -9999 -9999 -9999 -9999 -9999 -9999 -9999 -9999 0.4159865 0.3647911 0.367915 0.4453724 0.5267081 0.6291072 0.4447736 0.61379 0.4097694 0.3561627 0.273313 0.268561 0.3066335 0.2385172 0.230854 0.2231907 0.2102364 0.4129432 1.084658 1.095105 1.433327 1.64803 2.246023 2.505852 2.373494 1.502329 1.288164 1.066922 2.031702 1.304432 1.564944 1.612563 1.72108 1.77577 1.86101 2.95201
-9999 -9999 -9999 -9999 -9999 -9999 -9999 -9999 -9999 -9999 -9999 -9999 -9999 -9999 -9999 -9999 -9999 -9999 -9999 -9999 -9999 1.79294 2.487391 1.887416 2.917197 1.61184 -9999 -9999 -9999 -9999 -9999 -9999 -9999 -9999 -9999 0.4599207 0.4223153 0.4955031 0.4463293 0.4284971 0.7327122 0.4105147 0.3938368 0.3462001 0.3394276 0.3588382 0.3071232 0.2586001 0.2801183 0.3458528 0.2547236 0.1700869 0.529394 0.4961828 0.8194295 1.949068 2.233262 2.163816 2.565626 2.078305 1.555279 0.9915068 1.056733 1.351627 1.361812 1.31496 1.409762 1.506364 1.456302 1.62381 2.075777
-9999 -9999 -9999 -9999 -9999 -9999 -9999 -9999 -9999 -9999 -9999 -9999 -9999 -9999 -9999 -9999 -9999 -9999 -9999 -9999 -9999 -9999 -9999 -9999 -9999 -9999 -9999 -9999 -9999 -9999 -9999 1.497726 0.5297645 0.6196955 0.3705457 -9999 -9999 -9999 -9999 -9999 -9999 -9999 0.4493751 0.3417385 0.4327099 0.2870846 0.2777508 0.3160222 0.3583342 0.3863605 0.2674364 0.2532613 0.3655353 0.5357659 0.6691555 1.576779 2.323455 2.658657 2.038464 1.987472 1.641083 1.209951 1.230637 1.626846 1.040274 1.109943 1.254121 1.223373 1.262469 1.340949 1.651552
-9999 -9999 -9999 -9999 -9999 -9999 -9999 -9999 -9999 -9999 -9999 -9999 -9999 -9999 -9999 -9999 -9999 -9999 -9999 -9999 -9999 -9999 -9999 -9999 -9999 -9999 -9999 -9999 -9999 -9999 -9999 -9999 -9999 0.3239141 -9999 -9999 -9999 -9999 -9999 -9999 -9999 -9999 0.4782673 0.3932655 0.2473051 0.2318963 0.238832 0.2692998 0.2044843 0.2386879 0.2320525 0.2654046 0.1688339 0.3862554 0.7344084 1.049406 2.78051 2.167243 4.288616 2.037373 1.57876 1.065436 1.384171 1.704864 1.971437 1.331382 1.409056 1.459142 1.77883 1.178798 1.309417
-9999 -9999 -9999 -9999 -9999 -9999 -9999 -9999 -9999 -9999 -9999 -9999 -9999 -9999 -9999 -9999 -9999 -9999 -9999 -9999 -9999 -9999 -9999 -9999 -9999 -9999 -9999 -9999 -9999 -9999 -9999 0.4715706 0.3813385 -9999 -9999 -9999 -9999 -9999 -9999 -9999 -9999 -9999 0.3963842 0.5244067 0.3056581 0.1576904 0.3188373 0.2801906 0.1703233 0.2654195 0.2914558 0.2336634 0.2857089 0.5006138 0.9844199 1.659019 2.899265 3.064792 5.501076 2.25149 1.046529 1.136587 1.34241 2.049742 1.483636 0.9984885 1.450146 1.439168 1.365434 1.35982 1.326859
-9999 -9999 -9999 -9999 -9999 -9999 -9999 -9999 -9999 -9999 -9999 -9999 -9999 -9999 -9999 -9999 -9999 -9999 -9999 -9999 -9999 -9999 -9999 -9999 -9999 -9999 -9999 -9999 0.4633124 0.380566 -9999 0.4665485 0.3145066 0.2629737 -9999 -9999 -9999 -9999 -9999 -9999 -9999 -9999 0.2675722 0.2851453 0.2742988 0.2435551 0.2990022 0.2234517 0.2764167 0.2723519 0.2449454 0.2256576 0.4248048 0.3181601 0.8044308 1.898868 2.690178 2.443618 2.533083 2.112642 1.038926 1.204176 1.248265 1.557925 1.661566 1.527495 1.996688 1.2816 2.485335 1.502974 1.079115
-9999 -9999 -9999 -9999 -9999 -9999 -9999 -9999 -9999 -9999 -9999 -9999 -9999 -9999 -9999 -9999 -9999 -9999 -9999 -9999 -9999 -9999 -9999 -9999 -9999 -9999 -9999 -9999 1.185899 -9999 -9999 0.4742803 0.4413781 0.4251875 -9999 -9999 -9999 -9999 -9999 -9999 -9999 -9999 -9999 -9999 -9999 -9999 -9999 -9999 0.2528516 0.2063135 0.2211866 0.2480023 0.3089828 0.5826628 0.8754407 1.484425 2.491655 2.484289 3.193844 2.338214 1.446511 1.290703 1.443913 1.631572 1.584541 1.675769 1.734183 1.20272 1.504108 1.310058 1.196054
-9999 -9999 -9999 -9999 -9999 -9999 -9999 -9999 -9999 -9999 -9999 2.521198 2.47762 2.399935 1.807126 0.5897251 0.3949662 -9999 -9999 -9999 -9999 -9999 -9999 -9999 -9999 -9999 -9999 -9999 -9999 0.3404009 0.283522 0.3636604 0.259225 0.4793027 -9999 -9999 -9999 -9999 -9999 -9999 -9999 -9999 -9999 -9999 -9999 -9999 -9999 -9999 0.2405175 0.2066238 0.2322256 0.232844 0.3990792 0.3874582 0.7448487 1.133835 3.016481 2.558035 2.794137 3.159176 1.397916 1.371721 1.396116 1.612707 1.932009 2.011997 1.587097 1.591693 1.443293 2.137147 1.777741
-9999 -9999 -9999 -9999 -9999 -9999 -9999 -9999 -9999 -9999 -9999 2.923331 3.996377 3.018676 2.072884 1.453296 1.309481 0.6697626 -9999 -9999 -9999 -9999 -9999 -9999 -9999 -9999 -9999 -9999 0.6510803 0.3113403 0.3220698 0.355069 0.2438536 0.2796692 -9999 -9999 -9999 -9999 -9999 -9999 -9999 -9999 -9999 -9999 -9999 -9999 -9999 -9999 0.4228778 0.2380968 0.2294065 0.1866964 0.3368781 0.4297197 0.5767211 1.026472 3.822222 3.130766 3.913113 2.471132 1.263014 1.438218 1.343985 2.000736 2.091115 1.825157 1.985304 1.694203 1.811011 1.843061 1.578446
