STOTEN_Data/raw/no3_preds_3d_direct_extract180ft_54m.asc
ncols         206
nrows         674
xllcorner     -2235500
yllcorner     1580500
cellsize      1000
NODATA_value  -9999
[rows 256 to 287 of 674, columns 0 to 70 of 206]
-9999 -9999 -9999 2.857933 4.792252 2.027858 1.103744 2.782355 2.450478 2.21737 4.639247 4.048554 7.868044 6.344811 6.476743 6.608675 5.320055 5.060929 4.964444 3.776572 3.885854 2.023994 2.380232 2.364474 2.166195 1.002703 0.5664689 0.4852768 1.331617 3.350254 3.508945 0.8353369 0.6314995 1.230834 1.289449 0.786334 0.4299656 0.3291592 0.2290975 0.3002332 0.2374129 0.3427209 0.5137473 0.2984703 0.5177951 0.5835792 0.4679427 0.5153257 0.313073 0.5571826 0.2460005 0.3105545 0.3775952 1.848525 2.070648 1.314612 2.994648 2.508911 3.003504 4.126807 3.883516 4.335645 4.506155 3.439939 4.834496 4.400654 4.808335 4.193634 3.65572 3.783375 4.130319
-9999 -9999 1.937409 1.265419 0.9498796 0.5832688 0.3001996 0.7452211 4.860821 7.225274 4.342124 4.663386 4.951536 6.966487 5.788392 7.566545 7.776946 4.049535 2.74292 2.515518 2.573737 2.044964 3.372374 2.543769 2.851613 1.812975 0.3834742 0.499612 1.082463 2.927009 2.590929 1.081783 0.5666677 1.010452 0.6129566 0.4077431 0.4127941 0.4174412 0.3914876 0.2527557 0.2159311 0.385189 0.3317638 0.3732009 0.3778782 0.5468934 0.3114664 0.2619187 0.361571 0.4328385 0.5131418 0.2985125 1.384712 2.132549 2.078725 2.187628 2.658404 3.602728 3.552199 3.551472 3.910698 4.347487 4.017454 4.567858 4.783031 4.139804 3.813281 3.59401 4.177575 3.322704 4.354015
-9999 -9999 1.265094 0.492215 0.3541195 0.4022451 0.3544127 0.2929687 0.8917176 3.328693 5.530117 4.61953 5.308918 6.421469 5.155577 6.964537 6.362606 5.036882 3.130795 2.325326 3.363167 2.972944 1.756737 1.803127 1.601857 2.272691 1.451077 0.6018243 0.6935948 1.38836 0.4854098 0.4509289 0.5151816 0.4654343 0.4761248 0.3692666 0.3348078 0.4874871 0.1621041 0.1311873 0.446768 0.3531432 0.3082953 0.5170938 0.4924474 0.37876 0.3847847 0.2679688 0.3134017 0.3959569 0.8092601 0.5705536 1.132859 1.54383 2.290657 3.234975 3.695756 4.210477 4.366367 3.566391 4.271073 3.57874 4.096856 4.213295 3.69736 3.278821 3.277867 4.580686 3.020871 3.816514 4.038286
-9999 -9999 1.0363 0.3614733 0.3163539 0.416983 0.2803494 0.3807544 0.2652447 0.7383438 2.875143 2.772002 3.486823 3.75623 3.202185 4.772398 4.255841 3.739284 2.702072 2.223793 2.892475 3.333314 3.061944 2.337406 2.419482 2.094551 1.304381 0.6485413 0.8351071 1.525372 0.7016343 0.4383965 0.4047789 0.2867183 0.3948819 0.4233104 0.4310846 0.4075978 0.3469393 0.1822791 0.4834721 0.4969535 0.4641641 0.4209167 0.5303857 0.365665 0.3295669 0.3686377 0.3636215 0.4916246 0.4771486 0.4447773 0.7042132 1.4596 2.827581 5.056674 5.019433 3.743885 3.796461 4.364166 4.657023 3.984471 4.174209 4.834789 3.814959 2.620651 3.61429 2.808451 3.034525 1.748712 1.935884
-9999 0.5279453 0.3504982 0.2850776 0.3262387 0.5068242 0.5655993 0.6243744 0.6831495 0.4425819 0.4004607 1.693974 1.630388 1.630649 2.108712 2.976492 2.969832 4.266272 1.465343 0.7900842 0.7348264 0.8168063 2.884192 2.535178 2.352468 2.445949 2.034877 1.92853 0.4740293 0.2717492 0.5629419 0.4480729 0.433238 0.2693904 0.3121505 0.4425288 0.340383 0.2633979 0.1355315 0.2086475 0.2481501 0.7074813 0.4685923 0.8176144 0.4663445 0.3997871 0.3135181 0.5009342 0.6178187 0.5247788 0.4778695 1.159366 1.073956 1.001629 3.518362 5.7362 4.544539 4.815211 3.673649 4.236516 4.412054 3.741175 3.769393 3.363582 3.954819 3.769547 3.096124 4.052763 2.118203 2.20748 1.846348
-9999 -9999 -9999 -9999 0.3223525 0.4152566 0.9867801 1.558304 2.129827 2.701351 3.272874 1.446705 1.335452 1.741943 1.484567 1.318139 1.456943 1.81695 0.7866815 0.6539783 0.6566268 2.120358 2.91282 2.557013 2.514536 2.508695 1.803739 1.637241 0.4390763 0.4513397 0.4469391 0.4217086 0.4249439 0.3558988 0.2400937 0.2216332 0.3269204 0.3238506 0.1584158 0.4823394 0.4554165 0.5016921 0.6376209 0.5235388 0.5643781 0.3424472 0.2940672 0.4784552 0.5806427 0.4098765 0.6030017 1.410229 1.451804 1.79312 3.548763 5.432044 3.983644 5.315984 3.880788 3.642864 4.410295 3.655918 4.139333 2.894833 3.195002 3.634843 2.543384 2.09281 2.151627 3.759494 3.334713
-9999 -9999 -9999 -9999 0.2876169 0.3607626 1.120598 1.532917 1.945237 2.357556 2.769876 3.182195 3.594514 0.526993 0.2993183 0.320988 1.688886 2.456254 2.392092 3.318557 3.507565 2.538935 2.454514 2.785765 2.252395 1.816323 1.824205 1.910225 0.879187 0.3128327 0.3092955 0.4214402 0.414326 0.5521158 0.4142538 0.4875312 0.4931468 0.448533 0.3656839 0.6978658 0.7434728 0.6449518 0.4694133 0.5121558 0.4534364 0.4124011 0.2693084 0.4115505 0.6680182 0.6273142 0.3528113 0.4545178 1.550441 3.212464 1.888688 2.918645 4.039893 4.982494 3.255336 3.015073 4.766253 3.120096 2.946438 2.736676 4.035779 2.902988 2.605977 2.868223 3.402422 2.514015 3.157785
-9999 -9999 -9999 -9999 0.3069031 0.3040423 0.3008151 0.4780187 0.5135578 0.5490968 0.5846358 0.6201748 0.6557139 0.6912529 0.7267919 0.5509499 0.9698592 2.534471 2.327271 1.846224 3.656622 2.708897 3.09908 1.733102 2.803828 2.021854 2.036107 1.828947 3.499726 2.111037 0.5373975 0.4599134 0.4308378 0.6381024 0.7824125 0.4895405 0.561635 0.5024816 0.3541552 0.3915766 0.4772412 0.6036311 0.5899039 0.6284973 0.4223497 0.3128797 0.3103434 0.2493815 0.7170884 0.553656 0.5152802 0.3534482 0.9779535 1.011976 3.3857 4.050246 4.491589 3.141608 3.508106 4.889349 4.306364 2.93432 4.534858 3.061017 3.054846 2.867145 2.445799 3.225399 2.80538 3.779431 2.933559
-9999 -9999 -9999 -9999 0.3428553 0.3179109 0.3203923 0.2694665 0.6659518 0.9881785 0.8960885 0.8039986 0.7119087 0.6198187 0.5277288 0.6156743 1.367072 4.828532 4.170374 3.234559 4.154544 4.137839 2.941556 2.285216 2.384004 1.971945 2.268896 2.246747 3.295446 1.114761 0.4110056 0.4313872 0.5888932 0.40726 0.3374159 0.3330369 0.3289065 0.2729419 0.4676793 0.3509659 0.4612363 0.586699 0.4206007 0.5140766 0.5179432 0.358695 0.3163232 0.3633602 0.4454044 0.5831433 0.4805363 0.3239121 0.5466468 1.548707 3.005644 3.247222 3.750751 3.154848 3.060279 2.837967 3.42295 3.838727 2.943414 2.332688 3.005593 2.228556 2.180318 2.947909 3.019478 4.197435 3.700682
-9999 -9999 -9999 0.251182 0.2862295 0.2588299 0.2440201 0.2894079 0.4613126 0.4951269 0.8650478 0.8368212 1.105505 0.3704129 0.2833368 0.5567313 2.972272 3.542738 3.281119 3.52794 3.14666 3.643033 3.530073 2.464545 2.250368 2.592785 2.982923 2.931784 1.982184 1.471312 0.354287 0.4166419 0.7510825 0.6373564 0.3260171 0.3049386 0.2281386 0.2640902 0.3891399 0.4011286 0.3651628 0.6832356 0.4877528 0.3393055 0.4190984 0.4517764 0.3118536 0.3426524 0.27859 0.5311598 0.5429599 0.4076899 0.5392423 0.7290288 0.8543873 1.97331 3.06134 1.955574 2.447418 2.841136 3.773276 3.3745 2.203254 2.837721 2.604765 2.231219 2.189782 3.907869 3.020951 2.741792 3.833553
-9999 -9999 -9999 0.2598904 0.26589 0.2675822 0.2322594 0.2538291 0.2314057 0.3541083 0.3817731 0.3830544 0.3529187 0.3735079 0.3518887 0.4349737 2.66212 3.826122 3.669014 2.626694 3.377994 3.26087 3.41192 3.641833 4.115216 4.034836 3.118211 3.334793 4.07087 2.005351 0.6929397 0.3058529 0.5462234 0.3819812 0.5632026 0.2772997 0.4862694 0.3455858 0.4121722 0.2864522 0.507328 0.6140054 0.4480156 0.3283904 0.6246096 0.5285851 0.3192425 0.2870252 0.2309924 0.3441971 0.4845628 0.2964439 0.5029442 0.5290658 0.9092918 2.294817 1.846536 1.162769 1.592561 2.025023 2.888022 4.149363 2.853247 1.244547 1.283792 1.163826 1.364832 2.33902 1.990171 2.03581 2.768572
-9999 -9999 -9999 0.2590353 0.2263007 0.3569039 0.277395 0.3101737 0.2833509 0.3370757 0.4489439 0.3991196 0.3087924 0.4163818 0.4404759 0.3212672 2.64409 4.340362 2.981928 3.611144 3.321531 4.551709 4.05759 3.622618 4.624793 3.643391 3.305532 3.139669 3.658198 1.855551 1.776015 1.653152 0.5693181 0.2832686 0.45448 0.3936794 0.434632 0.3825299 0.2621286 0.2308858 0.3200868 0.4076041 0.4301789 0.8311951 0.585656 0.4066913 0.429464 0.4479212 0.2855772 0.2801304 0.2341126 0.3983562 0.4402446 0.6167193 0.5247656 0.9577221 1.379562 1.620379 0.8764039 1.994357 1.247003 2.627006 1.151179 1.714007 2.776309 2.712701 3.102973 2.68933 3.637368 3.88318 2.580489
-9999 -9999 -9999 -9999 -9999 -9999 0.2645769 0.2584669 0.3963259 0.3200128 0.4235103 0.4423248 0.3547444 0.4608367 0.651949 2.980076 2.63179 2.860236 4.470887 4.110218 3.513642 3.738181 3.024415 3.729646 4.732915 4.606462 4.205461 2.590382 3.40498 2.351617 2.0074 1.844755 0.7641879 0.3990534 0.3932277 0.35129 0.403352 0.4361722 0.3504851 0.2816915 0.2338789 0.2689084 0.5301424 0.6940036 0.4604968 0.2472421 0.2578398 0.3676205 0.4094005 0.2103688 0.3199109 0.3704716 0.5788777 0.5407869 0.5294544 0.9165408 0.6477674 0.7938805 1.38184 1.898708 2.55536 1.669852 1.512912 1.867148 2.800731 3.32882 3.235442 4.07303 3.74151 4.338634 2.971711
-9999 -9999 -9999 -9999 -9999 -9999 0.2511744 0.1959314 0.3423624 0.348885 0.2744143 0.3865132 0.3153838 2.530347 2.454325 4.530467 2.779343 2.303382 3.973209 2.653776 3.014128 3.282796 4.1225 4.954177 4.541015 3.893298 2.999494 2.432918 3.442462 2.746076 2.694689 2.182689 1.233003 0.9856884 0.4122621 0.5336478 0.5834118 0.5202856 0.4510157 0.3951026 0.4255522 0.4245822 0.5410553 0.4290673 0.3325633 0.2443689 0.192871 0.2782103 0.1814629 0.2086717 0.2616035 0.4602242 0.5599998 0.2309182 0.3756067 0.7931759 0.4083932 1.20217 1.443645 1.926385 1.328338 0.4822828 1.65369 3.178208 3.290277 3.66338 3.532 4.500305 4.114479 4.118672 4.772068
-9999 -9999 -9999 -9999 -9999 -9999 -9999 0.2852352 0.2960289 0.3489826 0.4811459 0.4336833 0.3152561 0.2944695 0.506469 2.841335 2.38923 2.766051 3.998144 4.977506 3.232087 3.444131 3.692414 5.072162 4.982588 4.354454 4.588488 4.600677 3.318908 4.577849 2.150438 2.034433 1.331618 1.424779 0.7602642 0.5649052 0.3850011 0.3546324 0.4912862 0.371332 0.3726699 0.3733591 0.576458 0.3765242 0.4048397 0.2151662 0.2493065 0.223287 0.4440351 0.3838863 0.4781046 0.4285406 0.4773352 0.4089945 0.3449344 0.4818963 0.5178337 1.14509 1.724936 1.058378 1.96108 1.868605 2.347833 2.510626 3.727342 4.762684 5.0256 5.159414 4.701243 3.58074 4.890099
-9999 -9999 -9999 -9999 -9999 -9999 -9999 0.2474205 0.252577 0.2504801 0.2866875 0.3236731 0.2217542 0.2347282 0.4351721 1.696409 3.180503 3.832468 3.575766 5.681324 3.907715 4.109547 3.94922 4.423442 4.791009 3.530386 3.463822 3.019614 3.026345 2.647758 1.97149 2.090407 0.5545269 1.366161 1.434548 0.6062362 0.336629 0.4216644 0.4057468 0.3709281 0.5786724 0.6380199 0.5222717 0.4266693 0.2762003 0.3615482 0.2943025 0.4350131 0.3471717 0.3273292 0.2874007 0.487681 0.3868912 0.3780367 0.3081738 0.7683678 1.473432 1.550747 2.393192 2.45944 1.887563 2.292176 3.566814 3.708499 3.099908 3.439227 4.424929 4.310649 3.722566 4.971242 3.946103
-9999 -9999 -9999 -9999 -9999 -9999 -9999 -9999 -9999 -9999 0.2309938 0.2814198 0.2150432 0.2333956 0.5762436 1.018375 3.127576 3.859151 4.151691 3.756626 3.811724 3.650716 2.762067 4.057787 3.445846 3.680368 3.443672 2.116762 2.184731 2.252399 2.17573 2.891051 2.834169 4.125298 0.6755938 0.2129183 0.4681901 0.6198052 0.4635603 0.5159107 0.4753131 0.6885931 0.5936887 0.597333 0.3337969 0.2846514 0.2985579 0.5376197 0.4765911 0.3509684 0.3152591 0.2975277 0.4388897 0.3313242 0.411896 0.5448201 0.8682182 1.644634 2.464265 2.683983 2.430587 2.675692 2.904867 4.407307 3.175056 3.25545 3.798499 3.679855 3.897799 4.057189 3.400026
-9999 -9999 -9999 -9999 -9999 -9999 -9999 -9999 -9999 -9999 0.3001758 0.2655739 0.2706071 0.1975122 0.1800859 0.8747263 2.285664 2.059654 4.557526 3.016221 3.029827 5.479982 4.061982 2.707721 2.782546 3.318228 2.96678 2.582138 2.358298 2.350022 2.294634 1.16455 3.602628 0.9235529 -9999 0.4511416 0.7663476 1.044249 0.4874306 0.4102897 0.5606375 0.8593444 0.5652307 0.3187966 0.2749346 0.2029694 0.2844928 0.2805982 0.2964672 0.2578987 0.176158 0.2138822 0.283284 0.3122241 0.2198098 0.3280401 0.3924572 0.8416793 2.026332 2.133096 3.046514 2.527748 2.70232 2.744204 3.279896 2.913531 3.132992 3.602185 3.621069 3.783359 3.315904
-9999 -9999 -9999 -9999 -9999 -9999 -9999 -9999 -9999 -9999 -9999 -9999 -9999 -9999 0.2366524 0.9934106 2.973415 -9999 -9999 -9999 -9999 4.869787 3.664384 2.603806 3.445468 3.06179 2.975128 2.837555 2.399526 2.174237 1.966078 -9999 -9999 -9999 -9999 0.9623991 0.2345589 0.3409353 0.6244218 0.7100227 0.7917328 0.3102545 0.2653025 0.2551348 0.2671808 0.2737953 0.2859662 0.404081 0.3153866 0.2378793 0.2236851 0.3231815 0.2527053 0.3236988 0.1915362 0.1994409 0.4031255 0.8057819 0.9706302 2.009919 1.293076 2.335693 2.200738 1.849353 2.642 3.188247 2.362937 2.869987 2.211779 2.625037 3.05332
-9999 -9999 -9999 -9999 -9999 -9999 -9999 -9999 -9999 -9999 -9999 -9999 -9999 -9999 -9999 -9999 -9999 -9999 -9999 -9999 -9999 3.183407 3.120764 2.45579 3.129988 2.895061 2.848988 3.004607 2.26633 2.10751 2.578622 -9999 -9999 -9999 -9999 0.4303652 0.5069248 0.333556 0.3302601 0.4668966 0.3104284 0.30786 0.314411 0.2804276 0.3291898 0.4159965 0.2476251 0.2567914 0.2899579 0.2679532 0.2356903 0.3797738 0.14608 0.2955097 0.2884526 0.325504 0.3774065 0.4988057 1.329786 1.658407 1.756373 2.332186 1.82042 2.173404 2.657946 1.684604 3.592983 2.912396 2.950487 3.472848 4.473575
-9999 -9999 -9999 -9999 -9999 -9999 -9999 -9999 -9999 -9999 -9999 -9999 -9999 -9999 -9999 -9999 -9999 -9999 -9999 -9999 -9999 2.982553 2.368829 3.05668 3.167227 2.588802 2.553027 2.640898 2.224036 2.297279 2.946688 -9999 -9999 -9999 -9999 0.4486227 0.7058422 0.4128227 0.3575418 0.6868174 0.423864 0.4263511 0.4066435 0.348367 0.3327415 0.3578711 0.2679026 0.261357 0.3329223 0.2765035 0.3394553 0.2440997 0.2452367 0.494195 0.7901469 0.9079498 0.9239984 1.310539 2.052531 3.513459 1.83032 2.149794 2.274738 3.332079 1.974729 2.610169 2.593703 3.377722 3.711698 3.543458 5.511299
-9999 -9999 -9999 -9999 -9999 -9999 -9999 -9999 -9999 -9999 -9999 -9999 -9999 -9999 -9999 -9999 -9999 -9999 -9999 -9999 -9999 3.803905 2.61177 2.55034 2.574423 2.802826 2.284887 2.87809 2.621408 2.028792 -9999 -9999 -9999 -9999 -9999 0.7378374 0.5798146 0.5913276 0.6937737 0.6516306 0.4449617 0.368795 0.4629501 0.2959286 0.3836231 0.3053596 0.2841241 0.2172704 0.269708 0.2918259 0.3677035 0.3245961 0.3746249 0.6462186 0.9029927 4.162142 2.605351 2.812986 2.308109 2.868986 2.259274 1.751322 2.398454 2.021422 2.534009 3.623255 2.645183 2.877136 3.423278 4.707487 4.614212
-9999 -9999 -9999 -9999 -9999 -9999 -9999 -9999 -9999 -9999 -9999 -9999 -9999 -9999 -9999 -9999 -9999 -9999 -9999 -9999 -9999 3.59514 3.020773 2.896345 2.892226 1.968843 1.845534 1.584724 1.011083 -9999 -9999 -9999 -9999 -9999 -9999 0.5606568 0.5920936 0.5961136 0.636878 0.3509658 0.3678477 0.3133271 0.3753928 0.3450275 0.3537137 0.3265164 0.2553457 0.2938457 0.3621895 0.4305332 0.3018732 0.2360815 0.3249018 0.4276823 1.227093 2.12399 5.260507 6.53113 4.123551 3.551038 2.223752 1.937638 2.001096 2.994935 2.4361 2.706112 4.769469 5.083769 3.449417 4.598132 3.84613
-9999 -9999 -9999 -9999 -9999 -9999 -9999 -9999 -9999 -9999 -9999 -9999 -9999 -9999 -9999 -9999 -9999 -9999 -9999 -9999 -9999 3.524719 3.164029 3.060254 3.300174 3.755573 2.339753 -9999 -9999 -9999 -9999 -9999 -9999 -9999 -9999 0.5392504 0.4798329 0.5055188 0.5935014 0.4980125 0.5771494 0.3384579 0.4071673 0.332181 0.283575 0.2472623 0.2936314 0.2898146 0.2457154 0.250937 0.2561586 0.2582701 0.6916862 2.573972 1.898938 3.162095 3.199078 4.488277 4.341003 3.963326 2.064518 2.324364 1.854374 3.971795 2.599172 2.632483 3.011374 3.654845 4.311079 4.122449 6.268973
-9999 -9999 -9999 -9999 -9999 -9999 -9999 -9999 -9999 -9999 -9999 -9999 -9999 -9999 -9999 -9999 -9999 -9999 -9999 -9999 -9999 2.391684 4.060855 2.790795 4.275827 1.923613 -9999 -9999 -9999 -9999 -9999 -9999 -9999 -9999 -9999 0.5614126 0.4372689 0.5718216 0.3990698 0.3295215 0.5169912 0.2906378 0.3264469 0.4233577 0.400476 0.3995021 0.3210077 0.2488848 0.2994605 0.3739343 0.3011967 0.2294257 0.7525677 0.764419 1.263384 4.730531 6.958985 4.935624 4.229205 3.963416 2.858041 2.186474 1.92549 2.272053 2.620299 2.324117 2.559166 3.137064 3.267079 3.728386 4.793485
-9999 -9999 -9999 -9999 -9999 -9999 -9999 -9999 -9999 -9999 -9999 -9999 -9999 -9999 -9999 -9999 -9999 -9999 -9999 -9999 -9999 -9999 -9999 -9999 -9999 -9999 -9999 -9999 -9999 -9999 -9999 1.776428 0.5761636 0.750064 0.3612995 -9999 -9999 -9999 -9999 -9999 -9999 -9999 0.4190489 0.4235263 0.4327123 0.3374339 0.2891626 0.3085195 0.446555 0.4391586 0.3409767 0.3507239 0.4730388 0.8601087 1.152147 2.771636 7.779312 6.431141 4.23491 4.010476 3.047299 2.593981 2.321502 2.928894 1.901726 1.871705 2.250238 2.572262 3.310225 3.408309 3.876093
-9999 -9999 -9999 -9999 -9999 -9999 -9999 -9999 -9999 -9999 -9999 -9999 -9999 -9999 -9999 -9999 -9999 -9999 -9999 -9999 -9999 -9999 -9999 -9999 -9999 -9999 -9999 -9999 -9999 -9999 -9999 -9999 -9999 0.2703965 -9999 -9999 -9999 -9999 -9999 -9999 -9999 -9999 0.4070651 0.3466179 0.2407234 0.228845 0.2318058 0.2823857 0.2015028 0.3031053 0.2776625 0.3881884 0.2304738 0.7504299 1.475962 2.239034 7.822655 6.466137 8.243483 3.701013 2.548079 2.342704 2.731366 3.127185 3.408725 2.292295 2.326012 3.582196 4.148748 2.795169 2.937087
-9999 -9999 -9999 -9999 -9999 -9999 -9999 -9999 -9999 -9999 -9999 -9999 -9999 -9999 -9999 -9999 -9999 -9999 -9999 -9999 -9999 -9999 -9999 -9999 -9999 -9999 -9999 -9999 -9999 -9999 -9999 0.5856094 0.7996226 -9999 -9999 -9999 -9999 -9999 -9999 -9999 -9999 -9999 0.3654469 0.4615975 0.2854879 0.1682898 0.3055744 0.2758195 0.1599379 0.3851242 0.3305153 0.3535686 0.4090761 0.8610618 2.198631 5.179345 6.311928 9.384149 11.11758 4.109686 3.296131 3.055942 3.0726 3.636 2.966475 1.943596 2.576841 2.640866 2.439265 2.808646 2.689237
-9999 -9999 -9999 -9999 -9999 -9999 -9999 -9999 -9999 -9999 -9999 -9999 -9999 -9999 -9999 -9999 -9999 -9999 -9999 -9999 -9999 -9999 -9999 -9999 -9999 -9999 -9999 -9999 0.4624788 0.4710626 -9999 0.5751817 0.5921358 0.2768075 -9999 -9999 -9999 -9999 -9999 -9999 -9999 -9999 0.3056608 0.2704568 0.2784865 0.2805439 0.2878933 0.2037117 0.3135659 0.3180888 0.3021777 0.3490058 0.6890503 0.4862675 1.822243 3.93716 5.724241 6.779978 6.000698 4.667564 3.550469 3.530398 3.335534 3.295377 3.20732 2.85506 4.030914 2.570684 4.321114 3.284884 2.282785
-9999 -9999 -9999 -9999 -9999 -9999 -9999 -9999 -9999 -9999 -9999 -9999 -9999 -9999 -9999 -9999 -9999 -9999 -9999 -9999 -9999 -9999 -9999 -9999 -9999 -9999 -9999 -9999 1.279445 -9999 -9999 0.5198094 0.4635966 0.7276081 -9999 -9999 -9999 -9999 -9999 -9999 -9999 -9999 -9999 -9999 -9999 -9999 -9999 -9999 0.2630616 0.2379842 0.291411 0.3572736 0.5206529 0.9528359 1.831756 2.683691 7.413624 6.011193 7.205766 4.740057 4.277237 3.461627 3.664746 3.455262 3.421847 3.566107 3.555061 2.354362 2.543881 2.408388 2.538383
-9999 -9999 -9999 -9999 -9999 -9999 -9999 -9999 -9999 -9999 -9999 3.062413 2.217059 3.285082 2.95127 1.024704 0.393567 -9999 -9999 -9999 -9999 -9999 -9999 -9999 -9999 -9999 -9999 -9999 -9999 0.3117385 0.3860397 0.5174295 0.2938696 0.5703132 -9999 -9999 -9999 -9999 -9999 -9999 -9999 -9999 -9999 -9999 -9999 -9999 -9999 -9999 0.2824219 0.2439962 0.2920866 0.3174998 0.6782592 0.6965881 1.638146 2.319105 8.532002 7.300177 7.16933 5.302384 4.201318 3.687692 3.573557 3.483 4.662609 4.691947 3.404445 3.277172 2.676372 3.823281 3.120271
-9999 -9999 -9999 -9999 -9999 -9999 -9999 -9999 -9999 -9999 -9999 3.398518 4.551515 4.176581 2.770664 1.91124 1.800313 0.8941563 -9999 -9999 -9999 -9999 -9999 -9999 -9999 -9999 -9999 -9999 0.6979156 0.2834424 0.2232057 0.2805119 0.1876266 0.3205316 -9999 -9999 -9999 -9999 -9999 -9999 -9999 -9999 -9999 -9999 -9999 -9999 -9999 -9999 0.4624448 0.2819693 0.2934971 0.2479137 0.5389022 0.6532501 1.116092 1.913183 10.9922 7.968237 7.391962 5.707308 4.178743 4.006089 3.274958 5.401264 5.314651 4.670281 4.785297 3.465139 3.590355 3.517109 2.776746
