STOTEN_Data/raw/no3_preds_3d_direct_extract400ft_121m.asc
ncols         206
nrows         674
xllcorner     -2235500
yllcorner     1580500
cellsize      1000
NODATA_value  -9999
[rows 384 to 415 of 674, columns 71 to 141 of 206]
0.2726049 0.206844 0.4532391 1.214609 0.4738287 0.3075699 0.616757 1.620328 1.426172 1.046658 2.813588 8.163326 5.480244 5.268742 4.179969 3.073364 4.206841 3.215384 4.811698 6.601652 4.344329 4.261486 3.934417 3.476675 2.500501 5.957859 4.771845 5.361307 4.867511 6.593531 5.116545 5.094403 5.623884 3.762719 4.504744 4.616963 5.007764 5.073814 4.660162 2.710418 2.559233 2.034048 2.634471 3.136018 2.386099 2.272921 2.265232 2.416396 2.015747 2.241426 2.294347 2.250667 1.894059 1.652296 1.778217 2.007983 2.604144 -9999 -9999 -9999 -9999 -9999 -9999 -9999 -9999 -9999 -9999 -9999 -9999 -9999 -9999
1.115849 0.2479655 0.2888426 0.3780312 0.86548 0.38993 0.3957735 0.9586102 1.094635 0.665518 1.08842 4.482626 5.465396 4.682888 3.310125 2.705638 3.005637 3.14403 3.141124 4.148673 3.604527 4.811569 3.460336 5.012911 3.424682 4.37229 5.857906 6.111741 6.275683 6.298135 4.446888 3.892964 5.680208 5.42962 6.709468 4.286631 3.788774 4.048865 5.837367 3.680048 4.406118 4.648517 4.55431 2.295078 2.41777 2.204545 2.141015 2.317967 2.11802 1.890197 2.141505 2.226895 2.027762 1.869836 1.778432 1.782238 2.120047 -9999 -9999 -9999 -9999 -9999 -9999 -9999 -9999 -9999 -9999 -9999 -9999 -9999 -9999
0.3518971 0.3556393 0.2227218 0.207425 0.4322631 0.2326231 0.4303997 2.521911 1.162457 0.5796785 0.8904446 2.519111 4.814158 4.022582 1.829623 1.817385 2.680901 2.225548 4.11961 3.757014 4.634351 4.441817 4.963018 4.954859 3.822058 4.484581 5.162056 6.25586 5.264287 4.600064 4.684694 4.674191 5.30654 4.138878 4.970224 3.859732 4.249692 3.78053 5.252833 4.778296 4.335496 3.956529 3.866256 3.439261 2.183205 2.199657 1.96271 1.989058 1.790593 2.049174 2.294116 2.445399 1.604856 1.591525 1.797101 1.745883 2.287251 2.62676 -9999 -9999 -9999 -9999 -9999 -9999 -9999 -9999 -9999 -9999 -9999 -9999 -9999
0.3172841 0.3088113 0.2266749 0.1909615 0.1353224 0.1542476 0.2397505 0.4376014 1.077619 0.8582619 0.8063922 0.9824162 1.629652 1.879791 1.749197 3.274102 4.050447 4.153902 3.820569 3.282029 3.2404 3.005059 2.740963 3.488048 3.099164 5.002733 5.901185 5.36145 5.304252 4.929819 4.883803 4.960664 4.545182 4.936649 3.955929 5.149967 3.267363 4.054503 5.435237 3.714402 2.85061 4.461556 3.743091 2.913786 1.835405 1.841427 1.866596 1.825595 2.175955 2.438411 2.280137 2.229065 1.98056 1.971883 1.806658 2.092815 2.607635 2.586123 -9999 -9999 -9999 -9999 -9999 -9999 -9999 -9999 -9999 -9999 -9999 -9999 -9999
0.472227 0.4595892 0.2619681 0.1929122 0.2223188 0.2018193 0.2171635 0.2377117 0.8673986 0.9136487 0.8779547 0.6794586 0.6911306 2.004299 1.629804 1.913248 4.234672 4.625382 3.296819 2.852581 2.873858 3.426326 4.226877 4.773345 3.642098 3.590451 4.482859 6.052971 4.865594 4.166018 4.403402 5.30557 4.728887 4.816649 3.80998 5.322394 4.446482 4.456444 4.256214 4.270788 3.475824 3.440762 4.07575 2.144196 2.110718 2.718414 1.876923 1.74593 1.937666 1.910599 2.285871 2.109782 1.851024 2.137125 2.085484 1.945868 2.581142 2.292651 1.989173 -9999 -9999 -9999 -9999 -9999 -9999 -9999 -9999 -9999 -9999 -9999 -9999
0.3859807 0.3479213 0.2006206 0.2024583 0.2137665 0.2634159 0.2049425 0.1902148 0.3133502 0.935818 1.550987 0.4094662 0.6467032 0.9283327 1.374093 2.614012 2.874289 1.828395 2.666394 2.949265 3.212736 3.228241 4.121181 2.894473 4.802341 3.714027 4.553377 4.851999 5.433801 3.513535 5.662728 5.541542 4.830416 6.076885 4.248401 5.027774 4.639875 6.813182 4.290952 4.687236 4.051692 2.600843 2.970793 3.230972 3.099589 2.441246 1.896749 1.800586 1.825661 1.928948 2.288394 2.054057 2.030679 1.878619 1.926214 2.172249 2.511447 2.386776 2.089046 -9999 -9999 -9999 -9999 -9999 -9999 -9999 -9999 -9999 -9999 -9999 -9999
1.240707 0.736006 0.2323003 0.2210069 0.1568398 0.2528907 0.2021092 0.2661847 0.174687 0.9847735 0.467669 0.3222134 0.4989645 0.4391351 1.353701 2.40721 0.9039243 2.386842 1.919984 2.443029 3.070305 3.642806 4.325667 4.771714 3.533467 4.875251 5.871089 4.621781 4.286384 5.058779 5.162622 3.807023 4.227502 4.501826 5.550783 4.768442 4.179879 6.370965 3.82072 3.978078 4.274708 3.996218 3.718973 4.002053 5.323213 4.256292 3.409205 1.814109 1.877427 1.961575 1.815557 1.752712 1.907271 1.835496 1.871789 2.059288 2.300586 2.507831 2.223227 -9999 -9999 -9999 -9999 -9999 -9999 -9999 -9999 -9999 -9999 -9999 -9999
1.623176 1.200944 0.3628128 0.2003879 0.2415661 0.2796637 0.2974755 0.1267505 0.1609885 0.2883634 0.383945 0.2709225 0.39555 0.3809487 0.6488513 0.5872333 0.7423102 1.772768 2.059745 2.878762 2.158485 1.837395 3.700587 2.971836 3.872558 5.536729 4.387145 3.602914 5.938962 4.879506 4.506405 3.686826 4.385835 3.199342 4.157992 3.947008 4.129072 4.289032 4.802002 4.121356 3.419837 5.394003 4.478159 4.445471 4.816236 4.396461 4.84249 1.991175 1.972782 1.860972 1.653631 1.571047 1.715546 1.619101 1.94962 2.369584 2.225803 2.396764 2.335535 -9999 -9999 -9999 -9999 -9999 -9999 -9999 -9999 -9999 -9999 -9999 -9999
1.84595 1.00025 0.6015716 0.2184818 0.2182372 0.3071642 0.2075557 0.1462542 0.1711275 1.94536 1.122251 0.3230539 0.3518881 0.1990764 0.3164673 0.2435153 0.3236204 0.4904223 2.665243 0.8060689 2.141928 2.532854 3.552552 3.891517 3.557706 3.821157 4.273088 5.177981 4.48516 4.289716 6.146573 3.884832 3.735433 2.256083 4.104799 3.712966 4.945158 4.073294 4.63428 4.668554 3.786025 4.444332 4.2138 4.000094 3.366901 4.456996 3.925222 1.939465 1.962152 1.712988 1.680314 2.135341 1.387786 1.442142 2.217175 2.063033 3.007384 2.341416 2.442507 -9999 -9999 -9999 -9999 -9999 -9999 -9999 -9999 -9999 -9999 -9999 -9999
1.525129 1.040232 1.099781 0.2012163 0.3054257 0.2220292 0.2192797 0.1686412 0.173963 0.4132158 0.3699863 0.334474 0.263631 0.2798784 0.3029507 0.2575947 0.3284549 0.3769864 2.944352 1.211137 1.315719 2.05711 2.751472 3.635425 4.507327 3.664642 4.229295 3.467129 3.943691 2.867894 4.240861 3.839695 3.95001 4.046919 3.209846 4.125105 3.658372 4.241912 3.672894 4.041689 4.270686 4.818102 5.200403 3.225044 4.797305 3.790364 4.09675 3.441247 4.265518 1.705961 1.690779 1.6131 1.420939 1.627502 1.970208 1.817609 2.422686 2.112686 2.02779 2.237661 -9999 -9999 -9999 -9999 -9999 -9999 -9999 -9999 -9999 -9999 -9999
1.261414 1.143175 1.07584 0.5224392 0.265511 0.235983 0.1894797 0.1768701 0.2035297 0.2740683 0.2224672 0.3059126 0.1737058 0.2587875 0.3470069 0.2844692 0.2642058 0.3938846 0.726111 2.241107 1.441941 1.692949 2.83633 3.414066 3.702677 3.149696 3.435479 2.525085 2.90635 2.305857 1.603695 3.182008 2.546012 4.417984 4.412567 3.693011 3.91573 4.087943 4.21769 2.724462 3.717045 2.60568 2.753376 3.008412 2.846783 3.092623 3.503373 3.640642 3.031635 1.756155 1.741814 1.739316 2.79597 2.860317 2.95253 2.670448 2.015834 1.830831 2.404052 3.004042 -9999 -9999 -9999 -9999 -9999 -9999 -9999 -9999 -9999 -9999 -9999
1.15424 1.310629 1.043206 0.5733842 0.2780958 0.186239 0.1435107 0.1798057 0.1776689 0.3012656 0.232109 0.2092935 0.2032788 0.194002 0.1828047 0.3303021 3.139493 1.21776 0.7773251 1.459009 1.320644 1.39909 2.776792 4.793328 2.617671 2.760548 3.091345 2.995676 4.739265 3.329714 2.332312 3.706348 3.950236 3.164655 3.814004 3.900796 4.929873 4.586746 4.719418 4.219422 3.332088 3.446705 3.091496 2.785644 4.069524 3.945987 3.009759 3.458246 3.618179 4.871319 3.72221 3.129845 5.056824 2.787133 4.640143 4.736147 4.590654 3.230305 2.507811 2.441098 -9999 -9999 -9999 -9999 -9999 -9999 -9999 -9999 -9999 -9999 -9999
1.080233 0.9564495 1.186072 0.8217329 1.460897 0.1762746 0.1904419 0.148357 0.1441658 0.2722076 0.1982479 0.1911303 0.3261037 0.3403132 0.3292608 0.9125225 1.324716 3.999138 1.873683 1.043996 1.62465 1.630844 3.010843 2.23235 3.275776 2.457335 2.572401 3.633467 3.268761 5.202281 2.673395 2.974373 2.470169 2.693471 4.803546 4.255096 5.016474 4.780883 5.068882 4.922237 3.963625 3.30615 2.041891 2.485257 3.256369 3.16675 3.355889 3.669535 4.200859 4.129694 4.042293 2.96145 3.412907 3.278615 2.899147 2.941032 2.891017 5.026798 2.453346 2.241553 -9999 -9999 -9999 -9999 -9999 -9999 -9999 -9999 -9999 -9999 -9999
1.057022 0.9195619 0.9852683 1.127331 0.5715676 0.2720827 0.1466126 0.1597055 0.1502516 0.1381443 0.1766434 0.2642029 0.372711 0.2531491 0.2203487 0.5186132 3.309988 3.360656 1.501395 1.161511 1.052203 1.475245 2.005497 4.176112 2.237678 2.647222 3.881647 2.775973 3.298296 3.235256 3.016296 2.513328 3.027759 3.681779 4.459107 4.645813 5.075094 4.926753 5.392187 4.456804 3.987756 4.075159 3.699617 5.147978 4.433077 3.724626 4.659213 3.33936 3.225381 3.49535 3.066603 3.087376 3.936616 3.284405 3.896106 4.857137 4.164438 4.130628 4.649822 2.194018 2.754612 -9999 -9999 -9999 -9999 -9999 -9999 -9999 -9999 -9999 -9999
1.062964 1.006638 0.8794811 0.7397507 0.6013303 0.4963952 0.1346337 0.1672065 0.1569549 0.1329904 0.1645726 0.1640181 0.2120957 0.2666129 0.1850112 0.1757961 0.6837011 1.291572 1.480124 2.293373 3.200721 0.7072287 1.457817 2.335437 3.453308 2.478342 3.237277 4.168728 4.130083 3.590193 3.072407 3.435895 2.688138 3.273227 2.966561 3.315338 4.525302 4.440188 5.266513 5.382565 4.721828 5.034188 3.413815 3.516978 3.044052 2.740172 3.989763 2.857243 4.497055 3.615076 4.215719 4.525506 4.304752 4.473712 4.354639 2.308014 1.77834 2.011792 4.649222 2.507832 2.492746 -9999 -9999 -9999 -9999 -9999 -9999 -9999 -9999 -9999 -9999
1.122962 0.9812194 0.8279366 0.7166791 0.6342053 0.6302283 0.1333199 0.149315 0.1540789 0.1748678 0.156548 0.1742597 0.2918972 0.2058674 0.2429092 0.2224279 0.3981041 0.783096 1.301315 2.912791 2.407427 3.181073 2.156714 2.332021 3.879702 3.889919 3.885768 3.181173 3.407479 3.888053 4.20571 3.670623 3.829873 3.996715 3.496449 3.247576 3.342393 5.440193 5.037308 4.540048 5.191556 3.867623 3.319639 4.026149 3.278284 3.350043 3.310725 2.866362 3.614191 4.025799 3.918794 3.998576 4.400304 3.230321 2.908271 3.318217 3.205934 4.333552 1.900072 2.186476 2.240928 -9999 -9999 -9999 -9999 -9999 -9999 -9999 -9999 -9999 -9999
1.022552 1.209955 0.7193825 0.2116648 0.4138949 0.2339739 0.1817614 0.1656158 0.1491241 0.1535926 0.2120357 0.2306763 0.419275 0.408875 0.4304427 0.3057782 0.2821162 0.4031262 0.5075229 0.5066986 1.055553 1.351553 2.627437 3.496798 4.461116 4.055789 4.582169 4.369392 3.230769 4.005133 5.133932 3.924005 2.748127 3.216615 4.712587 3.788578 4.508986 3.752624 3.515113 3.556962 4.177292 3.716113 4.059214 6.118477 6.553619 4.070957 3.621261 2.748151 3.42148 2.579007 4.950483 3.595649 3.853735 4.496797 2.805667 4.44781 3.563889 3.96038 2.027189 2.147743 2.15384 2.445912 -9999 -9999 -9999 -9999 -9999 -9999 -9999 -9999 -9999
1.208447 1.018772 0.3559691 0.3107221 0.6434207 0.2128504 0.1750391 0.1724596 0.1426413 0.1443167 0.3259285 0.2625625 0.1891847 0.500554 0.5400831 0.5751138 0.5746462 0.3955546 0.2392223 0.3526405 0.4027269 1.509724 1.567611 2.0567 2.012261 3.711552 3.413823 2.898112 3.08951 2.856427 3.81731 2.935538 3.241807 3.855838 4.332773 3.705191 5.199703 3.796509 3.066546 3.282256 6.527702 6.172562 6.368983 4.401492 3.802667 3.171744 4.664075 5.453175 3.079499 4.437435 5.187825 4.700507 4.653159 3.575092 5.063653 4.354812 3.917602 4.274565 1.858825 1.985801 2.135885 2.063504 -9999 -9999 -9999 -9999 -9999 -9999 -9999 -9999 -9999
1.055525 0.9995655 0.3049809 0.2243446 0.3989936 0.2984993 0.2583495 0.3676526 0.1469169 0.2342788 0.2233416 0.2994247 0.2370211 0.3661665 0.7938321 0.2794887 0.405333 0.4448448 0.2254235 0.3097385 0.6352064 0.9099963 0.7105981 0.9027228 0.9206789 1.430088 3.159398 5.028715 2.691397 2.900798 2.33307 2.803371 3.156707 3.010046 2.88093 3.158504 4.324306 3.79104 4.226299 3.728786 4.940598 4.630631 4.575584 3.823791 3.078997 3.605949 3.44532 2.951745 3.717758 3.523188 2.422707 2.716829 4.311303 2.371738 2.317669 3.2448 3.210335 3.083037 2.075824 2.009337 1.828985 1.789093 -9999 -9999 -9999 -9999 -9999 -9999 -9999 -9999 -9999
2.212551 0.9779396 0.3213569 0.1376875 0.4376924 0.3115714 0.212263 0.2808482 0.3402569 0.5052235 0.3762841 0.3165051 0.275043 0.2814876 0.3436112 0.5903944 0.5229787 0.8871062 0.2868838 0.3389215 0.4144241 1.304469 0.6487878 0.4886474 1.726226 1.612143 1.967304 2.513773 3.021938 3.165877 3.686178 2.762271 2.967602 3.676265 2.913599 3.002968 2.481919 3.288166 3.735769 3.847326 4.262872 3.869368 4.3901 3.71937 2.914167 3.277769 3.153499 2.882476 3.29188 2.462504 3.575263 2.873137 2.585719 2.817372 3.905198 2.961682 1.523601 1.535194 1.577509 1.853883 1.904612 1.805498 -9999 -9999 -9999 -9999 -9999 -9999 -9999 -9999 -9999
3.071721 0.7213104 0.2077921 0.1903443 0.3088059 0.2197966 0.216411 0.233904 0.1972113 0.2741683 0.3451649 0.2545218 0.2931474 0.3465852 0.3277714 0.3868298 0.4282744 0.6380821 0.4278795 0.213571 0.3768185 0.8632988 0.4138461 2.557857 2.199376 1.586034 3.232326 2.367169 2.812455 4.078847 3.43503 3.584843 4.791142 3.882148 3.838465 3.72958 4.05476 3.592795 3.925024 5.075854 4.462387 3.068131 3.235779 2.4907 3.68952 2.849501 3.648605 3.041666 3.50469 3.295376 3.142257 2.90199 2.569382 3.036208 5.177112 3.636876 2.943524 1.418362 1.53107 1.963729 2.026959 2.104569 3.137695 -9999 -9999 -9999 -9999 -9999 -9999 -9999 -9999
1.658414 0.7958196 0.2285779 0.2262941 0.1949515 0.1274719 0.1097131 0.1131562 0.2095417 0.3132445 0.3548512 0.3051499 0.2491039 0.3551557 0.4184194 0.4208355 0.3537929 0.5841409 0.3642124 0.5552965 0.3752174 0.4471489 0.6461153 1.850622 3.532505 2.09537 3.279547 2.43902 2.772019 3.192504 1.248561 1.177941 2.443692 2.070452 3.210468 3.803156 3.18082 3.121673 3.383101 3.166524 3.326097 3.336222 3.32708 4.042318 5.009431 3.95389 3.722137 3.347073 3.257478 4.927998 2.997847 3.016525 3.549264 2.523732 3.063823 2.583277 3.351762 1.582779 1.568529 2.06464 2.353933 2.422708 3.653408 -9999 -9999 -9999 -9999 -9999 -9999 -9999 -9999
2.005851 1.791004 0.9574229 0.220099 0.1398063 0.1621127 0.1659448 0.1218256 0.1770654 0.225127 0.3780744 0.2876977 0.2618545 0.2523512 0.2510509 0.2944552 0.4034719 0.2472037 0.4514163 0.3736272 0.4766661 0.2420917 0.2508493 0.7395619 1.880563 2.637847 2.181634 3.024239 1.938413 2.978015 2.459654 2.163966 2.347573 1.30228 3.641516 4.230228 3.885951 3.886591 4.145564 3.91329 4.531149 3.762307 5.261629 3.169687 5.017799 3.696593 3.788533 3.92765 3.621439 3.83855 2.877749 2.680766 2.975814 2.71442 3.672475 4.59704 3.302307 1.655322 4.413097 3.853797 1.739568 2.868831 5.308681 -9999 -9999 -9999 -9999 -9999 -9999 -9999 -9999
2.11509 1.713325 0.8909379 0.3814205 0.1966474 0.1157323 0.1448071 0.1581016 0.1979721 0.2979499 0.3167144 0.3062706 0.3031525 0.2651825 0.4401394 0.2273596 0.3720579 0.2821777 0.5164704 0.2256534 0.3841763 0.3474855 0.2473917 0.5007434 1.484057 2.905063 3.092886 2.098834 3.007496 1.698442 3.112799 3.230393 3.893268 3.113856 3.582312 4.026204 3.122609 1.216551 1.469977 3.286114 3.639154 4.083039 4.534369 2.199943 3.783092 4.52078 3.483519 3.856046 3.688782 3.847842 3.166788 3.222272 3.092836 2.891629 4.712736 5.508989 3.957905 4.073326 4.097342 4.041826 3.902297 5.221905 4.696544 3.401415 -9999 -9999 -9999 -9999 -9999 -9999 -9999
1.454306 1.990287 1.135433 0.1756206 0.221883 0.2280521 0.3404685 0.2597329 0.2363535 0.243996 0.2254968 0.3652479 0.2770426 0.1966462 0.2508512 0.345257 0.2801262 0.1902619 0.2456283 0.4960038 0.3512944 0.4357796 0.3993979 0.3840406 1.590083 3.260408 2.698393 2.944489 4.376846 2.262822 3.867657 2.733268 3.319962 4.59288 3.046192 2.573586 1.687291 2.180151 3.605587 3.040337 2.933912 2.83306 1.665594 1.445966 2.907383 2.641667 5.554853 3.772476 3.692541 4.081614 3.15181 2.840873 3.326221 2.897579 2.161614 3.532757 4.730672 2.797575 2.725109 3.633412 2.040115 2.906932 -9999 -9999 -9999 -9999 -9999 -9999 -9999 -9999 -9999
1.226134 1.074688 1.169561 0.1907537 0.2095099 0.2076203 0.1971328 0.4810249 0.3791993 0.2743331 0.1975014 0.2903627 0.3089339 0.3049634 0.2395106 0.2255533 0.2630883 0.2604023 0.2403277 0.3994771 0.3199861 0.3261595 0.5035811 0.3363365 1.040145 2.924023 3.668323 2.89029 3.419504 3.262612 3.217866 2.979604 3.261157 4.124371 3.764275 3.298928 2.605897 1.455272 3.732228 3.020644 3.918562 3.134625 3.42397 3.643389 3.724652 4.199764 4.057793 3.796006 3.877414 3.449032 3.26257 3.300028 3.81642 2.801224 3.045939 2.969198 3.298984 3.017501 3.289836 3.495334 2.148543 1.715191 -9999 -9999 -9999 -9999 -9999 -9999 -9999 -9999 -9999
2.174952 1.834729 1.548277 1.469927 0.4906141 0.1409935 0.1783811 0.328283 0.3485775 0.2515453 0.2606002 0.2484685 0.3576777 0.3022654 0.3675783 0.3767033 0.3361137 0.2821389 0.3681661 0.2305457 0.2074277 0.3457365 0.3370366 0.230131 2.924043 2.148328 3.832127 2.94377 2.88431 2.540156 3.832566 2.850832 3.828817 3.820636 3.487042 3.48191 2.987546 3.502182 2.957924 4.805952 4.518624 2.934341 4.087661 3.145236 2.260599 4.145662 3.528887 4.645357 3.661674 3.466142 4.065142 3.342692 3.236786 3.271712 4.354334 3.187226 4.801808 5.266526 4.711659 3.057674 1.826885 3.174652 3.260825 1.769273 -9999 -9999 -9999 -9999 -9999 -9999 -9999
3.568462 2.762736 1.809162 2.217565 0.5607026 0.1649491 0.1459328 0.1872236 0.1986435 0.2977577 0.2615946 0.2291504 0.2661805 0.291113 0.3262767 0.3672904 0.2817905 0.3267137 0.3824654 0.4150513 0.3325359 0.3127889 0.2705765 0.4707817 3.296117 2.060741 3.433065 2.943085 3.272604 2.920975 3.63728 2.931598 3.394769 3.489793 4.561095 2.825541 3.602011 3.797028 3.686388 3.709948 3.415793 4.259087 3.33923 5.605981 2.205105 3.61088 3.682884 4.485613 4.676201 2.741113 3.97138 3.724672 4.259216 4.639889 5.986872 4.135575 5.090979 4.529751 4.720843 4.936394 3.038623 4.22895 4.099582 1.615766 1.997305 -9999 -9999 -9999 -9999 -9999 -9999
4.719189 3.341632 2.228306 2.555582 0.4383084 0.2626668 0.1199683 0.1672482 0.2123728 0.2130181 0.3586854 0.2215706 0.3431357 0.2232815 0.3593318 0.432839 0.2790677 0.3016674 0.2941978 0.2046638 0.3141978 0.204652 0.3471206 0.5603533 3.826574 3.993699 4.015698 3.929251 2.893877 3.095335 2.857882 3.042542 3.506968 2.362121 2.712204 3.592604 2.80948 3.854139 3.277788 3.362515 4.858347 4.706541 4.328005 3.15945 3.094593 3.12454 2.994985 2.992763 3.933476 3.658741 2.716753 4.294853 3.335173 2.887403 4.182043 3.865417 2.557833 3.375038 4.005632 4.110184 3.846156 3.433652 4.293876 3.677129 5.147338 -9999 -9999 -9999 -9999 -9999 -9999
3.977694 3.014683 3.469031 2.977964 1.310714 0.9332302 0.2682855 0.2688123 0.266521 0.2336477 0.1916358 0.2672349 0.1907149 0.3733174 0.3748323 0.4272928 0.2956928 0.375679 0.2468497 0.251408 0.300567 0.2700669 0.244271 0.5565487 0.9150499 4.4675 5.213223 4.279788 3.451664 3.623703 3.902691 3.01114 3.533163 2.474538 3.239538 3.197949 4.306178 3.222429 2.901271 3.916694 2.940892 2.584334 2.86589 2.980484 3.544261 3.514175 3.480544 4.25308 3.354651 3.507979 3.167614 3.327685 3.306684 3.075702 3.971708 2.40643 1.597667 3.34257 4.072253 2.264281 1.671126 2.439639 3.393013 4.503812 5.072619 -9999 -9999 -9999 2.466616 -9999 -9999
3.284094 3.360179 2.668826 3.194982 1.619112 0.7605534 0.4094449 0.2382116 0.2475062 0.1554898 0.2328869 0.2297679 0.225977 0.3416748 0.4304713 0.4033275 0.2958466 0.287731 0.2634375 0.1734809 0.2789722 0.2866092 0.2565974 0.2961821 1.086283 4.826618 3.390882 2.360581 2.598259 2.355379 3.977066 3.600995 2.213281 3.023548 2.27372 2.720518 3.333075 3.591232 3.274782 2.548397 2.489913 2.759268 3.302588 3.911431 3.365475 3.228477 3.199101 3.476417 3.000042 4.168892 3.588564 3.424546 3.107029 3.325332 3.372015 3.136983 1.86097 1.680712 1.480731 2.691839 1.380242 1.404293 3.197505 4.328541 5.08886 3.668799 1.791592 2.003797 1.824997 -9999 -9999
2.797831 3.541093 1.711071 1.468905 1.787095 0.4375744 0.6031342 0.1950502 0.2624826 0.2880232 0.2154337 0.2803187 0.1835421 0.2796709 0.3701684 0.354306 0.3424607 0.3681031 0.3355138 0.2784311 0.4660909 0.2253028 0.4054009 0.2242119 0.8962561 3.513429 3.752321 2.796048 5.190912 4.184603 2.467873 2.7212 2.683429 2.600696 3.007182 3.154515 2.993249 3.327734 2.782902 3.047883 3.441964 2.37978 2.891343 3.026013 2.692048 2.998415 2.512258 3.153509 2.578325 3.051842 3.859409 4.130143 2.877735 2.390916 1.633075 2.405252 1.609137 1.311355 1.516917 1.441299 1.906709 1.467999 1.360805 3.019558 3.344248 2.409469 1.820217 1.648771 1.819259 -9999 -9999
