STOTEN_Data/raw/no3_preds_3d_direct_extract180ft_54m.asc
ncols         206
nrows         674
xllcorner     -2235500
yllcorner     1580500
cellsize      1000
NODATA_value  -9999
[rows 512 to 543 of 674, columns 71 to 141 of 206]
-9999 -9999 -9999 -9999 -9999 -9999 -9999 -9999 -9999 -9999 -9999 -9999 -9999 -9999 -9999 -9999 -9999 -9999 -9999 -9999 -9999 -9999 -9999 -9999 -9999 -9999 -9999 1.799243 3.391991 2.576921 2.13032 2.659177 3.390236 2.967284 2.954674 3.283736 3.108588 2.959705 2.886037 2.979121 3.292452 2.944098 2.33635 2.494145 2.802241 2.685403 1.77523 1.977181 1.835526 1.610476 3.003087 3.078809 2.380795 1.015294 1.247308 0.9987755 0.4753031 0.3521087 0.3864602 0.2766118 0.3546574 0.1261468 0.4264651 0.2387065 0.2279437 0.5192921 0.8950683 1.316359 3.451777 4.441741 3.182395
-9999 -9999 -9999 -9999 -9999 -9999 -9999 -9999 -9999 -9999 -9999 -9999 -9999 -9999 -9999 -9999 -9999 -9999 -9999 -9999 -9999 -9999 -9999 -9999 -9999 -9999 0.9616918 2.510107 2.388458 2.670154 2.927261 2.922107 3.043813 2.816963 3.094371 3.772527 3.305516 3.182414 3.133921 2.427777 3.55642 2.937052 2.614954 2.523327 2.861635 2.382169 2.251206 2.760979 2.172731 1.889492 2.599695 2.693643 2.898649 2.448314 1.046718 1.045646 0.4589346 0.4026828 0.316013 0.43727 0.3960142 0.1860526 0.3463739 0.2534361 0.2337039 0.3207359 0.5381756 0.8520194 1.396806 3.591681 2.932174
-9999 -9999 -9999 -9999 -9999 -9999 -9999 -9999 -9999 -9999 -9999 -9999 -9999 -9999 -9999 -9999 -9999 -9999 -9999 -9999 -9999 -9999 -9999 -9999 -9999 -9999 1.583562 3.113767 3.238718 3.114938 2.433527 2.782464 2.707817 4.211288 4.524787 2.579164 3.357339 2.591486 2.829648 2.616339 2.814277 2.428327 2.158617 2.254554 3.142156 2.461715 2.504787 3.237157 2.525695 2.603774 2.39673 2.641347 2.847651 2.956734 1.50122 1.039601 0.4846353 0.4891317 0.4127978 0.4666474 0.2748843 0.1657111 0.1110177 0.2668451 0.2716663 0.5400745 0.81608 1.136369 3.641398 3.333255 4.472868
-9999 -9999 -9999 -9999 -9999 -9999 -9999 -9999 -9999 -9999 -9999 0.9632051 -9999 -9999 -9999 -9999 -9999 2.342402 2.384679 -9999 -9999 -9999 -9999 -9999 -9999 -9999 3.227286 2.728458 2.815609 2.419626 2.447086 2.917433 4.60327 4.481863 3.795364 2.815901 2.492536 2.942513 2.369455 2.121474 2.261338 1.652082 1.832673 2.987615 2.816997 2.984933 3.236743 2.747151 3.05516 3.503825 3.132284 2.578261 3.360818 3.270149 1.943953 1.225063 0.4833899 0.4744006 0.3739938 0.4491089 0.3651223 0.206615 0.184961 0.2840068 0.2866588 0.3425795 0.4066045 0.4081927 0.783167 1.471389 2.867902
-9999 -9999 -9999 -9999 -9999 -9999 -9999 -9999 -9999 -9999 -9999 -9999 1.323957 1.601215 -9999 1.679806 2.292785 1.91927 2.184265 -9999 -9999 -9999 -9999 -9999 -9999 1.417162 1.785662 2.778036 2.757869 2.570235 2.274032 3.023784 4.758806 3.711386 4.182628 4.382523 3.017255 2.504088 2.513689 2.192847 2.052929 1.601502 1.879011 2.318875 2.702919 2.962043 3.02755 2.900014 3.555241 3.389931 3.153512 3.714421 3.076096 2.958838 2.173067 2.217802 0.5196474 0.5445014 0.4245776 0.4029799 0.2285236 0.2195765 0.178914 0.3008396 0.2936773 0.367215 0.4738478 0.6135782 0.8529662 1.349845 3.14551
-9999 -9999 -9999 -9999 -9999 -9999 -9999 -9999 -9999 -9999 -9999 -9999 -9999 1.531267 1.291106 1.711798 1.22998 1.56045 -9999 -9999 -9999 -9999 -9999 -9999 -9999 -9999 0.8402472 1.571139 2.283188 2.847124 2.426903 3.201147 3.598477 3.095178 2.741175 2.451967 2.547015 2.232531 1.978754 2.032891 2.258235 1.742829 2.288708 2.344071 2.502127 2.491501 2.759725 2.846028 3.06544 3.249475 2.920117 3.386063 3.045632 2.575222 1.916312 1.950403 0.8382177 0.4444536 0.51623 0.4177133 0.4348668 0.2295031 0.251021 0.2872572 0.3457715 0.4151684 0.579468 1.016006 0.6621603 1.803076 1.154634
-9999 -9999 -9999 -9999 -9999 -9999 -9999 -9999 -9999 -9999 -9999 -9999 -9999 2.017428 1.784077 1.864734 1.572222 2.092444 2.176854 2.186754 2.7314 -9999 -9999 -9999 -9999 -9999 0.8155935 1.276234 2.613433 2.222266 2.403513 3.124216 2.970929 2.438177 2.060414 1.849254 1.931317 2.316328 1.732545 3.117968 1.534062 1.869897 1.750152 2.561353 3.006469 2.963139 2.795459 2.794845 3.052197 4.193743 3.301102 1.813767 2.841465 1.827046 2.443043 1.749674 0.8509352 0.514667 0.6805916 0.5587316 0.2832769 0.3923377 0.1906233 0.2492844 0.4650145 0.3787719 0.4408669 0.5237319 0.7501953 1.396505 0.924882
-9999 -9999 -9999 -9999 -9999 -9999 -9999 -9999 -9999 -9999 -9999 -9999 -9999 -9999 1.674956 1.372717 2.760604 1.895399 1.76024 2.321661 2.313024 -9999 -9999 -9999 -9999 -9999 0.6463621 1.111338 1.503141 2.942905 2.183076 3.369799 1.805892 2.317861 2.015656 1.805496 2.019815 1.853221 2.894647 1.803023 1.496334 1.631071 0.9722875 2.315921 2.735223 3.456749 4.046751 3.27117 3.675577 4.365927 4.182394 2.416295 2.094587 2.570741 2.771547 2.68004 0.8537159 0.7751192 0.4555329 0.4524865 0.2838437 0.3557698 0.2805939 0.3284432 0.3855209 0.4526736 0.4991097 0.434856 0.9760692 1.671948 0.9109113
-9999 -9999 -9999 -9999 -9999 -9999 -9999 -9999 -9999 -9999 -9999 -9999 1.585001 1.419543 1.524499 1.402878 3.60901 2.034813 1.769951 2.326975 2.379873 -9999 -9999 -9999 -9999 -9999 0.5925635 1.056149 1.459575 1.625281 1.591786 2.721577 2.328147 2.152911 2.474907 2.318069 2.375686 2.055517 2.234944 2.900746 2.720317 1.797987 0.657752 2.456465 2.622622 3.258539 4.049086 6.061631 3.390627 4.456047 4.858483 2.839134 2.222873 2.267957 1.810008 1.828905 1.009409 0.4845501 0.2837093 0.5376203 0.653447 0.4602301 0.4727431 0.5967742 0.5075496 0.48045 0.6978793 0.6016988 0.6587377 0.9329386 0.670673
-9999 -9999 -9999 -9999 -9999 -9999 -9999 -9999 -9999 -9999 -9999 -9999 1.552641 1.581341 1.929328 2.169049 3.668672 1.489976 1.772959 1.819628 1.939094 -9999 -9999 -9999 -9999 -9999 1.106576 0.5114702 1.203858 1.605169 1.83071 2.052634 1.77941 2.225126 1.701741 2.100364 3.038556 3.5628 1.53618 2.367816 2.39062 2.161738 0.9319878 3.640337 4.175119 4.016092 3.690612 8.665325 3.704001 5.031189 4.58134 3.159702 1.629213 2.162982 1.95118 1.613355 0.730598 0.33874 0.3789365 0.4390126 0.484079 0.2595402 0.3759897 0.59712 0.6632429 0.5655392 0.6813289 1.206213 2.727861 1.256804 0.9808302
-9999 -9999 -9999 -9999 -9999 -9999 -9999 -9999 -9999 -9999 -9999 -9999 -9999 1.515604 1.610492 1.70836 2.216943 2.059841 1.422315 1.522029 1.396638 1.070311 1.254637 0.4416036 0.5155704 0.6934497 1.420082 1.50604 1.679345 1.47715 1.543021 3.010279 2.440304 2.616918 2.500736 2.659025 2.847353 3.003331 2.122018 3.372827 2.866014 4.783677 2.864986 4.541 3.178289 3.525514 3.843941 3.806951 3.272349 3.318234 4.233855 2.391781 1.558199 1.694464 2.236526 1.722681 0.661003 0.3253152 0.2840475 0.4582647 0.5193201 0.3189411 0.2508164 0.4529431 0.5158802 0.7176076 1.072362 1.174605 5.158167 2.363737 2.819982
-9999 -9999 -9999 -9999 -9999 -9999 -9999 -9999 -9999 -9999 -9999 -9999 -9999 -9999 1.736306 2.461725 4.044048 1.48588 1.750344 1.568615 1.526223 1.237113 1.255812 2.197668 0.6303579 0.5487659 1.241729 0.4925168 0.9229192 1.156057 1.572219 1.811797 1.603933 1.568572 2.71282 1.797003 1.759955 1.870929 2.836946 5.374913 2.392605 2.777125 2.615784 2.708067 2.690116 3.672812 4.076752 4.013183 5.119775 4.989059 3.878879 2.68312 2.061883 2.659695 3.105642 1.693575 0.5698733 0.450905 0.4844864 0.41717 0.5683046 0.5363395 0.491454 0.5862802 0.5583394 1.125738 1.249571 0.7990122 1.134886 1.944383 2.654717
-9999 -9999 -9999 -9999 -9999 -9999 -9999 -9999 -9999 -9999 -9999 -9999 -9999 2.014057 2.263326 3.005853 3.987588 1.534176 1.298636 1.410789 1.428076 1.470616 1.428077 1.662238 0.4967722 0.3864744 0.5969342 0.6192976 1.868595 1.753473 2.699763 1.544329 1.884639 1.836623 1.562182 1.674031 2.286154 3.035616 2.705013 2.666764 2.719937 2.561006 3.165843 5.31688 3.938622 2.773811 3.175352 3.184346 4.426733 5.191128 4.414134 3.234711 3.513289 3.593388 3.854713 2.01522 0.7271209 0.4496558 0.4843578 0.3072095 0.5206898 0.5185844 0.3917491 0.5866472 0.988327 0.7932221 0.977701 1.800014 1.317554 1.646986 1.367644
-9999 -9999 -9999 -9999 -9999 -9999 -9999 -9999 -9999 -9999 -9999 -9999 -9999 -9999 2.831867 2.461871 2.537833 2.705614 1.398838 1.377058 1.014214 1.092406 1.878619 0.9554157 1.646085 1.153661 0.5593754 1.532023 1.297285 1.968414 1.929949 2.194071 2.076262 1.543248 1.903107 2.284585 2.827198 2.712106 3.115149 2.751173 3.122623 3.821771 3.365829 4.103601 3.616711 3.711983 3.675119 4.459922 4.39189 5.055328 4.12839 2.645102 3.225912 2.952361 2.119695 2.053494 0.7910429 0.4539053 0.3007706 0.2196209 0.27062 0.3615809 0.376208 0.7353501 0.4633458 0.9399143 1.015581 1.346886 0.5902818 0.8638482 0.8196889
-9999 -9999 -9999 -9999 -9999 -9999 -9999 -9999 -9999 -9999 -9999 -9999 -9999 -9999 -9999 0.9599388 3.416158 3.931539 3.013362 1.937313 1.299109 1.767721 1.719514 1.325837 2.137104 2.04365 0.4642892 1.008018 0.9096447 1.52837 2.347911 1.559318 1.272678 1.6077 2.106791 2.622292 2.839832 2.985691 3.179842 3.387649 3.497761 3.536638 4.181866 4.167813 5.313103 5.39074 4.638522 5.735427 4.547883 4.961926 3.8352 2.33159 3.483694 2.669858 2.657204 1.367899 0.7549449 0.4623571 0.5141865 0.1455655 0.3133933 0.4014939 0.2475727 0.6146537 0.7697453 0.5143533 0.6971365 0.5358561 0.6397471 0.7317401 1.202641
-9999 -9999 -9999 -9999 -9999 -9999 -9999 -9999 -9999 -9999 -9999 -9999 -9999 -9999 -9999 -9999 -9999 -9999 3.46576 2.363507 2.668819 1.877389 1.602941 1.938533 1.053813 1.563252 0.66036 0.6473466 1.352631 2.399255 2.542813 1.664624 1.540343 2.127413 2.560444 2.153416 2.991064 2.677242 2.723813 3.273809 2.787705 3.345245 3.734326 4.367666 4.067281 4.982579 4.507145 5.398875 5.737658 5.750437 3.577077 3.027127 2.154524 2.124429 2.955529 1.630514 1.164782 0.7551624 0.2189215 0.2364129 0.4142506 0.2680651 0.591459 0.8148838 0.7186086 0.8980612 0.3674304 0.4307645 0.5456068 0.5394323 0.8648128
-9999 -9999 -9999 -9999 -9999 -9999 -9999 -9999 -9999 -9999 -9999 -9999 -9999 -9999 -9999 -9999 -9999 -9999 -9999 2.121108 2.099734 1.963602 1.649554 1.342035 1.30514 1.839119 2.077194 1.339877 2.457715 3.375313 5.116818 1.811318 2.66439 1.560024 2.306854 2.270626 2.729963 2.459368 2.890059 3.066836 2.6285 3.441715 3.557079 4.382985 4.472369 5.001671 5.679341 5.276297 5.619486 4.771834 2.518 1.969363 2.057481 2.418629 2.899174 1.987382 0.532039 0.6402972 0.2224252 0.3146699 0.2185567 0.2277327 0.6008757 0.4330595 0.6162008 0.596102 0.9836904 0.6314184 0.4311329 0.5586004 1.513073
-9999 -9999 -9999 -9999 -9999 -9999 -9999 -9999 -9999 -9999 -9999 -9999 -9999 -9999 -9999 -9999 -9999 -9999 -9999 2.126045 2.857714 3.270284 2.925612 1.670588 1.830664 2.136971 1.598131 1.374812 1.619756 2.09302 2.104262 2.53715 2.517485 2.762614 2.680032 2.440088 2.248464 2.344032 2.578299 3.14465 3.259508 3.462619 5.649487 5.262486 4.902184 4.226929 4.659949 3.49711 3.921284 5.140379 2.577098 2.119952 2.240926 2.619287 2.190246 1.592476 0.4656183 0.4714293 0.2030563 0.3328227 0.2683577 0.4572718 0.8254697 0.49931 0.4793206 0.5695146 0.5132793 0.37767 0.7440301 1.517767 2.482141
-9999 -9999 -9999 -9999 -9999 -9999 -9999 -9999 -9999 -9999 -9999 -9999 -9999 -9999 -9999 -9999 -9999 -9999 -9999 -9999 1.935362 1.647561 2.556295 1.472589 1.911512 1.494223 1.536363 1.873173 2.190041 3.509619 2.405381 2.143943 3.377044 3.847021 5.623897 3.411531 4.058108 1.620846 2.468461 2.126285 2.562124 4.243921 6.781901 4.573423 5.701886 3.107709 3.195326 3.113353 5.385049 4.07061 2.317043 1.945819 2.536819 2.620834 2.163012 1.269821 0.3150308 0.1442645 0.1979815 0.2007808 0.4560658 0.3297553 0.4241111 0.6523584 0.6239772 0.6401305 0.6633374 0.4482704 0.4396631 1.914111 0.5532579
-9999 -9999 -9999 -9999 -9999 -9999 -9999 -9999 -9999 -9999 -9999 -9999 -9999 -9999 -9999 -9999 -9999 -9999 -9999 -9999 -9999 0.6971608 1.817875 2.383128 3.348548 2.03185 2.449674 2.351918 1.954557 3.658876 3.584266 4.044394 3.99854 3.168036 3.035362 3.188836 5.485825 2.233757 1.858733 2.043555 2.700336 3.23586 3.535335 6.588073 3.474851 5.461376 4.662499 4.329541 4.573645 4.299516 2.33257 2.047638 2.895075 1.718009 1.900495 0.6536209 0.4077223 0.1584483 0.3672389 0.2400675 0.290758 0.2619792 0.5950419 0.7021462 0.6255441 0.9019104 0.4721422 0.346999 0.4102516 0.7336926 0.5323464
-9999 -9999 -9999 -9999 -9999 -9999 -9999 -9999 -9999 -9999 -9999 -9999 -9999 -9999 -9999 -9999 -9999 -9999 -9999 -9999 -9999 1.74767 0.8556939 4.408348 4.108253 2.166759 2.788497 3.189159 1.384802 2.950395 2.908262 3.340912 3.07757 2.679469 2.780743 3.022103 5.349908 3.700876 2.29172 3.463698 3.688659 2.46058 2.545675 4.131011 6.044193 4.902513 5.299715 4.341072 4.346536 4.319624 1.632748 1.996364 2.663034 1.741351 1.084277 0.5068883 0.2589426 0.3236095 0.2698113 0.1867478 0.3247895 0.3730353 0.6447135 0.6041591 0.8693048 0.793991 0.5789111 0.8490456 0.8796997 0.5145797 0.5997686
-9999 -9999 -9999 -9999 -9999 -9999 -9999 -9999 -9999 -9999 -9999 -9999 -9999 -9999 -9999 -9999 -9999 -9999 -9999 -9999 -9999 -9999 1.242244 0.893115 6.323911 3.800084 3.023748 2.543542 1.078468 1.037757 2.37738 1.523071 3.134643 3.295178 3.063739 4.353553 4.16681 4.581198 3.5788 3.766424 3.027499 2.00826 3.067081 4.139274 4.819407 3.566525 2.946249 2.958249 4.88222 3.936516 3.842385 2.922835 2.003289 1.805818 0.4144357 0.2668122 0.145457 0.1796726 0.3423961 0.3253797 0.4016322 0.2468364 0.6048121 0.5355836 1.17819 1.395797 0.6885988 0.7288885 1.20326 1.024881 0.4101107
-9999 -9999 -9999 -9999 -9999 -9999 -9999 -9999 -9999 -9999 -9999 -9999 -9999 -9999 -9999 -9999 -9999 -9999 -9999 -9999 -9999 -9999 -9999 0.8250949 3.92183 2.768206 4.385594 3.494714 1.077267 2.743059 2.542841 2.342624 2.105749 1.414509 3.828257 4.434472 4.879355 5.049507 3.512833 2.913776 2.072523 2.327816 2.137497 2.27837 2.622399 2.370471 2.528635 2.420716 4.193725 5.351417 2.667617 2.145689 1.924376 0.9521337 0.6030686 0.2538553 0.1902121 0.3366478 0.3399972 0.4008999 0.3688205 0.3055039 0.4238549 0.3030855 0.3958293 1.114969 0.3435723 1.41407 1.268753 1.133078 0.4564127
-9999 -9999 -9999 -9999 -9999 -9999 -9999 -9999 -9999 -9999 -9999 -9999 -9999 -9999 -9999 -9999 -9999 -9999 -9999 -9999 -9999 -9999 -9999 1.133764 5.001001 4.021341 4.734869 4.965221 1.08903 4.061889 3.579148 3.096408 2.613667 2.130926 1.574419 4.141497 3.01382 4.377544 3.509858 3.618484 1.951388 1.566846 2.188689 1.972786 1.694318 1.451521 2.364811 3.049877 4.186504 6.375826 4.213406 1.985156 1.068378 0.726548 0.3561977 0.3078689 0.286677 0.3264522 0.3019942 0.3080257 0.395073 0.2958007 0.6806922 0.387168 0.3816361 0.4143768 0.7034748 0.9556301 1.232126 0.4953353 0.3820581
-9999 -9999 -9999 -9999 -9999 -9999 -9999 -9999 -9999 -9999 -9999 -9999 -9999 -9999 -9999 -9999 -9999 -9999 -9999 -9999 -9999 -9999 -9999 2.82376 2.916608 5.396481 4.479061 2.907165 2.636006 1.181765 1.375516 1.569266 1.763016 1.956767 2.150517 2.344268 2.575618 2.179001 2.644758 3.83969 2.35786 2.178911 2.045478 2.199079 1.552734 1.30682 3.064369 2.937943 3.204904 3.366945 2.610236 2.184569 0.6690455 0.2615723 0.2005986 0.2361343 0.2013223 0.3144045 0.3126232 0.237066 0.4269265 0.3610617 0.5223935 0.400365 0.335138 0.4495913 0.4977452 0.4311768 0.9705154 0.8684649 0.5241061
-9999 -9999 -9999 -9999 -9999 -9999 -9999 -9999 -9999 -9999 -9999 -9999 -9999 -9999 -9999 -9999 -9999 -9999 -9999 -9999 -9999 -9999 -9999 -9999 5.560406 5.151559 4.202577 2.255551 3.69442 0.8527127 0.8458179 0.838923 0.8320282 0.8251333 0.8182384 0.8113436 0.8044487 2.905235 3.513718 4.290342 2.655497 2.577311 2.013669 2.472683 2.366731 2.385684 3.009646 2.38044 4.224837 2.373747 1.606141 0.8971686 0.3492716 0.2165755 0.2247988 0.2454959 0.2535112 0.2485071 0.2606244 0.3395503 0.3979836 0.3876789 0.5007573 0.3839057 0.4139912 0.5114213 0.4890405 0.558735 0.5057704 0.5039612 1.019743
-9999 -9999 -9999 -9999 -9999 -9999 -9999 -9999 -9999 -9999 -9999 -9999 -9999 -9999 -9999 -9999 -9999 -9999 -9999 -9999 -9999 -9999 -9999 1.077621 1.470459 2.12248 5.07158 2.455822 2.63602 0.7383093 1.271849 1.266544 1.26124 1.255935 1.25063 1.245326 1.240021 2.078988 2.405341 3.418139 3.468315 3.531431 2.732459 2.743959 3.28009 2.793796 1.929956 2.390682 4.162371 1.042728 0.7479748 0.4022718 0.1711572 0.4499131 0.2099158 0.2027811 0.3376312 0.3515467 0.3418432 0.3532369 0.3183458 0.4239817 0.4786613 0.3979784 0.3621446 0.4424929 0.4527519 0.5221278 0.5496706 0.6407652 0.4874255
-9999 -9999 -9999 -9999 -9999 -9999 -9999 -9999 -9999 -9999 -9999 -9999 -9999 -9999 -9999 -9999 -9999 -9999 -9999 -9999 -9999 -9999 -9999 1.600564 1.047548 4.077501 2.848966 2.313642 1.997993 3.308758 1.167163 1.243472 1.31978 1.396089 1.472398 1.548707 1.625016 0.7595516 2.173448 4.344764 3.871683 2.907678 3.286342 2.744518 2.138606 2.074317 1.775578 1.734476 2.41191 2.571959 0.4309213 0.198871 0.2705441 0.2670148 0.2377902 0.2185565 0.3026211 0.319256 0.2758453 0.4020399 0.3373455 0.5777361 0.4288181 0.398092 0.4310764 0.4122926 0.4613344 0.4679545 0.5847931 0.5744853 0.6028577
-9999 -9999 -9999 -9999 -9999 -9999 -9999 -9999 -9999 -9999 -9999 -9999 -9999 -9999 -9999 -9999 -9999 -9999 -9999 -9999 -9999 -9999 -9999 1.680904 1.014368 3.59701 3.402686 2.796605 2.066919 1.80905 2.498607 2.390573 2.282538 2.174504 2.066469 1.958435 1.850401 1.742366 1.634332 2.963333 2.546481 2.055422 3.15089 1.923114 1.837239 1.516295 1.305674 2.341227 2.950251 1.03809 0.2230213 0.3742898 0.2148231 0.2819542 0.3289264 0.2754174 0.3023625 0.3757011 0.2847112 0.414517 0.3087441 0.561688 0.3955881 0.3764655 0.4138449 0.3926243 0.5629747 0.5855623 0.5855564 0.4721473 0.5607418
-9999 -9999 -9999 -9999 -9999 -9999 -9999 -9999 -9999 -9999 -9999 -9999 -9999 -9999 -9999 -9999 -9999 -9999 -9999 -9999 -9999 -9999 -9999 1.737057 1.308939 3.129234 2.513935 2.470284 2.358317 1.891915 2.508454 1.092432 1.290149 1.334493 1.378837 1.423181 1.467525 1.511869 1.556213 1.600557 1.83851 1.569076 1.527738 1.413495 1.352797 0.9300734 1.275044 1.670345 0.4942728 0.2754783 0.2935015 0.4574145 0.3199206 0.2997192 0.3345968 0.3746569 0.3618626 0.3870961 0.3046485 0.3091506 0.3296601 0.4629486 0.3468545 0.3635942 0.4206688 0.3655261 0.4544812 0.5006367 0.5179539 0.4602375 0.6036189
-9999 -9999 -9999 -9999 -9999 -9999 -9999 -9999 -9999 -9999 -9999 -9999 -9999 -9999 -9999 -9999 -9999 -9999 -9999 -9999 -9999 -9999 -9999 -9999 -9999 2.067995 4.170014 2.62478 2.239009 1.916023 1.990848 2.147489 1.97122 2.920854 2.700822 2.48079 2.260758 2.040727 1.820695 1.600663 1.380632 1.92256 1.338031 1.524421 0.6294433 1.0877 0.4525 0.879952 0.3634514 0.2187876 0.2822093 0.2574359 0.2500393 0.3920091 0.3912666 0.4543843 0.3838243 0.4444228 0.4109704 0.2665313 0.3142866 0.4581497 0.4345456 0.439406 0.3870435 0.377875 0.4477576 0.5351669 0.3870184 0.4974889 0.4936891
-9999 -9999 -9999 -9999 -9999 -9999 -9999 -9999 -9999 -9999 -9999 -9999 -9999 -9999 -9999 -9999 -9999 -9999 -9999 -9999 -9999 -9999 -9999 -9999 -9999 0.9150088 2.999614 2.511818 2.396597 2.049912 1.646714 2.44509 2.34228 1.241936 1.31166 1.381384 1.451109 1.520833 1.590558 1.660282 1.730006 1.799731 1.68766 2.144559 0.8533123 0.7068098 0.2488707 0.3556051 0.29148 0.3490608 0.3318454 0.3237976 0.3039079 0.3975091 0.4373278 0.4933969 0.3731501 0.4338888 0.4765043 0.2882153 0.4288556 0.3425913 0.4042157 0.4128709 0.4343432 0.4222637 0.3607707 0.3713117 0.3937221 0.4804084 0.5224265
