STOTEN_Data/raw/no3_preds_3d_direct_extract400ft_121m.asc
ncols         206
nrows         674
xllcorner     -2235500
yllcorner     1580500
cellsize      1000
NODATA_value  -9999
[rows 576 to 607 of 674, columns 71 to 141 of 206]
-9999 -9999 -9999 -9999 -9999 -9999 -9999 -9999 -9999 -9999 -9999 -9999 -9999 -9999 -9999 -9999 -9999 -9999 -9999 -9999 -9999 -9999 -9999 0.7138236 0.8652145 -9999 -9999 -9999 -9999 -9999 -9999 -9999 -9999 -9999 0.5192423 -9999 -9999 2.520631 1.649657 1.528951 1.509858 0.4279006 1.32079 0.9187877 0.9448661 0.9864411 0.7345022 1.236767 1.798206 2.82926 3.121533 3.168898 2.617326 3.29469 1.580667 0.9985433 0.8396154 0.4370202 0.3666149 0.2334408 0.1727975 0.3342949 0.3638111 0.2759295 0.4421906 0.3554432 0.393748 0.9308205 1.062718 0.754872 0.6968313
-9999 -9999 -9999 -9999 -9999 -9999 -9999 -9999 -9999 -9999 -9999 -9999 -9999 -9999 -9999 -9999 -9999 -9999 -9999 -9999 -9999 -9999 1.645462 1.586218 0.6573656 -9999 -9999 -9999 -9999 0.9270222 -9999 -9999 -9999 -9999 0.7946559 0.362821 1.780609 2.234219 1.791423 2.117937 2.331845 1.617574 1.007896 1.920702 1.240565 1.858046 2.036206 2.317988 2.958522 3.272719 2.826206 2.793963 2.923678 2.875053 1.582066 0.7954339 0.8604034 0.6231833 0.5979641 0.3913427 0.2479125 0.3521552 0.4801158 0.4640085 0.5225422 0.522156 0.6562468 0.7296795 0.8031121 0.7546384 0.5952335
-9999 -9999 -9999 -9999 -9999 -9999 -9999 -9999 -9999 -9999 -9999 -9999 -9999 -9999 -9999 -9999 -9999 -9999 -9999 -9999 -9999 -9999 -9999 1.92812 0.8524539 -9999 -9999 -9999 -9999 0.6932709 1.276968 -9999 -9999 -9999 -9999 -9999 2.11893 2.147522 0.9536585 1.016954 1.94163 1.862629 0.8823502 1.24707 1.080158 1.679736 3.086692 1.983647 2.045957 1.615821 2.403992 2.959562 2.260886 3.116051 1.816538 0.8246621 0.9007399 0.8072518 0.8938237 0.4322583 0.2623077 0.4128182 0.4162128 0.376581 0.4864855 0.4927285 0.5777295 0.6078621 0.6379946 0.5275306 0.6707709
-9999 -9999 -9999 -9999 -9999 -9999 -9999 -9999 -9999 -9999 -9999 -9999 -9999 -9999 -9999 -9999 -9999 -9999 -9999 -9999 -9999 -9999 -9999 2.47884 1.813426 2.297622 2.313849 -9999 -9999 2.988025 4.714969 3.443801 -9999 -9999 -9999 -9999 2.904974 2.596029 1.629158 1.974051 2.159857 1.706549 1.658832 2.411111 2.452933 2.640995 1.827921 1.80136 1.663914 2.242147 2.234862 2.652856 2.903658 3.273651 1.680997 1.012635 0.5980074 0.6901042 0.5727618 0.3514411 0.406455 0.3050433 0.2872303 0.3476546 0.3715578 0.5631157 0.5552074 0.5895848 0.4958199 0.4810909 0.5925772
-9999 -9999 -9999 -9999 -9999 -9999 -9999 -9999 -9999 -9999 -9999 -9999 -9999 -9999 -9999 -9999 -9999 -9999 -9999 -9999 -9999 -9999 -9999 -9999 1.911252 2.791947 2.446445 1.411797 2.615282 3.47909 2.059941 4.115665 -9999 -9999 -9999 1.201988 0.7897822 1.665275 2.716942 1.748475 1.503075 1.997233 2.70689 0.9172616 2.489356 2.380142 2.595506 1.730664 1.190027 1.340456 1.226292 1.707639 2.508871 2.650878 2.220097 1.072049 0.9279608 1.081619 0.8989552 0.6489458 0.3973642 0.2998231 0.2494802 0.2610283 0.3822677 0.5569239 0.3217078 0.3736744 0.5548353 0.4333501 0.5448438
-9999 -9999 -9999 -9999 -9999 -9999 -9999 -9999 -9999 -9999 -9999 -9999 -9999 -9999 -9999 -9999 -9999 -9999 -9999 -9999 -9999 -9999 -9999 -9999 -9999 2.334912 2.476091 2.527167 2.412328 2.489466 2.340823 1.821126 2.092924 0.6837621 1.955045 1.948887 1.855197 1.046072 1.344555 1.014451 1.672696 2.12511 2.582192 1.326916 2.291513 2.636555 2.376838 2.090841 1.223093 2.409472 1.47474 1.180015 1.189585 1.727187 1.593775 1.34175 0.974467 1.019027 1.186916 0.6293927 0.4378755 0.3637524 0.345593 0.2378488 0.217741 0.2188544 0.2910537 0.5904475 0.621485 0.4926749 0.439761
-9999 -9999 -9999 -9999 -9999 -9999 -9999 -9999 -9999 -9999 -9999 -9999 -9999 -9999 -9999 -9999 -9999 -9999 -9999 -9999 -9999 -9999 -9999 -9999 -9999 2.082666 2.017279 1.871039 2.214293 2.082693 2.558011 2.152092 1.532521 2.207003 1.078888 1.071918 0.9425042 1.077397 1.126503 2.137239 1.725749 1.497035 2.024052 2.320081 2.415164 2.366967 2.443796 2.562708 2.395397 1.531327 1.599814 1.086136 1.188413 1.181253 1.471668 1.577316 1.053362 0.6660287 0.7531161 0.9720049 0.5552081 0.5595376 0.4048463 0.3468174 0.3685986 0.3588218 0.2422269 0.3277933 0.2853141 0.3322628 0.4021204
-9999 -9999 -9999 -9999 -9999 -9999 -9999 -9999 -9999 -9999 -9999 -9999 -9999 -9999 -9999 -9999 -9999 -9999 -9999 -9999 -9999 -9999 -9999 -9999 -9999 -9999 -9999 1.989716 2.319372 3.624512 4.314188 3.202349 2.752229 2.107897 1.435454 1.171442 1.83391 2.004987 2.239926 2.461897 3.010496 2.662105 2.83877 2.907031 2.179972 2.237116 2.306529 2.58902 2.53052 2.291888 0.9283012 0.8335149 1.452292 0.8611163 1.345716 1.649431 0.8745651 0.5875229 0.8410916 1.391668 0.8734254 0.6162928 0.4675432 0.638491 0.3946916 0.3220265 0.2387679 0.3248489 0.3127931 0.3072764 0.332241
-9999 -9999 -9999 -9999 -9999 -9999 -9999 -9999 -9999 -9999 -9999 -9999 -9999 -9999 -9999 -9999 -9999 -9999 -9999 -9999 -9999 -9999 -9999 -9999 -9999 -9999 -9999 -9999 -9999 2.790111 2.300664 3.781328 3.382985 2.323367 2.136487 2.117629 2.151713 2.093234 1.909956 2.883735 3.745621 2.577898 3.105622 2.723318 1.910022 2.194032 2.367758 2.61342 3.114855 2.14623 1.923841 0.7798749 1.459602 0.9467395 1.607341 1.202806 1.000983 0.6023118 0.8303524 1.205036 1.15515 0.6457906 0.5159292 0.4790154 0.3343425 0.2913372 0.2132867 0.3421122 0.3326455 0.338353 0.3613662
-9999 -9999 -9999 -9999 -9999 -9999 -9999 -9999 -9999 -9999 -9999 -9999 -9999 -9999 -9999 -9999 -9999 -9999 -9999 -9999 -9999 -9999 -9999 -9999 -9999 -9999 -9999 -9999 -9999 -9999 -9999 2.376378 1.872152 1.676073 2.549548 2.173449 2.250899 2.177429 1.697721 1.79876 2.74622 2.70051 2.533997 2.583285 1.980068 2.073123 2.325531 2.565613 1.621424 2.321022 2.579585 0.6893415 1.338634 1.616205 1.374387 0.9167662 0.7723736 0.5654727 0.8883367 1.298518 0.7491402 0.6859847 0.4324843 0.4492772 0.4761453 0.2934995 0.2629069 0.2630451 0.2693104 0.2800051 0.3214583
-9999 -9999 -9999 -9999 -9999 -9999 -9999 -9999 -9999 -9999 -9999 -9999 -9999 -9999 -9999 -9999 -9999 -9999 -9999 -9999 -9999 -9999 -9999 -9999 -9999 -9999 -9999 -9999 -9999 -9999 -9999 1.959266 1.592773 2.114963 2.269746 2.567833 3.693562 2.046198 1.918514 1.613334 1.363827 3.056209 2.891635 1.745629 1.53156 2.123549 2.340601 2.735515 2.335029 2.39682 2.961809 1.844327 0.7952144 1.02611 1.407775 1.322928 0.8896639 0.60641 1.40313 1.859159 0.6543543 0.7546292 0.6408198 0.8715033 0.6186286 0.4984449 0.3021415 0.3310206 0.3858869 0.3231461 0.3157041
-9999 -9999 -9999 -9999 -9999 -9999 -9999 -9999 -9999 -9999 -9999 -9999 -9999 -9999 -9999 -9999 -9999 -9999 -9999 -9999 -9999 -9999 -9999 -9999 -9999 -9999 -9999 -9999 -9999 -9999 -9999 -9999 -9999 2.021683 1.990013 2.286309 2.811185 2.618257 2.753032 2.346376 2.590868 2.67151 2.087774 1.288888 0.8324084 2.120852 3.278497 2.998899 2.362292 2.277298 1.449578 1.257919 0.6922675 0.6590133 1.946845 1.868208 1.275688 0.6207755 0.5360142 1.246031 1.472761 0.4581333 0.4872155 0.8676006 0.7155797 0.4806852 0.3006241 0.3627391 0.4999146 0.5372018 0.7199293
-9999 -9999 -9999 -9999 -9999 -9999 -9999 -9999 -9999 -9999 -9999 -9999 -9999 -9999 -9999 -9999 -9999 -9999 -9999 -9999 -9999 -9999 -9999 -9999 -9999 -9999 -9999 -9999 -9999 -9999 -9999 -9999 -9999 1.079951 2.234714 3.267858 2.398145 2.846376 2.001537 2.558615 1.95015 2.536122 2.119497 0.6056145 0.5992857 2.300333 2.169739 2.721197 2.237487 1.276987 0.6023668 0.6618348 0.6959153 0.931206 1.600351 1.280335 1.464708 0.9584385 0.665865 0.9248633 0.9739686 0.9192737 0.6112922 0.3441999 0.5395921 0.7483345 0.7508598 0.5010746 0.4568952 0.5122793 0.6704326
-9999 -9999 -9999 -9999 -9999 -9999 -9999 -9999 -9999 -9999 -9999 -9999 -9999 -9999 -9999 -9999 -9999 -9999 -9999 -9999 -9999 -9999 -9999 -9999 -9999 -9999 -9999 -9999 -9999 -9999 -9999 -9999 -9999 -9999 1.361453 3.168566 2.34197 1.942204 1.921986 2.72331 3.070136 2.522432 2.245392 1.004318 1.243873 2.141488 3.263892 1.989038 1.525486 0.8357987 0.5339661 0.5305122 0.5023245 1.359228 1.498256 1.906846 1.607006 1.505328 1.021165 0.7734366 0.8933163 0.6803644 0.7306302 0.4262841 0.3519294 0.3472233 0.3639661 0.3602089 0.3289027 0.3640075 0.4475228
-9999 -9999 -9999 -9999 -9999 -9999 -9999 -9999 -9999 -9999 -9999 -9999 -9999 -9999 -9999 -9999 -9999 -9999 -9999 -9999 -9999 -9999 -9999 -9999 -9999 -9999 -9999 -9999 -9999 -9999 -9999 -9999 -9999 -9999 2.102494 0.9620196 0.8949134 1.247442 2.012397 1.910328 2.376811 2.738312 2.888097 1.837411 2.521012 2.753627 2.558846 1.107567 1.1147 0.7020003 0.6526365 0.5760575 0.6680192 1.449591 1.522939 2.806946 1.619339 1.293771 0.8290701 0.7510949 0.6444349 0.3769255 0.6776061 0.4325044 0.6170705 0.5498074 0.5559262 0.3181998 0.2860187 0.3762623 0.4116322
-9999 -9999 -9999 -9999 -9999 -9999 -9999 -9999 -9999 -9999 -9999 -9999 -9999 -9999 -9999 -9999 -9999 -9999 -9999 -9999 -9999 -9999 -9999 -9999 -9999 -9999 -9999 -9999 -9999 -9999 -9999 -9999 -9999 -9999 -9999 0.7627761 0.7334955 0.815267 0.8486411 0.756276 0.705269 0.8978119 1.883483 2.298816 2.204277 2.711967 2.296673 0.7965351 0.8952556 1.320019 0.8092551 0.8165066 0.8138942 0.8008102 1.708561 2.513986 2.767218 2.385149 1.0618 0.6523466 0.5602211 0.3028956 0.543284 0.4182388 0.383004 0.3743823 0.3572432 0.2906346 0.3306465 0.8479864 0.974218
-9999 -9999 -9999 -9999 -9999 -9999 -9999 -9999 -9999 -9999 -9999 -9999 -9999 -9999 -9999 -9999 -9999 -9999 -9999 -9999 -9999 -9999 -9999 -9999 -9999 -9999 -9999 -9999 -9999 -9999 -9999 -9999 -9999 -9999 -9999 0.9252661 0.8921849 0.7835249 0.8797393 0.9354941 1.006671 0.8995881 0.9535615 1.431959 1.255395 1.949045 2.035309 1.086014 1.10783 1.248634 1.061789 0.855111 0.938401 0.9145719 1.161495 1.491235 2.753448 1.116025 0.8728787 0.8049732 0.6275756 0.4841978 0.4038291 0.6609817 0.4916123 0.4142551 0.3602551 0.2835123 0.3042573 0.8582416 0.7396159
-9999 -9999 -9999 -9999 -9999 -9999 -9999 -9999 -9999 -9999 -9999 -9999 -9999 -9999 -9999 -9999 -9999 -9999 -9999 -9999 -9999 -9999 -9999 -9999 -9999 -9999 -9999 -9999 -9999 -9999 -9999 -9999 -9999 -9999 -9999 0.7847875 0.8362516 0.822905 0.9687128 0.9885285 0.9939336 0.8515807 0.9685826 1.009853 1.124656 1.031949 1.047876 1.235287 1.219247 2.332959 3.703377 2.800589 3.307488 0.7015622 1.335991 1.637787 1.562599 1.22268 0.7449889 0.8514416 0.5400691 0.3175267 0.2868001 0.4549717 0.4644062 0.4160503 0.39791 0.3511423 0.2484943 0.5163879 0.4689355
-9999 -9999 -9999 -9999 -9999 -9999 -9999 -9999 -9999 -9999 -9999 -9999 -9999 -9999 -9999 -9999 -9999 -9999 -9999 -9999 -9999 -9999 -9999 -9999 -9999 -9999 -9999 -9999 -9999 -9999 -9999 -9999 -9999 -9999 -9999 0.5887983 0.7061606 0.8590915 0.9147181 1.021949 0.9152604 1.18516 1.111173 0.911438 1.132409 1.071796 1.27553 1.537151 1.744677 4.284553 3.556416 3.206372 3.611426 2.632791 1.357305 1.991313 2.457891 0.9502606 0.8930158 0.7502784 0.2843039 0.5857359 0.2888764 0.4271136 0.2505082 0.4631246 0.4013373 0.4443602 0.4618271 0.6026022 0.4436194
-9999 -9999 -9999 -9999 -9999 -9999 -9999 -9999 -9999 -9999 -9999 -9999 -9999 -9999 -9999 -9999 -9999 -9999 -9999 -9999 -9999 -9999 -9999 -9999 -9999 -9999 -9999 -9999 -9999 -9999 -9999 -9999 -9999 -9999 0.8947173 0.584711 0.7020445 0.8749549 0.9537388 1.013455 1.200144 0.8504952 0.9770786 1.120561 0.8896759 1.189606 1.300889 3.166192 2.483482 2.705518 4.340293 2.629573 3.690906 3.797295 1.153738 1.990921 1.246096 0.7534995 1.372549 1.340091 0.7749741 0.7264954 0.437831 0.6720563 0.6554006 0.7278613 0.4663991 0.6028888 0.7547182 1.311569 0.4376025
-9999 -9999 -9999 -9999 -9999 -9999 -9999 -9999 -9999 -9999 -9999 -9999 -9999 -9999 -9999 -9999 -9999 -9999 -9999 -9999 -9999 -9999 -9999 -9999 -9999 -9999 -9999 -9999 -9999 -9999 -9999 -9999 -9999 -9999 1.009886 0.8326834 0.7547467 0.8387651 0.8142336 0.7211981 1.16832 0.9101026 1.072798 1.203871 1.140701 1.150837 3.105644 3.384009 3.189734 3.952199 3.63984 2.815721 3.527378 3.226811 2.776561 2.312997 1.507593 1.6742 1.050171 0.996 0.805453 0.8781006 0.326077 0.2405916 0.2861268 0.4237531 0.6562656 0.4434103 0.5172974 0.9330993 0.644688
-9999 -9999 -9999 -9999 -9999 -9999 -9999 -9999 -9999 -9999 -9999 -9999 -9999 -9999 -9999 -9999 -9999 -9999 -9999 -9999 -9999 -9999 -9999 -9999 -9999 -9999 -9999 -9999 -9999 -9999 -9999 -9999 -9999 -9999 0.7003204 1.023771 0.7832182 0.9059 1.017255 0.8112534 1.072376 0.9696631 1.308513 1.391125 1.25223 1.287724 3.613874 2.659135 2.811136 3.292692 2.614248 2.859788 2.636301 2.594158 2.870849 2.490759 2.326338 2.262181 1.086575 1.35901 1.334412 0.6890029 0.3065516 0.2977685 0.4002912 0.6791884 0.8191199 0.9984295 0.4596822 0.6981261 0.65492
-9999 -9999 -9999 -9999 -9999 -9999 -9999 -9999 -9999 -9999 -9999 -9999 -9999 -9999 -9999 -9999 -9999 -9999 -9999 -9999 -9999 -9999 -9999 -9999 -9999 -9999 -9999 -9999 -9999 -9999 -9999 -9999 -9999 -9999 1.04812 0.6578634 0.7623318 1.007923 0.8925513 0.8458109 0.7160149 1.251761 1.022196 1.172705 1.075262 1.117879 1.035109 3.588471 3.464874 2.339163 2.464158 3.564157 2.520642 4.006195 2.975626 2.938234 3.395902 2.114601 1.530249 1.338336 1.391967 0.6412574 0.4380444 0.514863 0.3913267 0.5076901 0.4913469 0.4599878 0.5902687 1.653282 1.047969
-9999 -9999 -9999 -9999 -9999 -9999 -9999 -9999 -9999 -9999 -9999 -9999 -9999 -9999 -9999 -9999 -9999 -9999 -9999 -9999 -9999 -9999 -9999 -9999 -9999 -9999 -9999 -9999 -9999 -9999 -9999 -9999 -9999 -9999 -9999 1.008982 0.8278692 0.8672624 0.8561434 0.8018678 1.561442 1.920763 1.228874 1.389736 1.158815 0.9044525 0.9821564 3.931051 3.226837 3.282739 2.257488 2.425648 2.427607 2.577746 2.507079 2.628896 2.730752 2.234119 1.028152 1.334456 1.375855 0.6727811 0.3103417 0.2869036 0.2748611 0.4425463 0.5225227 0.3240216 1.167772 1.287255 1.026536
-9999 -9999 -9999 -9999 -9999 -9999 -9999 -9999 -9999 -9999 -9999 -9999 -9999 -9999 -9999 -9999 -9999 -9999 -9999 -9999 -9999 -9999 -9999 -9999 -9999 -9999 -9999 -9999 -9999 -9999 -9999 -9999 -9999 -9999 -9999 1.611034 1.182384 1.622571 1.410079 0.9393515 0.9230461 0.9514349 0.8911868 1.070546 1.132753 0.7142151 0.9158072 0.9207739 1.845257 2.678077 2.784852 3.525627 3.137513 2.46957 3.075308 2.844638 2.831398 1.44971 0.9153837 1.629351 1.32357 0.5439979 0.3359832 0.2745742 0.3614146 0.3821579 0.4387399 0.6580385 0.9467596 1.416818 1.313312
-9999 -9999 -9999 -9999 -9999 -9999 -9999 -9999 -9999 -9999 -9999 -9999 -9999 -9999 -9999 -9999 -9999 -9999 -9999 -9999 -9999 -9999 -9999 -9999 -9999 -9999 -9999 -9999 -9999 -9999 -9999 -9999 -9999 -9999 -9999 -9999 1.288021 1.300706 1.317963 0.9896264 0.9152179 2.23446 1.139394 1.007551 1.094656 0.9003827 2.088033 0.9766347 1.249887 3.223364 2.352363 2.83185 2.407477 2.219172 2.988534 2.73615 2.743877 2.385511 2.194773 1.23178 1.367167 0.5176652 0.2963255 0.3416001 0.4376675 0.4779285 0.4435288 0.4867902 0.3831882 1.046394 1.498497
-9999 -9999 -9999 -9999 -9999 -9999 -9999 -9999 -9999 -9999 -9999 -9999 -9999 -9999 -9999 -9999 -9999 -9999 -9999 -9999 -9999 -9999 -9999 -9999 -9999 -9999 -9999 -9999 -9999 -9999 -9999 -9999 -9999 -9999 -9999 -9999 -9999 -9999 -9999 0.9201254 0.858985 2.176202 1.131898 0.821303 0.9563853 1.191283 1.344552 0.9862152 0.9604436 1.216315 2.749079 2.155391 2.888782 2.591789 3.080136 2.484612 3.212033 2.259665 1.37139 1.17309 1.058429 0.9493924 0.5737242 0.3401563 0.4020387 0.3695896 0.3191596 0.2991622 0.239272 0.5023822 1.939311
-9999 -9999 -9999 -9999 -9999 -9999 -9999 -9999 -9999 -9999 -9999 -9999 -9999 -9999 -9999 -9999 -9999 -9999 -9999 -9999 -9999 -9999 -9999 -9999 -9999 -9999 -9999 -9999 -9999 -9999 -9999 -9999 -9999 -9999 -9999 -9999 -9999 -9999 -9999 0.9512303 0.9026149 0.8653507 0.9591274 1.085866 1.12373 1.170697 0.8997525 1.00673 0.9641672 2.210366 2.395596 2.28951 2.095829 2.461639 2.313387 3.100641 3.208473 2.320849 1.336717 1.164494 1.197823 1.147354 0.6068847 0.587302 1.100603 0.4291401 0.4714151 0.5427347 0.3601186 0.4050817 0.5723519
-9999 -9999 -9999 -9999 -9999 -9999 -9999 -9999 -9999 -9999 -9999 -9999 -9999 -9999 -9999 -9999 -9999 -9999 -9999 -9999 -9999 -9999 -9999 -9999 -9999 -9999 -9999 -9999 -9999 -9999 -9999 -9999 -9999 -9999 -9999 -9999 -9999 -9999 -9999 0.9515481 2.209038 2.269928 0.9647669 1.165155 2.550875 1.797793 0.8337363 0.9457257 0.9929262 2.047654 3.024576 2.184133 2.26713 2.492971 2.559249 3.026555 3.121335 2.478421 1.315135 1.142368 1.161526 1.02002 1.199976 1.741216 1.38121 1.034492 1.230233 0.9803883 0.3449424 0.4602447 0.2517444
-9999 -9999 -9999 -9999 -9999 -9999 -9999 -9999 -9999 -9999 -9999 -9999 -9999 -9999 -9999 -9999 -9999 -9999 -9999 -9999 -9999 -9999 -9999 -9999 -9999 -9999 -9999 -9999 -9999 -9999 -9999 -9999 -9999 -9999 -9999 -9999 -9999 -9999 -9999 1.112412 2.807839 2.123871 0.9565948 1.051917 1.480792 1.484469 0.9225408 0.7856526 0.7610601 2.005394 3.113847 2.290683 2.620085 2.763656 2.167401 3.013381 2.385964 2.998583 2.125783 1.651801 1.172218 0.7491052 0.2751396 1.718914 1.154189 1.392799 1.574086 0.9626063 0.5067061 0.3015989 0.4099639
-9999 -9999 -9999 -9999 -9999 -9999 -9999 -9999 -9999 -9999 -9999 -9999 -9999 -9999 -9999 -9999 -9999 -9999 -9999 -9999 -9999 -9999 -9999 -9999 -9999 -9999 -9999 -9999 -9999 -9999 -9999 -9999 -9999 -9999 -9999 -9999 -9999 -9999 -9999 1.079484 1.370549 1.491963 0.9941292 1.055544 1.044624 0.8768889 0.7186176 0.7888901 1.023731 2.107091 2.988981 3.02634 2.238604 2.264014 3.883782 3.630055 3.998425 3.055492 2.361647 1.823338 1.667347 1.104701 0.3367312 0.4616005 1.07144 0.7638524 1.225456 1.16469 1.129012 0.4866051 0.2956277
-9999 -9999 -9999 -9999 -9999 -9999 -9999 -9999 -9999 -9999 -9999 -9999 -9999 -9999 -9999 -9999 -9999 -9999 -9999 -9999 -9999 -9999 -9999 -9999 -9999 -9999 -9999 -9999 -9999 -9999 -9999 -9999 -9999 -9999 -9999 -9999 -9999 -9999 -9999 2.318549 1.206115 1.409282 1.563475 1.03459 1.064882 1.024016 0.7133266 0.8308161 0.8756284 1.676957 2.94697 2.726782 2.821246 3.541312 3.78267 3.394039 3.977509 2.650609 2.234627 1.727826 1.063862 1.061845 1.473393 0.9341695 1.350553 1.225427 0.834712 1.177904 0.7713378 0.9881139 0.9093919
