STOTEN_Data/raw/no3_preds_3d_direct_extract180ft_54m.asc
ncols         206
nrows         674
xllcorner     -2235500
yllcorner     1580500
cellsize      1000
NODATA_value  -9999
[rows 32 to 63 of 674, columns 0 to 70 of 206]
-9999 -9999 -9999 -9999 -9999 -9999 -9999 -9999 -9999 -9999 -9999 -9999 -9999 -9999 -9999 -9999 -9999 -9999 -9999 4.016459 3.42037 2.841478 3.367645 3.661089 3.771277 3.412484 1.753192 2.067557 2.682755 2.911693 2.909944 3.486669 4.032956 3.795097 3.855943 3.883244 4.140747 4.002711 4.29813 3.85367 3.447175 3.338161 3.61631 3.325678 3.462819 3.488002 3.2446 3.59336 4.122006 3.046019 2.969921 2.268623 1.427953 1.705348 1.663153 1.680753 1.390401 1.304747 1.486298 2.018461 2.155926 2.910516 2.843348 2.772305 -9999 -9999 -9999 -9999 -9999 -9999 -9999
-9999 -9999 -9999 -9999 -9999 -9999 -9999 -9999 -9999 -9999 -9999 -9999 -9999 -9999 -9999 -9999 -9999 -9999 -9999 -9999 4.549112 4.184118 4.427167 3.779578 1.854432 2.889514 3.367113 2.708157 2.815524 3.016596 3.400805 3.613624 3.568777 3.569574 3.325162 3.408067 3.29451 3.623857 4.532929 4.41817 4.420106 3.645338 3.171333 3.12768 3.86904 3.509398 3.184904 3.526509 4.829238 3.494161 2.356762 2.14604 2.095116 2.28632 1.747218 2.392408 1.62147 2.12715 1.704866 2.264791 2.134416 1.663354 3.002013 -9999 -9999 -9999 -9999 -9999 -9999 -9999 -9999
-9999 -9999 -9999 -9999 -9999 -9999 -9999 -9999 -9999 -9999 -9999 -9999 -9999 -9999 -9999 -9999 -9999 -9999 -9999 -9999 -9999 -9999 3.222416 2.837631 2.503605 3.528849 3.420513 2.600581 2.955735 3.482686 3.295891 3.387631 3.286539 3.036922 2.996593 3.198594 3.246361 3.160695 3.394954 3.352034 3.440158 3.586847 3.381277 3.941883 4.370819 2.977245 2.795815 3.405065 4.481692 3.572595 2.558391 1.802422 2.617022 1.542639 1.870637 1.806724 1.851371 1.475435 2.978322 2.248403 2.255209 2.605098 2.790604 -9999 -9999 -9999 -9999 -9999 -9999 -9999 -9999
-9999 -9999 -9999 -9999 -9999 -9999 -9999 -9999 -9999 -9999 -9999 -9999 -9999 -9999 -9999 -9999 -9999 -9999 -9999 -9999 -9999 -9999 -9999 2.938429 3.143168 2.345381 2.72157 2.732254 2.827625 3.075352 3.037089 3.173294 3.388872 2.896668 2.997949 3.302792 3.451512 3.102929 3.642795 3.192765 3.229337 3.112855 3.36746 4.575588 4.234364 3.736412 3.023976 3.334638 4.521889 2.927959 3.381613 1.865368 2.661598 3.209927 1.434773 1.192129 1.022602 1.47849 2.441528 2.34009 2.393767 2.656889 2.302326 -9999 -9999 -9999 -9999 -9999 -9999 -9999 -9999
-9999 -9999 -9999 -9999 -9999 -9999 -9999 -9999 -9999 -9999 -9999 -9999 -9999 -9999 -9999 -9999 -9999 -9999 -9999 -9999 -9999 -9999 -9999 2.531451 2.473445 2.361331 2.402181 2.864515 2.947102 3.103503 3.111636 3.089209 3.153842 3.089257 3.346194 3.154198 3.224264 3.374156 3.842049 4.647342 4.782145 3.906079 4.473849 3.580914 3.77208 3.842556 3.885447 2.714114 5.484607 3.440662 1.582092 2.859129 2.970016 2.757979 2.353671 1.056147 1.246776 2.687016 1.973944 2.775166 2.695332 2.286819 2.599629 -9999 -9999 -9999 -9999 -9999 -9999 -9999 -9999
-9999 -9999 -9999 -9999 -9999 -9999 -9999 -9999 -9999 -9999 -9999 -9999 -9999 -9999 -9999 -9999 -9999 -9999 -9999 -9999 -9999 -9999 -9999 2.194908 2.537763 2.546079 3.07857 2.916979 3.657682 4.092986 2.805804 3.237009 3.047403 2.995293 2.789056 3.058002 3.18004 2.883895 3.061009 3.308795 3.05872 3.12899 3.487259 3.328214 3.29389 3.201766 2.801521 3.296639 4.808524 2.578742 1.960295 3.101075 3.11571 1.692106 1.348099 1.141347 1.171041 2.182833 2.468777 3.139875 2.66908 2.430814 -9999 -9999 -9999 -9999 -9999 -9999 -9999 -9999 -9999
-9999 -9999 -9999 -9999 -9999 -9999 -9999 -9999 -9999 -9999 -9999 -9999 -9999 -9999 -9999 -9999 -9999 -9999 -9999 -9999 -9999 -9999 -9999 2.651963 2.339342 2.492195 3.179009 2.953583 3.220788 3.456609 3.530157 4.195573 2.890729 2.990124 2.966822 3.128331 3.366708 3.383012 3.14421 3.237986 3.191684 3.151658 3.036183 2.836361 3.491655 5.60837 4.739568 5.057386 5.639758 2.772753 2.407929 1.913544 1.662545 1.648636 1.087326 1.201321 1.377372 2.822974 1.298976 2.574574 2.470887 3.782597 -9999 -9999 -9999 -9999 -9999 -9999 -9999 -9999 -9999
-9999 -9999 -9999 -9999 -9999 -9999 -9999 -9999 -9999 -9999 -9999 -9999 -9999 -9999 -9999 -9999 -9999 -9999 -9999 -9999 -9999 -9999 -9999 2.774557 2.760927 3.146122 2.921934 2.978644 3.290868 3.335537 3.530624 3.711927 3.731977 2.969715 3.011333 3.136058 3.157374 3.121348 3.398541 3.355408 3.20595 3.182207 3.115058 3.226091 3.287208 2.577117 3.648522 5.198476 2.870685 1.894015 1.82978 1.406429 1.250926 1.611792 1.381416 1.765615 1.649676 1.287211 0.9697723 2.386826 -9999 -9999 -9999 -9999 -9999 -9999 -9999 -9999 -9999 -9999 -9999
-9999 -9999 -9999 -9999 -9999 -9999 -9999 -9999 -9999 -9999 -9999 -9999 -9999 -9999 -9999 -9999 -9999 -9999 -9999 -9999 -9999 -9999 2.910463 3.042791 3.015639 3.304568 2.841986 3.116242 3.121365 3.257897 3.551773 3.341129 3.381406 3.547176 2.674508 3.245595 3.137792 3.171513 3.709427 3.885916 3.114826 3.03594 2.951751 3.108875 2.923962 2.041091 2.335946 2.59947 2.479636 2.745726 1.858084 1.836765 1.297382 2.326619 2.476098 1.289415 1.400399 1.374664 2.299042 3.030572 -9999 -9999 -9999 -9999 -9999 -9999 -9999 -9999 -9999 -9999 -9999
-9999 -9999 -9999 -9999 -9999 -9999 -9999 -9999 -9999 -9999 -9999 -9999 -9999 -9999 -9999 -9999 -9999 -9999 -9999 -9999 -9999 -9999 2.729474 2.933181 3.199914 3.118357 3.08061 2.915909 3.46901 3.263891 3.806423 3.515232 3.511841 3.261102 4.13742 4.732688 3.479033 3.522672 3.37488 3.557882 3.591078 2.512141 3.12006 2.724456 2.372622 2.242675 2.188735 3.630327 2.87799 3.265582 1.955247 1.748386 2.056972 1.581776 2.10603 1.917391 2.063608 1.155231 -9999 -9999 -9999 -9999 -9999 -9999 -9999 -9999 -9999 -9999 -9999 -9999 -9999
-9999 -9999 -9999 -9999 -9999 -9999 -9999 -9999 -9999 -9999 -9999 -9999 -9999 -9999 -9999 -9999 -9999 -9999 -9999 -9999 -9999 -9999 3.180153 3.314876 3.010417 3.01692 3.076059 2.63229 3.527878 4.429147 3.639936 4.060574 3.980939 4.651144 3.636703 4.215638 3.678183 3.42579 3.238084 2.650094 2.794887 2.887862 2.893493 2.518669 3.589833 3.6629 3.64024 2.930417 2.430431 3.149435 2.486192 3.256334 3.007073 2.959309 1.56556 3.300644 3.966359 2.008718 -9999 -9999 -9999 -9999 -9999 -9999 -9999 -9999 -9999 -9999 -9999 -9999 -9999
-9999 -9999 -9999 -9999 -9999 -9999 -9999 -9999 -9999 -9999 -9999 -9999 -9999 -9999 -9999 -9999 -9999 -9999 -9999 -9999 -9999 -9999 2.920709 3.083507 3.083811 2.913873 2.619371 3.066492 2.855749 3.406983 3.90126 4.043897 3.520019 4.140818 5.065597 3.154012 4.499604 6.225231 5.601426 3.477474 2.973494 2.916881 3.129663 3.08146 5.099972 4.333961 4.093833 2.407422 2.011522 2.19045 3.845959 3.411522 3.057971 2.335451 2.601983 4.053997 4.091549 -9999 -9999 -9999 -9999 -9999 -9999 -9999 -9999 -9999 -9999 -9999 -9999 -9999 -9999
-9999 -9999 -9999 -9999 -9999 -9999 -9999 -9999 -9999 -9999 -9999 -9999 -9999 -9999 -9999 -9999 -9999 -9999 -9999 -9999 -9999 -9999 3.705166 2.953565 3.222553 3.067499 3.195654 3.178564 2.84774 3.342481 3.89279 3.588425 3.568321 3.450826 3.649962 4.141305 5.993658 4.99256 5.303121 5.846751 5.581536 3.208984 2.888466 3.82848 5.96035 5.912209 6.413632 4.161129 1.908627 2.108768 2.673378 4.880632 2.553485 2.151094 6.595874 6.086626 2.486888 2.024397 -9999 -9999 -9999 -9999 -9999 -9999 -9999 -9999 -9999 -9999 -9999 -9999 -9999
-9999 -9999 -9999 -9999 -9999 -9999 -9999 -9999 -9999 -9999 -9999 -9999 -9999 -9999 -9999 -9999 -9999 -9999 -9999 -9999 -9999 -9999 -9999 3.181892 3.284199 3.025503 3.56624 3.397683 4.892368 2.712784 3.114623 3.141097 3.082543 3.459745 2.946584 2.79407 3.316751 3.122523 3.737842 4.081319 5.63609 5.690383 5.442862 4.039114 3.526449 4.735299 5.519487 4.242208 2.046316 1.79267 3.232683 3.522561 4.010977 2.586015 5.252627 4.028803 4.467738 3.449902 1.40409 -9999 -9999 -9999 -9999 -9999 -9999 -9999 -9999 -9999 -9999 -9999 -9999
-9999 -9999 -9999 -9999 -9999 -9999 -9999 -9999 -9999 -9999 -9999 -9999 -9999 -9999 -9999 -9999 -9999 -9999 -9999 -9999 -9999 -9999 -9999 2.734626 4.215876 3.404846 3.681466 3.431212 4.624715 3.420544 3.020393 2.871219 2.629567 2.995786 4.164388 3.231025 3.15971 3.190175 3.311378 3.44814 4.444521 4.747414 3.924323 4.952923 4.256176 4.112951 4.426776 3.41892 1.31162 1.608545 1.182913 2.725813 3.231897 3.231347 3.518304 2.875102 3.105665 3.596851 1.304981 2.163167 -9999 -9999 -9999 -9999 -9999 -9999 -9999 -9999 -9999 -9999 -9999
-9999 -9999 -9999 -9999 -9999 -9999 -9999 -9999 -9999 -9999 -9999 -9999 -9999 -9999 -9999 -9999 -9999 -9999 -9999 -9999 -9999 -9999 3.706726 3.3607 3.111412 2.980621 2.509509 2.791474 4.336699 5.618772 3.618629 3.320926 2.579589 2.78244 2.676607 3.123619 3.134545 3.549591 3.345227 4.387531 5.90479 4.499006 3.541629 3.646631 3.657628 3.412597 4.158617 4.262473 1.614759 1.33235 1.073683 1.723382 2.605113 3.236788 2.314508 3.003762 3.495726 3.01369 2.289611 1.836295 -9999 -9999 -9999 -9999 -9999 -9999 -9999 -9999 -9999 -9999 -9999
-9999 -9999 -9999 -9999 -9999 -9999 -9999 -9999 -9999 -9999 -9999 -9999 -9999 -9999 -9999 -9999 -9999 -9999 -9999 -9999 -9999 -9999 3.818653 3.085622 3.133034 2.989228 2.490602 3.201298 5.269579 6.162373 4.236128 3.689147 2.567145 2.957641 2.886532 3.106264 3.851376 4.969168 4.562638 6.090871 5.361872 5.960394 4.655943 5.175467 5.672844 3.257023 4.86999 4.125305 3.131418 2.898899 1.740592 2.811575 1.758285 4.008905 2.202779 3.38366 1.866382 3.837864 3.248811 2.290738 -9999 -9999 -9999 -9999 -9999 -9999 -9999 -9999 -9999 -9999 -9999
-9999 -9999 -9999 -9999 -9999 -9999 -9999 -9999 -9999 -9999 -9999 -9999 -9999 -9999 -9999 -9999 -9999 -9999 -9999 -9999 -9999 3.158439 2.9327 3.107639 2.895579 3.02266 2.913624 2.870368 2.661986 3.718836 4.434865 4.637741 5.210178 4.58355 4.289471 6.015459 6.179317 4.243368 4.149218 3.09596 3.745064 4.227435 3.979326 5.075927 5.146577 4.417163 5.758297 3.614518 5.508729 3.068798 2.950438 3.558145 2.658513 1.672642 2.805744 1.628735 3.668856 5.177675 4.782659 2.66488 2.726538 -9999 -9999 -9999 -9999 -9999 -9999 -9999 -9999 -9999 -9999
-9999 -9999 -9999 -9999 -9999 -9999 -9999 -9999 -9999 -9999 -9999 -9999 -9999 -9999 -9999 -9999 -9999 -9999 -9999 -9999 -9999 2.652065 3.029811 3.049529 3.645221 2.466165 2.435502 2.74689 3.003448 3.193719 3.607066 3.123431 3.702008 3.452864 3.293796 3.182026 3.200404 3.262894 3.257334 3.140055 3.143935 2.911553 3.374666 3.646335 4.077311 4.226063 4.543684 4.73009 4.956194 3.677167 3.449182 4.043805 3.442582 2.602087 2.601632 1.985938 3.492958 4.37916 5.045856 2.608311 2.665513 -9999 -9999 -9999 -9999 -9999 -9999 -9999 -9999 -9999 -9999
-9999 -9999 -9999 -9999 -9999 -9999 -9999 -9999 -9999 -9999 -9999 -9999 -9999 -9999 -9999 -9999 -9999 -9999 -9999 -9999 -9999 -9999 -9999 2.293676 2.446024 2.047136 2.260161 2.558372 2.505385 4.40664 4.40335 3.895636 2.866705 3.130688 3.3281 2.955756 3.283559 3.3984 3.183187 3.130793 3.332054 3.416644 3.164271 3.361038 4.196128 4.037247 4.05742 4.057157 5.077031 4.336728 3.978858 3.040007 3.676214 2.590211 2.45 3.212176 4.906796 4.877908 4.911695 3.021227 2.353804 -9999 -9999 -9999 -9999 -9999 -9999 -9999 -9999 -9999 -9999
-9999 -9999 -9999 -9999 -9999 -9999 -9999 -9999 -9999 -9999 -9999 -9999 -9999 -9999 -9999 -9999 -9999 -9999 -9999 -9999 -9999 -9999 -9999 2.913781 2.241691 2.087306 1.985033 2.301793 2.285751 3.005115 3.622121 3.023735 4.047872 3.376136 3.609341 3.496927 3.267445 3.239825 3.010164 3.129627 3.095761 3.475717 3.919118 3.910778 3.878833 3.577002 5.140444 4.836403 3.164067 3.503087 4.081008 3.008074 3.753248 1.970895 1.173378 3.394836 5.011266 4.311815 4.96788 3.063501 3.051797 -9999 -9999 -9999 -9999 -9999 -9999 -9999 -9999 -9999 -9999
-9999 -9999 -9999 -9999 -9999 -9999 -9999 -9999 -9999 -9999 -9999 -9999 -9999 -9999 -9999 -9999 -9999 -9999 -9999 -9999 -9999 -9999 -9999 -9999 2.051385 2.001094 2.350316 2.413145 2.376989 2.754901 3.178641 2.986439 3.242102 4.376342 4.022763 4.019229 4.280383 4.449461 5.062143 3.747479 4.282515 4.248683 7.141669 4.555066 4.730798 4.443007 5.322844 4.823402 3.718835 3.417056 4.172681 3.444196 2.973337 2.228008 2.4561 2.672132 2.460643 6.159707 3.938086 2.188666 2.619817 -9999 -9999 -9999 -9999 -9999 -9999 -9999 -9999 -9999 -9999
-9999 -9999 -9999 -9999 -9999 -9999 -9999 -9999 -9999 -9999 -9999 -9999 -9999 -9999 -9999 -9999 -9999 -9999 -9999 -9999 -9999 -9999 -9999 2.826324 1.946417 1.767896 1.930631 2.16414 2.302474 2.13289 2.45746 3.602298 3.861929 3.910382 2.695543 2.721982 3.098529 3.794163 4.062204 4.9202 5.196263 5.27566 4.821342 5.29046 5.741982 4.102197 5.189811 5.910226 6.37756 6.434938 4.780686 3.926387 3.335219 2.922298 1.660638 3.016786 3.62228 4.741328 3.984446 3.063735 1.828252 -9999 -9999 -9999 -9999 -9999 -9999 -9999 -9999 -9999 -9999
-9999 -9999 -9999 -9999 -9999 -9999 -9999 -9999 -9999 -9999 -9999 -9999 -9999 -9999 -9999 -9999 -9999 -9999 -9999 -9999 -9999 -9999 3.590335 1.98557 2.425945 2.681974 2.069474 2.239539 2.144256 1.93177 2.191651 2.941246 2.887373 2.405685 2.643747 2.575676 2.440794 3.054715 3.155943 4.040697 3.415175 3.33111 2.821401 5.381548 4.540791 4.746335 5.119712 5.957082 6.321949 5.468934 4.627414 4.527112 2.711133 2.36293 1.77616 2.036281 3.896109 4.824873 4.085619 4.086485 3.060412 2.357226 -9999 -9999 -9999 -9999 -9999 -9999 -9999 -9999 -9999
-9999 -9999 -9999 -9999 -9999 -9999 -9999 -9999 -9999 -9999 -9999 -9999 -9999 -9999 -9999 -9999 -9999 -9999 -9999 -9999 -9999 2.452426 3.033789 2.877326 2.654794 2.788173 2.911975 2.310873 2.830328 2.536838 1.578591 2.584315 2.521852 2.988495 2.483829 2.527388 2.421888 2.304621 2.42663 3.312813 3.003983 3.374123 3.154891 4.552423 3.614518 4.892542 4.92902 5.782573 5.631759 5.920946 3.715466 3.597704 3.968099 2.31461 1.674915 1.577066 3.800948 3.952858 2.596389 2.55953 3.712041 2.902434 2.574736 4.116513 -9999 -9999 -9999 -9999 -9999 -9999 -9999
-9999 -9999 -9999 -9999 -9999 -9999 -9999 -9999 -9999 -9999 -9999 -9999 -9999 -9999 -9999 -9999 -9999 -9999 -9999 -9999 -9999 2.866769 3.163553 2.536664 2.315884 3.326091 3.181484 2.735361 2.775202 2.320415 2.768569 2.356319 2.460091 1.667821 1.998826 2.129704 2.437523 1.75652 3.213414 2.40694 2.549311 3.934554 3.578004 5.193056 4.492178 4.641261 4.97552 5.710253 6.071079 5.56691 4.319685 3.006268 3.161958 2.43074 2.148086 2.315949 3.352123 3.787958 3.562882 2.761039 2.971295 2.873192 2.367479 3.975468 -9999 -9999 -9999 -9999 -9999 -9999 -9999
-9999 -9999 -9999 -9999 -9999 -9999 -9999 -9999 -9999 -9999 -9999 -9999 -9999 -9999 -9999 -9999 -9999 -9999 -9999 -9999 -9999 3.733904 2.781111 3.30453 2.707077 2.245273 2.450399 3.130658 2.936846 3.37255 3.380708 4.485927 3.025927 2.733919 2.467962 2.905129 2.311331 2.867758 3.094742 2.90313 2.921532 2.129914 3.798158 4.845004 2.903669 3.886299 4.035067 5.002083 6.206443 4.890386 3.543286 3.287143 3.843734 2.144782 1.380064 2.570157 4.135217 4.900998 3.202328 2.44655 2.270507 2.56338 3.139938 -9999 -9999 -9999 -9999 -9999 -9999 -9999 -9999
-9999 -9999 -9999 -9999 -9999 -9999 -9999 -9999 -9999 -9999 -9999 -9999 -9999 -9999 -9999 -9999 -9999 -9999 -9999 -9999 -9999 3.408842 3.121077 3.039148 2.71831 2.815133 2.64248 2.674682 2.935786 3.042029 3.300609 2.703076 2.034519 2.818277 2.615888 2.955597 3.220326 3.579471 2.878459 2.54718 2.892612 3.028482 3.441333 3.49299 4.637337 2.339085 2.844301 5.058347 4.599358 6.008265 3.74625 3.325278 2.01659 2.033713 2.308836 1.773924 2.112585 4.547319 3.429862 2.862544 2.399302 2.521867 3.119921 2.73088 -9999 -9999 -9999 -9999 -9999 -9999 -9999
-9999 -9999 -9999 -9999 -9999 -9999 -9999 -9999 -9999 -9999 -9999 -9999 -9999 -9999 -9999 -9999 -9999 -9999 -9999 -9999 2.643906 2.5706 2.653361 2.501644 2.598242 2.446761 2.635206 2.572938 3.012254 2.954664 2.785716 3.1019 2.669091 3.055656 2.960863 2.684239 3.086897 3.023428 3.351615 3.404848 3.303066 3.382035 3.164641 3.527315 4.589586 3.59492 3.602363 4.838736 5.506303 5.298005 5.636079 3.214025 2.328712 2.096285 2.439112 2.059286 1.990041 5.392164 6.63841 3.112893 3.345578 3.050667 2.887605 2.739389 3.864874 -9999 -9999 -9999 -9999 -9999 -9999
-9999 -9999 -9999 -9999 -9999 -9999 -9999 -9999 -9999 -9999 -9999 -9999 -9999 -9999 -9999 -9999 -9999 -9999 -9999 -9999 4.244629 2.431177 2.531734 2.259851 2.174828 2.222261 2.898797 2.678451 2.984979 2.52717 3.078707 2.683963 2.912193 3.27213 3.324952 4.272011 4.094492 3.653747 3.58158 5.186531 3.544179 3.431614 2.01135 2.293685 2.160197 2.473644 4.461931 5.313403 5.337001 5.419946 6.778109 3.595247 3.785189 3.195374 3.201015 5.342438 4.510849 4.651154 6.915614 5.376949 3.821426 2.981098 3.339488 3.697083 2.691836 -9999 -9999 -9999 -9999 -9999 -9999
-9999 -9999 -9999 -9999 -9999 -9999 -9999 -9999 -9999 -9999 -9999 -9999 -9999 -9999 -9999 -9999 -9999 -9999 -9999 -9999 3.92438 2.965163 1.987398 2.070531 2.246431 2.217875 2.626377 2.548238 2.212754 2.384553 2.415794 2.492243 2.437553 2.764744 2.819438 2.519951 3.715246 3.102785 3.923462 5.199136 3.931867 4.676378 4.071545 2.848593 3.627653 4.928538 6.746896 6.059038 6.068667 6.041406 6.936697 3.517252 3.799598 2.477896 3.649901 4.213006 3.875544 3.822841 6.67469 5.271063 3.347549 3.286581 2.748741 3.170235 2.488302 -9999 -9999 -9999 -9999 -9999 -9999
-9999 -9999 -9999 -9999 -9999 -9999 -9999 -9999 -9999 -9999 -9999 -9999 -9999 -9999 -9999 -9999 -9999 -9999 -9999 -9999 3.658242 3.708019 1.921281 2.307625 1.956352 2.30534 2.250415 2.399338 2.346682 2.599235 2.625985 2.718677 2.84054 2.376087 2.563847 3.122418 3.323533 3.545739 3.355763 2.903733 2.971763 2.39387 4.265065 2.70643 3.820931 3.118252 5.774374 6.026512 5.544238 4.965632 6.508703 4.817852 3.234567 2.17486 3.14032 4.442428 3.38023 3.719174 2.976401 2.830394 3.364071 3.36206 3.074212 3.18175 3.334148 -9999 -9999 -9999 -9999 -9999 -9999
