STOTEN_Data/raw/no3_preds_3d_direct_extract180ft_54m.asc
ncols         206
nrows         674
xllcorner     -2235500
yllcorner     1580500
cellsize      1000
NODATA_value  -9999
[rows 416 to 447 of 674, columns 71 to 141 of 206]
2.928535 3.997167 3.56118 3.190013 2.083198 1.035205 0.4348658 0.1582585 0.2325252 0.2557241 0.286823 0.2388489 0.286954 0.3875986 0.5316741 0.5001016 0.3836454 0.3808192 0.5215719 0.4360319 0.3504921 0.3294214 0.2411582 0.2655587 0.3420888 1.855878 3.270484 2.625776 4.541604 4.370525 5.163753 3.140668 3.094701 2.601122 4.102132 6.393652 6.028893 3.624489 4.285547 4.061824 5.489831 4.03269 3.43407 3.154684 3.119584 2.992938 3.343602 5.646056 4.110618 5.363406 5.144749 4.486824 6.222916 4.681395 2.407265 4.501336 3.884032 3.068099 2.79543 3.15186 2.554266 3.49729 1.305222 1.733132 2.186322 1.798616 1.8543 2.470321 2.846619 -9999 -9999
2.446637 4.174992 5.959718 1.543622 1.397594 0.5636379 0.31298 0.1275117 0.1349639 0.3079012 0.4833045 0.2990677 0.2396294 0.4312281 0.4217974 0.574102 0.4272264 0.3946702 0.5131389 0.5386068 0.36628 0.2931618 0.3093556 0.3427521 0.3822989 0.3147599 3.028436 2.711663 3.614081 4.869729 3.136528 3.707389 2.994644 4.38373 4.105789 4.102678 3.921854 2.777128 4.552262 4.696224 4.586507 6.676216 6.488137 5.621198 5.08023 6.408342 5.89471 5.363323 4.755868 4.584363 3.557802 6.177978 6.558975 5.783672 5.011823 5.66064 5.243825 5.681811 2.314925 2.189146 4.064046 3.21528 3.56863 2.967271 1.214479 2.069237 2.954728 4.20423 -9999 -9999 -9999
4.658853 3.503253 4.228394 1.04645 0.7335103 0.8271106 0.4106824 0.1326921 0.1346644 0.1972675 0.3332255 0.5509419 0.413426 0.435528 0.4080137 0.5436368 0.3181491 0.3587169 0.6050763 0.315985 0.3646877 0.366594 0.3390233 0.3066939 0.3266642 0.4751713 2.25805 3.687074 3.562881 5.754617 4.423941 4.110127 2.727024 2.735432 3.9393 3.502564 3.682441 3.939457 5.678558 4.425964 4.082653 6.537796 4.027537 7.572145 5.945063 5.606254 5.867579 4.61361 5.48799 7.377737 6.432111 4.043485 6.366032 3.871278 3.469538 4.063863 3.871039 3.726198 2.117182 3.20418 4.509685 3.281854 4.336057 3.963915 2.916243 3.368398 3.972141 3.967609 4.681943 5.131131 -9999
3.20378 2.319073 1.672936 1.272709 1.016242 0.908375 0.1371774 0.1483525 0.1799718 0.1632301 0.2267071 0.3041042 0.5332032 0.5115568 0.4806083 0.4723697 0.4790213 0.4005367 0.4492244 0.4255092 0.3970235 0.6179429 0.3189987 0.2572267 0.2872733 0.3499252 3.426031 3.052232 3.750736 3.897217 5.067506 3.564277 3.996279 3.861234 3.169162 3.66093 2.953996 5.051219 5.438204 3.695154 5.504553 5.905223 4.022586 4.594782 5.028807 6.289138 6.213302 4.813735 7.080693 9.483359 5.86309 5.376049 4.756908 4.51188 2.895443 6.956802 6.127088 6.241013 4.71564 2.89386 3.710411 3.3656 3.563528 4.627535 5.561477 5.703504 5.273582 4.172053 5.720016 5.865792 -9999
2.429368 1.365236 1.296094 0.8140371 0.9241035 2.221105 0.502043 0.1222453 0.1355269 0.1324349 0.1850105 0.3692804 0.522077 0.5215142 0.4479044 0.4831208 0.5458926 0.6047854 0.4638788 0.3385699 0.3797239 0.2535612 0.4183465 0.4481908 0.2822413 1.618574 2.170841 4.38122 3.223154 6.887347 5.957095 4.527916 2.908046 3.948567 4.127345 3.647018 4.324392 5.094455 5.599665 5.195467 6.001889 6.417696 7.619725 6.146431 6.977882 7.927251 8.55503 7.254578 5.092761 6.796177 6.007133 3.926838 3.623609 4.418803 3.720596 4.097268 6.472813 5.379344 5.182782 5.090326 6.637529 6.507643 6.954556 6.287652 5.023131 4.203346 4.510164 4.780045 3.604304 4.670706 3.26179
2.283251 0.8484652 0.5591193 0.6481594 0.8009539 1.024927 1.152533 0.1674463 0.1356723 0.129299 0.2058358 0.220085 0.4582878 0.5372702 0.5160363 0.3197429 0.5314407 0.6043596 0.5144597 0.2972805 0.4343977 0.4200464 0.4477267 0.2464531 0.1662742 0.6771788 2.059055 1.899541 4.124804 3.764121 5.736184 7.259936 4.266542 3.814648 3.534398 4.020609 5.160671 6.140558 7.067223 5.109012 4.790528 5.744374 6.862403 8.926723 8.796952 9.311728 10.06501 8.231731 9.598879 6.905251 7.530197 3.660619 5.579716 6.620268 3.829175 3.456623 6.677974 8.672747 6.335226 6.588859 6.506917 6.784563 6.093127 6.584737 7.866888 2.359277 2.235602 2.436064 3.491221 7.254661 9.822775
1.567796 1.841135 1.392874 0.565821 0.9572673 0.809591 0.5697631 0.1186567 0.1472236 0.1630531 0.1404635 0.23295 0.3676799 0.5639212 0.4717859 0.4999654 0.5453073 0.5448673 0.4641364 0.2600863 0.4816933 0.4607395 0.3190527 0.2747972 0.3304279 0.3456637 1.537334 1.532385 2.02775 3.336761 7.764296 3.848556 4.710706 3.112129 2.75968 4.631079 4.68238 6.842465 4.989151 5.536057 5.324447 6.139126 6.62176 7.588487 7.112412 8.015019 8.123103 6.593867 7.976974 3.51462 2.996388 2.203406 2.757587 8.399063 7.094722 6.569075 8.508521 6.666429 7.623733 6.673434 6.379981 5.82091 6.026828 5.879255 6.505985 6.857635 5.678319 4.344763 6.250907 6.434273 8.686687
2.315853 1.780514 1.438354 0.5324081 0.7385805 0.8830069 0.733112 0.4614374 0.1440256 0.1202511 0.1682536 0.1814594 0.5025952 0.6179754 0.4712255 0.3776686 0.3970354 0.6270203 0.5477154 0.3419714 0.3380916 0.3411866 0.1790202 0.1659912 0.5680044 1.239991 1.992849 1.320633 2.959457 3.290306 4.870806 4.060517 3.091299 4.904042 4.692175 3.452481 4.047985 4.85834 4.781047 4.820639 7.094567 6.955704 7.445182 9.659305 7.907522 8.491157 7.83619 7.912587 7.375584 6.590581 2.694735 6.819215 7.39636 6.006075 6.302388 5.979434 8.189149 7.494702 7.385852 7.170595 6.427652 7.112352 7.406044 6.552011 6.92495 6.758442 7.371998 6.280622 5.369122 5.834547 8.626903
2.346268 2.564352 1.19275 0.6458022 0.7394373 0.8265985 0.425637 0.3000971 0.1744839 0.1698779 0.1438564 0.1591925 0.4137359 0.3364813 0.3973064 0.3461854 0.4513303 0.5799198 0.3915717 0.4503628 0.3505234 0.3061019 0.3161949 0.2636721 0.5647891 1.049263 1.113147 1.11008 1.588254 1.858402 4.050375 4.646769 5.477947 4.800929 4.882288 3.618635 3.263586 5.001398 5.330092 5.909477 6.972446 7.456069 6.880398 8.137019 7.693178 6.353852 7.580439 7.917121 8.139037 7.373631 9.121791 8.793991 7.263629 8.368073 8.020938 9.331177 9.123765 6.904196 8.400117 9.009939 7.297725 8.048614 8.5848 7.986065 6.952016 7.514409 7.902259 7.250914 4.722322 3.893137 4.431222
2.924184 2.409126 0.6170104 0.5183328 0.6189745 0.9336345 0.5753635 0.235454 0.1727941 0.1412306 0.2000493 0.2180169 0.2193993 0.4155951 0.3683444 0.3594889 0.3500148 0.3199451 0.44916 0.4242418 0.315015 0.3086983 0.3983697 0.3118016 0.3862623 0.1560714 1.068913 1.1292 1.004828 1.307019 3.494774 4.990546 6.520567 3.868284 4.317208 5.652248 3.812144 5.127054 3.886729 3.580486 2.308188 2.619811 8.256769 7.196269 6.656577 8.839546 6.985594 7.442705 7.472152 7.914408 7.752466 8.525254 8.968119 8.564505 9.066006 8.653266 7.717615 7.582804 7.62365 9.112575 7.680532 8.270082 8.148324 7.549624 7.853055 8.158238 7.394419 8.015544 8.95096 6.573503 5.191231
2.329404 1.70007 0.5846251 0.8672496 0.500957 0.8409207 0.3795934 0.1406932 0.1625989 0.129151 0.2574521 0.3182174 0.3717305 0.4933388 0.4729204 0.3984444 0.31085 0.4608711 0.4360013 0.2312353 0.1937208 0.2749464 0.2005672 0.3786737 0.3452277 0.2725381 0.7877961 1.478699 1.189364 1.023448 2.616739 4.167384 3.57842 4.041192 4.454396 4.424389 3.975685 3.754332 4.676102 4.442356 6.597833 7.895814 6.253865 7.59981 6.158577 5.939638 8.083133 7.263234 9.806911 8.459582 7.755774 9.003518 9.035131 8.806714 9.727465 8.693545 7.237964 7.576687 8.082116 8.596158 9.374015 9.108971 8.17847 8.110818 6.933154 7.780814 6.842049 8.111536 8.17077 5.494559 5.174137
2.418961 1.966293 3.360489 3.885242 0.8557545 0.6465665 0.3866889 0.1099858 0.1508655 0.1456503 0.3024667 0.2144169 0.4231716 0.5239856 0.2863494 0.3838842 0.3253956 0.3458177 0.2551196 0.2756557 0.2332075 0.2509484 0.2280008 0.2759014 0.339274 1.068766 0.6896446 1.546398 1.008532 0.5031246 1.446765 4.065926 5.113027 4.364413 3.846504 4.499646 3.55204 3.538896 4.215051 4.676231 6.225401 7.797545 6.580315 7.4769 6.900588 9.157632 6.401816 6.474208 9.51089 9.571715 9.605211 9.623787 9.185669 9.412853 10.38914 7.740089 9.314381 8.003766 8.25849 8.830672 7.910848 8.756336 7.554676 8.29394 7.330323 7.505096 8.349802 8.799136 8.294229 8.634688 10.29394
1.719716 2.762732 3.883987 3.181403 3.421858 1.857743 1.472154 0.2177185 0.1960425 0.1756179 0.3876517 0.4619237 0.4060788 0.2501492 0.363442 0.2563477 0.2999357 0.2959034 0.2785154 0.2713505 0.3643547 0.3859494 0.2757091 0.2160608 0.467996 0.5085363 0.6671355 0.8281588 0.8601291 1.071826 1.513501 3.061664 5.643445 3.482909 4.806044 3.972171 5.975663 6.891408 4.214128 5.912722 6.259082 4.932258 6.702828 5.657952 8.361199 7.891218 5.259457 7.010273 9.426589 9.691522 8.174425 10.43219 10.34828 8.544796 8.763579 7.446884 8.706038 8.814644 7.966831 7.732514 8.008251 8.508601 8.475005 9.023131 7.975558 7.412117 8.162263 7.973285 7.903643 8.016767 8.643977
1.884112 1.717357 1.890319 2.305646 2.519329 0.9284815 0.5489139 0.5413164 0.4485221 0.2896125 0.1988154 0.4098333 0.2216446 0.2311162 0.2405845 0.3285751 0.3494561 0.3517593 0.3345888 0.3499551 0.2820688 0.5170292 0.3474835 0.2953694 0.3506563 0.348217 0.3020847 1.010832 0.6966757 0.856023 1.526114 4.215428 1.60465 0.5109848 1.998038 5.732144 4.526572 5.925844 5.62022 5.295513 5.76949 5.931776 4.767746 5.780375 5.544226 6.838372 6.330488 8.590362 8.031743 8.677757 7.719351 7.820652 8.72423 8.772736 8.912683 7.228483 7.748237 8.819715 7.505146 7.372688 6.915963 7.273611 6.159643 8.231697 8.638017 6.892758 7.491755 6.78851 7.698841 7.86334 7.705018
2.032415 2.094277 2.467066 2.851117 0.9093051 1.811379 0.5430709 0.3213235 0.494803 0.4938799 0.3424891 0.4093754 0.213427 0.2263184 0.2100629 0.5021306 0.4096022 0.4064358 0.3357313 0.2996581 0.3162453 0.2759055 0.3401592 0.2740035 0.2817096 0.392495 0.4876064 0.5565885 0.6974368 1.198594 1.77372 2.447091 3.810973 2.544725 1.446218 3.466826 4.056438 4.665009 4.693312 4.975542 5.154537 5.595156 7.081551 5.964453 4.625957 8.570148 9.139277 7.636046 6.919592 8.291289 6.961634 7.136797 7.075409 7.65343 8.685088 7.29314 7.537049 7.386153 8.319546 8.094519 6.204107 7.376257 7.47144 7.38182 7.528821 8.140063 6.942379 6.634836 7.203465 7.489048 4.802862
2.296988 2.684017 2.562122 4.366261 0.5335064 0.4479254 0.3903185 0.6360697 0.4642389 0.2104228 0.2020523 0.3447578 0.276814 0.244382 0.2222409 0.4740239 0.4671448 0.5677154 0.4556988 0.3366456 0.3225125 0.307767 0.3446451 0.2666711 0.2476655 0.3610765 0.304476 0.2977449 1.088614 1.344485 1.234549 1.367034 4.048582 2.0723 2.727618 5.662655 5.540599 5.076523 6.209219 6.615242 4.586648 6.966994 4.98408 7.786461 4.761952 9.042447 9.31088 10.29508 8.224884 6.957582 7.549195 7.284006 7.744441 7.110725 7.890969 6.756503 6.575205 8.137431 9.096149 7.836371 6.802436 6.40086 6.873881 7.094021 8.00916 8.326273 7.09612 7.359838 7.295626 7.144187 2.436016
2.994411 2.483326 2.456383 1.051182 1.168237 0.4929513 0.6139289 0.2920135 0.2463586 0.1836499 0.1473983 0.1301521 0.3485123 0.4313182 0.4657696 0.3049195 0.5350785 0.7725695 0.4491557 0.3755523 0.3631863 0.3174094 0.4180416 0.3476326 0.3208386 0.3286464 0.2562481 0.4343236 1.344746 1.396518 1.108374 0.890508 1.531515 2.790279 3.865885 6.407505 6.979002 2.177232 2.175992 2.412163 3.493744 5.359194 2.732924 5.17134 3.685807 5.833591 6.748896 9.971147 10.60275 6.775205 8.17987 6.580988 8.32766 6.936615 7.901179 7.473282 6.769057 7.46291 7.203566 7.269448 8.394282 6.68242 7.704932 7.388693 8.572365 8.705379 6.41363 7.291583 8.011037 7.022592 6.913574
-9999 2.404453 2.177709 1.815492 0.5061607 0.4754559 0.3231837 0.2843235 0.2813364 0.1631968 0.2810907 0.3309242 0.4450959 0.2835865 0.3651252 0.4286008 0.447616 0.3746273 0.4067785 0.4351901 0.5144534 0.3259526 0.3455285 0.2805263 0.3344091 0.3552242 0.3215015 0.4215225 1.210134 0.8743149 1.722521 1.400898 1.14746 1.195664 5.150662 5.771937 6.887914 5.195647 3.813245 2.484246 1.144667 2.180428 2.569505 2.746436 2.62553 2.038798 4.909137 4.928483 4.84278 4.678009 4.716917 4.484252 5.762898 5.998082 6.374214 5.966218 5.206421 7.50378 7.919312 7.418322 8.017555 7.885316 7.417813 8.309495 6.874617 6.223637 6.516715 6.539917 7.767544 6.65134 7.404847
-9999 2.523121 1.357351 1.3916 0.4750435 0.2667086 0.3882194 1.216309 1.212859 0.4748032 0.2273028 0.1514631 0.3209715 0.5704545 0.3883722 0.3469998 0.2825751 0.7527958 0.2167727 0.249787 0.510386 0.4832724 0.4388414 0.3571954 0.3328043 0.3936216 0.3667343 0.2852684 0.9342774 0.6994345 1.384281 0.9659162 1.113704 2.447225 4.881726 6.547685 6.333507 5.879111 5.863842 3.738801 4.20443 2.999885 2.626026 1.585223 2.965582 4.331396 1.903509 2.69256 7.646492 7.31942 8.861547 5.410507 5.582163 5.419377 7.258987 6.841419 7.069797 5.725097 7.735435 7.661957 7.418908 7.433047 7.809711 6.444882 6.467302 6.181392 6.427845 6.022208 5.739893 5.162714 4.220284
1.916209 1.18214 0.8220717 1.013368 0.5571085 0.2513477 0.3833268 1.251481 1.673195 1.457549 0.3594429 0.4907016 0.5101746 1.257902 0.9833265 1.04735 0.7305933 1.717646 1.37987 0.4852175 1.659978 1.290284 1.474295 0.8359231 0.20977 0.2352523 0.1996888 0.2763586 0.7528186 0.7538117 0.8806086 0.833106 1.105481 1.949938 3.347866 4.314527 6.726074 5.651803 5.963997 5.083957 3.402966 5.176409 6.23284 6.302062 5.948375 3.735071 6.542468 5.271859 5.180572 5.874066 6.973169 5.72507 7.211997 6.593908 5.576962 7.593565 5.950015 5.609117 6.308618 7.152592 7.549205 6.776178 5.830617 5.620769 5.704073 5.580603 7.000417 6.304273 4.350914 3.945231 2.972016
-9999 -9999 1.253447 0.9505717 0.2695586 0.328831 0.6144583 1.034011 2.166919 1.820597 0.7197897 0.4019082 0.8676384 0.5755581 1.888407 2.643564 2.349041 2.159171 0.9268788 0.7470748 2.14852 2.642435 1.362301 1.188805 1.249058 0.2689124 0.3154455 0.4223611 0.7797149 1.585899 1.077222 0.8036436 0.8452761 2.898021 3.276655 5.6466 4.302907 6.087754 6.116635 6.44662 3.615153 7.926068 7.194179 6.846065 5.923002 4.959864 6.092036 7.337903 6.73742 4.445869 5.84631 7.104947 6.869402 7.252863 6.70129 6.165839 6.121621 5.265691 6.995789 6.115123 6.125924 7.332122 5.773275 5.431298 4.970866 8.093881 5.756155 5.409616 5.340489 5.181093 3.360778
-9999 -9999 1.761626 1.641745 0.6804584 0.3058493 1.199042 1.602301 1.710238 2.097187 1.307511 0.5604125 0.7360349 0.8055989 1.409005 0.7999595 1.355345 2.012323 1.566739 0.5478957 0.9673767 1.830647 3.152297 2.227654 1.60709 0.4259927 0.4184905 0.8140827 0.7657374 1.858343 0.8189712 0.6440291 0.7052547 1.411152 2.875458 3.34578 5.141526 4.746894 5.994274 4.124424 7.639659 5.357213 5.329026 5.051809 6.50973 6.93203 4.756608 5.047886 5.91482 7.22982 6.007704 4.904719 6.471312 6.492449 7.545762 5.869245 6.650091 5.705259 5.729352 6.166729 5.966823 6.267327 4.787637 5.799368 5.154156 5.544372 5.444865 5.204057 4.844082 5.877481 3.287242
1.380313 1.079154 1.56196 0.854115 0.5676153 1.39553 2.029589 1.275765 1.261277 1.637512 1.395889 0.5627875 0.4168437 0.6747605 0.4602042 0.6362408 0.6318697 0.6167689 1.644403 0.7114972 0.7325358 1.97356 2.664467 1.684618 1.445192 0.5098277 0.5659133 1.199005 2.699183 1.730826 1.72904 1.234838 0.5390725 1.238162 0.9824989 2.677629 6.873319 7.007297 5.432464 5.033123 4.165907 2.979411 4.551324 7.715779 8.174373 4.876756 4.229006 5.667249 4.591894 8.041821 6.075775 5.336659 3.136 2.98999 6.458166 6.367565 6.128475 4.512123 3.58383 4.644519 7.122301 6.2059 5.388721 5.854733 5.56749 5.680686 5.159732 4.348411 4.663039 4.738139 4.025627
1.743718 1.376331 0.9781689 1.779091 1.68139 1.620089 2.098803 1.642327 0.7280338 0.8812857 1.011121 0.996297 0.4265575 0.3118218 0.4933311 0.4365501 0.5382904 0.4560472 0.6304861 0.9662452 1.605776 1.861409 2.052197 1.309801 1.530975 0.826836 0.7933249 3.9545 2.060132 1.008017 0.6251118 0.4043326 0.6192365 0.7427293 0.9306153 1.559802 6.037271 7.50656 6.281709 5.087298 4.934206 3.939489 1.482293 4.638074 3.17655 5.001912 6.176101 6.750471 6.587976 7.752675 7.111335 6.527547 7.238439 3.181018 5.226307 4.591571 4.531002 4.260372 4.7624 4.892336 6.379819 5.989669 3.485864 4.237724 5.188401 6.443522 6.593511 5.310478 5.048564 4.436937 3.790024
1.975752 1.354893 0.7881699 1.86959 2.864168 2.962708 0.6671367 0.7201717 1.373338 0.7002962 0.7162033 0.3896199 0.3282872 0.3948475 0.719337 0.565443 0.5363265 0.3984889 0.6262411 1.183928 2.794146 2.144949 1.784289 0.7845235 1.207901 1.636697 0.9633097 3.235039 2.582357 0.5803568 0.2437759 0.3188269 0.7344511 2.184295 1.06439 1.643588 3.269872 2.597699 3.764565 7.043876 5.311186 5.556545 3.499487 2.701268 3.548758 5.402941 6.745111 7.19013 7.785378 6.370696 6.370248 4.755078 7.045805 7.43911 6.879529 5.448585 3.743693 3.829263 4.790717 5.298757 4.416127 6.113815 5.386982 5.821845 3.496381 5.397588 4.500206 6.360523 4.35768 4.972263 4.182568
1.639011 2.030953 2.422895 2.814837 1.788278 3.223416 1.572568 1.461633 2.361444 1.66326 0.324665 0.3363275 0.281307 0.3743998 0.5338992 0.7019113 0.3724908 0.4632434 0.5543416 1.502483 1.153618 2.590251 1.445557 0.5178488 1.093436 1.273531 0.9860252 1.192501 1.661359 0.6370198 0.3895382 0.453532 0.3942547 0.4244876 1.230116 1.31824 2.641659 4.18199 4.97869 6.495218 4.079013 4.185733 4.163526 3.372005 3.673225 5.545486 4.213097 4.753336 7.680768 7.105242 5.030556 5.980381 5.700699 7.347811 7.015048 7.152016 6.512097 5.632257 6.657149 6.618488 6.432833 6.248019 6.547811 6.642558 6.260581 5.878604 6.018327 6.161517 5.2337 4.046405 3.20222
2.231057 1.830115 1.959727 2.089339 1.928419 1.29607 1.30256 1.773365 2.747834 1.420892 1.142601 0.3011474 0.3898092 0.3799661 0.5733173 0.6368822 0.6922034 0.3983915 0.4629953 0.8351071 0.9225417 2.883513 0.7213426 0.4661459 1.027123 0.7094972 0.392362 0.8660955 1.042262 0.7717871 0.4001771 0.3551873 0.7655057 0.2561683 1.728114 1.494208 1.664308 2.364559 2.802597 3.508668 2.145002 2.433589 2.943572 2.659965 3.371692 1.896482 2.250426 2.311078 5.522607 4.04035 4.298059 5.291438 4.793947 7.181017 6.039644 5.890484 6.265165 8.573202 7.74655 8.637751 8.216349 6.222172 6.376497 6.093523 6.149274 5.910585 6.371627 6.13135 4.59436 2.468629 2.96933
1.998701 3.055994 2.886375 2.716757 2.547138 1.638029 1.591385 0.7835034 0.9817015 1.394846 1.131493 0.6159154 0.5578991 0.6462798 0.7052997 0.6031136 0.8125119 0.7048261 0.6184031 0.7921013 0.6841233 1.780776 0.7633336 1.044322 1.439163 0.6206778 0.3837017 0.6960368 0.8139498 1.823018 0.5117689 0.5312586 0.6571245 0.8073294 0.3637572 1.520701 1.565698 1.197002 1.698849 1.240607 1.899258 4.876561 5.328686 7.123449 5.070661 2.299167 2.537439 2.201543 2.081946 2.459805 2.826027 3.227842 5.87499 6.81832 6.733881 5.292606 5.205428 6.399874 5.395986 3.796071 7.60804 7.929706 6.510362 7.167681 5.76374 6.460518 5.9537 6.090935 4.660296 5.903859 4.465686
2.946505 2.468875 2.651996 2.470801 1.299337 1.66019 1.863929 1.428238 0.908487 0.478393 0.7163781 0.6522292 0.6404087 0.5519363 0.6683866 0.664741 0.6377313 0.4931405 0.4413764 0.9589618 1.04667 0.7441288 1.004185 1.160021 0.5871835 0.3817548 0.5387201 0.9261283 0.8711848 1.442774 2.850891 0.6686715 0.6689317 0.447136 0.2287138 0.4039508 1.908286 3.286541 2.389776 1.509637 2.647679 5.933618 5.362415 5.953388 3.983536 2.309649 2.72966 2.385852 1.514043 2.499679 2.636235 2.819594 6.957335 5.82493 6.495675 5.520683 4.707892 5.302919 6.490637 5.920979 6.589792 7.211908 6.313561 8.084516 5.34606 6.384464 5.006264 4.975903 4.916157 3.51503 3.957886
2.162673 1.445884 1.955315 1.924839 2.418572 2.103136 2.117641 0.9813232 0.9282902 0.640637 0.6552474 1.31903 0.7120473 1.769224 0.6888081 0.8245555 0.5453552 0.3940148 0.6519988 0.8805547 0.7329604 1.104664 2.156588 1.149564 0.8304944 0.7162713 0.8183136 0.441719 1.735693 1.536363 1.466403 0.7064688 0.9233727 1.017392 0.2926601 0.6277487 4.441504 2.987306 4.505439 2.191922 2.932006 3.596826 5.897567 5.770773 3.312442 4.132819 2.334787 2.552226 2.690057 2.219973 2.520773 4.700887 4.462539 5.529788 7.243342 7.881621 7.344387 7.072184 5.972196 5.016045 5.227921 6.607963 5.76341 6.37659 5.900857 5.943889 5.371168 4.217827 3.229739 5.130482 4.919901
2.108535 1.477535 1.80101 2.034751 2.174953 2.785891 2.201165 2.095074 0.7181808 1.173647 1.269628 1.243884 1.392792 1.396737 0.7993342 0.8187535 0.7261794 0.7605574 1.001847 1.029326 0.6474808 2.163867 1.293501 1.287235 1.006393 0.8436271 0.6683211 0.5770301 0.799604 0.5158548 0.8331334 0.8899313 0.9063052 0.8672501 0.6312239 0.4630513 2.914556 2.10518 1.750911 2.412762 3.179645 4.653392 5.143828 6.199005 5.75366 3.611773 4.249094 4.847138 3.750849 4.62895 4.329455 5.942102 4.296761 5.734301 6.905218 5.651935 6.582163 5.305923 4.106119 4.388072 5.499369 6.144725 5.030994 6.716396 6.232951 5.501327 5.309483 4.283645 4.372073 5.513388 6.271596
2.875049 2.615394 2.225929 2.892771 2.697033 2.973794 2.262426 1.231065 0.881869 1.369546 2.585201 1.902148 4.133192 1.040398 0.3262909 0.6163487 0.6503412 1.460154 0.9507753 0.4705544 0.9849659 1.596089 2.579344 3.4474 2.729539 0.9433136 0.7034915 0.5160752 0.7829993 0.417109 0.7203259 1.064093 0.7404175 1.06813 1.072272 0.5625331 0.4851353 1.533954 1.499322 1.502846 2.214124 2.589802 4.039717 5.497778 6.324697 2.444573 3.694419 5.033975 3.784426 3.618526 4.615867 5.171767 4.159904 4.709382 3.296756 3.992301 4.124516 4.660384 3.369074 3.030785 5.391519 4.934024 4.957915 6.129424 6.4562 4.711627 5.393532 4.53721 5.550285 7.614473 6.048675
