STOTEN_Data/raw/PctCoarseMFUpActLayer.asc
ncols         250
nrows         718
xllcorner     -2256000
yllcorner     1557000
cellsize      1000
NODATA_value  -9999
[rows 510 to 543 of 718, columns 77 to 153 of 250]
-9999 -9999 -9999 -9999 -9999 -9999 -9999 -9999 -9999 -9999 -9999 -9999 -9999 -9999 -9999 -9999 -9999 -9999 -9999 -9999 -9999 -9999 -9999 -9999 -9999 -9999 -9999 -9999 -9999 -9999 33.4175 33.44 31.246 31.246 32.3089 28.241 28.241 28.8556 28.8556 26.28 25.4789 25.4789 24.0722 24.0722 22.3567 19.471 19.471 17.567 15.852 18.478 29.31 29.31 38.79 38.79 49.88 48.33 48.33 17.62 17.62 13.34 39.04 39.04 53.18 53.18 52.8 49.94 58.18 56.37 56.37 54.29 54.29 52.67 56.15 56.15 62.2 62.2 58.56
-9999 -9999 -9999 -9999 -9999 -9999 -9999 -9999 -9999 -9999 -9999 -9999 -9999 -9999 -9999 -9999 -9999 -9999 -9999 -9999 -9999 -9999 -9999 -9999 -9999 -9999 -9999 -9999 -9999 -9999 -9999 33.44 31.246 31.322 33.225 33.225 29.5478 28.8556 28.8556 28.0256 28.0256 24.7522 24.0722 24.0722 22.3567 16.7956 9.18778 15.852 15.852 18.478 18.478 29.57 36.28 36.28 49.88 49.88 46.03 28.5 28.5 26.79 26.79 39.04 57.05 57.05 58.17 58.17 58.18 56.37 52.82 51.27 51.27 52.83 56.15 56.15 56.36 56.36 60.67
-9999 -9999 -9999 -9999 -9999 -9999 -9999 -9999 -9999 -9999 -9999 -9999 -9999 -9999 -9999 -9999 -9999 -9999 -9999 -9999 -9999 -9999 -9999 -9999 -9999 -9999 -9999 -9999 -9999 -9999 -9999 33.4125 33.4125 31.322 33.225 33.5588 31.28 31.28 31.162 28.0256 28.0256 24.2078 24.2078 20.5956 16.7956 16.7956 9.18778 11.4333 15.242 22.19 22.19 29.57 29.57 40.01 47.47 47.47 46.03 46.03 28.5 38 38 47.51 47.51 57.05 58.17 57.41 56.41 56.41 52.82 51.27 51.27 48.98 48.98 50.45 56.36 56.36 53
-9999 -9999 -9999 -9999 -9999 -9999 -9999 -9999 -9999 -9999 -9999 -9999 -9999 -9999 -9999 -9999 -9999 -9999 -9999 -9999 -9999 -9999 -9999 -9999 -9999 -9999 -9999 -9999 -9999 -9999 -9999 33.4125 31.3967 31.158 31.158 33.5588 31.28 31.28 33.4011 33.4011 27.2978 24.2078 24.2078 20.5956 15.65 13.1122 11.4333 11.4333 15.242 14.44 22.67 32.01 32.01 40.01 40.01 55.92 36.03 36.03 33.58 33.58 38 44.34 44.34 56.09 56.09 57.41 56.41 54.95 48.35 48.35 45.68 48.98 48.98 42.83 42.83 50.12 53
-9999 -9999 -9999 -9999 -9999 -9999 -9999 -9999 -9999 -9999 -9999 -9999 -9999 -9999 -9999 -9999 -9999 -9999 -9999 -9999 -9999 -9999 -9999 -9999 -9999 -9999 -9999 -9999 -9999 -9999 -9999 31.3967 31.3967 31.158 30.6325 33.1957 33.105 33.105 33.4011 33.4011 30.159 30.159 23.389 15.65 15.65 13.1122 8.17375 12.4189 14.44 14.44 22.67 22.67 27.19 38.18 38.18 55.92 55.92 36.03 25.83 25.83 26.21 26.21 44.34 56.09 44.27 51.14 51.14 54.95 48.35 42.48 39.78 39.78 38.93 42.83 42.83 41.52 41.52
-9999 -9999 -9999 -9999 -9999 -9999 -9999 -9999 -9999 -9999 -9999 -9999 -9999 -9999 -9999 -9999 -9999 -9999 -9999 -9999 -9999 -9999 -9999 -9999 -9999 -9999 -9999 -9999 -9999 -9999 -9999 -9999 31.57 30.6325 30.6325 33.1957 33.1957 32.5871 36.3767 36.3767 30.159 30.159 20.7364 12.6867 12.6867 8.17375 8.17375 12.4189 14.6578 15.0244 22.53 22.53 27.19 27.19 30.21 51.93 51.93 36.04 36.04 25.83 18.36 18.36 23.07 23.07 44.27 51.14 43.38 47.9 47.9 42.48 39.78 39.78 36.35 36.35 37.49 41.52 41.52
-9999 -9999 -9999 -9999 -9999 -9999 -9999 -9999 -9999 -9999 -9999 -9999 -9999 -9999 -9999 -9999 -9999 -9999 -9999 -9999 -9999 -9999 -9999 -9999 -9999 -9999 -9999 -9999 -9999 -9999 -9999 -9999 31.57 -9999 34.4525 31.975 31.975 32.5871 32.5871 32.3564 30.415 30.415 20.7364 20.7364 12.6867 9.58625 9.58625 14.6578 14.6578 15.0244 22.53 27.78 28.02 28.02 30.21 51.93 51.93 41.06 41.06 24.06 24.06 18.36 21.22 21.22 31.01 31.01 43.38 47.9 43.56 42.02 42.02 39.63 36.35 36.35 38.43 38.43 41.48
-9999 -9999 -9999 -9999 -9999 -9999 -9999 -9999 -9999 -9999 -9999 -9999 -9999 -9999 -9999 -9999 -9999 -9999 -9999 -9999 -9999 -9999 -9999 -9999 -9999 -9999 -9999 -9999 -9999 -9999 -9999 -9999 -9999 -9999 34.4525 31.05 32.0833 32.9275 32.9275 32.3564 32.3564 29.0646 22.205 22.205 15.042 15.042 9.58625 17.875 17.875 16.88 16.88 27.78 28.02 28.07 26.21 26.21 42.08 41.06 41.06 22.21 22.21 19.02 21.22 21.22 31.01 27.53 42.07 43.56 43.56 42.02 42.02 46.7 46.7 39.4 38.43 38.43 43.38
-9999 -9999 -9999 -9999 -9999 -9999 -9999 -9999 -9999 -9999 -9999 -9999 -9999 -9999 -9999 -9999 -9999 -9999 -9999 -9999 -9999 -9999 -9999 -9999 -9999 -9999 -9999 -9999 -9999 -9999 -9999 -9999 -9999 -9999 31.05 31.05 32.0833 32.0833 30.8533 29.7373 29.7373 29.0646 29.0646 22.205 18.002 18.002 13.8922 13.8922 17.875 16.88 25.63 27.27 27.27 28.07 26.21 21.76 29.14 29.14 33.57 22.21 22.21 15.92 15.92 20.95 27.53 27.53 42.07 43.66 45.61 47.61 47.61 46.7 46.7 44.83 43.49 43.49 43.38
-9999 -9999 -9999 -9999 -9999 -9999 -9999 -9999 -9999 -9999 -9999 -9999 -9999 -9999 -9999 -9999 -9999 -9999 -9999 -9999 -9999 -9999 -9999 -9999 -9999 -9999 -9999 -9999 -9999 -9999 -9999 -9999 -9999 -9999 -9999 31.3133 32.0817 32.0817 30.8533 30.8533 30.192 29.3715 29.3715 23.4808 23.4808 18.002 18.631 18.631 21.121 21.121 25.63 27.27 27.34 22.61 22.61 21.76 29.14 29.14 27.8 27.8 24.29 15.92 15.92 20.95 18.96 23.31 43.66 43.66 45.61 45.09 51.9 51.21 51.21 44.83 44.83 45.91 43.03
-9999 -9999 -9999 -9999 -9999 -9999 -9999 -9999 -9999 -9999 -9999 -9999 -9999 -9999 -9999 -9999 -9999 -9999 -9999 -9999 -9999 -9999 -9999 -9999 -9999 -9999 -9999 -9999 -9999 -9999 -9999 -9999 -9999 -9999 -9999 31.3133 31.3133 33.6125 30.1757 30.1757 30.192 30.192 29.3715 20.2983 20.2983 15.7409 15.7409 18.631 23.801 23.801 28.74 28.74 27.34 22.61 22.34 17.29 17.29 24.07 27.8 27.8 25.26 25.26 21.57 18.96 18.96 23.31 29.82 40.2 45.09 45.09 51.9 51.9 49.72 46.64 46.64 45.91 45.91
-9999 -9999 -9999 -9999 -9999 -9999 -9999 -9999 -9999 -9999 -9999 -9999 -9999 -9999 -9999 -9999 -9999 -9999 -9999 -9999 -9999 -9999 -9999 -9999 -9999 -9999 -9999 -9999 -9999 -9999 -9999 -9999 -9999 -9999 -9999 -9999 -9999 33.6125 33.6125 32.4214 28.8162 28.8162 27.2433 27.2433 20.2983 23.0342 23.0342 21.16 21.16 23.801 28.74 26.39 29.19 29.19 22.34 17.29 17.29 22.36 22.36 26.48 25.26 25.26 28.11 28.11 29.32 29.82 29.82 40.2 34.73 43.87 49.61 49.61 49.72 49.72 44.61 48.1 48.1
-9999 -9999 -9999 -9999 -9999 -9999 -9999 -9999 -9999 -9999 -9999 -9999 -9999 -9999 -9999 -9999 -9999 -9999 -9999 -9999 -9999 -9999 -9999 -9999 -9999 -9999 -9999 -9999 -9999 -9999 -9999 -9999 -9999 -9999 -9999 -9999 -9999 33.7575 33.7575 32.4214 28.8162 29.9975 33.6927 33.6927 40.8923 23.0342 23.0342 34.85 34.85 28.822 28.822 26.39 29.19 29.01 25.84 25.84 23.11 22.36 22.36 26.32 26.32 28.61 28.11 28.11 29.32 35.79 36 34.73 34.73 43.87 43.87 45.76 45.13 45.13 44.61 44.61 48.1
-9999 -9999 -9999 -9999 -9999 -9999 -9999 -9999 -9999 -9999 -9999 -9999 -9999 -9999 -9999 -9999 -9999 -9999 -9999 -9999 -9999 -9999 -9999 -9999 -9999 -9999 -9999 -9999 -9999 -9999 -9999 -9999 -9999 -9999 -9999 -9999 -9999 33.7575 33.345 34.41 34.41 29.9975 33.6927 33.6927 42.7577 42.7577 44.165 34.85 34.85 28.822 31.3878 26.61 29.01 29.01 25.84 23.63 26.23 25.83 25.83 26.32 26.32 31.23 31.23 30.78 35.79 35.79 36 36.02 40.32 38.1 38.1 45.76 45.76 41.49 47.63 47.63 52.97
-9999 -9999 -9999 -9999 -9999 -9999 -9999 -9999 -9999 -9999 -9999 -9999 -9999 -9999 -9999 -9999 -9999 -9999 -9999 -9999 -9999 -9999 -9999 -9999 -9999 -9999 -9999 -9999 -9999 -9999 -9999 -9999 -9999 -9999 -9999 -9999 -9999 -9999 33.345 34.41 33.7225 29.8711 29.8711 34.1158 42.7577 42.7577 41.3742 41.3742 38.601 31.3878 31.3878 26.61 19.085 24.38 23.63 23.63 26.23 26.23 27.95 30.38 30.38 31.23 31.23 30.78 40.68 40.68 36.02 36.02 40.32 38.1 33.5 40.82 40.82 41.49 41.49 53.81 62.04
-9999 -9999 -9999 -9999 -9999 -9999 -9999 -9999 -9999 -9999 -9999 -9999 -9999 -9999 -9999 -9999 -9999 -9999 -9999 -9999 -9999 -9999 -9999 -9999 -9999 -9999 -9999 -9999 -9999 -9999 -9999 -9999 -9999 -9999 -9999 -9999 -9999 -9999 33.125 33.125 33.7225 29.8711 29.8711 34.1823 34.1823 39.9792 41.3742 41.3742 34.731 34.731 29.26 19.085 19.085 24.38 19.21 27.28 27.79 27.79 27.95 27.95 34.81 36.66 36.66 36.35 36.35 40.68 38.62 38.62 26.46 26.46 33.5 40.82 33.88 40.51 40.51 53.81 62.04
-9999 -9999 -9999 -9999 -9999 -9999 -9999 -9999 -9999 -9999 -9999 -9999 -9999 -9999 -9999 -9999 -9999 -9999 -9999 -9999 -9999 -9999 -9999 -9999 -9999 -9999 -9999 -9999 -9999 -9999 -9999 -9999 -9999 -9999 -9999 -9999 -9999 -9999 33.125 -9999 32.1775 32.1775 30.4391 34.1823 34.1823 34.5108 34.5108 34.51 34.731 34.731 29.26 24.972 11.9936 19.21 19.21 27.28 27.28 28.08 27.05 27.05 34.81 34.81 36.66 38.69 38.69 44.32 44.32 38.62 21.46 21.46 17.88 17.88 33.88 40.51 45.17 57.62 57.62
-9999 -9999 -9999 -9999 -9999 -9999 -9999 -9999 -9999 -9999 -9999 -9999 -9999 -9999 -9999 -9999 -9999 -9999 -9999 -9999 -9999 -9999 -9999 -9999 -9999 -9999 -9999 -9999 -9999 -9999 -9999 -9999 -9999 -9999 -9999 -9999 -9999 -9999 -9999 -9999 32.1775 -9999 29.9327 29.9327 32.9042 34.5108 34.5108 38.52 38.52 38.0636 24.972 24.972 11.9936 19.0955 20.98 28.63 28.63 28.08 28.08 31.73 36.36 36.36 40.12 40.12 38.69 38.8 38.8 28.48 28.48 21.46 17.88 12.32 28.42 28.42 45.17 57.62 57.62
-9999 -9999 -9999 -9999 -9999 -9999 -9999 -9999 -9999 -9999 -9999 -9999 -9999 -9999 -9999 -9999 -9999 -9999 -9999 -9999 -9999 -9999 -9999 -9999 -9999 -9999 -9999 -9999 -9999 -9999 -9999 -9999 -9999 -9999 -9999 -9999 -9999 -9999 -9999 -9999 -9999 -9999 29.9327 29.9327 31.8733 31.8733 35.685 38.52 38.52 38.0636 45.25 32.5673 19.0955 19.0955 20.98 20.98 33.58 24.54 24.54 31.73 31.73 39.51 43.72 43.72 39.48 39.48 38.8 18.62 18.62 15.94 15.94 12.32 28.42 31.43 44.13 44.13 53.56
-9999 -9999 -9999 -9999 -9999 -9999 -9999 -9999 -9999 -9999 -9999 -9999 -9999 -9999 -9999 -9999 -9999 -9999 -9999 -9999 -9999 -9999 -9999 -9999 -9999 -9999 -9999 -9999 -9999 -9999 -9999 -9999 -9999 -9999 -9999 -9999 -9999 -9999 -9999 -9999 -9999 -9999 28.5258 28.5258 31.8733 31.8733 35.55 39.2167 39.2167 45.25 45.25 32.5673 35.9091 29.4218 25.21 25.21 33.58 33.58 17.115 37.94 37.94 39.51 39.51 43.72 47.22 47.22 37.05 37.05 18.62 15.94 12.25 8.58 8.58 31.43 44.13 44.21 52.74
-9999 -9999 -9999 -9999 -9999 -9999 -9999 -9999 -9999 -9999 -9999 -9999 -9999 -9999 -9999 -9999 -9999 -9999 -9999 -9999 -9999 -9999 -9999 -9999 -9999 -9999 -9999 -9999 -9999 -9999 -9999 -9999 -9999 -9999 -9999 -9999 -9999 -9999 -9999 -9999 -9999 -9999 -9999 28.3208 31.0925 31.0925 35.55 35.55 39.2167 42.8455 42.8455 35.9091 35.9091 29.4218 23.52 23.52 23.36 23.36 17.115 37.94 30.155 30.32 30.32 37.53 37.53 47.22 30.59 30.59 21.57 21.57 12.25 8.58 15.15 33.15 33.15 44.21 52.74
-9999 -9999 -9999 -9999 -9999 -9999 -9999 -9999 -9999 -9999 -9999 -9999 -9999 -9999 -9999 -9999 -9999 -9999 -9999 -9999 -9999 -9999 -9999 -9999 -9999 -9999 -9999 -9999 -9999 -9999 -9999 -9999 -9999 -9999 -9999 -9999 -9999 -9999 -9999 -9999 -9999 26.425 26.425 28.3208 28.3208 32.2958 36.0483 36.0483 39.2442 39.2442 42.8455 35.4691 35.4691 32.6858 32.6858 23.52 23.36 30.715 30.715 30.715 30.155 30.32 30.32 33.22 33.22 38.13 30.59 30.59 25.71 25.71 18.71 15.15 15.15 33.15 26.82 44.72 44.72
-9999 -9999 -9999 -9999 -9999 -9999 -9999 -9999 -9999 -9999 -9999 -9999 -9999 -9999 -9999 -9999 -9999 -9999 -9999 -9999 -9999 -9999 -9999 -9999 -9999 -9999 -9999 -9999 -9999 -9999 -9999 -9999 -9999 -9999 -9999 -9999 -9999 -9999 -9999 -9999 -9999 -9999 26.3838 28.0225 28.0225 32.2958 32.2958 36.5125 37.4 37.4 38.4117 38.4117 35.4691 39.5367 39.5367 24.05 24.05 30.715 30.715 24.595 29.535 29.535 31.905 33.22 33.22 32.495 32.495 29.315 25.71 25.71 18.71 21.6 21.34 26.82 26.82 44.72 44.72
-9999 -9999 -9999 -9999 -9999 -9999 -9999 -9999 -9999 -9999 -9999 -9999 -9999 -9999 -9999 -9999 -9999 -9999 -9999 -9999 -9999 -9999 -9999 -9999 -9999 -9999 -9999 -9999 -9999 -9999 -9999 -9999 -9999 -9999 -9999 -9999 -9999 -9999 -9999 -9999 27.2675 27.2675 26.3838 26.3838 27.2408 31.8342 31.8342 36.5125 36.5125 37.4 37.99 37.99 37.38 37.38 39.5367 24.05 22.49 23.58 23.58 24.595 29.535 29.855 30.805 30.805 32.645 32.495 32.495 27.49 27.49 26.67 21.6 21.6 21.34 25 36.65 39.71 39.71
-9999 -9999 -9999 -9999 -9999 -9999 -9999 -9999 -9999 -9999 -9999 -9999 -9999 -9999 -9999 -9999 -9999 -9999 -9999 -9999 -9999 -9999 -9999 -9999 -9999 -9999 -9999 -9999 -9999 -9999 -9999 -9999 -9999 -9999 -9999 -9999 -9999 -9999 -9999 -9999 -9999 26.875 25.5912 25.5912 27.2408 27.2408 35.8017 38.2033 38.2033 36.6458 36.6458 37.99 37.4445 37.4445 39.0333 39.0333 22.49 23.58 22.365 28.065 28.065 29.855 30.805 30.805 29.39 29.39 30.54 27.49 27.49 26.67 28 23.28 25 25 36.65 36.65 39.2
-9999 -9999 -9999 -9999 -9999 -9999 -9999 -9999 -9999 -9999 -9999 -9999 -9999 -9999 -9999 -9999 -9999 -9999 -9999 -9999 -9999 -9999 -9999 -9999 -9999 -9999 32.2167 31.0467 31.0467 -9999 -9999 32.93 32.9267 32.9267 -9999 -9999 -9999 -9999 -9999 -9999 -9999 26.875 26.875 24.8888 27.4845 27.4845 35.8017 35.8017 38.2033 39.7664 39.7664 37.9145 37.9145 37.4445 37.785 37.785 24.855 24.855 22.365 28.065 28.445 30.62 30.62 29.93 29.39 29.39 27.955 27.955 25.7 28 28 23.28 21.7 22.05 37.39 37.39 39.2
-9999 -9999 -9999 -9999 -9999 -9999 -9999 -9999 -9999 -9999 -9999 -9999 -9999 -9999 -9999 -9999 -9999 -9999 -9999 -9999 -9999 -9999 -9999 -9999 -9999 -9999 32.2167 32.2167 33.4433 32.9633 32.9633 32.93 32.93 33.42 -9999 -9999 -9999 -9999 -9999 30.2325 30.2325 31.14 31.14 24.8888 27.4845 24.5609 44.745 44.745 47.505 39.7664 39.7664 38.235 38.235 36.0145 36.0145 37.785 24.855 27.73 27.905 27.905 28.445 30.62 30.62 27.475 27.475 27.985 27.955 27.955 25.7 28.19 25.47 21.7 21.7 22.05 17.68 32.67 36.84
-9999 -9999 -9999 -9999 -9999 -9999 -9999 -9999 -9999 -9999 -9999 -9999 -9999 -9999 -9999 -9999 -9999 -9999 -9999 -9999 -9999 -9999 -9999 -9999 -9999 -9999 -9999 -9999 33.4433 33.4433 36.4067 35.33 35.33 33.42 33.42 -9999 -9999 -9999 -9999 -9999 30.2325 31.14 31.71 26.3943 26.3943 24.5609 44.745 45.6064 55.573 55.573 45.303 38.235 38.235 36.754 36.754 32.05 27.73 27.73 27.905 32.47 32.47 29.785 29.785 27.475 27.475 25.685 25.685 25.3 28.19 28.19 25.47 24.91 19.69 17.68 17.68 32.67 32.67
-9999 -9999 -9999 -9999 -9999 -9999 -9999 -9999 -9999 -9999 -9999 -9999 -9999 -9999 -9999 -9999 -9999 -9999 -9999 -9999 -9999 -9999 -9999 -9999 -9999 -9999 -9999 -9999 35.34 35.34 36.4067 36.4067 34.75 33.98 33.98 32.3567 32.3567 -9999 -9999 -9999 30.4675 30.4675 31.71 26.3943 29.3617 27.965 27.965 45.6064 55.573 55.573 46.524 46.524 38.524 36.754 36.754 32.05 31.16 31.005 32.47 32.47 32.47 32.47 31.9 24.915 24.915 25.685 25.685 23.67 27.47 27.47 24.91 24.91 19.69 9.37 9.37 23.45 23.45
-9999 -9999 -9999 -9999 -9999 -9999 -9999 -9999 -9999 -9999 -9999 -9999 -9999 -9999 -9999 -9999 -9999 -9999 -9999 -9999 -9999 -9999 -9999 -9999 -9999 -9999 -9999 -9999 -9999 39.4233 36.91 36.91 34.75 34.75 33.98 31.95 31.95 -9999 -9999 -9999 30.4675 30.775 32.05 32.05 29.3617 27.965 33.6075 41.918 41.918 51.366 46.524 46.524 36.936 36.936 34.208 31.16 31.16 31.005 31.63 35.145 36.665 36.665 31.9 31.9 25.92 25.65 25.65 23.67 23.67 27.47 25.1 25.1 17.94 17.94 9.37 23.45 31.05
-9999 -9999 -9999 -9999 -9999 -9999 -9999 -9999 -9999 -9999 -9999 -9999 -9999 -9999 -9999 -9999 -9999 -9999 -9999 -9999 -9999 -9999 -9999 -9999 -9999 -9999 -9999 36.0733 36.0733 39.4233 39.4233 42.01 37.57 37.57 35.56 35.56 31.95 -9999 -9999 -9999 -9999 30.775 32.05 34.14 35.966 35.966 33.6075 41.918 41.918 44.36 44.36 40.301 36.936 36.936 34.208 36.073 30.535 31.63 31.63 35.145 37.225 42.585 47.855 47.855 25.92 25.92 28.265 23.525 23.525 29.01 29.01 25.1 20.73 20.73 15.29 15.29 31.05
-9999 -9999 -9999 -9999 -9999 -9999 -9999 -9999 -9999 -9999 -9999 -9999 -9999 -9999 -9999 -9999 -9999 -9999 -9999 -9999 -9999 -9999 -9999 -9999 -9999 -9999 -9999 36.0733 35.39 38.81 38.81 42.01 42.01 37.57 35.46 35.46 35.37 35.37 -9999 31.94 31.94 33.125 33.125 34.14 35.966 36.4233 39.824 39.824 44.5786 44.36 44.36 39.956 39.956 40.051 36.073 36.073 30.535 24.085 33.935 37.225 37.225 42.585 42.585 56.665 38.665 38.665 28.265 28.265 23.525 31.49 31.49 26.64 26.64 20.73 22.39 22.39 30.27
-9999 -9999 -9999 -9999 -9999 -9999 -9999 -9999 -9999 -9999 -9999 -9999 -9999 -9999 -9999 -9999 -9999 -9999 -9999 -9999 -9999 -9999 -9999 -9999 -9999 -9999 -9999 -9999 35.39 38.81 39.63 48.22 48.22 43.1 35.46 35.46 36.16 36.16 31.0533 31.94 31.94 33.125 37.68 36.32 36.32 36.4233 39.824 39.824 40.876 40.876 46.9486 39.956 39.956 38.3891 38.3891 35.6245 24.085 24.085 33.935 34.59 38.68 44.17 44.17 56.665 56.665 33.72 29.78 29.78 30.82 30.82 31.49 27.89 27.89 25.03 25.03 22.39 30.27
-9999 -9999 -9999 -9999 -9999 -9999 -9999 -9999 -9999 -9999 -9999 -9999 -9999 -9999 -9999 -9999 -9999 -9999 -9999 -9999 -9999 -9999 -9999 -9999 -9999 -9999 -9999 -9999 35.44 35.44 39.63 48.22 48.07 46.81 46.81 33.13 36.16 36.16 35.82 35.82 32.88 37.68 37.68 36.32 40.83 38.41 38.2333 38.2333 40.876 40.876 41.706 41.0544 41.0544 38.3891 38.3891 35.6245 12.28 15.51 34.59 34.59 38.68 38.68 40.66 46.475 46.475 33.72 33.72 33.45 29.45 29.45 29.84 29.84 27.89 25.93 25.93 25.8 25.8
