STOTEN_Data/raw/PctCoarseMFUpActLayer.asc
ncols         250
nrows         718
xllcorner     -2256000
yllcorner     1557000
cellsize      1000
NODATA_value  -9999
[rows 544 to 577 of 718, columns 154 to 230 of 250]
25.85 25.85 32.77 36.84 36.84 49.11 49.11 48.18 33.97 33.97 33.51 33.51 53.74 44.12 44.12 40.16 37.78 30.61 30.05 30.05 25.85 25.85 32.91 37.77 37.77 41.77 41.77 40.45 36.56 36.56 26.03 26.03 19.3 13.73 13.43 21.08 21.08 23.43 35.59 35.59 34.81 34.81 34.93 44.31 44.31 70.3 70.3 65.57 46.1 46.1 43.95 40.16 46.495 48.475 48.475 49.295 49.295 43.54 34.56 34.56 -9999 -9999 -9999 -9999 -9999 35.775 35.775 33.545 33.545 45.575 44.595 44.595 40.96 40.96 40.815 40.86 40.86
25.85 26.28 30.47 30.47 40.77 49.11 49.11 49.84 49.84 37.85 33.51 33.51 53.74 42.58 40.55 37.78 37.78 30.61 30.61 36.27 31.55 31.55 32.91 32.91 36.83 47.11 47.11 48.12 48.12 36.56 33.68 33.68 20.3 20.3 13.43 21.08 18.79 37.92 37.92 37.11 34.81 34.81 33.27 33.27 49.44 70.3 70.3 65.57 38.37 40.73 40.16 40.16 46.495 46.495 45.785 56.36 56.36 43.54 43.54 34.56 -9999 -9999 -9999 -9999 -9999 33.255 33.255 32.785 32.785 45.575 44.595 43.515 42.705 42.705 40.825 40.825 40.86
26.28 26.28 30.47 27.46 45.6 49.48 49.48 49.84 49.84 46.23 46.23 45.69 42.58 42.58 40.55 43.21 40.15 39.41 39.41 36.27 36.27 34.56 31.39 31.39 36.83 36.83 47.11 24.78 24.78 43.66 43.66 33.68 20.3 27.82 20.2 20.2 18.79 37.92 43.81 56.04 56.04 41.02 33.27 33.27 45.76 45.76 45.26 38.37 38.37 40.73 36.73 43.875 42.57 42.57 45.785 45.785 51.53 50.475 50.475 44.465 44.465 -9999 25.775 25.775 -9999 -9999 33.255 32.785 35.33 41.095 41.095 43.515 42.705 42.705 41.14 41.14 -9999
19.46 26.11 27.46 27.46 45.6 45.6 48.88 48.95 48.95 46.23 46.23 45.69 40.89 40.89 43.21 43.21 40.15 35.36 35.36 36.28 36.28 34.56 34.56 42.97 45.68 45.68 33.22 33.22 24.78 39.3 39.3 29.76 29.76 27.82 20.2 24.87 31.9 31.9 43.81 56.04 56.04 52.42 52.42 44.76 45.76 45.76 45.26 36.67 33.78 36.73 36.73 43.875 43.875 38.975 42.89 42.89 51.53 51.53 55.71 55.075 55.075 39.98 39.98 25.775 37.535 37.535 31.035 31.035 35.33 41.095 38.05 40.955 40.955 40.975 41.14 41.14 -9999
19.46 26.11 19.07 27.14 36.06 36.06 48.88 48.88 54.17 48.93 48.93 43.57 43.57 40.89 39.59 39.59 35.22 35.22 35.36 36.28 35.59 42.99 42.99 42.97 45.68 45.68 37.3 37.3 40.89 39.3 39.3 32.65 32.65 27.09 27.09 24.87 31.9 25.07 44.68 44.68 65.09 52.42 52.42 21.96 21.96 34.84 36.67 36.67 33.78 42.61 40.24 40.065 40.065 38.975 38.975 39.04 48.7 48.7 55.71 55.71 55.075 44.965 44.965 39.175 39.175 37.535 31.035 28.865 34.12 34.12 38.05 40.955 41.55 -9999 -9999 -9999 -9999
14.71 19.07 19.07 27.14 27.14 31.1 46.59 46.59 54.17 54.17 58.93 47 47 45.57 45.57 39.59 33.36 33.36 28.04 28.04 35.59 42.99 40.74 40.35 40.35 35.7 37.3 37.3 41.93 41.93 36.07 32.65 32.65 27.09 23.71 22.16 25.07 25.07 44.68 44.68 24.98 31.85 31.85 21.96 21.96 34.84 30.16 40.62 42.61 42.61 40.24 39.415 38.265 35.67 35.67 39.04 39.04 46.79 58.77 58.77 56.4 56.4 44.965 48.545 48.545 46.275 46.275 28.865 34.12 39.3 40.995 40.995 41.55 -9999 -9999 -9999 -9999
14.71 13.11 6.05 15.51 15.51 31.1 31.1 45.56 55.62 55.62 58.93 58.93 47 45.77 45.77 36.12 36.12 33.36 28.04 32.98 37.91 37.91 40.74 40.35 40.35 38.4 38.4 42.44 41.93 41.93 40.58 40.58 29.53 23.71 23.71 22.16 17.89 26.05 32.83 32.83 24.98 24.98 28.41 32.03 32.03 30.16 30.16 40.62 35.025 35.025 39.415 39.415 38.265 35.67 33.7 33.23 33.23 46.79 46.79 58.77 48.375 48.375 49.295 49.295 48.545 48.06 48.06 39.72 39.72 39.3 40.995 -9999 39.825 39.825 -9999 -9999 -9999
13.11 13.11 6.05 12.72 20.33 28.01 28.01 45.56 45.56 54.26 52.2 52.2 47.65 47.65 45.77 31.37 31.37 30.32 30.32 32.98 37.91 36.27 40.98 40.98 40.47 38.4 38.4 38.94 38.94 38.45 40.58 40.58 29.53 34.41 26.06 17.89 17.89 26.05 26.05 37.27 36.82 36.82 28.41 28.41 25.655 28.84 28.84 31.23 31.23 35.025 38.69 38.69 32.665 32.665 33.7 33.23 34.025 46.355 46.355 50.955 48.375 48.375 48.04 48.04 49.975 49.975 48.06 39.72 -9999 39.9 39.9 -9999 39.825 39.825 -9999 -9999 -9999
18.98 13.21 12.72 12.72 20.33 20.33 28.5 45.15 45.15 54.26 54.26 52.2 42.85 42.85 36.5 36.5 31.37 30.32 30.82 36.03 36.03 36.27 40.98 34.78 32.9 32.9 35.61 38.94 38.94 46.44 46.44 44.03 34.41 34.41 26.06 29.16 22.73 26.67 26.67 37.27 37.27 40.97 35.78 35.78 25.655 25.655 28.84 31.385 31.385 19.12 19.12 38.69 32.665 32.23 33.92 33.92 34.025 46.355 40.295 41.985 41.985 38.955 48.04 48.04 48.215 48.215 42.295 -9999 -9999 39.9 -9999 -9999 -9999 -9999 -9999 -9999 -9999
18.98 13.21 19.71 19.71 21.92 21.92 28.5 45.15 32.43 43.34 43.34 40.03 40.03 42.85 43 43 37.57 37.57 30.82 36.03 36.89 37.94 37.94 34.78 32.9 32.9 33.4 33.4 39.78 46.44 46.44 44.03 37.44 41.02 29.16 29.16 22.73 22.94 22.91 39.39 39.39 40.97 40.97 25.06 24.05 24.05 26.495 26.495 31.385 28.4 28.4 32.715 32.715 32.23 33.92 34.78 35.66 35.66 40.295 41.985 41.985 41.595 41.595 46.96 48.215 48.215 42.295 -9999 -9999 -9999 -9999 -9999 -9999 -9999 -9999 -9999 -9999
17.79 22.28 22.28 19.71 21.92 20.78 30.65 30.65 32.43 43.34 43.34 44.13 44.13 39.94 43 43 46.67 46.67 48.72 36.89 36.89 37.94 34.54 26.23 26.23 25.32 33.4 33.4 50.62 50.62 42.37 37.44 37.44 41.02 13.69 19.04 22.94 22.94 22.91 22.91 21.94 28.22 28.22 25.06 25.06 24.05 30 30 27.305 27.305 28.4 28.265 28.265 32.6 32.6 34.78 35.66 34.64 34.735 34.735 35.11 41.595 41.595 42.185 42.185 -9999 -9999 -9999 -9999 -9999 -9999 -9999 -9999 -9999 -9999 -9999 -9999
17.79 23.82 23.82 20.58 20.58 20.78 30.65 32.69 32.88 32.88 35.08 44.13 44.13 39.96 39.96 41.28 46.67 46.67 48.72 38.53 34.04 34.54 34.54 26.23 26.23 39.67 44.36 44.36 50.62 50.62 48.96 31.94 31.94 13.69 13.69 19.04 16.3 21.6 26.99 26.99 21.94 21.94 32.455 36.355 36.355 32.845 32.845 30 25.25 25.25 26.68 26.68 28.265 32.6 32.6 36.03 36.03 34.64 34.735 34.735 30.08 30.08 35.74 42.185 42.185 -9999 -9999 -9999 -9999 -9999 -9999 -9999 -9999 -9999 -9999 -9999 -9999
27.19 27.19 23.82 20.58 28.25 28.19 28.19 32.69 32.88 36.64 33.7 33.7 39.27 39.96 39.96 41.73 41.73 38.38 38.53 38.53 34.04 30.33 37.45 29.87 29.87 39.67 39.67 44.79 52.95 52.95 48.96 48.96 31.94 21.09 21.09 16.3 16.3 21.6 26.99 29.74 36.265 36.265 32.455 36.355 38.9 40.565 40.565 35.76 35.76 25.25 25.055 25.055 26.05 26.05 32.6 36.03 34.84 30.81 30.81 26.56 30.08 30.08 28.91 28.91 30.785 -9999 -9999 -9999 -9999 -9999 -9999 -9999 -9999 -9999 -9999 -9999 -9999
27.96 27.96 24.1 24.1 28.25 28.19 29.8 30.35 30.35 36.64 33.7 33.7 37.78 37.78 44.45 41.73 41.73 38.38 46.83 33.84 30.33 30.33 37.45 34.55 29.46 35.94 35.94 44.79 44.79 33.77 41.81 41.81 35.01 35.01 21.09 23.12 23.12 21.05 21.05 29.74 36.265 34.25 34.56 34.56 38.9 40.565 40.565 32.44 32.44 25.29 25.055 25.055 26.05 28.705 32.305 34.84 34.84 30.81 30.81 27.175 27.175 30.535 28.91 28.91 20.605 20.605 20.845 -9999 -9999 -9999 -9999 -9999 -9999 -9999 -9999 -9999 -9999
27.91 27.96 26.57 26.57 30.96 30.96 29.8 30.35 24.49 30.65 30.65 24.61 37.78 37.78 44.21 44.21 43.3 46.83 46.83 33.84 44.75 34.54 34.55 34.55 29.46 29.46 32.32 24.91 24.91 33.77 33.77 41.81 28.38 28.38 29.94 29.94 23.12 36.29 36.29 32.16 32.16 34.25 34.56 21.825 41.31 41.31 41.055 32.44 32.44 18.88 18.88 24.3 28.705 28.705 32.305 31.82 35.49 31.51 31.51 27.175 27.175 31.625 25.815 25.815 20.605 20.605 20.845 33.86 -9999 -9999 -9999 -9999 -9999 -9999 -9999 -9999 -9999
26.38 27.07 27.07 26.57 30.96 44.86 21.68 21.68 24.49 30.65 30.65 25.06 25.06 36.43 44.21 44.21 43.5 43.5 44.08 44.75 44.75 34.54 35.89 31.49 32.12 32.12 32.32 32.32 39.31 36.74 36.74 28.21 28.21 28.38 32.05 32.05 48.17 48.17 36.29 32.16 28.61 32.97 32.97 21.825 41.31 41.31 35.01 35.01 26.07 18.88 18.88 24.3 24.125 29.105 31.82 31.82 35.49 33.565 30.515 32.68 32.68 31.625 31.625 21.435 14.355 14.355 33.86 33.86 -9999 -9999 -9999 -9999 -9999 -9999 -9999 -9999 -9999
26.38 28.43 28.43 35.97 44.86 44.86 21.68 26.32 23.96 29.57 29.57 25.06 25.06 42.08 42.08 41.74 43.5 43.5 44.08 45.41 47.73 35.89 35.89 31.49 31.49 29.98 37.47 37.47 39.31 39.31 36.74 29.49 29.49 24.86 24.86 32.05 28.34 28.34 30.475 30.475 28.61 32.97 28.545 30.595 30.595 34.14 35.01 35.01 27.565 27.565 17.575 24.125 24.125 29.105 28.86 33.08 33.565 33.565 30.515 30.515 31.705 32.47 32.47 21.435 21.435 14.355 34.7167 34.7167 -9999 -9999 -9999 -9999 -9999 -9999 -9999 -9999 -9999
26.68 28.43 28.43 35.97 36.36 42.22 26.32 26.32 23.96 25.63 24.77 38.33 38.33 42.08 42.08 41.07 42.16 42.16 45.41 45.41 47.73 36.78 36.78 33.05 33.05 29.98 29.98 28.78 48.14 48.14 49.47 49.47 29.49 26.63 26.63 22.47 22.47 28.34 30.475 30.75 26.4 26.4 28.545 30.595 30.595 31.06 31.06 35.485 27.565 27.565 19.785 19.785 23.105 28.86 28.86 33.08 30.235 31.14 27.605 27.605 31.705 31.705 27.555 19.925 19.925 16.625 16.625 34.7167 -9999 -9999 -9999 -9999 -9999 -9999 -9999 -9999 -9999
9.87 9.87 24.47 36.36 36.36 42.22 28.31 27.18 25.63 25.63 24.77 24.77 29.55 34.77 34.77 41.07 41.07 42.16 50.84 50.84 42.76 42.76 36.78 33.05 31.96 35.35 35.35 28.78 48.14 39.01 35.93 35.93 32.49 26.63 26.63 14.21 14.21 21.12 21.12 30.75 26.4 32.11 30.35 30.35 30.765 31.06 31.06 27.785 27.785 25.67 19.785 19.785 23.105 20.28 26.23 30.235 30.235 31.14 31.14 24.51 23.23 23.23 27.555 27.555 18.0367 26.4233 26.4233 -9999 -9999 -9999 -9999 -9999 -9999 -9999 -9999 -9999 -9999
9.87 9.87 24.64 24.64 27.82 28.31 28.31 27.18 25.82 23.59 30.12 30.12 29.55 29.55 42.61 43.12 43.12 49.61 49.61 50.84 40.01 40.01 26.63 26.63 31.96 35.35 42.12 34.39 34.39 39.01 35.93 35.93 24.55 24.55 18.25 14.21 14.21 21.12 34.56 32.98 32.11 32.11 30.35 31.555 27.345 26.985 26.985 27.785 27.785 27.145 27.145 24.21 20.28 20.28 26.23 26.22 26.905 26.34 26.34 24.51 24.51 15.8367 14.7933 14.7933 18.0367 18.0367 26.4233 -9999 -9999 -9999 -9999 -9999 -9999 -9999 -9999 -9999 -9999
25.69 25.55 24.64 24.64 27.82 26.53 26.36 25.82 25.82 23.59 23.59 15.71 27.37 27.37 42.61 42.61 43.12 81.46 81.46 55.7 55.7 40.01 32.68 32.68 47.61 47.61 42.12 34.39 42.69 40.3 40.3 39.7 24.55 24.55 21.38 21.38 40.85 34.56 34.56 32.98 35.645 37.69 31.555 31.555 27.345 27.345 25.34 29.985 29.985 27.145 27.145 24.21 21.53 21.53 26.22 26.22 26.905 23.005 19.495 22.11 22.11 15.8367 15.8367 15.9633 21.1233 21.1233 27.0733 27.0733 -9999 -9999 -9999 -9999 -9999 -9999 -9999 -9999 -9999
25.69 27.33 27.33 22.64 26.53 26.53 26.36 25.67 24.98 20.83 20.83 15.71 15.71 40.89 45.35 45.35 54.85 54.85 81.46 52.84 52.84 43.29 43.29 32.68 47.61 37.87 41.28 41.28 42.69 40.3 40.3 34.59 34.59 25.71 21.38 21.38 43.05 43.05 38.005 35.645 35.645 37.69 39.55 36.9 32.745 32.745 25.34 25.34 30.65 28.65 28.65 25.095 25.095 21.53 22.85 22.85 23.005 23.005 19.495 22.11 20.3033 15.6467 15.6467 15.9633 21.1233 21.1233 31.0967 31.0967 -9999 -9999 -9999 -9999 -9999 -9999 -9999 -9999 -9999
27.4 27.33 27.33 22.64 21.98 26.05 25.67 25.67 24.98 24.98 23.58 23.96 23.96 40.89 40.89 43.14 47.79 47.79 56.79 56.79 52.84 48.52 48.52 42.97 42.97 37.87 41.28 39.8 38.34 38.34 38.39 34.59 34.59 43.65 43.65 51.3 43.05 43.05 38.005 34.455 36.505 39.55 39.55 36.9 36.9 34.46 32.525 32.525 30.65 30.65 30.48 26.7 26.7 23.7 23.7 22.85 23.86 23.86 33.0133 33.0133 20.3033 15.6467 18.04 20.1533 20.1533 20.76 31.0967 31.0967 35.6633 35.6633 -9999 -9999 -9999 -9999 -9999 -9999 -9999
27.52 27.44 27.44 21.98 21.98 26.05 22.69 22.69 23.5 23.5 23.58 23.96 31.59 38.35 38.35 43.14 43.14 47.79 51.44 51.44 50.84 50.84 48.52 42.97 42.15 38.06 38.06 39.8 38.34 33.76 32.72 32.72 30.65 43.65 43.65 49.16 49.16 41.545 34.455 34.455 36.505 42.42 42.655 38.955 38.955 34.46 34.46 35.89 35.515 35.515 30.48 30.48 26.7 21.92 21.92 21.47 21.47 23.86 33.0133 24.8633 18.1433 18.1433 18.04 20.1533 20.1533 25.2267 25.2267 33.41 35.6633 35.6633 -9999 -9999 -9999 -9999 -9999 -9999 -9999
27.52 27.52 27.44 21.35 21.35 23.18 23.18 22.69 30.34 30.34 29.91 29.91 31.59 38.35 38.48 44.94 44.94 49.01 51.44 51.44 44.08 44.08 44.6 42.15 42.15 38.06 41.27 42.04 42.04 33.76 32.72 32.72 30.27 30.27 41.81 49.16 49.16 41.545 39.15 43.805 42.42 42.42 42.655 42.655 45.615 41.59 41.59 35.89 35.89 36.525 33.78 33.78 27.505 27.505 21.92 27.23 27.23 30.15 30.15 24.8633 18.1433 14.7233 15.8 15.8 23.2367 25.2267 25.2267 35.51 35.51 37.09 -9999 -9999 -9999 -9999 -9999 -9999 -9999
27.36 27.36 27.14 27.14 21.35 19 19 8.82 8.82 30.34 29.91 30.88 37.32 37.32 38.48 44.94 44.94 50.32 50.32 51.01 44.08 44.08 44.03 44.03 41.16 41.27 41.27 42.04 42.88 35.22 30.92 30.92 30.27 30.27 37.435 40.445 40.445 39.15 39.15 43.805 47.43 50.975 51.64 51.64 45.615 45.615 40.545 38.68 38.68 36.525 36.525 33.78 31.76 31.76 27.9833 27.9833 27.23 30.15 27.96 22.4067 22.4067 14.7233 15.8 15.8367 23.7233 23.7233 31.1067 35.51 35.51 36.65 36.65 -9999 -9999 -9999 -9999 -9999 -9999
27.53 27.21 24.3 24.3 20.71 20.71 19 28.29 28.29 29.68 29.68 30.88 37.32 37.59 38.18 38.18 43.87 50.32 50.32 52.59 52.59 43.75 44.03 44.03 41.16 43.01 48.18 42.88 42.88 35.22 35.22 28.75 37.505 37.505 37.435 37.435 40.445 42.615 42.615 47.43 47.43 50.975 49.535 49.535 46.955 46.955 40.545 40.545 27.07 27.96 27.96 36.445 36.445 31.76 30.6833 30.6833 28.6733 28.6733 27.96 22.4067 20.5667 11.4167 11.4167 15.8367 23.7233 23.7233 33.6067 33.6067 34.52 36.65 36.65 -9999 -9999 -9999 -9999 -9999 -9999
27.4 27.21 27.21 24.3 21.41 21.41 23.19 23.19 28.29 29.68 31.65 31.67 31.67 37.59 38.18 36.75 43.09 43.09 48.73 52.59 52.59 39.66 39.66 47.31 43.01 43.01 48.18 50 41.71 35.98 35.98 28.75 28.75 44.53 40.78 40.78 36.535 36.535 42.615 46.045 46.045 50.865 50.865 49.535 46.955 41.41 38.795 38.795 27.07 27.96 27.96 34.935 34.935 34.9067 30.6833 30.6833 28.1367 28.1367 23.3433 23.3433 20.5667 11.4167 17.4433 22.7333 22.7333 28.3267 33.6067 33.6067 35.43 35.43 38.1467 -9999 -9999 -9999 -9999 -9999 -9999
27.26 27.12 27.12 24.34 24.34 21.41 30.9 30.9 31.58 31.58 31.65 31.67 32.49 37.81 37.81 36.75 43.09 43.09 43.51 43.51 51.88 39.66 39.66 47.31 57.38 54.49 50 50 41.71 41.71 39.83 44.1 44.1 44.53 44.53 31.39 34.6 34.6 39.475 39.475 46.045 46.15 46.15 45.155 45.155 41.41 38.795 39.27 33.43 33.43 30.8 34.935 34.935 37.5767 37.5767 34.52 28.1367 28.1367 23.3433 27.1033 23.9167 17.4433 17.4433 22.7333 22.7333 33.2667 32.6933 32.6933 35.43 35.43 38.5367 38.5367 40.6125 -9999 -9999 -9999 -9999
27.26 27.12 27.12 24.33 24.33 24.83 24.83 30.9 31.16 31.16 32.26 32.26 32.49 37.81 40.27 46.13 46.13 30.71 43.51 43.51 49.73 49.73 48.63 57.38 57.38 54.49 49.92 50.89 42.95 42.95 39.83 39.83 42.67 38.795 38.795 31.39 31.39 34.6 35.365 35.365 41.845 41.845 46.15 45.155 44.375 39.925 39.925 39.27 33.43 36.92 35.6933 35.6933 33.6433 37.5767 37.5767 36.94 36.94 29.9033 27.1033 27.1033 23.9167 27.9067 25.7133 26.5467 26.5467 33.2667 33.2667 32.5933 35.2467 35.2467 38.5367 38.5367 40.6125 -9999 -9999 -9999 -9999
26.91 26.91 24.52 24.33 24.33 30.64 30.64 31.44 31.16 31.16 32.26 31.79 38.2 40.27 40.27 46.13 46.13 71.24 71.24 52.3 49.73 49.73 48.63 48.53 54.11 49.92 49.92 50.89 50.36 46.36 45.08 45.08 42.67 42.67 35.68 33.15 33.15 33.825 33.825 35.365 43.435 43.435 49.22 49.22 44.375 39.925 43.015 41.6 41.6 36.92 35.6933 35.6933 35.3233 35.3233 39.02 36.94 36.94 29.9033 31.58 29.0433 27.9067 27.9067 25.7133 29.6933 32.98 33.7867 33.7867 32.5933 32.5933 37.795 40.0975 40.0975 40.9867 40.9867 -9999 -9999 -9999
26.91 24.84 23.35 23.35 23.95 30.64 30.64 31.7 31.7 31.32 31.79 31.79 38.2 38.88 45.46 60.8 60.8 71.24 71.24 50.3 49.77 49.77 48.53 48.53 54.11 43.36 43.36 50.36 50.36 46.36 46.36 42.15 36.325 36.325 35.68 35.68 33.15 25.93 25.93 36.17 36.17 43.435 44.365 44.365 42.72 42.72 43.015 41.6 50.005 40.2567 40.2567 35.2567 35.3233 35.3233 41.6033 41.6033 36.72 31.58 31.58 29.0433 26.57 28.5067 29.6933 29.6933 32.98 32.98 32.8867 33.4325 33.4325 37.795 37.795 40.0975 -9999 -9999 -9999 -9999 -9999
31.02 24.84 23.35 23.35 24.81 24.81 30.74 31.7 31.7 31.32 36.46 27.56 38.88 38.88 45.46 45.46 50.98 51.65 51.65 50.3 50.3 48.24 46.05 46.05 38.21 38.21 43.36 47.01 47.01 36.44 36.44 42.15 36.325 36.505 39.9 39.9 30.175 30.175 25.93 43.845 43.845 51.02 51.02 44.365 42.72 43.71 45.39 45.39 50.005 40.2567 40.2567 37.7633 37.7633 36.2967 41.6033 41.6033 37.7367 37.7367 31.33 26.57 26.57 28.5067 31.0133 33.78 32.6633 32.6633 32.8867 32.8867 -9999 -9999 -9999 40.73 40.73 -9999 -9999 -9999 -9999
26.49 13.21 13.21 20.09 24.81 24.81 25.97 25.97 36.09 36.46 36.46 27.56 27.92 42.69 43.31 43.31 50.98 50.98 49.04 48.84 48.84 48.24 48.24 46.05 43.25 43.25 44.16 44.16 47.01 36.44 41.7 39.08 39.08 36.505 39.9 37.105 35.06 35.06 36.905 43.845 43.845 22.08 22.08 44.22 43.71 43.71 45.39 35.7933 45.74 45.74 40.4967 37.7633 37.7633 27.0433 27.0433 37.5 37.7367 37.7367 31.33 32.26 29.0267 31.0133 31.0133 33.78 33.78 30.95 29.6333 29.6333 -9999 -9999 -9999 -9999 -9999 -9999 -9999 -9999 -9999
