STOTEN_Data/raw/PctCoarseMFUpActLayer.asc
ncols         250
nrows         718
xllcorner     -2256000
yllcorner     1557000
cellsize      1000
NODATA_value  -9999
[rows 442 to 475 of 718, columns 77 to 153 of 250]
-9999 28.5425 28.5425 28.1325 -9999 -9999 27.53 27.53 20.0275 37.63 37.63 48.68 48.68 34.96 22.48 22.48 26.96 29.8 34.84 46.55 46.55 62.95 62.95 48.67 50.58 50.58 41.62 41.62 69.3 72.78 72.78 75.22 75.22 71.61 56.18 56.18 56.32 56.32 55.15 32.88 30.42 9.67 9.67 14.99 14.5 14.5 23.1 23.1 14.08 11.56 11.56 17.48 37.85 28.65 27.01 27.01 33.53 33.53 63.04 33.92 33.92 23.71 23.71 38.85 92.62 92.62 83.78 83.78 68.1 51.57 51.57 44.33 44.33 28.61 18.52 17.985 22.1833
-9999 28.5425 -9999 25.43 -9999 -9999 27.53 15.24 16.1733 33.37 33.37 48.68 48.68 36.59 36.59 30.53 29.8 29.8 34.84 32.23 43.44 53.96 53.96 48.67 48.67 46.74 56.35 56.35 74.07 74.07 72.78 74.01 74.01 71.21 71.21 56.18 56.32 44.15 54.09 54.09 30.42 9.67 9.67 22.85 22.85 30.67 23.1 23.1 34.64 34.64 36.41 37.85 37.85 28.65 44.15 37.42 36.75 36.75 63.04 63.04 31.38 22.24 22.24 31.34 31.34 92.62 44.65 44.65 49.97 49.97 51.57 44.33 27.54 19.2 19.2 17.985 22.1833
-9999 -9999 -9999 25.43 28.74 -9999 15.24 15.24 16.1733 16.1733 46.97 56.21 56.21 36.59 36.59 30.53 22.17 22.17 32.23 32.23 43.44 53.96 47.38 36.81 36.81 46.74 46.74 62.62 73.46 73.46 73.9 73.9 74.01 68.95 68.95 57.97 57.97 44.15 54.09 45.93 27.65 27.65 23.99 22.85 22.85 43.06 43.06 37.83 34.64 34.64 36.41 45.79 49.19 44.15 44.15 37.42 37.42 55.75 38.57 38.57 31.38 31.38 26.19 18.82 18.82 21.75 21.75 44.65 33.02 33.02 35.65 35.65 27.54 19.2 45.05 47.68 47.68
-9999 -9999 -9999 28.74 28.74 -9999 -9999 28.705 28.415 28.415 46.97 46.97 56.03 33.26 33.26 27.03 27.03 22.17 27.43 27.43 39.04 39.04 47.38 36.81 30.13 46.11 46.11 62.62 73.46 73.46 76.2 76.2 75.23 68.95 68.95 57.97 56.22 40.9 40.9 45.93 27.65 48.41 44.53 44.53 43.87 43.06 43.06 43.38 43.38 43.42 45.79 45.79 49.19 31.85 56.58 85.26 85.26 55.75 55.75 29.72 37.53 37.53 26.19 26.19 18.82 26.71 26.71 33.2 33.2 33.02 35.65 30.45 30.68 30.68 45.05 47.68 47.68
-9999 -9999 -9999 -9999 -9999 -9999 -9999 28.705 28.705 -9999 22.0425 22.0425 56.03 56.03 33.26 27.58 27.58 20.5 20.5 27.43 38.15 38.15 33.26 33.26 30.13 46.11 46.26 62.52 62.52 71.13 76.2 76.2 72.7 72.7 67.91 56.22 56.22 40.9 45.77 51.2 48.41 48.41 44.53 44.53 48.87 42.98 42.98 43.38 43.38 43.42 38.8 34.67 31.85 31.85 56.58 58.96 51.03 28.07 28.07 29.72 29.72 40.65 37.45 37.45 28.71 28.71 26.71 26.11 26.11 28.86 28.86 30.45 30.68 26.62 36.28 36.28 37.13
-9999 -9999 -9999 -9999 -9999 -9999 -9999 -9999 -9999 -9999 -9999 -9999 48.37 48.37 27.32 27.32 27.58 15.41 15.41 29.19 29.19 38.15 33.26 27.75 29.55 29.55 46.26 62.52 62.52 67.99 67.99 75.71 72.7 72.7 64.97 64.97 59.56 45.77 45.77 51.2 63.7 59.65 55.59 55.59 48.87 48.87 45.64 43.32 43.32 38.8 38.8 34.67 50.79 50.79 58.96 58.96 51.03 28.07 30.12 35.12 35.12 40.65 40.65 37.45 23.84 23.84 24.46 24.46 26.11 28.86 23.11 24.76 24.76 26.62 36.28 39.5 44.4
-9999 -9999 -9999 -9999 -9999 -9999 -9999 -9999 -9999 -9999 -9999 -9999 -9999 15.99 10.83 10.83 18.93 18.93 15.41 28.05 28.05 34.08 34.08 27.75 29.55 33.13 51.26 51.26 62.84 67.99 67.99 71.03 71.03 69.02 64.97 64.97 59.56 63.69 47.59 63.7 63.7 59.65 59.65 49.39 46.58 46.58 45.64 45.64 39.56 34.92 34.92 35.67 35.67 50.79 39.29 39.29 34.85 34.85 30.12 35.12 45.57 39.82 39.82 30.97 23.84 23.84 19.63 19.63 22.87 22.87 23.11 24.76 23.59 32.18 32.18 39.5 44.4
-9999 -9999 -9999 -9999 -9999 -9999 -9999 -9999 -9999 -9999 -9999 -9999 -9999 15.99 15.99 10.83 9.39 9.39 10.45 10.45 28.05 34.08 33.61 24.92 24.92 33.13 51.26 50.92 59.99 59.99 64.89 71.03 71.03 66.07 66.07 67.16 63.69 63.69 47.59 47.03 67.76 54.7 54.7 49.39 49.39 41.84 47.22 47.22 39.56 39.56 34.92 17.49 17.49 24.32 24.32 39.29 34.85 32.46 33.29 33.29 45.57 39.82 39.82 26.48 26.48 21.93 19.63 19.63 23.58 23.58 22.15 23.59 23.59 32.18 35.84 53.5 56.05
-9999 -9999 -9999 -9999 -9999 -9999 -9999 -9999 -9999 -9999 -9999 -9999 -9999 15.78 15.78 10.54 10.54 9.39 12.97 12.97 29.61 29.61 33.61 24.92 26.17 35.87 35.87 50.92 59.99 59.99 60.92 60.92 65.71 66.07 66.07 67.16 64.65 66.25 47.03 47.03 67.76 64.35 49.33 33.34 33.34 41.84 41.84 47.32 24.88 24.88 16.76 16.76 17.49 14.59 14.59 24.29 24.29 32.46 33.29 78.27 52.22 52.22 39.5 26.48 26.48 22.77 22.77 21.9 23.58 23.58 22.15 22.56 25.41 35.84 35.84 53.5 53.5
-9999 -9999 -9999 -9999 -9999 -9999 -9999 -9999 -9999 -9999 -9999 -9999 -9999 15.78 15.78 12.77 12.77 10.27 12.97 12.97 31.16 31.16 33.41 26.17 26.17 35.87 36.82 46.94 46.94 54.15 60.92 60.92 62.07 62.07 64.58 64.65 64.65 66.25 65.32 56.2 64.35 64.35 49.33 49.33 25.26 52.27 52.27 47.32 47.32 24.88 7.05 7.05 5.91 5.91 14.59 24.29 5 37.57 37.57 78.27 52.22 46.3 35.79 35.79 24.35 22.77 22.77 28.83 28.83 29.14 22.56 22.56 25.41 31.78 41.48 60.01 60.01
-9999 -9999 -9999 -9999 -9999 -9999 -9999 -9999 -9999 -9999 -9999 -9999 -9999 -9999 20.58 12.77 12.77 10.27 10.27 19.77 31.16 31.16 33.41 33.85 26.2 36.82 36.82 46.94 46.94 48.19 56.39 56.39 62.07 62.07 64.58 67.91 67.91 65.32 65.32 56.2 60 48.63 40.07 40.07 25.26 25.26 33.47 24.74 24.74 14.79 14.79 7.05 10.19 10.19 10.87 10.87 5 37.57 40.12 56.8 56.8 46.3 35.79 35.79 31.82 31.82 33.35 28.83 28.83 29.14 37.17 34.37 31.78 31.78 41.48 42.08 56.4
-9999 -9999 -9999 -9999 -9999 -9999 -9999 -9999 -9999 -9999 -9999 -9999 -9999 -9999 24.72 24.72 18.56 10.27 10.27 30.39 30.39 44.04 33.85 33.85 26.2 29.69 35.96 43.57 43.57 48.19 48.19 54.94 58.29 58.29 55.82 55.82 67.91 64.62 64.62 60 60 48.63 40.07 38.88 32.06 32.06 33.47 24.74 24.74 20.82 20.82 9.99 9.99 10.19 22.31 22.31 27.83 27.83 40.12 56.8 33.6 33.44 33.44 26.86 31.82 31.82 34.73 34.73 33.78 37.17 37.17 34.37 44.1 36.48 42.08 42.08 56.4
-9999 -9999 -9999 -9999 -9999 -9999 -9999 -9999 -9999 -9999 -9999 -9999 -9999 -9999 24.72 24.72 23.45 23.45 17.38 30.39 30.39 44.04 46.97 37.15 29.69 29.69 35.96 35.96 42.22 48.01 48.01 54.94 54.94 50.38 57.74 57.74 71.93 71.93 64.62 60.41 60.41 42.82 42.82 38.88 32.06 42.22 37.55 37.55 35.57 20.82 20.82 15.17 15.17 19.42 22.31 22.31 27.83 20.49 28.67 28.67 33.6 33.44 33.44 31.9 31.9 36.26 34.73 34.73 29.26 29.26 45.1 44.1 44.1 36.48 39.99 39.88 50.12
-9999 -9999 -9999 -9999 -9999 -9999 -9999 -9999 -9999 -9999 -9999 -9999 -9999 30.305 30.305 29.37 23.45 23.45 38.51 38.51 53.07 46.97 46.97 37.15 37.15 27.94 34.87 34.87 42.22 42.22 43.86 46.52 46.52 50.38 50.38 57.74 75.18 75.18 64.55 64.55 60.41 42.82 40.87 40.59 40.59 42.22 37.55 51.14 50.84 50.84 35.47 15.17 15.17 33.13 33.13 31.63 20.49 20.49 28.67 27.1 33.33 35.73 35.73 31.9 31.9 52.49 31.68 31.68 29.26 29.26 45.1 47.96 48.53 39.99 39.99 39.88 39.88
-9999 -9999 -9999 -9999 -9999 -9999 -9999 -9999 -9999 -9999 -9999 -9999 -9999 30.305 30.305 30.24 30.24 31.08 38.51 38.51 53.07 62.2 57.62 37.15 37.15 27.94 25.54 34.96 40.13 40.13 43.86 43.86 46.54 50.19 50.19 59.15 59.15 75.18 61.51 61.51 54.83 54.83 40.87 40.59 46.09 49.81 49.81 51.14 50.84 50.84 59.07 59.07 40.92 33.13 33.13 31.63 16.94 14.92 27.1 27.1 33.33 40.67 44.85 51.35 51.35 52.49 52.49 49.35 42.46 42.46 47.96 47.96 48.53 39.14 39.14 42.68 42.68
-9999 -9999 -9999 -9999 -9999 -9999 -9999 -9999 -9999 -9999 -9999 -9999 29.0025 19.72 19.72 30.24 30.24 40.06 40.06 49.24 62.2 62.2 57.62 67.54 39.7 25.54 25.54 34.96 34.96 40.62 43.67 43.67 46.54 46.54 50.19 59.4 59.4 69.65 69.65 61.51 53.32 53.32 47.3 47.3 46.09 49.81 53.06 56.76 56.76 66.66 59.07 59.07 38.16 38.16 28.6 16.94 16.94 14.92 31.69 36.16 40.67 40.67 44.85 44.85 46.75 50.84 50.84 49.35 49.35 42.46 40.89 40.89 37.53 37.53 39.14 42.68 46.97
-9999 -9999 -9999 -9999 -9999 -9999 -9999 -9999 -9999 -9999 -9999 -9999 29.0025 29.0025 23.0775 20.135 20.135 40.06 40.06 61.37 72.6 72.6 67.54 67.54 39.7 23.21 23.21 34.76 34.76 40.62 40.62 43.78 46.48 46.48 50.8 50.8 59.4 60.23 60.23 59.07 59.07 53.32 47.3 52.14 48.09 48.09 53.06 56.76 56.76 50.55 50.55 46.28 38.16 38.16 28.68 28.68 28.57 31.69 31.69 36.16 29.75 32.25 38.78 38.78 46.75 46.75 64.32 80.43 80.43 44.88 44.88 40.89 28.57 28.57 37.61 37.61 46.97
-9999 -9999 -9999 -9999 -9999 -9999 -9999 -9999 -9999 -9999 -9999 -9999 -9999 -9999 23.0775 23.0775 21.69 48.87 48.87 61.37 61.37 72.6 70.605 70.605 32.05 32.05 23.21 34.76 35.47 43.62 43.62 43.78 46.48 46.25 49.93 49.93 54.92 60.23 60.23 54.74 54.74 61.09 61.09 52.14 48.09 52.14 48.37 48.37 49.11 50.55 50.55 36.09 36.09 34.65 28.68 28.68 28.57 27.8 31.29 29.75 29.75 32.25 32.25 36.54 49.37 49.37 64.32 64.32 80.43 42.87 42.87 32 32 28.57 40.78 40.78 56.75
-9999 -9999 -9999 -9999 -9999 -9999 -9999 -9999 -9999 -9999 -9999 -9999 -9999 -9999 22.4333 22.4333 21.69 21.69 53.77 72.14 72.14 87.39 87.39 70.605 25.56 25.56 22.96 22.96 35.47 43.62 41.19 41.93 41.93 46.25 49.93 49.93 52.44 52.44 53.76 54.74 54.74 61.09 64.61 53.05 52.14 52.14 48.37 48.47 38.58 35.12 35.12 36.09 36.09 39.26 39.26 31.72 27.8 27.8 31.29 22.18 23.24 27.35 27.35 36.54 36.54 49.83 59.94 59.94 56.8 56.8 42.87 30.77 30.77 30.82 30.82 40.78 56.75
-9999 -9999 -9999 -9999 -9999 -9999 -9999 -9999 -9999 28.82 28.86 -9999 -9999 -9999 -9999 22.8675 40.69 40.69 53.77 53.77 72.14 95.05 95.05 70.33 70.33 25.56 25.55 25.55 43.34 43.34 41.19 41.93 40.98 44.24 44.24 48.9 52.44 52.44 43.04 43.04 51.41 64.61 64.61 53.05 52.67 52.28 48.47 48.47 38.58 38.58 44.71 50.51 50.51 39.26 39.26 31.72 18.24 18.24 22.18 22.18 23.24 23.24 33.46 41.53 41.53 49.83 49.83 57.39 58.09 58.09 41.03 41.03 30.77 38.02 38.02 42.56 42.56
-9999 -9999 28.7925 -9999 -9999 28.7825 28.7825 28.7975 28.82 28.82 28.86 28.855 28.9675 20.06 20.06 22.8675 22.8675 48.71 55.31 55.31 79.32 79.32 95.05 69.17 69.17 22.05 22.05 25.55 43.34 41.83 40.14 40.14 40.98 44.24 44.24 48.22 48.22 48.9 43.04 43.04 51.41 58.06 71.21 52.67 52.67 52.28 51.33 48.34 39.25 39.25 44.71 44.71 46.41 22.69 22.69 24.02 24.02 18.24 30.16 30.16 32.37 32.37 33.46 41.53 41.15 49.95 49.95 57.39 58.09 58.09 41.16 41.16 39.32 39.32 38.02 42.56 47.81
-9999 -9999 28.76 28.77 28.77 28.7825 28.7825 28.7975 28.76 28.8 28.855 28.855 28.9675 28.9675 24.1375 24.625 24.625 48.71 48.71 47.46 78.165 78.165 90.495 90.495 69.17 50.43 50.43 59.66 59.66 41.83 40.14 37.79 38.37 38.37 43.97 48.22 48.22 42.08 42.08 32.67 58.06 58.06 71.21 72.38 54.43 51.33 51.33 48.34 48.34 29.39 47.76 47.76 46.41 46.41 22.69 35.76 35.76 29.48 29.48 30.16 40.39 40.39 38.25 38.25 41.15 49.95 40.96 44.29 44.29 45.21 41.16 41.16 50.13 50.13 44.21 47.81 47.81
-9999 -9999 28.76 28.76 28.62 28.7025 28.7025 28.76 28.76 28.8 28.8075 28.8075 28.835 28.835 24.1375 24.625 28.025 51.65 51.65 47.46 47.46 78.165 81.695 81.695 66.695 66.695 50.43 59.66 65.13 47.195 47.195 37.79 38.37 38.37 41.42 41.42 42.36 42.08 42.08 23.95 23.95 63.28 72.38 72.38 54.43 60.18 51.43 47.9 47.9 29.39 29.39 60.27 47.42 47.42 40.38 40.38 35.76 44.02 44.02 41.59 41.59 40.39 38.25 42.75 44.78 44.78 40.96 44.29 44.29 48.51 48.51 44.67 50.13 50.13 44.4 44.4 48.53
-9999 28.4575 28.5225 28.5225 28.62 28.62 28.7025 28.6075 28.6075 28.735 28.735 28.8075 28.8225 28.8225 28.87 28.87 28.025 51.65 45.615 42.5033 42.5033 76.415 81.695 81.695 66.025 66.025 60.18 65.13 65.13 47.195 40.805 30.315 30.315 35.63 41.42 41.42 42.59 42.59 39.83 23.95 23.95 63.28 56.82 66.87 60.18 60.18 51.43 51.43 51.52 85.57 85.57 60.27 60.27 67.75 56.86 56.86 48.84 48.84 44.02 49.2 49.2 45.26 45.26 42.75 44.78 49.06 42.97 42.97 41.52 48.51 48.51 51.52 51.52 45.97 44.4 44.4 48.53
-9999 28.4575 28.4575 27.15 27.835 27.835 28.3425 28.3425 28.6075 -9999 -9999 -9999 -9999 28.8225 28.87 28.815 28.2825 28.2825 45.615 42.5033 42.5033 69.97 69.97 80.875 66.025 66.025 60.18 67.59 62.315 40.805 40.805 30.315 24.4 35.145 41.425 41.425 42.59 42.59 36.42 28.14 28.14 56.82 56.82 66.87 55.38 63.82 53.84 53.84 51.52 51.52 57.61 59.74 59.74 67.75 67.75 56.86 48.69 48.69 51.5 51.5 49.2 45.26 43.45 47.48 47.48 49.06 42.97 58.65 48.56 48.56 49.86 51.52 51.52 28.27 28.27 39.7 52.53
-9999 26.8775 26.8775 27.15 27.15 25.8475 -9999 -9999 -9999 -9999 -9999 -9999 -9999 28.79 28.79 28.815 28.2825 30.72 43.18 43.18 42.32 69.97 69.97 83.43 83.43 59.215 67.59 67.59 62.315 57.105 35.92 24.4 24.4 35.145 35.145 41.61 41.06 41.06 36.42 36.42 28.14 50.67 50.67 55.38 55.38 63.82 51.78 51.78 56.4 56.4 57.61 57.61 53.21 68.88 68.88 55.53 55.53 48.69 37.08 37.08 40.84 40.84 43.45 47.48 46.95 58.91 58.91 58.65 48.56 48.56 29.87 29.87 29.18 28.27 28.27 39.7 41.66
-9999 -9999 23.8025 22.54 22.54 25.8475 25.8475 -9999 -9999 -9999 -9999 -9999 -9999 28.79 -9999 28.785 28.785 30.72 43.18 43.18 40.265 40.265 63.06 83.43 83.43 57.85 57.85 66.315 57.105 57.105 35.92 21.565 20.955 35.79 35.79 41.61 41.61 40.56 33.53 33.53 33.58 33.58 50.67 60.76 60.76 63.69 63.69 51.78 56.4 60.27 54.39 54.39 53.21 68.88 68.88 48.97 48.97 46.81 37.08 37.08 39.48 39.48 39.31 39.31 46.95 58.91 34.67 38.12 38.12 36.01 29.87 29.87 25.98 25.98 29.84 41.66 41.66
26.5825 26.5825 23.8025 23.8025 26.8825 -9999 -9999 -9999 -9999 -9999 -9999 -9999 -9999 -9999 -9999 28.785 28.7175 29.775 29.775 44.0133 40.265 40.265 47.6 47.6 71.735 57.85 57.85 66.315 45.115 39.71 21.565 21.565 20.955 20.955 22.25 42.09 42.09 40.56 40.56 34.57 35.43 35.43 36.34 36.34 60.76 67.65 67.65 62.88 62.88 60.27 54.39 67.61 62.93 62.93 64.13 48.97 48.97 41.64 41.64 38.2 39.48 39.48 39.31 24.49 28.53 34.67 34.67 38.12 38.12 35.19 27.44 27.44 25.98 25.98 29.84 34.52 45.72
26.5825 28.0375 27.3775 27.3775 26.8825 -9999 -9999 -9999 -9999 -9999 -9999 -9999 -9999 -9999 -9999 -9999 28.7175 29.775 24.7275 43.4067 43.4067 38.8425 47.6 47.6 47.415 47.415 48.91 45.115 45.115 39.71 37.495 17.61 13.78 13.78 22.25 22.25 28.63 34.26 34.26 34.57 34.57 35.43 30.03 30.03 60.74 60.74 67.65 62.88 62.18 59.46 59.46 67.61 62.93 64.97 59.96 59.96 42.66 41.64 41.64 23.57 23.57 22.08 24.49 24.49 28.53 10.47 21.73 24.11 24.11 35.19 35.19 23.44 27.65 27.65 34.52 34.52 45.72
-9999 28.0375 27.3775 28.555 -9999 -9999 -9999 -9999 -9999 -9999 -9999 -9999 -9999 -9999 -9999 -9999 28.5125 24.7275 24.7275 43.4067 43.4067 37.895 37.895 26.216 47.415 47.415 48.91 42.46 39.025 37.495 37.495 17.61 30.19 20.59 23.51 23.51 28.63 28.63 34.18 32.78 32.78 37.56 37.56 30.03 55.98 55.98 70.54 70.54 62.18 59.46 61.63 62.3 62.3 64.97 59.96 59.96 38.45 38.45 33.9 23.57 23.57 22.08 6.98 8.23 10.47 10.47 21.73 21.73 33.86 31.1 31.1 23.44 23.44 30.75 40.26 40.26 52.06
-9999 28.65 28.65 28.555 -9999 -9999 -9999 -9999 -9999 -9999 -9999 -9999 -9999 -9999 -9999 -9999 28.5125 27.1125 24.7725 42.89 42.89 37.895 37.895 20.474 17.9043 17.9043 42.46 42.46 39.025 36.955 36.955 30.19 30.19 20.59 20.59 25.485 30.05 30.05 34.18 34.18 32.78 39.51 39.51 35 35 55.98 70.54 77.76 63.3 63.3 61.63 62.3 63.01 63.87 63.87 49.72 38.45 38.45 29.43 29.43 19.65 6.98 6.98 8.23 26.43 23.78 17.59 17.59 33.86 33.86 32.8 28.4 28.4 30.75 30.75 40.26 47.5
-9999 28.65 -9999 28.7625 28.7625 -9999 -9999 -9999 -9999 -9999 -9999 -9999 -9999 -9999 -9999 -9999 27.1125 27.1125 24.7725 24.7725 42.3933 35.94 35.94 20.474 20.474 21.7712 22.8967 22.8967 25.2311 25.2311 36.955 40.43 40.43 30.7 30.7 25.485 30.05 30.135 35.14 35.14 36.1 36.1 39.51 32.79 32.79 46.78 46.78 77.76 63.3 62.38 66.79 66.79 63.01 63.87 63.87 53.55 53.55 43.3 29.43 29.43 19.65 27.87 19.26 26.43 26.43 23.78 27.565 21.645 23.805 23.805 32.8 32.8 29.42 33.98 33.98 40.99 40.99
-9999 -9999 -9999 28.7625 28.7925 -9999 -9999 -9999 -9999 -9999 -9999 -9999 -9999 -9999 -9999 -9999 -9999 27.2775 42.5333 42.5333 42.3933 42.3933 24.196 20.5117 20.5117 21.7712 21.7712 22.8967 27.748 27.748 23.36 23.36 40.43 30.7 31.6 28.65 28.65 30.135 35.14 35.14 36.54 36.54 39.31 32.79 32.79 44.58 44.58 58.24 62.38 62.38 66.79 71.67 63.51 63.51 58.95 53.55 53.55 45.94 45.94 37.64 27.87 27.87 19.26 30.84 40.945 27.565 27.565 21.645 21.645 38.615 38.575 38.575 29.42 29.42 33.98 38.89 38.89
-9999 -9999 -9999 -9999 28.7925 -9999 -9999 -9999 -9999 -9999 -9999 -9999 -9999 -9999 -9999 -9999 -9999 27.2775 27.2875 40.9933 41.6875 41.6875 24.196 24.196 27.0414 26.1 26.1 25.265 25.265 27.748 29.544 29.544 28.6811 28.6811 31.6 28.65 29.19 27.445 27.445 31.14 36.54 36.54 36.63 36.63 39.12 44.58 44.58 58.24 53.36 59.62 71.67 71.67 63.51 63.51 64.42 58.9 58.9 45.94 45.94 47.3 31.77 31.77 30.84 30.84 40.945 41.935 38.03 36.645 36.645 38.615 38.615 44.625 33.13 33.13 30.2 30.2 38.89
