STOTEN_Data/raw/PctCoarseMFUpActLayer.asc
ncols         250
nrows         718
xllcorner     -2256000
yllcorner     1557000
cellsize      1000
NODATA_value  -9999
[rows 204 to 237 of 718, columns 0 to 76 of 250]
-9999 -9999 -9999 -9999 -9999 -9999 -9999 -9999 -9999 -9999 -9999 -9999 -9999 -9999 -9999 -9999 -9999 -9999 -9999 -9999 -9999 -9999 -9999 -9999 -9999 -9999 -9999 -9999 -9999 -9999 23.31 25.6725 25.6725 -9999 -9999 -9999 24.3125 24.3125 24.2675 24.2675 25.115 25.115 10.1633 10.6367 10.6367 16.76 16.76 21.75 43.64 43.64 35.65 35.65 29.85 22.83 19.98 21.01 21.01 15.68 19.98 19.98 18.72 18.72 12.53 18 18 17.73 14.63 13.35 15.3 15.3 15.85 17.93 20.79 25.32 25.32 25.35 25.35
-9999 -9999 -9999 -9999 -9999 -9999 -9999 -9999 -9999 -9999 -9999 -9999 -9999 -9999 -9999 -9999 -9999 -9999 -9999 -9999 -9999 -9999 -9999 -9999 -9999 -9999 -9999 -9999 -9999 -9999 21.8033 21.8033 25.6725 -9999 -9999 -9999 -9999 24.3125 24.2675 24.4075 25.975 25.975 10.1633 10.6367 10.6367 20.99 20.99 24.2 24.2 43.64 25 25 21.09 21.09 19.98 21.01 19.48 16.62 16.62 17.46 18.72 18.72 16.26 16.26 15.33 14.63 14.63 13.35 10.34 14.03 17.93 17.93 20.79 20.79 26.08 27.23 27.23
-9999 -9999 -9999 -9999 -9999 -9999 -9999 -9999 -9999 -9999 -9999 -9999 -9999 -9999 -9999 -9999 -9999 -9999 -9999 -9999 -9999 -9999 -9999 -9999 -9999 -9999 -9999 -9999 -9999 21.4667 21.15 21.15 24.6625 24.6625 -9999 -9999 -9999 24.64 24.64 24.4075 25.975 26.8575 10.6433 10.6433 13.5933 20.99 20.99 37.01 37.01 36.41 25 25 21.09 16.44 21.85 19.48 19.48 16.62 16.62 15.51 15.51 14.1 16.26 16.26 14.57 14.57 11.4 10.34 10.34 14.03 18.19 19.19 26.2 26.2 26.08 26.08 25.68
-9999 -9999 -9999 -9999 -9999 -9999 -9999 -9999 -9999 -9999 -9999 -9999 -9999 -9999 -9999 -9999 -9999 -9999 -9999 -9999 -9999 -9999 -9999 -9999 -9999 -9999 -9999 -9999 -9999 21.4667 21.4667 21.15 -9999 -9999 -9999 -9999 -9999 24.64 24.8425 25.0025 25.0025 26.8575 10.6433 13.3033 20.11 20.11 26.5033 37.01 37.01 31.21 31.21 20.74 16.44 16.44 21.85 24.65 22.9 21.31 21.31 15.51 15.51 16.96 13.56 13.56 14.57 14.57 11.4 14.17 14.17 18.19 18.19 19.19 19.19 29.16 26.06 26.06 25.68
-9999 -9999 -9999 -9999 -9999 -9999 -9999 -9999 -9999 -9999 -9999 -9999 -9999 -9999 -9999 -9999 -9999 -9999 -9999 -9999 -9999 -9999 -9999 -9999 -9999 -9999 -9999 -9999 -9999 17.6633 17.6633 19.58 19.58 -9999 -9999 -9999 25.135 25.135 24.8425 25.0025 27.6025 25.705 25.705 13.3033 20.11 20.11 24.4067 24.4067 22.63 31.21 31.21 20.74 18.66 17.36 24.65 24.65 22.9 25.67 23.66 16.35 16.35 16.96 16.96 14.44 13.79 13.79 9.19 9.19 14.17 21.13 21.13 26.04 26.04 29.16 26.06 29.8 27.18
-9999 -9999 -9999 -9999 -9999 -9999 -9999 -9999 -9999 -9999 -9999 -9999 -9999 -9999 -9999 -9999 -9999 -9999 -9999 -9999 -9999 -9999 -9999 -9999 -9999 -9999 -9999 -9999 -9999 -9999 17.6633 19.42 19.42 -9999 -9999 -9999 24.8475 24.8475 25.6525 25.6525 27.6025 25.705 23.5375 15.4633 15.4633 23.6433 24.4067 24.4067 20.365 20.365 24.28 18.66 18.66 17.36 29.74 29.24 25.67 25.67 23.66 23.66 19.63 18.65 18.65 14.44 14.44 13.79 12.31 12.31 20.11 20.11 21.13 26.04 35.41 34.07 34.07 29.8 27.18
-9999 -9999 -9999 -9999 -9999 -9999 -9999 -9999 -9999 -9999 -9999 -9999 -9999 -9999 -9999 -9999 -9999 -9999 -9999 -9999 -9999 -9999 -9999 -9999 -9999 -9999 -9999 -9999 -9999 -9999 15.1 15.1 19.42 -9999 -9999 -9999 -9999 24.8475 25.6525 26.355 26.8175 26.8175 23.5375 15.4633 15.4633 22.6533 22.6533 22.1767 20.365 20.365 22.74 22.74 23.81 29.74 29.74 29.24 36.21 29.68 19.06 19.06 19.63 19.63 23.67 16.13 16.13 16.14 16.14 12.31 26.45 26.45 28.8 28.8 35.41 34.07 43.28 31.3 31.3
-9999 -9999 -9999 -9999 -9999 -9999 -9999 -9999 -9999 -9999 -9999 -9999 -9999 -9999 -9999 -9999 -9999 -9999 -9999 -9999 -9999 -9999 -9999 -9999 -9999 -9999 -9999 -9999 -9999 -9999 21.7967 21.7967 25.3033 -9999 -9999 -9999 -9999 26.2825 26.2825 26.355 26.8175 25.8725 15.9967 15.9967 19.4767 22.6533 22.6533 18.9967 18.9967 19.315 22.74 22.74 23.81 30.11 42.31 36.21 36.21 29.68 29.68 19.53 20.25 20.25 23.67 23.67 16.13 19.44 19.44 19.18 19.18 26.45 40.72 40.72 43.42 43.42 43.28 31.3 27.02
-9999 -9999 -9999 -9999 -9999 -9999 -9999 -9999 -9999 -9999 -9999 -9999 -9999 -9999 -9999 -9999 -9999 -9999 -9999 -9999 -9999 -9999 -9999 -9999 -9999 -9999 -9999 -9999 -9999 -9999 21.7967 21.7967 32.8567 32.8567 -9999 -9999 -9999 26.2825 26.38 26.12 25.8725 25.8725 15.9967 15.9967 21.86 24.9467 24.9467 18.9967 18.9967 19.915 19.915 26.95 30.11 30.11 42.31 44.92 34.93 28.27 28.27 19.53 19.53 25.39 22.34 22.34 18.95 18.95 19.44 19.45 19.45 30.82 30.82 40.72 43.42 40.39 35.31 35.31 27.02
-9999 -9999 -9999 -9999 -9999 -9999 -9999 -9999 -9999 -9999 -9999 -9999 -9999 -9999 -9999 -9999 -9999 -9999 -9999 -9999 -9999 -9999 -9999 -9999 -9999 -9999 -9999 -9999 -9999 27.8033 27.8033 37.8767 32.8567 32.8567 -9999 -9999 -9999 26.38 26.38 26.12 24.0725 17.7833 20.39 20.39 21.86 21.86 25.1467 22.04 22.04 19.915 19.915 26.95 33.32 33.32 44.92 44.92 34.93 28.27 20.02 25.48 25.48 25.39 25.39 22.3 23.02 23.02 22.18 22.18 19.45 26.6 26.6 29.14 29.14 40.39 35.31 24.36 19.28
-9999 -9999 -9999 -9999 -9999 -9999 -9999 -9999 -9999 -9999 -9999 -9999 -9999 -9999 -9999 -9999 -9999 -9999 -9999 -9999 -9999 -9999 -9999 -9999 -9999 -9999 -9999 -9999 -9999 27.8033 27.8033 37.6 37.6 26.0375 -9999 -9999 -9999 -9999 26.21 24.0725 24.0725 17.7833 21.1667 23.53 26.5433 26.5433 25.1467 25.1467 22.28 20.58 20.58 24.07 24.07 33.32 33 33 33.02 33.02 20.02 25.48 22.85 25.16 25.16 22.3 23.02 23.02 22.04 22.04 21.9 26.6 26.6 29.14 23.76 24.51 24.51 24.36 19.28
-9999 -9999 -9999 -9999 -9999 -9999 -9999 -9999 -9999 -9999 -9999 -9999 -9999 -9999 -9999 -9999 -9999 -9999 -9999 -9999 -9999 -9999 -9999 -9999 -9999 -9999 -9999 -9999 -9999 -9999 30.83 37.6 37.6 -9999 -9999 -9999 -9999 -9999 26.21 25.0575 17.75 21.1667 21.1667 23.53 23.53 24.7667 23.7467 23.7467 22.28 22.28 20.58 22.6 22.6 33.49 33.49 33 26.18 26.18 17.33 17.33 22.85 25.16 24.96 25.01 25.01 25.65 22.04 22.04 12.58 12.58 18.28 23.76 23.76 24.51 17.45 17.53 8.87
-9999 -9999 -9999 -9999 -9999 -9999 -9999 -9999 -9999 -9999 -9999 -9999 -9999 -9999 -9999 -9999 -9999 -9999 -9999 -9999 -9999 -9999 -9999 -9999 -9999 -9999 -9999 -9999 -9999 -9999 27.8767 27.8767 28.7 -9999 -9999 -9999 -9999 -9999 25.0575 25.0575 17.75 18.76 20.1067 24.4567 24.4567 24.7667 24.7667 19.24 17.61 17.61 20.41 20.41 22.6 31.96 31.96 26.35 26.35 26.18 17.33 24.22 22.67 22.67 24.96 25.01 25.01 24.24 24.24 21.2 12.58 12.58 17.01 17.01 17.9 17.45 17.45 17.53 9.85
-9999 -9999 -9999 -9999 -9999 -9999 -9999 -9999 -9999 -9999 -9999 -9999 -9999 -9999 -9999 -9999 -9999 -9999 -9999 -9999 -9999 -9999 -9999 -9999 -9999 -9999 -9999 -9999 -9999 -9999 27.8767 27.8767 23.5833 23.5833 -9999 -9999 -9999 -9999 -9999 23.1075 18.76 18.76 20.1067 20.1067 17.59 19.715 19.715 19.24 19.24 22.26 17.36 17.36 27.54 27.54 31.96 20.84 20.84 18.66 18.66 24.22 22.67 26.51 27.5 27.5 24.58 24.24 24.24 16.15 16.15 12.4 17.01 17.01 17.9 23.26 15.8 9.85 9.85
-9999 -9999 -9999 -9999 -9999 -9999 -9999 -9999 -9999 -9999 -9999 -9999 -9999 -9999 -9999 -9999 -9999 -9999 -9999 -9999 -9999 -9999 -9999 -9999 -9999 -9999 -9999 -9999 -9999 -9999 24.7267 24.7267 23.5833 23.5833 -9999 -9999 -9999 -9999 -9999 23.1075 19.4167 17.05 14.9467 14.9467 17.59 17.59 22.32 24.3 24.3 22.26 22.26 17.36 18.4 18.4 27.34 27.34 20.84 18.66 16.24 24.98 24.98 26.51 27.5 26.26 20.92 20.92 23.45 16.15 16.15 14.71 14.71 17.53 23.26 23.26 15.8 11.36 10.43
-9999 -9999 -9999 -9999 -9999 -9999 -9999 -9999 -9999 -9999 -9999 -9999 -9999 -9999 -9999 -9999 -9999 -9999 -9999 -9999 -9999 -9999 -9999 -9999 -9999 -9999 -9999 -9999 -9999 -9999 -9999 21.7167 19.6433 19.6433 -9999 -9999 -9999 22.635 22.635 19.4167 19.4167 17.05 16.26 16.26 13.48 13.48 22.32 24.3 23.735 21.655 21.655 17.215 17.215 18.4 20.96 20.96 18.72 18.72 16.24 24.98 26 28.85 28.85 26.26 20.92 20.92 20.89 20.89 17 14.71 14.71 17.53 19.06 19.74 11.36 11.36 10.43
-9999 -9999 -9999 -9999 -9999 -9999 -9999 -9999 -9999 -9999 -9999 -9999 -9999 -9999 -9999 -9999 -9999 -9999 -9999 -9999 -9999 -9999 -9999 -9999 -9999 -9999 -9999 -9999 -9999 -9999 -9999 21.7167 21.7167 19.3933 -9999 -9999 -9999 -9999 22.635 18.99 18.99 17.3733 17.3733 16.26 13.48 21.46 21.55 21.55 23.735 21.655 21.655 17.45 17.45 20.56 20.96 20.96 18.76 18.76 25.42 26 26 28.85 28.24 24.29 24.29 23.84 20.89 20.89 17.67 17.67 12.57 19.06 19.06 19.74 20.5 14.17 11.04
-9999 -9999 -9999 -9999 -9999 -9999 -9999 -9999 -9999 -9999 -9999 -9999 -9999 -9999 -9999 -9999 -9999 -9999 -9999 -9999 -9999 -9999 -9999 -9999 -9999 -9999 -9999 -9999 -9999 -9999 -9999 19.99 19.99 19.3933 19.3933 -9999 -9999 -9999 24.285 24.285 18.99 22.0467 22.0467 18.1 18.1 21.46 21.55 15.5667 14.7733 14.7733 21.73 17.45 17.45 24.915 24.915 19.36 18.76 18.76 25.42 30.29 33.76 28.24 28.24 24.29 24.29 23.96 19.22 19.22 17.67 17.67 12.57 23.59 23.59 20.5 20.5 14.17 16.21
-9999 -9999 -9999 -9999 -9999 -9999 -9999 -9999 -9999 -9999 -9999 -9999 -9999 -9999 -9999 -9999 -9999 -9999 -9999 -9999 -9999 -9999 -9999 -9999 -9999 -9999 -9999 -9999 -9999 -9999 -9999 -9999 21.2033 21.2467 21.2467 -9999 -9999 -9999 24.36 24.36 20.8033 20.8033 22.0467 18.1 25.7 26.64 26.64 15.5667 14.7733 14.7733 22.2167 22.2167 22.2967 24.915 24.915 24.12 24.12 26.22 30.29 30.29 33.76 43.61 42.1 26.54 26.54 23.96 23.96 12.81 13.53 13.53 13.44 13.44 23.59 25.3 25.3 16.21 16.21
-9999 -9999 -9999 -9999 -9999 -9999 -9999 -9999 -9999 -9999 -9999 -9999 -9999 -9999 -9999 -9999 -9999 -9999 -9999 -9999 -9999 -9999 -9999 -9999 -9999 -9999 -9999 -9999 -9999 -9999 -9999 -9999 21.2033 21.2033 23.13 -9999 -9999 20.6 20.6 24.36 15.555 15.555 19.78 19.78 25.7 26.64 28.045 18.455 18.455 16.12 22.2167 22.2167 25.3667 25.3667 24.395 24.12 24.12 26.22 24.39 34.27 43.61 43.61 42.1 42.1 21.59 21.82 21.82 12.81 12.81 7.42 11.13 11.13 25.06 25.06 25.3 20.57 20.57
-9999 -9999 -9999 -9999 -9999 -9999 -9999 -9999 -9999 -9999 -9999 -9999 -9999 -9999 -9999 -9999 -9999 -9999 -9999 -9999 -9999 -9999 -9999 -9999 -9999 -9999 -9999 -9999 -9999 -9999 -9999 -9999 22.76 22.76 23.13 23.13 -9999 19.6633 19.6633 20.54 20.54 15.555 19.78 23.475 28.38 28.38 28.045 18.455 21.1 15.42 15.42 20.48 25.3667 25.3667 25.59 25.59 29.83 24.39 24.39 34.27 38.56 52.37 43.99 43.99 21.59 21.59 15.79 9.88 9.88 7.42 7.42 11.13 27.16 27.16 26.73 26.73 20.57
-9999 -9999 -9999 -9999 -9999 -9999 -9999 -9999 -9999 -9999 -9999 -9999 -9999 -9999 -9999 -9999 -9999 -9999 -9999 -9999 -9999 -9999 -9999 -9999 -9999 -9999 -9999 -9999 -9999 -9999 -9999 -9999 22.76 23.5567 24.03 24.03 19.6467 19.6633 19.6633 18.3033 18.3033 18.425 18.425 23.475 28.38 35.895 30.245 30.245 21.1 15.42 15.42 16.37 16.37 22.22 25.59 25.59 29.83 36.91 24.09 38.56 38.56 52.37 43.23 36.16 18.43 18.43 15.79 15.79 9.44 11.44 11.44 21.5 21.5 27.16 28.41 28.41 22.31
-9999 -9999 -9999 -9999 -9999 -9999 -9999 -9999 -9999 -9999 -9999 -9999 -9999 -9999 -9999 -9999 -9999 -9999 -9999 -9999 -9999 -9999 -9999 -9999 -9999 -9999 -9999 -9999 -9999 -9999 -9999 -9999 -9999 23.5567 24.03 24.03 24.74 24.74 15.725 18.3033 18.3033 15.22 15.22 20.955 35.895 35.895 30.245 34.85 23.165 17.32 17.32 16.37 16.37 27.22 27.22 29.755 36.91 36.91 24.09 22.75 39.04 43.23 43.23 36.16 36.16 14.89 10.73 10.73 9.44 9.44 11.44 26.56 26.56 27.67 27.67 28.41 24.51
-9999 -9999 -9999 -9999 -9999 -9999 -9999 -9999 -9999 -9999 -9999 -9999 -9999 -9999 -9999 -9999 -9999 -9999 -9999 -9999 -9999 -9999 -9999 -9999 -9999 -9999 -9999 -9999 -9999 -9999 -9999 -9999 -9999 -9999 -9999 21.8633 24.74 24.74 17.5167 17.5167 14.875 15.22 15.22 20.955 17.415 37.805 34.85 34.85 23.165 23.165 18.04 18.2833 18.2833 27.22 27.22 32.385 22.12 22.12 22.75 22.75 39.04 38.96 38.96 24.82 24.82 14.89 14.89 12.23 12.14 12.14 15.13 15.13 26.56 31.23 31.23 28.06 28.06
-9999 -9999 -9999 -9999 -9999 -9999 -9999 -9999 -9999 -9999 -9999 -9999 -9999 -9999 -9999 -9999 -9999 -9999 -9999 -9999 -9999 -9999 -9999 -9999 -9999 -9999 -9999 -9999 -9999 -9999 -9999 -9999 -9999 -9999 -9999 25.7125 25.7125 19.4267 17.5167 17.5167 13.085 13.085 10.915 17.415 17.415 37.805 44.03 40.835 26.845 26.845 18.04 18.04 13.655 25.965 25.965 32.385 32.385 22.12 30.73 30.73 38.44 38.44 38.96 24.82 19.9 16.78 16.78 12.23 12.14 15.61 20.22 20.22 26.64 31.23 31.23 32.56 32.56
-9999 -9999 -9999 -9999 -9999 -9999 -9999 -9999 -9999 -9999 -9999 -9999 -9999 -9999 -9999 -9999 -9999 -9999 -9999 -9999 -9999 -9999 -9999 -9999 -9999 -9999 -9999 -9999 -9999 -9999 -9999 -9999 -9999 -9999 -9999 25.7125 25.7125 18.4867 18.4867 15.51 13.085 13.085 10.915 11.425 20.565 44.03 44.03 40.835 38.44 23.455 14.905 14.905 13.655 13.655 28.75 30.685 30.685 25.44 25.44 30.73 45.67 45.67 37.66 37.66 19.9 16.78 19.15 13.56 13.56 15.61 20.22 20.22 22.9 22.9 33.33 32.56 32.56
-9999 -9999 -9999 -9999 -9999 -9999 -9999 -9999 -9999 -9999 -9999 -9999 -9999 -9999 -9999 -9999 -9999 -9999 -9999 -9999 -9999 -9999 -9999 -9999 -9999 -9999 -9999 -9999 -9999 -9999 -9999 -9999 -9999 -9999 -9999 -9999 22.7467 18.4867 18.4867 13.73 13.73 13.62 11.425 11.425 20.565 27.82 32.895 38.44 38.44 23.455 23.455 9.5 15.935 15.935 28.75 28.75 30.685 28.92 28.92 37.06 37.06 45.67 32.96 32.96 22.25 22.25 19.15 13.56 15.46 15.67 15.67 19.49 22.9 22.9 35.57 35.57 37.88
-9999 -9999 -9999 -9999 -9999 -9999 -9999 -9999 -9999 -9999 -9999 -9999 -9999 -9999 -9999 -9999 -9999 -9999 -9999 -9999 -9999 -9999 -9999 -9999 -9999 -9999 -9999 -9999 -9999 -9999 -9999 -9999 -9999 -9999 -9999 -9999 25.0775 25.0775 18.33 13.73 13.73 16.4567 16.4567 13.68 27.82 27.82 32.895 29.365 36.68 21.92 21.92 9.5 9.5 16.44 28.74 28.74 33.46 33.46 28.92 41.99 41.99 49.62 49.62 32.96 22.25 19.99 18.34 18.34 15.46 15.67 15.67 19.45 19.45 28.41 35.57 35.57 37.88
-9999 -9999 -9999 -9999 -9999 -9999 -9999 -9999 -9999 -9999 -9999 -9999 -9999 -9999 -9999 -9999 -9999 -9999 -9999 -9999 -9999 -9999 -9999 -9999 -9999 -9999 -9999 -9999 -9999 -9999 -9999 -9999 -9999 -9999 -9999 -9999 25.0775 25.0775 17.3567 9.26 9.26 16.4567 16.4567 13.68 14.11 26.005 29.365 29.365 36.68 36.68 18.715 10.745 10.745 16.44 16.44 28.74 26.04 26.04 34.07 34.07 41.99 34.21 34.21 17.94 17.94 19.99 18.34 15.87 13.81 13.81 12.71 19.45 19.45 28.95 28.95 41.95 43.11
-9999 -9999 -9999 -9999 -9999 -9999 -9999 -9999 -9999 -9999 -9999 -9999 -9999 -9999 -9999 -9999 -9999 -9999 -9999 -9999 -9999 -9999 -9999 -9999 -9999 -9999 -9999 -9999 -9999 -9999 -9999 -9999 -9999 -9999 -9999 -9999 24.37 24.37 17.3567 17.3567 10.85 16.9567 16.9567 14.11 14.11 26.005 30.885 30.885 23.6 23.6 18.715 10.745 11.61 20.92 20.92 27.85 27.85 26.04 38.62 38.62 39.98 39.98 34.21 17.94 11.7 17.71 17.71 15.87 13.81 13.81 12.1 12.1 23.37 28.95 28.95 44.56 44.56
-9999 -9999 -9999 -9999 -9999 -9999 -9999 -9999 -9999 -9999 -9999 -9999 -9999 -9999 -9999 -9999 -9999 -9999 -9999 -9999 -9999 -9999 -9999 -9999 -9999 -9999 -9999 -9999 -9999 -9999 -9999 -9999 -9999 -9999 -9999 -9999 -9999 21.97 16.46 16.46 10.85 10.85 16.9567 14.665 14.665 22.145 22.145 30.885 23.6 22.06 13.38 13.38 11.61 20.92 23.615 23.25 23.25 34.52 38.62 38.62 35.6 35.6 20.27 11.7 11.7 17.71 19.32 16.28 16.28 10.63 12.1 12.1 33.08 33.08 33.44 44.56 44.56
-9999 -9999 -9999 -9999 -9999 -9999 -9999 -9999 -9999 -9999 -9999 -9999 -9999 -9999 -9999 -9999 -9999 -9999 -9999 -9999 -9999 -9999 -9999 -9999 -9999 -9999 -9999 -9999 -9999 -9999 -9999 -9999 -9999 -9999 -9999 -9999 -9999 21.97 21.97 16.8233 11.87 11.87 11.565 11.565 14.665 18.75 18.75 25.695 25.695 22.06 13.38 13.245 10.435 10.435 23.615 23.25 23.25 37.44 37.44 35.15 35.6 35.6 20.27 16.1 13.76 19.32 19.32 16.28 18.74 21.13 20.77 20.77 33.08 33.08 38.85 40.54 40.54
-9999 -9999 -9999 -9999 -9999 -9999 -9999 -9999 -9999 -9999 -9999 -9999 -9999 -9999 -9999 -9999 -9999 -9999 -9999 -9999 -9999 -9999 -9999 -9999 -9999 -9999 -9999 -9999 -9999 -9999 -9999 -9999 -9999 -9999 -9999 -9999 25.6 21.74 21.74 16.8233 16.8233 11.87 11.665 11.665 12.815 12.815 18.75 22.78 22.78 20.895 20.895 13.245 10.435 11.415 32.08 32.08 41.03 37.44 37.44 30.41 30.41 21.31 16.1 16.1 13.76 19.51 20.1 18.74 18.74 21.13 21.13 33.25 45.21 45.21 38.85 38.85 40.54
-9999 -9999 -9999 -9999 -9999 -9999 -9999 -9999 -9999 -9999 -9999 -9999 -9999 -9999 -9999 -9999 -9999 -9999 -9999 -9999 -9999 -9999 -9999 -9999 -9999 -9999 -9999 -9999 -9999 -9999 -9999 -9999 -9999 -9999 -9999 -9999 25.6 25.6 20.51 17.9067 17.9067 15.5633 15.5633 11.665 15.06 15.06 23.765 23.765 22.78 20.895 43.39 44.98 44.98 11.415 32.08 32.08 35.86 35.86 30.82 30.41 30.41 16.82 16.82 11.13 19.51 19.51 20.1 13.99 17.74 25.55 25.55 33.25 33.25 59.36 46.55 46.55 46.83
