STOTEN_Data/raw/PrecipMinusETin_1971_2000_GWRP.asc
ncols         250
nrows         718
xllcorner     -2256000
yllcorner     1557000
cellsize      1000
NODATA_value  -9999
[rows 324 to 350 of 718, columns 122 to 182 of 250]
-9.133859 -9.133859 -9.133859 -5.15748 -5.15748 -5.15748 -5.15748 -5.15748 1.456693 1.456693 1.456693 1.456693 1.456693 -2.677165 -2.677165 -2.677165 -2.677165 -2.677165 -1.889764 -1.889764 -1.889764 -1.889764 -1.889764 -0.4330709 -0.4330709 -0.4330709 -0.4330709 -0.4330709 5.15748 5.15748 5.15748 5.15748 5.15748 7.559055 7.559055 7.559055 7.559055 7.559055 7.519685 7.519685 7.519685 7.519685 7.519685 11.33858 11.33858 11.33858 11.33858 11.33858 20.82677 20.82677 20.82677 20.82677 20.82677 24.92126 24.92126 24.92126 24.92126 24.92126 25.86614 25.86614 25.86614
-9.133859 -9.133859 -9.133859 -5.15748 -5.15748 -5.15748 -5.15748 -5.15748 1.456693 1.456693 1.456693 1.456693 1.456693 -2.677165 -2.677165 -2.677165 -2.677165 -2.677165 -1.889764 -1.889764 -1.889764 -1.889764 -1.889764 -0.4330709 -0.4330709 -0.4330709 -0.4330709 -0.4330709 5.15748 5.15748 5.15748 5.15748 5.15748 7.559055 7.559055 7.559055 7.559055 7.559055 7.519685 7.519685 7.519685 7.519685 7.519685 11.33858 11.33858 11.33858 11.33858 11.33858 20.82677 20.82677 20.82677 20.82677 20.82677 24.92126 24.92126 24.92126 24.92126 24.92126 25.86614 25.86614 25.86614
-9.133859 -9.133859 -9.133859 -5.15748 -5.15748 -5.15748 -5.15748 -5.15748 1.456693 1.456693 1.456693 1.456693 1.456693 -2.677165 -2.677165 -2.677165 -2.677165 -2.677165 -1.889764 -1.889764 -1.889764 -1.889764 -1.889764 -0.4330709 -0.4330709 -0.4330709 -0.4330709 -0.4330709 5.15748 5.15748 5.15748 5.15748 5.15748 7.559055 7.559055 7.559055 7.559055 7.559055 7.519685 7.519685 7.519685 7.519685 7.519685 11.33858 11.33858 11.33858 11.33858 11.33858 20.82677 20.82677 20.82677 20.82677 20.82677 24.92126 24.92126 24.92126 24.92126 24.92126 25.86614 25.86614 25.86614
-11.45669 -11.45669 -11.45669 -5.472441 -5.472441 -5.472441 -5.472441 -5.472441 -1.614173 -1.614173 -1.614173 -1.614173 -1.614173 0.1574803 0.1574803 0.1574803 0.1574803 0.1574803 -0.7480315 -0.7480315 -0.7480315 -0.7480315 -0.7480315 -0.6692913 -0.6692913 -0.6692913 -0.6692913 -0.6692913 2.480315 2.480315 2.480315 2.480315 2.480315 0.2362205 0.2362205 0.2362205 0.2362205 0.2362205 9.094488 9.094488 9.094488 9.094488 9.094488 11.45669 11.45669 11.45669 11.45669 11.45669 15 15 15 15 15 24.01575 24.01575 24.01575 24.01575 24.01575 25.51181 25.51181 25.51181
-11.45669 -11.45669 -11.45669 -5.472441 -5.472441 -5.472441 -5.472441 -5.472441 -1.614173 -1.614173 -1.614173 -1.614173 -1.614173 0.1574803 0.1574803 0.1574803 0.1574803 0.1574803 -0.7480315 -0.7480315 -0.7480315 -0.7480315 -0.7480315 -0.6692913 -0.6692913 -0.6692913 -0.6692913 -0.6692913 2.480315 2.480315 2.480315 2.480315 2.480315 0.2362205 0.2362205 0.2362205 0.2362205 0.2362205 9.094488 9.094488 9.094488 9.094488 9.094488 11.45669 11.45669 11.45669 11.45669 11.45669 15 15 15 15 15 24.01575 24.01575 24.01575 24.01575 24.01575 25.51181 25.51181 25.51181
-11.45669 -11.45669 -11.45669 -5.472441 -5.472441 -5.472441 -5.472441 -5.472441 -1.614173 -1.614173 -1.614173 -1.614173 -1.614173 0.1574803 0.1574803 0.1574803 0.1574803 0.1574803 -0.7480315 -0.7480315 -0.7480315 -0.7480315 -0.7480315 -0.6692913 -0.6692913 -0.6692913 -0.6692913 -0.6692913 2.480315 2.480315 2.480315 2.480315 2.480315 0.2362205 0.2362205 0.2362205 0.2362205 0.2362205 9.094488 9.094488 9.094488 9.094488 9.094488 11.45669 11.45669 11.45669 11.45669 11.45669 15 15 15 15 15 24.01575 24.01575 24.01575 24.01575 24.01575 25.51181 25.51181 25.51181
-11.45669 -11.45669 -11.45669 -5.472441 -5.472441 -5.472441 -5.472441 -5.472441 -1.614173 -1.614173 -1.614173 -1.614173 -1.614173 0.1574803 0.1574803 0.1574803 0.1574803 0.1574803 -0.7480315 -0.7480315 -0.7480315 -0.7480315 -0.7480315 -0.6692913 -0.6692913 -0.6692913 -0.6692913 -0.6692913 2.480315 2.480315 2.480315 2.480315 2.480315 0.2362205 0.2362205 0.2362205 0.2362205 0.2362205 9.094488 9.094488 9.094488 9.094488 9.094488 11.45669 11.45669 11.45669 11.45669 11.45669 15 15 15 15 15 24.01575 24.01575 24.01575 24.01575 24.01575 25.51181 25.51181 25.51181
-11.45669 -11.45669 -11.45669 -5.472441 -5.472441 -5.472441 -5.472441 -5.472441 -1.614173 -1.614173 -1.614173 -1.614173 -1.614173 0.1574803 0.1574803 0.1574803 0.1574803 0.1574803 -0.7480315 -0.7480315 -0.7480315 -0.7480315 -0.7480315 -0.6692913 -0.6692913 -0.6692913 -0.6692913 -0.6692913 2.480315 2.480315 2.480315 2.480315 2.480315 0.2362205 0.2362205 0.2362205 0.2362205 0.2362205 9.094488 9.094488 9.094488 9.094488 9.094488 11.45669 11.45669 11.45669 11.45669 11.45669 15 15 15 15 15 24.01575 24.01575 24.01575 24.01575 24.01575 25.51181 25.51181 25.51181
-14.48819 -14.48819 -14.48819 -8.582677 -8.582677 -8.582677 -8.582677 -8.582677 -5.15748 -5.15748 -5.15748 -5.15748 -5.15748 -3.779528 -3.779528 -3.779528 -3.779528 -3.779528 -5.11811 -5.11811 -5.11811 -5.11811 -5.11811 -7.834646 -7.834646 -7.834646 -7.834646 -7.834646 -2.637795 -2.637795 -2.637795 -2.637795 -2.637795 5.629921 5.629921 5.629921 5.629921 5.629921 13.62205 13.62205 13.62205 13.62205 13.62205 15.59055 15.59055 15.59055 15.59055 15.59055 16.33858 16.33858 16.33858 16.33858 16.33858 22.79527 22.79527 22.79527 22.79527 22.79527 24.2126 24.2126 24.2126
-14.48819 -14.48819 -14.48819 -8.582677 -8.582677 -8.582677 -8.582677 -8.582677 -5.15748 -5.15748 -5.15748 -5.15748 -5.15748 -3.779528 -3.779528 -3.779528 -3.779528 -3.779528 -5.11811 -5.11811 -5.11811 -5.11811 -5.11811 -7.834646 -7.834646 -7.834646 -7.834646 -7.834646 -2.637795 -2.637795 -2.637795 -2.637795 -2.637795 5.629921 5.629921 5.629921 5.629921 5.629921 13.62205 13.62205 13.62205 13.62205 13.62205 15.59055 15.59055 15.59055 15.59055 15.59055 16.33858 16.33858 16.33858 16.33858 16.33858 22.79527 22.79527 22.79527 22.79527 22.79527 24.2126 24.2126 24.2126
-14.48819 -14.48819 -14.48819 -8.582677 -8.582677 -8.582677 -8.582677 -8.582677 -5.15748 -5.15748 -5.15748 -5.15748 -5.15748 -3.779528 -3.779528 -3.779528 -3.779528 -3.779528 -5.11811 -5.11811 -5.11811 -5.11811 -5.11811 -7.834646 -7.834646 -7.834646 -7.834646 -7.834646 -2.637795 -2.637795 -2.637795 -2.637795 -2.637795 5.629921 5.629921 5.629921 5.629921 5.629921 13.62205 13.62205 13.62205 13.62205 13.62205 15.59055 15.59055 15.59055 15.59055 15.59055 16.33858 16.33858 16.33858 16.33858 16.33858 22.79527 22.79527 22.79527 22.79527 22.79527 24.2126 24.2126 24.2126
-14.48819 -14.48819 -14.48819 -8.582677 -8.582677 -8.582677 -8.582677 -8.582677 -5.15748 -5.15748 -5.15748 -5.15748 -5.15748 -3.779528 -3.779528 -3.779528 -3.779528 -3.779528 -5.11811 -5.11811 -5.11811 -5.11811 -5.11811 -7.834646 -7.834646 -7.834646 -7.834646 -7.834646 -2.637795 -2.637795 -2.637795 -2.637795 -2.637795 5.629921 5.629921 5.629921 5.629921 5.629921 13.62205 13.62205 13.62205 13.62205 13.62205 15.59055 15.59055 15.59055 15.59055 15.59055 16.33858 16.33858 16.33858 16.33858 16.33858 22.79527 22.79527 22.79527 22.79527 22.79527 24.2126 24.2126 24.2126
-14.48819 -14.48819 -14.48819 -8.582677 -8.582677 -8.582677 -8.582677 -8.582677 -5.15748 -5.15748 -5.15748 -5.15748 -5.15748 -3.779528 -3.779528 -3.779528 -3.779528 -3.779528 -5.11811 -5.11811 -5.11811 -5.11811 -5.11811 -7.834646 -7.834646 -7.834646 -7.834646 -7.834646 -2.637795 -2.637795 -2.637795 -2.637795 -2.637795 5.629921 5.629921 5.629921 5.629921 5.629921 13.62205 13.62205 13.62205 13.62205 13.62205 15.59055 15.59055 15.59055 15.59055 15.59055 16.33858 16.33858 16.33858 16.33858 16.33858 22.79527 22.79527 22.79527 22.79527 22.79527 24.2126 24.2126 24.2126
-15.35433 -15.35433 -15.35433 -8.346457 -8.346457 -8.346457 -8.346457 -8.346457 -8.149607 -8.149607 -8.149607 -8.149607 -8.149607 -7.677166 -7.677166 -7.677166 -7.677166 -7.677166 -6.456693 -6.456693 -6.456693 -6.456693 -6.456693 -5.826772 -5.826772 -5.826772 -5.826772 -5.826772 0 0 0 0 0 5.23622 5.23622 5.23622 5.23622 5.23622 9.094488 9.094488 9.094488 9.094488 9.094488 14.25197 14.25197 14.25197 14.25197 14.25197 17.83465 17.83465 17.83465 17.83465 17.83465 20.31496 20.31496 20.31496 20.31496 20.31496 23.66142 23.66142 23.66142
-15.35433 -15.35433 -15.35433 -8.346457 -8.346457 -8.346457 -8.346457 -8.346457 -8.149607 -8.149607 -8.149607 -8.149607 -8.149607 -7.677166 -7.677166 -7.677166 -7.677166 -7.677166 -6.456693 -6.456693 -6.456693 -6.456693 -6.456693 -5.826772 -5.826772 -5.826772 -5.826772 -5.826772 0 0 0 0 0 5.23622 5.23622 5.23622 5.23622 5.23622 9.094488 9.094488 9.094488 9.094488 9.094488 14.25197 14.25197 14.25197 14.25197 14.25197 17.83465 17.83465 17.83465 17.83465 17.83465 20.31496 20.31496 20.31496 20.31496 20.31496 23.66142 23.66142 23.66142
-15.35433 -15.35433 -15.35433 -8.346457 -8.346457 -8.346457 -8.346457 -8.346457 -8.149607 -8.149607 -8.149607 -8.149607 -8.149607 -7.677166 -7.677166 -7.677166 -7.677166 -7.677166 -6.456693 -6.456693 -6.456693 -6.456693 -6.456693 -5.826772 -5.826772 -5.826772 -5.826772 -5.826772 0 0 0 0 0 5.23622 5.23622 5.23622 5.23622 5.23622 9.094488 9.094488 9.094488 9.094488 9.094488 14.25197 14.25197 14.25197 14.25197 14.25197 17.83465 17.83465 17.83465 17.83465 17.83465 20.31496 20.31496 20.31496 20.31496 20.31496 23.66142 23.66142 23.66142
-15.35433 -15.35433 -15.35433 -8.346457 -8.346457 -8.346457 -8.346457 -8.346457 -8.149607 -8.149607 -8.149607 -8.149607 -8.149607 -7.677166 -7.677166 -7.677166 -7.677166 -7.677166 -6.456693 -6.456693 -6.456693 -6.456693 -6.456693 -5.826772 -5.826772 -5.826772 -5.826772 -5.826772 0 0 0 0 0 5.23622 5.23622 5.23622 5.23622 5.23622 9.094488 9.094488 9.094488 9.094488 9.094488 14.25197 14.25197 14.25197 14.25197 14.25197 17.83465 17.83465 17.83465 17.83465 17.83465 20.31496 20.31496 20.31496 20.31496 20.31496 23.66142 23.66142 23.66142
-15.35433 -15.35433 -15.35433 -8.346457 -8.346457 -8.346457 -8.346457 -8.346457 -8.149607 -8.149607 -8.149607 -8.149607 -8.149607 -7.677166 -7.677166 -7.677166 -7.677166 -7.677166 -6.456693 -6.456693 -6.456693 -6.456693 -6.456693 -5.826772 -5.826772 -5.826772 -5.826772 -5.826772 0 0 0 0 0 5.23622 5.23622 5.23622 5.23622 5.23622 9.094488 9.094488 9.094488 9.094488 9.094488 14.25197 14.25197 14.25197 14.25197 14.25197 17.83465 17.83465 17.83465 17.83465 17.83465 20.31496 20.31496 20.31496 20.31496 20.31496 23.66142 23.66142 23.66142
-16.29921 -16.29921 -16.29921 -12.32283 -12.32283 -12.32283 -12.32283 -12.32283 -10.23622 -10.23622 -10.23622 -10.23622 -10.23622 -10.23622 -10.23622 -10.23622 -10.23622 -10.23622 -8.267716 -8.267716 -8.267716 -8.267716 -8.267716 -4.330709 -4.330709 -4.330709 -4.330709 -4.330709 -1.653543 -1.653543 -1.653543 -1.653543 -1.653543 0.2362205 0.2362205 0.2362205 0.2362205 0.2362205 5.669291 5.669291 5.669291 5.669291 5.669291 8.188976 8.188976 8.188976 8.188976 8.188976 13.74016 13.74016 13.74016 13.74016 13.74016 15.66929 15.66929 15.66929 15.66929 15.66929 19.64567 19.64567 19.64567
-16.29921 -16.29921 -16.29921 -12.32283 -12.32283 -12.32283 -12.32283 -12.32283 -10.23622 -10.23622 -10.23622 -10.23622 -10.23622 -10.23622 -10.23622 -10.23622 -10.23622 -10.23622 -8.267716 -8.267716 -8.267716 -8.267716 -8.267716 -4.330709 -4.330709 -4.330709 -4.330709 -4.330709 -1.653543 -1.653543 -1.653543 -1.653543 -1.653543 0.2362205 0.2362205 0.2362205 0.2362205 0.2362205 5.669291 5.669291 5.669291 5.669291 5.669291 8.188976 8.188976 8.188976 8.188976 8.188976 13.74016 13.74016 13.74016 13.74016 13.74016 15.66929 15.66929 15.66929 15.66929 15.66929 19.64567 19.64567 19.64567
-16.29921 -16.29921 -16.29921 -12.32283 -12.32283 -12.32283 -12.32283 -12.32283 -10.23622 -10.23622 -10.23622 -10.23622 -10.23622 -10.23622 -10.23622 -10.23622 -10.23622 -10.23622 -8.267716 -8.267716 -8.267716 -8.267716 -8.267716 -4.330709 -4.330709 -4.330709 -4.330709 -4.330709 -1.653543 -1.653543 -1.653543 -1.653543 -1.653543 0.2362205 0.2362205 0.2362205 0.2362205 0.2362205 5.669291 5.669291 5.669291 5.669291 5.669291 8.188976 8.188976 8.188976 8.188976 8.188976 13.74016 13.74016 13.74016 13.74016 13.74016 15.66929 15.66929 15.66929 15.66929 15.66929 19.64567 19.64567 19.64567
-16.29921 -16.29921 -16.29921 -12.32283 -12.32283 -12.32283 -12.32283 -12.32283 -10.23622 -10.23622 -10.23622 -10.23622 -10.23622 -10.23622 -10.23622 -10.23622 -10.23622 -10.23622 -8.267716 -8.267716 -8.267716 -8.267716 -8.267716 -4.330709 -4.330709 -4.330709 -4.330709 -4.330709 -1.653543 -1.653543 -1.653543 -1.653543 -1.653543 0.2362205 0.2362205 0.2362205 0.2362205 0.2362205 5.669291 5.669291 5.669291 5.669291 5.669291 8.188976 8.188976 8.188976 8.188976 8.188976 13.74016 13.74016 13.74016 13.74016 13.74016 15.66929 15.66929 15.66929 15.66929 15.66929 19.64567 19.64567 19.64567
-16.29921 -16.29921 -16.29921 -12.32283 -12.32283 -12.32283 -12.32283 -12.32283 -10.23622 -10.23622 -10.23622 -10.23622 -10.23622 -10.23622 -10.23622 -10.23622 -10.23622 -10.23622 -8.267716 -8.267716 -8.267716 -8.267716 -8.267716 -4.330709 -4.330709 -4.330709 -4.330709 -4.330709 -1.653543 -1.653543 -1.653543 -1.653543 -1.653543 0.2362205 0.2362205 0.2362205 0.2362205 0.2362205 5.669291 5.669291 5.669291 5.669291 5.669291 8.188976 8.188976 8.188976 8.188976 8.188976 13.74016 13.74016 13.74016 13.74016 13.74016 15.66929 15.66929 15.66929 15.66929 15.66929 19.64567 19.64567 19.64567
-17.08661 -17.08661 -17.08661 -15.55118 -15.55118 -15.55118 -15.55118 -15.55118 -11.88976 -11.88976 -11.88976 -11.88976 -11.88976 -9.291339 -9.291339 -9.291339 -9.291339 -9.291339 -7.992126 -7.992126 -7.992126 -7.992126 -7.992126 -5.984252 -5.984252 -5.984252 -5.984252 -5.984252 -5.511811 -5.511811 -5.511811 -5.511811 -5.511811 -0.8267717 -0.8267717 -0.8267717 -0.8267717 -0.8267717 2.913386 2.913386 2.913386 2.913386 2.913386 5.23622 5.23622 5.23622 5.23622 5.23622 11.25984 11.25984 11.25984 11.25984 11.25984 18.74016 18.74016 18.74016 18.74016 18.74016 16.92913 16.92913 16.92913
-17.08661 -17.08661 -17.08661 -15.55118 -15.55118 -15.55118 -15.55118 -15.55118 -11.88976 -11.88976 -11.88976 -11.88976 -11.88976 -9.291339 -9.291339 -9.291339 -9.291339 -9.291339 -7.992126 -7.992126 -7.992126 -7.992126 -7.992126 -5.984252 -5.984252 -5.984252 -5.984252 -5.984252 -5.511811 -5.511811 -5.511811 -5.511811 -5.511811 -0.8267717 -0.8267717 -0.8267717 -0.8267717 -0.8267717 2.913386 2.913386 2.913386 2.913386 2.913386 5.23622 5.23622 5.23622 5.23622 5.23622 11.25984 11.25984 11.25984 11.25984 11.25984 18.74016 18.74016 18.74016 18.74016 18.74016 16.92913 16.92913 16.92913
-17.08661 -17.08661 -17.08661 -15.55118 -15.55118 -15.55118 -15.55118 -15.55118 -11.88976 -11.88976 -11.88976 -11.88976 -11.88976 -9.291339 -9.291339 -9.291339 -9.291339 -9.291339 -7.992126 -7.992126 -7.992126 -7.992126 -7.992126 -5.984252 -5.984252 -5.984252 -5.984252 -5.984252 -5.511811 -5.511811 -5.511811 -5.511811 -5.511811 -0.8267717 -0.8267717 -0.8267717 -0.8267717 -0.8267717 2.913386 2.913386 2.913386 2.913386 2.913386 5.23622 5.23622 5.23622 5.23622 5.23622 11.25984 11.25984 11.25984 11.25984 11.25984 18.74016 18.74016 18.74016 18.74016 18.74016 16.92913 16.92913 16.92913
-17.08661 -17.08661 -17.08661 -15.55118 -15.55118 -15.55118 -15.55118 -15.55118 -11.88976 -11.88976 -11.88976 -11.88976 -11.88976 -9.291339 -9.291339 -9.291339 -9.291339 -9.291339 -7.992126 -7.992126 -7.992126 -7.992126 -7.992126 -5.984252 -5.984252 -5.984252 -5.984252 -5.984252 -5.511811 -5.511811 -5.511811 -5.511811 -5.511811 -0.8267717 -0.8267717 -0.8267717 -0.8267717 -0.8267717 2.913386 2.913386 2.913386 2.913386 2.913386 5.23622 5.23622 5.23622 5.23622 5.23622 11.25984 11.25984 11.25984 11.25984 11.25984 18.74016 18.74016 18.74016 18.74016 18.74016 16.92913 16.92913 16.92913
