STOTEN_Data/raw/PrecipMinusETin_1971_2000_GWRP.asc
ncols         250
nrows         718
xllcorner     -2256000
yllcorner     1557000
cellsize      1000
NODATA_value  -9999
[rows 270 to 296 of 718, columns 183 to 243 of 250]
30.15748 30.15748 30.94488 30.94488 30.94488 30.94488 30.94488 23.70079 23.70079 23.70079 23.70079 23.70079 20.70866 20.70866 20.70866 20.70866 20.70866 25.43307 25.43307 25.43307 25.43307 25.43307 31.22047 31.22047 31.22047 31.22047 31.22047 24.01575 24.01575 24.01575 24.01575 24.01575 22.51969 22.51969 22.51969 22.51969 22.51969 14.17323 14.17323 14.17323 14.17323 14.17323 -3.858268 -3.858268 -3.858268 -3.858268 -3.858268 -4.094488 -4.094488 -4.094488 -4.094488 -4.094488 -6.692914 -6.692914 -6.692914 -6.692914 -6.692914 -3.307087 -3.307087 -3.307087 -3.307087
30.15748 30.15748 30.94488 30.94488 30.94488 30.94488 30.94488 23.70079 23.70079 23.70079 23.70079 23.70079 20.70866 20.70866 20.70866 20.70866 20.70866 25.43307 25.43307 25.43307 25.43307 25.43307 31.22047 31.22047 31.22047 31.22047 31.22047 24.01575 24.01575 24.01575 24.01575 24.01575 22.51969 22.51969 22.51969 22.51969 22.51969 14.17323 14.17323 14.17323 14.17323 14.17323 -3.858268 -3.858268 -3.858268 -3.858268 -3.858268 -4.094488 -4.094488 -4.094488 -4.094488 -4.094488 -6.692914 -6.692914 -6.692914 -6.692914 -6.692914 -3.307087 -3.307087 -3.307087 -3.307087
31.85039 31.85039 33.46457 33.46457 33.46457 33.46457 33.46457 36.41732 36.41732 36.41732 36.41732 36.41732 29.52756 29.52756 29.52756 29.52756 29.52756 33.70079 33.70079 33.70079 33.70079 33.70079 32.99213 32.99213 32.99213 32.99213 32.99213 32.75591 32.75591 32.75591 32.75591 32.75591 25.55118 25.55118 25.55118 25.55118 25.55118 8.070867 8.070867 8.070867 8.070867 8.070867 -0.2362205 -0.2362205 -0.2362205 -0.2362205 -0.2362205 6.456693 6.456693 6.456693 6.456693 6.456693 2.952756 2.952756 2.952756 2.952756 2.952756 7.795276 7.795276 7.795276 7.795276
31.85039 31.85039 33.46457 33.46457 33.46457 33.46457 33.46457 36.41732 36.41732 36.41732 36.41732 36.41732 29.52756 29.52756 29.52756 29.52756 29.52756 33.70079 33.70079 33.70079 33.70079 33.70079 32.99213 32.99213 32.99213 32.99213 32.99213 32.75591 32.75591 32.75591 32.75591 32.75591 25.55118 25.55118 25.55118 25.55118 25.55118 8.070867 8.070867 8.070867 8.070867 8.070867 -0.2362205 -0.2362205 -0.2362205 -0.2362205 -0.2362205 6.456693 6.456693 6.456693 6.456693 6.456693 2.952756 2.952756 2.952756 2.952756 2.952756 7.795276 7.795276 7.795276 7.795276
31.85039 31.85039 33.46457 33.46457 33.46457 33.46457 33.46457 36.41732 36.41732 36.41732 36.41732 36.41732 29.52756 29.52756 29.52756 29.52756 29.52756 33.70079 33.70079 33.70079 33.70079 33.70079 32.99213 32.99213 32.99213 32.99213 32.99213 32.75591 32.75591 32.75591 32.75591 32.75591 25.55118 25.55118 25.55118 25.55118 25.55118 8.070867 8.070867 8.070867 8.070867 8.070867 -0.2362205 -0.2362205 -0.2362205 -0.2362205 -0.2362205 6.456693 6.456693 6.456693 6.456693 6.456693 2.952756 2.952756 2.952756 2.952756 2.952756 7.795276 7.795276 7.795276 7.795276
31.85039 31.85039 33.46457 33.46457 33.46457 33.46457 33.46457 36.41732 36.41732 36.41732 36.41732 36.41732 29.52756 29.52756 29.52756 29.52756 29.52756 33.70079 33.70079 33.70079 33.70079 33.70079 32.99213 32.99213 32.99213 32.99213 32.99213 32.75591 32.75591 32.75591 32.75591 32.75591 25.55118 25.55118 25.55118 25.55118 25.55118 8.070867 8.070867 8.070867 8.070867 8.070867 -0.2362205 -0.2362205 -0.2362205 -0.2362205 -0.2362205 6.456693 6.456693 6.456693 6.456693 6.456693 2.952756 2.952756 2.952756 2.952756 2.952756 7.795276 7.795276 7.795276 7.795276
31.85039 31.85039 33.46457 33.46457 33.46457 33.46457 33.46457 36.41732 36.41732 36.41732 36.41732 36.41732 29.52756 29.52756 29.52756 29.52756 29.52756 33.70079 33.70079 33.70079 33.70079 33.70079 32.99213 32.99213 32.99213 32.99213 32.99213 32.75591 32.75591 32.75591 32.75591 32.75591 25.55118 25.55118 25.55118 25.55118 25.55118 8.070867 8.070867 8.070867 8.070867 8.070867 -0.2362205 -0.2362205 -0.2362205 -0.2362205 -0.2362205 6.456693 6.456693 6.456693 6.456693 6.456693 2.952756 2.952756 2.952756 2.952756 2.952756 7.795276 7.795276 7.795276 7.795276
31.61417 31.61417 33.34646 33.34646 33.34646 33.34646 33.34646 37.59843 37.59843 37.59843 37.59843 37.59843 37.48032 37.48032 37.48032 37.48032 37.48032 33.77953 33.77953 33.77953 33.77953 33.77953 32.36221 32.36221 32.36221 32.36221 32.36221 32.87402 32.87402 32.87402 32.87402 32.87402 27.59842 27.59842 27.59842 27.59842 27.59842 15.03937 15.03937 15.03937 15.03937 15.03937 5.19685 5.19685 5.19685 5.19685 5.19685 7.519685 7.519685 7.519685 7.519685 7.519685 14.05512 14.05512 14.05512 14.05512 14.05512 9.84252 9.84252 9.84252 9.84252
31.61417 31.61417 33.34646 33.34646 33.34646 33.34646 33.34646 37.59843 37.59843 37.59843 37.59843 37.59843 37.48032 37.48032 37.48032 37.48032 37.48032 33.77953 33.77953 33.77953 33.77953 33.77953 32.36221 32.36221 32.36221 32.36221 32.36221 32.87402 32.87402 32.87402 32.87402 32.87402 27.59842 27.59842 27.59842 27.59842 27.59842 15.03937 15.03937 15.03937 15.03937 15.03937 5.19685 5.19685 5.19685 5.19685 5.19685 7.519685 7.519685 7.519685 7.519685 7.519685 14.05512 14.05512 14.05512 14.05512 14.05512 9.84252 9.84252 9.84252 9.84252
31.61417 31.61417 33.34646 33.34646 33.34646 33.34646 33.34646 37.59843 37.59843 37.59843 37.59843 37.59843 37.48032 37.48032 37.48032 37.48032 37.48032 33.77953 33.77953 33.77953 33.77953 33.77953 32.36221 32.36221 32.36221 32.36221 32.36221 32.87402 32.87402 32.87402 32.87402 32.87402 27.59842 27.59842 27.59842 27.59842 27.59842 15.03937 15.03937 15.03937 15.03937 15.03937 5.19685 5.19685 5.19685 5.19685 5.19685 7.519685 7.519685 7.519685 7.519685 7.519685 14.05512 14.05512 14.05512 14.05512 14.05512 9.84252 9.84252 9.84252 9.84252
31.61417 31.61417 33.34646 33.34646 33.34646 33.34646 33.34646 37.59843 37.59843 37.59843 37.59843 37.59843 37.48032 37.48032 37.48032 37.48032 37.48032 33.77953 33.77953 33.77953 33.77953 33.77953 32.36221 32.36221 32.36221 32.36221 32.36221 32.87402 32.87402 32.87402 32.87402 32.87402 27.59842 27.59842 27.59842 27.59842 27.59842 15.03937 15.03937 15.03937 15.03937 15.03937 5.19685 5.19685 5.19685 5.19685 5.19685 7.519685 7.519685 7.519685 7.519685 7.519685 14.05512 14.05512 14.05512 14.05512 14.05512 9.84252 9.84252 9.84252 9.84252
31.61417 31.61417 33.34646 33.34646 33.34646 33.34646 33.34646 37.59843 37.59843 37.59843 37.59843 37.59843 37.48032 37.48032 37.48032 37.48032 37.48032 33.77953 33.77953 33.77953 33.77953 33.77953 32.36221 32.36221 32.36221 32.36221 32.36221 32.87402 32.87402 32.87402 32.87402 32.87402 27.59842 27.59842 27.59842 27.59842 27.59842 15.03937 15.03937 15.03937 15.03937 15.03937 5.19685 5.19685 5.19685 5.19685 5.19685 7.519685 7.519685 7.519685 7.519685 7.519685 14.05512 14.05512 14.05512 14.05512 14.05512 9.84252 9.84252 9.84252 9.84252
28.46457 28.46457 30.7874 30.7874 30.7874 30.7874 30.7874 33.58268 33.58268 33.58268 33.58268 33.58268 36.65354 36.65354 36.65354 36.65354 36.65354 29.92126 29.92126 29.92126 29.92126 29.92126 32.44094 32.44094 32.44094 32.44094 32.44094 32.20472 32.20472 32.20472 32.20472 32.20472 30.43307 30.43307 30.43307 30.43307 30.43307 26.81102 26.81102 26.81102 26.81102 26.81102 14.64567 14.64567 14.64567 14.64567 14.64567 9.173228 9.173228 9.173228 9.173228 9.173228 18.22835 18.22835 18.22835 18.22835 18.22835 3.740157 3.740157 3.740157 3.740157
28.46457 28.46457 30.7874 30.7874 30.7874 30.7874 30.7874 33.58268 33.58268 33.58268 33.58268 33.58268 36.65354 36.65354 36.65354 36.65354 36.65354 29.92126 29.92126 29.92126 29.92126 29.92126 32.44094 32.44094 32.44094 32.44094 32.44094 32.20472 32.20472 32.20472 32.20472 32.20472 30.43307 30.43307 30.43307 30.43307 30.43307 26.81102 26.81102 26.81102 26.81102 26.81102 14.64567 14.64567 14.64567 14.64567 14.64567 9.173228 9.173228 9.173228 9.173228 9.173228 18.22835 18.22835 18.22835 18.22835 18.22835 3.740157 3.740157 3.740157 3.740157
28.46457 28.46457 30.7874 30.7874 30.7874 30.7874 30.7874 33.58268 33.58268 33.58268 33.58268 33.58268 36.65354 36.65354 36.65354 36.65354 36.65354 29.92126 29.92126 29.92126 29.92126 29.92126 32.44094 32.44094 32.44094 32.44094 32.44094 32.20472 32.20472 32.20472 32.20472 32.20472 30.43307 30.43307 30.43307 30.43307 30.43307 26.81102 26.81102 26.81102 26.81102 26.81102 14.64567 14.64567 14.64567 14.64567 14.64567 9.173228 9.173228 9.173228 9.173228 9.173228 18.22835 18.22835 18.22835 18.22835 18.22835 3.740157 3.740157 3.740157 3.740157
28.46457 28.46457 30.7874 30.7874 30.7874 30.7874 30.7874 33.58268 33.58268 33.58268 33.58268 33.58268 36.65354 36.65354 36.65354 36.65354 36.65354 29.92126 29.92126 29.92126 29.92126 29.92126 32.44094 32.44094 32.44094 32.44094 32.44094 32.20472 32.20472 32.20472 32.20472 32.20472 30.43307 30.43307 30.43307 30.43307 30.43307 26.81102 26.81102 26.81102 26.81102 26.81102 14.64567 14.64567 14.64567 14.64567 14.64567 9.173228 9.173228 9.173228 9.173228 9.173228 18.22835 18.22835 18.22835 18.22835 18.22835 3.740157 3.740157 3.740157 3.740157
28.46457 28.46457 30.7874 30.7874 30.7874 30.7874 30.7874 33.58268 33.58268 33.58268 33.58268 33.58268 36.65354 36.65354 36.65354 36.65354 36.65354 29.92126 29.92126 29.92126 29.92126 29.92126 32.44094 32.44094 32.44094 32.44094 32.44094 32.20472 32.20472 32.20472 32.20472 32.20472 30.43307 30.43307 30.43307 30.43307 30.43307 26.81102 26.81102 26.81102 26.81102 26.81102 14.64567 14.64567 14.64567 14.64567 14.64567 9.173228 9.173228 9.173228 9.173228 9.173228 18.22835 18.22835 18.22835 18.22835 18.22835 3.740157 3.740157 3.740157 3.740157
23.70079 23.70079 22.51969 22.51969 22.51969 22.51969 22.51969 24.13386 24.13386 24.13386 24.13386 24.13386 25.98425 25.98425 25.98425 25.98425 25.98425 33.26772 33.26772 33.26772 33.26772 33.26772 32.59843 32.59843 32.59843 32.59843 32.59843 31.9685 31.9685 31.9685 31.9685 31.9685 34.2126 34.2126 34.2126 34.2126 34.2126 23.30709 23.30709 23.30709 23.30709 23.30709 24.48819 24.48819 24.48819 24.48819 24.48819 13.46457 13.46457 13.46457 13.46457 13.46457 10.86614 10.86614 10.86614 10.86614 10.86614 -1.692913 -1.692913 -1.692913 -1.692913
23.70079 23.70079 22.51969 22.51969 22.51969 22.51969 22.51969 24.13386 24.13386 24.13386 24.13386 24.13386 25.98425 25.98425 25.98425 25.98425 25.98425 33.26772 33.26772 33.26772 33.26772 33.26772 32.59843 32.59843 32.59843 32.59843 32.59843 31.9685 31.9685 31.9685 31.9685 31.9685 34.2126 34.2126 34.2126 34.2126 34.2126 23.30709 23.30709 23.30709 23.30709 23.30709 24.48819 24.48819 24.48819 24.48819 24.48819 13.46457 13.46457 13.46457 13.46457 13.46457 10.86614 10.86614 10.86614 10.86614 10.86614 -1.692913 -1.692913 -1.692913 -1.692913
23.70079 23.70079 22.51969 22.51969 22.51969 22.51969 22.51969 24.13386 24.13386 24.13386 24.13386 24.13386 25.98425 25.98425 25.98425 25.98425 25.98425 33.26772 33.26772 33.26772 33.26772 33.26772 32.59843 32.59843 32.59843 32.59843 32.59843 31.9685 31.9685 31.9685 31.9685 31.9685 34.2126 34.2126 34.2126 34.2126 34.2126 23.30709 23.30709 23.30709 23.30709 23.30709 24.48819 24.48819 24.48819 24.48819 24.48819 13.46457 13.46457 13.46457 13.46457 13.46457 10.86614 10.86614 10.86614 10.86614 10.86614 -1.692913 -1.692913 -1.692913 -1.692913
23.70079 23.70079 22.51969 22.51969 22.51969 22.51969 22.51969 24.13386 24.13386 24.13386 24.13386 24.13386 25.98425 25.98425 25.98425 25.98425 25.98425 33.26772 33.26772 33.26772 33.26772 33.26772 32.59843 32.59843 32.59843 32.59843 32.59843 31.9685 31.9685 31.9685 31.9685 31.9685 34.2126 34.2126 34.2126 34.2126 34.2126 23.30709 23.30709 23.30709 23.30709 23.30709 24.48819 24.48819 24.48819 24.48819 24.48819 13.46457 13.46457 13.46457 13.46457 13.46457 10.86614 10.86614 10.86614 10.86614 10.86614 -1.692913 -1.692913 -1.692913 -1.692913
23.70079 23.70079 22.51969 22.51969 22.51969 22.51969 22.51969 24.13386 24.13386 24.13386 24.13386 24.13386 25.98425 25.98425 25.98425 25.98425 25.98425 33.26772 33.26772 33.26772 33.26772 33.26772 32.59843 32.59843 32.59843 32.59843 32.59843 31.9685 31.9685 31.9685 31.9685 31.9685 34.2126 34.2126 34.2126 34.2126 34.2126 23.30709 23.30709 23.30709 23.30709 23.30709 24.48819 24.48819 24.48819 24.48819 24.48819 13.46457 13.46457 13.46457 13.46457 13.46457 10.86614 10.86614 10.86614 10.86614 10.86614 -1.692913 -1.692913 -1.692913 -1.692913
30.86614 30.86614 32.24409 32.24409 32.24409 32.24409 32.24409 33.07087 33.07087 33.07087 33.07087 33.07087 33.38583 33.38583 33.38583 33.38583 33.38583 44.88189 44.88189 44.88189 44.88189 44.88189 43.0315 43.0315 43.0315 43.0315 43.0315 39.52756 39.52756 39.52756 39.52756 39.52756 36.81102 36.81102 36.81102 36.81102 36.81102 34.80315 34.80315 34.80315 34.80315 34.80315 21.41732 21.41732 21.41732 21.41732 21.41732 12.51968 12.51968 12.51968 12.51968 12.51968 10.31496 10.31496 10.31496 10.31496 10.31496 2.519685 2.519685 2.519685 2.519685
30.86614 30.86614 32.24409 32.24409 32.24409 32.24409 32.24409 33.07087 33.07087 33.07087 33.07087 33.07087 33.38583 33.38583 33.38583 33.38583 33.38583 44.88189 44.88189 44.88189 44.88189 44.88189 43.0315 43.0315 43.0315 43.0315 43.0315 39.52756 39.52756 39.52756 39.52756 39.52756 36.81102 36.81102 36.81102 36.81102 36.81102 34.80315 34.80315 34.80315 34.80315 34.80315 21.41732 21.41732 21.41732 21.41732 21.41732 12.51968 12.51968 12.51968 12.51968 12.51968 10.31496 10.31496 10.31496 10.31496 10.31496 2.519685 2.519685 2.519685 2.519685
30.86614 30.86614 32.24409 32.24409 32.24409 32.24409 32.24409 33.07087 33.07087 33.07087 33.07087 33.07087 33.38583 33.38583 33.38583 33.38583 33.38583 44.88189 44.88189 44.88189 44.88189 44.88189 43.0315 43.0315 43.0315 43.0315 43.0315 39.52756 39.52756 39.52756 39.52756 39.52756 36.81102 36.81102 36.81102 36.81102 36.81102 34.80315 34.80315 34.80315 34.80315 34.80315 21.41732 21.41732 21.41732 21.41732 21.41732 12.51968 12.51968 12.51968 12.51968 12.51968 10.31496 10.31496 10.31496 10.31496 10.31496 2.519685 2.519685 2.519685 2.519685
30.86614 30.86614 32.24409 32.24409 32.24409 32.24409 32.24409 33.07087 33.07087 33.07087 33.07087 33.07087 33.38583 33.38583 33.38583 33.38583 33.38583 44.88189 44.88189 44.88189 44.88189 44.88189 43.0315 43.0315 43.0315 43.0315 43.0315 39.52756 39.52756 39.52756 39.52756 39.52756 36.81102 36.81102 36.81102 36.81102 36.81102 34.80315 34.80315 34.80315 34.80315 34.80315 21.41732 21.41732 21.41732 21.41732 21.41732 12.51968 12.51968 12.51968 12.51968 12.51968 10.31496 10.31496 10.31496 10.31496 10.31496 2.519685 2.519685 2.519685 2.519685
30.86614 30.86614 32.24409 32.24409 32.24409 32.24409 32.24409 33.07087 33.07087 33.07087 33.07087 33.07087 33.38583 33.38583 33.38583 33.38583 33.38583 44.88189 44.88189 44.88189 44.88189 44.88189 43.0315 43.0315 43.0315 43.0315 43.0315 39.52756 39.52756 39.52756 39.52756 39.52756 36.81102 36.81102 36.81102 36.81102 36.81102 34.80315 34.80315 34.80315 34.80315 34.80315 21.41732 21.41732 21.41732 21.41732 21.41732 12.51968 12.51968 12.51968 12.51968 12.51968 10.31496 10.31496 10.31496 10.31496 10.31496 2.519685 2.519685 2.519685 2.519685
