STOTEN_Data/raw/PrecipMinusETin_1971_2000_GWRP.asc
ncols         250
nrows         718
xllcorner     -2256000
yllcorner     1557000
cellsize      1000
NODATA_value  -9999
[rows 432 to 458 of 718, columns 61 to 121 of 250]
-21.06299 -21.06299 -21.06299 -21.06299 -25.7874 -25.7874 -25.7874 -25.7874 -25.7874 -25.86614 -25.86614 -25.86614 -25.86614 -25.86614 -26.5748 -26.5748 -26.5748 -26.5748 -26.5748 -27.16535 -27.16535 -27.16535 -27.16535 -27.16535 -26.41732 -26.41732 -26.41732 -26.41732 -26.41732 -25.51181 -25.51181 -25.51181 -25.51181 -25.51181 -25.35433 -25.35433 -25.35433 -25.35433 -25.35433 -25.03937 -25.03937 -25.03937 -25.03937 -25.03937 -24.6063 -24.6063 -24.6063 -24.6063 -24.6063 -23.50394 -23.50394 -23.50394 -23.50394 -23.50394 -23.07087 -23.07087 -23.07087 -23.07087 -23.07087 -22.71654 -22.71654
-21.06299 -21.06299 -21.06299 -21.06299 -25.7874 -25.7874 -25.7874 -25.7874 -25.7874 -25.86614 -25.86614 -25.86614 -25.86614 -25.86614 -26.5748 -26.5748 -26.5748 -26.5748 -26.5748 -27.16535 -27.16535 -27.16535 -27.16535 -27.16535 -26.41732 -26.41732 -26.41732 -26.41732 -26.41732 -25.51181 -25.51181 -25.51181 -25.51181 -25.51181 -25.35433 -25.35433 -25.35433 -25.35433 -25.35433 -25.03937 -25.03937 -25.03937 -25.03937 -25.03937 -24.6063 -24.6063 -24.6063 -24.6063 -24.6063 -23.50394 -23.50394 -23.50394 -23.50394 -23.50394 -23.07087 -23.07087 -23.07087 -23.07087 -23.07087 -22.71654 -22.71654
-21.06299 -21.06299 -21.06299 -21.06299 -25.7874 -25.7874 -25.7874 -25.7874 -25.7874 -25.86614 -25.86614 -25.86614 -25.86614 -25.86614 -26.5748 -26.5748 -26.5748 -26.5748 -26.5748 -27.16535 -27.16535 -27.16535 -27.16535 -27.16535 -26.41732 -26.41732 -26.41732 -26.41732 -26.41732 -25.51181 -25.51181 -25.51181 -25.51181 -25.51181 -25.35433 -25.35433 -25.35433 -25.35433 -25.35433 -25.03937 -25.03937 -25.03937 -25.03937 -25.03937 -24.6063 -24.6063 -24.6063 -24.6063 -24.6063 -23.50394 -23.50394 -23.50394 -23.50394 -23.50394 -23.07087 -23.07087 -23.07087 -23.07087 -23.07087 -22.71654 -22.71654
-21.06299 -21.06299 -21.06299 -21.06299 -25.7874 -25.7874 -25.7874 -25.7874 -25.7874 -25.86614 -25.86614 -25.86614 -25.86614 -25.86614 -26.5748 -26.5748 -26.5748 -26.5748 -26.5748 -27.16535 -27.16535 -27.16535 -27.16535 -27.16535 -26.41732 -26.41732 -26.41732 -26.41732 -26.41732 -25.51181 -25.51181 -25.51181 -25.51181 -25.51181 -25.35433 -25.35433 -25.35433 -25.35433 -25.35433 -25.03937 -25.03937 -25.03937 -25.03937 -25.03937 -24.6063 -24.6063 -24.6063 -24.6063 -24.6063 -23.50394 -23.50394 -23.50394 -23.50394 -23.50394 -23.07087 -23.07087 -23.07087 -23.07087 -23.07087 -22.71654 -22.71654
-21.06299 -21.06299 -21.06299 -21.06299 -25.7874 -25.7874 -25.7874 -25.7874 -25.7874 -25.86614 -25.86614 -25.86614 -25.86614 -25.86614 -26.5748 -26.5748 -26.5748 -26.5748 -26.5748 -27.16535 -27.16535 -27.16535 -27.16535 -27.16535 -26.41732 -26.41732 -26.41732 -26.41732 -26.41732 -25.51181 -25.51181 -25.51181 -25.51181 -25.51181 -25.35433 -25.35433 -25.35433 -25.35433 -25.35433 -25.03937 -25.03937 -25.03937 -25.03937 -25.03937 -24.6063 -24.6063 -24.6063 -24.6063 -24.6063 -23.50394 -23.50394 -23.50394 -23.50394 -23.50394 -23.07087 -23.07087 -23.07087 -23.07087 -23.07087 -22.71654 -22.71654
-19.88189 -19.88189 -19.88189 -19.88189 -24.25197 -24.25197 -24.25197 -24.25197 -24.25197 -26.5748 -26.5748 -26.5748 -26.5748 -26.5748 -27.32283 -27.32283 -27.32283 -27.32283 -27.32283 -27.32283 -27.32283 -27.32283 -27.32283 -27.32283 -26.73228 -26.73228 -26.73228 -26.73228 -26.73228 -25.62992 -25.62992 -25.62992 -25.62992 -25.62992 -25.3937 -25.3937 -25.3937 -25.3937 -25.3937 -25 -25 -25 -25 -25 -24.25197 -24.25197 -24.25197 -24.25197 -24.25197 -23.70079 -23.70079 -23.70079 -23.70079 -23.70079 -23.34646 -23.34646 -23.34646 -23.34646 -23.34646 -22.99213 -22.99213
-19.88189 -19.88189 -19.88189 -19.88189 -24.25197 -24.25197 -24.25197 -24.25197 -24.25197 -26.5748 -26.5748 -26.5748 -26.5748 -26.5748 -27.32283 -27.32283 -27.32283 -27.32283 -27.32283 -27.32283 -27.32283 -27.32283 -27.32283 -27.32283 -26.73228 -26.73228 -26.73228 -26.73228 -26.73228 -25.62992 -25.62992 -25.62992 -25.62992 -25.62992 -25.3937 -25.3937 -25.3937 -25.3937 -25.3937 -25 -25 -25 -25 -25 -24.25197 -24.25197 -24.25197 -24.25197 -24.25197 -23.70079 -23.70079 -23.70079 -23.70079 -23.70079 -23.34646 -23.34646 -23.34646 -23.34646 -23.34646 -22.99213 -22.99213
-19.88189 -19.88189 -19.88189 -19.88189 -24.25197 -24.25197 -24.25197 -24.25197 -24.25197 -26.5748 -26.5748 -26.5748 -26.5748 -26.5748 -27.32283 -27.32283 -27.32283 -27.32283 -27.32283 -27.32283 -27.32283 -27.32283 -27.32283 -27.32283 -26.73228 -26.73228 -26.73228 -26.73228 -26.73228 -25.62992 -25.62992 -25.62992 -25.62992 -25.62992 -25.3937 -25.3937 -25.3937 -25.3937 -25.3937 -25 -25 -25 -25 -25 -24.25197 -24.25197 -24.25197 -24.25197 -24.25197 -23.70079 -23.70079 -23.70079 -23.70079 -23.70079 -23.34646 -23.34646 -23.34646 -23.34646 -23.34646 -22.99213 -22.99213
-19.88189 -19.88189 -19.88189 -19.88189 -24.25197 -24.25197 -24.25197 -24.25197 -24.25197 -26.5748 -26.5748 -26.5748 -26.5748 -26.5748 -27.32283 -27.32283 -27.32283 -27.32283 -27.32283 -27.32283 -27.32283 -27.32283 -27.32283 -27.32283 -26.73228 -26.73228 -26.73228 -26.73228 -26.73228 -25.62992 -25.62992 -25.62992 -25.62992 -25.62992 -25.3937 -25.3937 -25.3937 -25.3937 -25.3937 -25 -25 -25 -25 -25 -24.25197 -24.25197 -24.25197 -24.25197 -24.25197 -23.70079 -23.70079 -23.70079 -23.70079 -23.70079 -23.34646 -23.34646 -23.34646 -23.34646 -23.34646 -22.99213 -22.99213
-19.88189 -19.88189 -19.88189 -19.88189 -24.25197 -24.25197 -24.25197 -24.25197 -24.25197 -26.5748 -26.5748 -26.5748 -26.5748 -26.5748 -27.32283 -27.32283 -27.32283 -27.32283 -27.32283 -27.32283 -27.32283 -27.32283 -27.32283 -27.32283 -26.73228 -26.73228 -26.73228 -26.73228 -26.73228 -25.62992 -25.62992 -25.62992 -25.62992 -25.62992 -25.3937 -25.3937 -25.3937 -25.3937 -25.3937 -25 -25 -25 -25 -25 -24.25197 -24.25197 -24.25197 -24.25197 -24.25197 -23.70079 -23.70079 -23.70079 -23.70079 -23.70079 -23.34646 -23.34646 -23.34646 -23.34646 -23.34646 -22.99213 -22.99213
-18.97638 -18.97638 -18.97638 -18.97638 -23.58268 -23.58268 -23.58268 -23.58268 -23.58268 -26.85039 -26.85039 -26.85039 -26.85039 -26.85039 -27.95275 -27.95275 -27.95275 -27.95275 -27.95275 -27.87402 -27.87402 -27.87402 -27.87402 -27.87402 -27.28346 -27.28346 -27.28346 -27.28346 -27.28346 -25.82677 -25.82677 -25.82677 -25.82677 -25.82677 -25.51181 -25.51181 -25.51181 -25.51181 -25.51181 -25.23622 -25.23622 -25.23622 -25.23622 -25.23622 -24.76378 -24.76378 -24.76378 -24.76378 -24.76378 -24.01575 -24.01575 -24.01575 -24.01575 -24.01575 -23.70079 -23.70079 -23.70079 -23.70079 -23.70079 -23.4252 -23.4252
-18.97638 -18.97638 -18.97638 -18.97638 -23.58268 -23.58268 -23.58268 -23.58268 -23.58268 -26.85039 -26.85039 -26.85039 -26.85039 -26.85039 -27.95275 -27.95275 -27.95275 -27.95275 -27.95275 -27.87402 -27.87402 -27.87402 -27.87402 -27.87402 -27.28346 -27.28346 -27.28346 -27.28346 -27.28346 -25.82677 -25.82677 -25.82677 -25.82677 -25.82677 -25.51181 -25.51181 -25.51181 -25.51181 -25.51181 -25.23622 -25.23622 -25.23622 -25.23622 -25.23622 -24.76378 -24.76378 -24.76378 -24.76378 -24.76378 -24.01575 -24.01575 -24.01575 -24.01575 -24.01575 -23.70079 -23.70079 -23.70079 -23.70079 -23.70079 -23.4252 -23.4252
-18.97638 -18.97638 -18.97638 -18.97638 -23.58268 -23.58268 -23.58268 -23.58268 -23.58268 -26.85039 -26.85039 -26.85039 -26.85039 -26.85039 -27.95275 -27.95275 -27.95275 -27.95275 -27.95275 -27.87402 -27.87402 -27.87402 -27.87402 -27.87402 -27.28346 -27.28346 -27.28346 -27.28346 -27.28346 -25.82677 -25.82677 -25.82677 -25.82677 -25.82677 -25.51181 -25.51181 -25.51181 -25.51181 -25.51181 -25.23622 -25.23622 -25.23622 -25.23622 -25.23622 -24.76378 -24.76378 -24.76378 -24.76378 -24.76378 -24.01575 -24.01575 -24.01575 -24.01575 -24.01575 -23.70079 -23.70079 -23.70079 -23.70079 -23.70079 -23.4252 -23.4252
-18.97638 -18.97638 -18.97638 -18.97638 -23.58268 -23.58268 -23.58268 -23.58268 -23.58268 -26.85039 -26.85039 -26.85039 -26.85039 -26.85039 -27.95275 -27.95275 -27.95275 -27.95275 -27.95275 -27.87402 -27.87402 -27.87402 -27.87402 -27.87402 -27.28346 -27.28346 -27.28346 -27.28346 -27.28346 -25.82677 -25.82677 -25.82677 -25.82677 -25.82677 -25.51181 -25.51181 -25.51181 -25.51181 -25.51181 -25.23622 -25.23622 -25.23622 -25.23622 -25.23622 -24.76378 -24.76378 -24.76378 -24.76378 -24.76378 -24.01575 -24.01575 -24.01575 -24.01575 -24.01575 -23.70079 -23.70079 -23.70079 -23.70079 -23.70079 -23.4252 -23.4252
-18.97638 -18.97638 -18.97638 -18.97638 -23.58268 -23.58268 -23.58268 -23.58268 -23.58268 -26.85039 -26.85039 -26.85039 -26.85039 -26.85039 -27.95275 -27.95275 -27.95275 -27.95275 -27.95275 -27.87402 -27.87402 -27.87402 -27.87402 -27.87402 -27.28346 -27.28346 -27.28346 -27.28346 -27.28346 -25.82677 -25.82677 -25.82677 -25.82677 -25.82677 -25.51181 -25.51181 -25.51181 -25.51181 -25.51181 -25.23622 -25.23622 -25.23622 -25.23622 -25.23622 -24.76378 -24.76378 -24.76378 -24.76378 -24.76378 -24.01575 -24.01575 -24.01575 -24.01575 -24.01575 -23.70079 -23.70079 -23.70079 -23.70079 -23.70079 -23.4252 -23.4252
-17.12598 -17.12598 -17.12598 -17.12598 -20.86614 -20.86614 -20.86614 -20.86614 -20.86614 -23.4252 -23.4252 -23.4252 -23.4252 -23.4252 -27.91339 -27.91339 -27.91339 -27.91339 -27.91339 -28.07087 -28.07087 -28.07087 -28.07087 -28.07087 -27.83465 -27.83465 -27.83465 -27.83465 -27.83465 -27.08661 -27.08661 -27.08661 -27.08661 -27.08661 -25.86614 -25.86614 -25.86614 -25.86614 -25.86614 -25.7874 -25.7874 -25.7874 -25.7874 -25.7874 -25.19685 -25.19685 -25.19685 -25.19685 -25.19685 -24.25197 -24.25197 -24.25197 -24.25197 -24.25197 -23.89764 -23.89764 -23.89764 -23.89764 -23.89764 -23.70079 -23.70079
-17.12598 -17.12598 -17.12598 -17.12598 -20.86614 -20.86614 -20.86614 -20.86614 -20.86614 -23.4252 -23.4252 -23.4252 -23.4252 -23.4252 -27.91339 -27.91339 -27.91339 -27.91339 -27.91339 -28.07087 -28.07087 -28.07087 -28.07087 -28.07087 -27.83465 -27.83465 -27.83465 -27.83465 -27.83465 -27.08661 -27.08661 -27.08661 -27.08661 -27.08661 -25.86614 -25.86614 -25.86614 -25.86614 -25.86614 -25.7874 -25.7874 -25.7874 -25.7874 -25.7874 -25.19685 -25.19685 -25.19685 -25.19685 -25.19685 -24.25197 -24.25197 -24.25197 -24.25197 -24.25197 -23.89764 -23.89764 -23.89764 -23.89764 -23.89764 -23.70079 -23.70079
-17.12598 -17.12598 -17.12598 -17.12598 -20.86614 -20.86614 -20.86614 -20.86614 -20.86614 -23.4252 -23.4252 -23.4252 -23.4252 -23.4252 -27.91339 -27.91339 -27.91339 -27.91339 -27.91339 -28.07087 -28.07087 -28.07087 -28.07087 -28.07087 -27.83465 -27.83465 -27.83465 -27.83465 -27.83465 -27.08661 -27.08661 -27.08661 -27.08661 -27.08661 -25.86614 -25.86614 -25.86614 -25.86614 -25.86614 -25.7874 -25.7874 -25.7874 -25.7874 -25.7874 -25.19685 -25.19685 -25.19685 -25.19685 -25.19685 -24.25197 -24.25197 -24.25197 -24.25197 -24.25197 -23.89764 -23.89764 -23.89764 -23.89764 -23.89764 -23.70079 -23.70079
-17.12598 -17.12598 -17.12598 -17.12598 -20.86614 -20.86614 -20.86614 -20.86614 -20.86614 -23.4252 -23.4252 -23.4252 -23.4252 -23.4252 -27.91339 -27.91339 -27.91339 -27.91339 -27.91339 -28.07087 -28.07087 -28.07087 -28.07087 -28.07087 -27.83465 -27.83465 -27.83465 -27.83465 -27.83465 -27.08661 -27.08661 -27.08661 -27.08661 -27.08661 -25.86614 -25.86614 -25.86614 -25.86614 -25.86614 -25.7874 -25.7874 -25.7874 -25.7874 -25.7874 -25.19685 -25.19685 -25.19685 -25.19685 -25.19685 -24.25197 -24.25197 -24.25197 -24.25197 -24.25197 -23.89764 -23.89764 -23.89764 -23.89764 -23.89764 -23.70079 -23.70079
-17.12598 -17.12598 -17.12598 -17.12598 -20.86614 -20.86614 -20.86614 -20.86614 -20.86614 -23.4252 -23.4252 -23.4252 -23.4252 -23.4252 -27.91339 -27.91339 -27.91339 -27.91339 -27.91339 -28.07087 -28.07087 -28.07087 -28.07087 -28.07087 -27.83465 -27.83465 -27.83465 -27.83465 -27.83465 -27.08661 -27.08661 -27.08661 -27.08661 -27.08661 -25.86614 -25.86614 -25.86614 -25.86614 -25.86614 -25.7874 -25.7874 -25.7874 -25.7874 -25.7874 -25.19685 -25.19685 -25.19685 -25.19685 -25.19685 -24.25197 -24.25197 -24.25197 -24.25197 -24.25197 -23.89764 -23.89764 -23.89764 -23.89764 -23.89764 -23.70079 -23.70079
-15.66929 -15.66929 -15.66929 -15.66929 -18.70079 -18.70079 -18.70079 -18.70079 -18.70079 -22.40158 -22.40158 -22.40158 -22.40158 -22.40158 -26.02362 -26.02362 -26.02362 -26.02362 -26.02362 -26.77165 -26.77165 -26.77165 -26.77165 -26.77165 -27.75591 -27.75591 -27.75591 -27.75591 -27.75591 -26.65354 -26.65354 -26.65354 -26.65354 -26.65354 -26.29921 -26.29921 -26.29921 -26.29921 -26.29921 -26.14173 -26.14173 -26.14173 -26.14173 -26.14173 -25.7874 -25.7874 -25.7874 -25.7874 -25.7874 -24.56693 -24.56693 -24.56693 -24.56693 -24.56693 -24.13386 -24.13386 -24.13386 -24.13386 -24.13386 -23.93701 -23.93701
-15.66929 -15.66929 -15.66929 -15.66929 -18.70079 -18.70079 -18.70079 -18.70079 -18.70079 -22.40158 -22.40158 -22.40158 -22.40158 -22.40158 -26.02362 -26.02362 -26.02362 -26.02362 -26.02362 -26.77165 -26.77165 -26.77165 -26.77165 -26.77165 -27.75591 -27.75591 -27.75591 -27.75591 -27.75591 -26.65354 -26.65354 -26.65354 -26.65354 -26.65354 -26.29921 -26.29921 -26.29921 -26.29921 -26.29921 -26.14173 -26.14173 -26.14173 -26.14173 -26.14173 -25.7874 -25.7874 -25.7874 -25.7874 -25.7874 -24.56693 -24.56693 -24.56693 -24.56693 -24.56693 -24.13386 -24.13386 -24.13386 -24.13386 -24.13386 -23.93701 -23.93701
-15.66929 -15.66929 -15.66929 -15.66929 -18.70079 -18.70079 -18.70079 -18.70079 -18.70079 -22.40158 -22.40158 -22.40158 -22.40158 -22.40158 -26.02362 -26.02362 -26.02362 -26.02362 -26.02362 -26.77165 -26.77165 -26.77165 -26.77165 -26.77165 -27.75591 -27.75591 -27.75591 -27.75591 -27.75591 -26.65354 -26.65354 -26.65354 -26.65354 -26.65354 -26.29921 -26.29921 -26.29921 -26.29921 -26.29921 -26.14173 -26.14173 -26.14173 -26.14173 -26.14173 -25.7874 -25.7874 -25.7874 -25.7874 -25.7874 -24.56693 -24.56693 -24.56693 -24.56693 -24.56693 -24.13386 -24.13386 -24.13386 -24.13386 -24.13386 -23.93701 -23.93701
-15.66929 -15.66929 -15.66929 -15.66929 -18.70079 -18.70079 -18.70079 -18.70079 -18.70079 -22.40158 -22.40158 -22.40158 -22.40158 -22.40158 -26.02362 -26.02362 -26.02362 -26.02362 -26.02362 -26.77165 -26.77165 -26.77165 -26.77165 -26.77165 -27.75591 -27.75591 -27.75591 -27.75591 -27.75591 -26.65354 -26.65354 -26.65354 -26.65354 -26.65354 -26.29921 -26.29921 -26.29921 -26.29921 -26.29921 -26.14173 -26.14173 -26.14173 -26.14173 -26.14173 -25.7874 -25.7874 -25.7874 -25.7874 -25.7874 -24.56693 -24.56693 -24.56693 -24.56693 -24.56693 -24.13386 -24.13386 -24.13386 -24.13386 -24.13386 -23.93701 -23.93701
-15.66929 -15.66929 -15.66929 -15.66929 -18.70079 -18.70079 -18.70079 -18.70079 -18.70079 -22.40158 -22.40158 -22.40158 -22.40158 -22.40158 -26.02362 -26.02362 -26.02362 -26.02362 -26.02362 -26.77165 -26.77165 -26.77165 -26.77165 -26.77165 -27.75591 -27.75591 -27.75591 -27.75591 -27.75591 -26.65354 -26.65354 -26.65354 -26.65354 -26.65354 -26.29921 -26.29921 -26.29921 -26.29921 -26.29921 -26.14173 -26.14173 -26.14173 -26.14173 -26.14173 -25.7874 -25.7874 -25.7874 -25.7874 -25.7874 -24.56693 -24.56693 -24.56693 -24.56693 -24.56693 -24.13386 -24.13386 -24.13386 -24.13386 -24.13386 -23.93701 -23.93701
-14.44882 -14.44882 -14.44882 -14.44882 -16.53543 -16.53543 -16.53543 -16.53543 -16.53543 -21.02362 -21.02362 -21.02362 -21.02362 -21.02362 -22.75591 -22.75591 -22.75591 -22.75591 -22.75591 -27.08661 -27.08661 -27.08661 -27.08661 -27.08661 -27.91339 -27.91339 -27.91339 -27.91339 -27.91339 -27.44094 -27.44094 -27.44094 -27.44094 -27.44094 -26.9685 -26.9685 -26.9685 -26.9685 -26.9685 -27.04725 -27.04725 -27.04725 -27.04725 -27.04725 -26.85039 -26.85039 -26.85039 -26.85039 -26.85039 -25.70866 -25.70866 -25.70866 -25.70866 -25.70866 -24.84252 -24.84252 -24.84252 -24.84252 -24.84252 -24.44882 -24.44882
-14.44882 -14.44882 -14.44882 -14.44882 -16.53543 -16.53543 -16.53543 -16.53543 -16.53543 -21.02362 -21.02362 -21.02362 -21.02362 -21.02362 -22.75591 -22.75591 -22.75591 -22.75591 -22.75591 -27.08661 -27.08661 -27.08661 -27.08661 -27.08661 -27.91339 -27.91339 -27.91339 -27.91339 -27.91339 -27.44094 -27.44094 -27.44094 -27.44094 -27.44094 -26.9685 -26.9685 -26.9685 -26.9685 -26.9685 -27.04725 -27.04725 -27.04725 -27.04725 -27.04725 -26.85039 -26.85039 -26.85039 -26.85039 -26.85039 -25.70866 -25.70866 -25.70866 -25.70866 -25.70866 -24.84252 -24.84252 -24.84252 -24.84252 -24.84252 -24.44882 -24.44882
