STOTEN_Data/raw/PrecipMinusETin_1971_2000_GWRP.asc
ncols         250
nrows         718
xllcorner     -2256000
yllcorner     1557000
cellsize      1000
NODATA_value  -9999
[rows 324 to 350 of 718, columns 183 to 243 of 250]
25.86614 25.86614 20.59055 20.59055 20.59055 20.59055 20.59055 21.06299 21.06299 21.06299 21.06299 21.06299 25.27559 25.27559 25.27559 25.27559 25.27559 38.18898 38.18898 38.18898 38.18898 38.18898 41.25984 41.25984 41.25984 41.25984 41.25984 40.19685 40.19685 40.19685 40.19685 40.19685 40.7874 40.7874 40.7874 40.7874 40.7874 39.09449 39.09449 39.09449 39.09449 39.09449 37.24409 37.24409 37.24409 37.24409 37.24409 29.29134 29.29134 29.29134 29.29134 29.29134 18.38583 18.38583 18.38583 18.38583 18.38583 8.661417 8.661417 8.661417 8.661417
25.86614 25.86614 20.59055 20.59055 20.59055 20.59055 20.59055 21.06299 21.06299 21.06299 21.06299 21.06299 25.27559 25.27559 25.27559 25.27559 25.27559 38.18898 38.18898 38.18898 38.18898 38.18898 41.25984 41.25984 41.25984 41.25984 41.25984 40.19685 40.19685 40.19685 40.19685 40.19685 40.7874 40.7874 40.7874 40.7874 40.7874 39.09449 39.09449 39.09449 39.09449 39.09449 37.24409 37.24409 37.24409 37.24409 37.24409 29.29134 29.29134 29.29134 29.29134 29.29134 18.38583 18.38583 18.38583 18.38583 18.38583 8.661417 8.661417 8.661417 8.661417
25.86614 25.86614 20.59055 20.59055 20.59055 20.59055 20.59055 21.06299 21.06299 21.06299 21.06299 21.06299 25.27559 25.27559 25.27559 25.27559 25.27559 38.18898 38.18898 38.18898 38.18898 38.18898 41.25984 41.25984 41.25984 41.25984 41.25984 40.19685 40.19685 40.19685 40.19685 40.19685 40.7874 40.7874 40.7874 40.7874 40.7874 39.09449 39.09449 39.09449 39.09449 39.09449 37.24409 37.24409 37.24409 37.24409 37.24409 29.29134 29.29134 29.29134 29.29134 29.29134 18.38583 18.38583 18.38583 18.38583 18.38583 8.661417 8.661417 8.661417 8.661417
25.51181 25.51181 24.44882 24.44882 24.44882 24.44882 24.44882 27.40158 27.40158 27.40158 27.40158 27.40158 32.91339 32.91339 32.91339 32.91339 32.91339 38.85827 38.85827 38.85827 38.85827 38.85827 42.44094 42.44094 42.44094 42.44094 42.44094 41.29921 41.29921 41.29921 41.29921 41.29921 41.02362 41.02362 41.02362 41.02362 41.02362 41.1811 41.1811 41.1811 41.1811 41.1811 37.75591 37.75591 37.75591 37.75591 37.75591 25.59055 25.59055 25.59055 25.59055 25.59055 22.71654 22.71654 22.71654 22.71654 22.71654 16.77165 16.77165 16.77165 16.77165
25.51181 25.51181 24.44882 24.44882 24.44882 24.44882 24.44882 27.40158 27.40158 27.40158 27.40158 27.40158 32.91339 32.91339 32.91339 32.91339 32.91339 38.85827 38.85827 38.85827 38.85827 38.85827 42.44094 42.44094 42.44094 42.44094 42.44094 41.29921 41.29921 41.29921 41.29921 41.29921 41.02362 41.02362 41.02362 41.02362 41.02362 41.1811 41.1811 41.1811 41.1811 41.1811 37.75591 37.75591 37.75591 37.75591 37.75591 25.59055 25.59055 25.59055 25.59055 25.59055 22.71654 22.71654 22.71654 22.71654 22.71654 16.77165 16.77165 16.77165 16.77165
25.51181 25.51181 24.44882 24.44882 24.44882 24.44882 24.44882 27.40158 27.40158 27.40158 27.40158 27.40158 32.91339 32.91339 32.91339 32.91339 32.91339 38.85827 38.85827 38.85827 38.85827 38.85827 42.44094 42.44094 42.44094 42.44094 42.44094 41.29921 41.29921 41.29921 41.29921 41.29921 41.02362 41.02362 41.02362 41.02362 41.02362 41.1811 41.1811 41.1811 41.1811 41.1811 37.75591 37.75591 37.75591 37.75591 37.75591 25.59055 25.59055 25.59055 25.59055 25.59055 22.71654 22.71654 22.71654 22.71654 22.71654 16.77165 16.77165 16.77165 16.77165
25.51181 25.51181 24.44882 24.44882 24.44882 24.44882 24.44882 27.40158 27.40158 27.40158 27.40158 27.40158 32.91339 32.91339 32.91339 32.91339 32.91339 38.85827 38.85827 38.85827 38.85827 38.85827 42.44094 42.44094 42.44094 42.44094 42.44094 41.29921 41.29921 41.29921 41.29921 41.29921 41.02362 41.02362 41.02362 41.02362 41.02362 41.1811 41.1811 41.1811 41.1811 41.1811 37.75591 37.75591 37.75591 37.75591 37.75591 25.59055 25.59055 25.59055 25.59055 25.59055 22.71654 22.71654 22.71654 22.71654 22.71654 16.77165 16.77165 16.77165 16.77165
25.51181 25.51181 24.44882 24.44882 24.44882 24.44882 24.44882 27.40158 27.40158 27.40158 27.40158 27.40158 32.91339 32.91339 32.91339 32.91339 32.91339 38.85827 38.85827 38.85827 38.85827 38.85827 42.44094 42.44094 42.44094 42.44094 42.44094 41.29921 41.29921 41.29921 41.29921 41.29921 41.02362 41.02362 41.02362 41.02362 41.02362 41.1811 41.1811 41.1811 41.1811 41.1811 37.75591 37.75591 37.75591 37.75591 37.75591 25.59055 25.59055 25.59055 25.59055 25.59055 22.71654 22.71654 22.71654 22.71654 22.71654 16.77165 16.77165 16.77165 16.77165
24.2126 24.2126 26.1811 26.1811 26.1811 26.1811 26.1811 27.32283 27.32283 27.32283 27.32283 27.32283 33.0315 33.0315 33.0315 33.0315 33.0315 33.89764 33.89764 33.89764 33.89764 33.89764 41.61417 41.61417 41.61417 41.61417 41.61417 42.36221 42.36221 42.36221 42.36221 42.36221 44.80315 44.80315 44.80315 44.80315 44.80315 47.32283 47.32283 47.32283 47.32283 47.32283 40.27559 40.27559 40.27559 40.27559 40.27559 32.91339 32.91339 32.91339 32.91339 32.91339 30.98425 30.98425 30.98425 30.98425 30.98425 29.72441 29.72441 29.72441 29.72441
24.2126 24.2126 26.1811 26.1811 26.1811 26.1811 26.1811 27.32283 27.32283 27.32283 27.32283 27.32283 33.0315 33.0315 33.0315 33.0315 33.0315 33.89764 33.89764 33.89764 33.89764 33.89764 41.61417 41.61417 41.61417 41.61417 41.61417 42.36221 42.36221 42.36221 42.36221 42.36221 44.80315 44.80315 44.80315 44.80315 44.80315 47.32283 47.32283 47.32283 47.32283 47.32283 40.27559 40.27559 40.27559 40.27559 40.27559 32.91339 32.91339 32.91339 32.91339 32.91339 30.98425 30.98425 30.98425 30.98425 30.98425 29.72441 29.72441 29.72441 29.72441
24.2126 24.2126 26.1811 26.1811 26.1811 26.1811 26.1811 27.32283 27.32283 27.32283 27.32283 27.32283 33.0315 33.0315 33.0315 33.0315 33.0315 33.89764 33.89764 33.89764 33.89764 33.89764 41.61417 41.61417 41.61417 41.61417 41.61417 42.36221 42.36221 42.36221 42.36221 42.36221 44.80315 44.80315 44.80315 44.80315 44.80315 47.32283 47.32283 47.32283 47.32283 47.32283 40.27559 40.27559 40.27559 40.27559 40.27559 32.91339 32.91339 32.91339 32.91339 32.91339 30.98425 30.98425 30.98425 30.98425 30.98425 29.72441 29.72441 29.72441 29.72441
24.2126 24.2126 26.1811 26.1811 26.1811 26.1811 26.1811 27.32283 27.32283 27.32283 27.32283 27.32283 33.0315 33.0315 33.0315 33.0315 33.0315 33.89764 33.89764 33.89764 33.89764 33.89764 41.61417 41.61417 41.61417 41.61417 41.61417 42.36221 42.36221 42.36221 42.36221 42.36221 44.80315 44.80315 44.80315 44.80315 44.80315 47.32283 47.32283 47.32283 47.32283 47.32283 40.27559 40.27559 40.27559 40.27559 40.27559 32.91339 32.91339 32.91339 32.91339 32.91339 30.98425 30.98425 30.98425 30.98425 30.98425 29.72441 29.72441 29.72441 29.72441
24.2126 24.2126 26.1811 26.1811 26.1811 26.1811 26.1811 27.32283 27.32283 27.32283 27.32283 27.32283 33.0315 33.0315 33.0315 33.0315 33.0315 33.89764 33.89764 33.89764 33.89764 33.89764 41.61417 41.61417 41.61417 41.61417 41.61417 42.36221 42.36221 42.36221 42.36221 42.36221 44.80315 44.80315 44.80315 44.80315 44.80315 47.32283 47.32283 47.32283 47.32283 47.32283 40.27559 40.27559 40.27559 40.27559 40.27559 32.91339 32.91339 32.91339 32.91339 32.91339 30.98425 30.98425 30.98425 30.98425 30.98425 29.72441 29.72441 29.72441 29.72441
23.66142 23.66142 22.99213 22.99213 22.99213 22.99213 22.99213 24.84252 24.84252 24.84252 24.84252 24.84252 28.58268 28.58268 28.58268 28.58268 28.58268 24.09449 24.09449 24.09449 24.09449 24.09449 32.16536 32.16536 32.16536 32.16536 32.16536 39.09449 39.09449 39.09449 39.09449 39.09449 44.80315 44.80315 44.80315 44.80315 44.80315 45.74803 45.74803 45.74803 45.74803 45.74803 41.10236 41.10236 41.10236 41.10236 41.10236 35.23622 35.23622 35.23622 35.23622 35.23622 31.22047 31.22047 31.22047 31.22047 31.22047 23.30709 23.30709 23.30709 23.30709
23.66142 23.66142 22.99213 22.99213 22.99213 22.99213 22.99213 24.84252 24.84252 24.84252 24.84252 24.84252 28.58268 28.58268 28.58268 28.58268 28.58268 24.09449 24.09449 24.09449 24.09449 24.09449 32.16536 32.16536 32.16536 32.16536 32.16536 39.09449 39.09449 39.09449 39.09449 39.09449 44.80315 44.80315 44.80315 44.80315 44.80315 45.74803 45.74803 45.74803 45.74803 45.74803 41.10236 41.10236 41.10236 41.10236 41.10236 35.23622 35.23622 35.23622 35.23622 35.23622 31.22047 31.22047 31.22047 31.22047 31.22047 23.30709 23.30709 23.30709 23.30709
23.66142 23.66142 22.99213 22.99213 22.99213 22.99213 22.99213 24.84252 24.84252 24.84252 24.84252 24.84252 28.58268 28.58268 28.58268 28.58268 28.58268 24.09449 24.09449 24.09449 24.09449 24.09449 32.16536 32.16536 32.16536 32.16536 32.16536 39.09449 39.09449 39.09449 39.09449 39.09449 44.80315 44.80315 44.80315 44.80315 44.80315 45.74803 45.74803 45.74803 45.74803 45.74803 41.10236 41.10236 41.10236 41.10236 41.10236 35.23622 35.23622 35.23622 35.23622 35.23622 31.22047 31.22047 31.22047 31.22047 31.22047 23.30709 23.30709 23.30709 23.30709
23.66142 23.66142 22.99213 22.99213 22.99213 22.99213 22.99213 24.84252 24.84252 24.84252 24.84252 24.84252 28.58268 28.58268 28.58268 28.58268 28.58268 24.09449 24.09449 24.09449 24.09449 24.09449 32.16536 32.16536 32.16536 32.16536 32.16536 39.09449 39.09449 39.09449 39.09449 39.09449 44.80315 44.80315 44.80315 44.80315 44.80315 45.74803 45.74803 45.74803 45.74803 45.74803 41.10236 41.10236 41.10236 41.10236 41.10236 35.23622 35.23622 35.23622 35.23622 35.23622 31.22047 31.22047 31.22047 31.22047 31.22047 23.30709 23.30709 23.30709 23.30709
23.66142 23.66142 22.99213 22.99213 22.99213 22.99213 22.99213 24.84252 24.84252 24.84252 24.84252 24.84252 28.58268 28.58268 28.58268 28.58268 28.58268 24.09449 24.09449 24.09449 24.09449 24.09449 32.16536 32.16536 32.16536 32.16536 32.16536 39.09449 39.09449 39.09449 39.09449 39.09449 44.80315 44.80315 44.80315 44.80315 44.80315 45.74803 45.74803 45.74803 45.74803 45.74803 41.10236 41.10236 41.10236 41.10236 41.10236 35.23622 35.23622 35.23622 35.23622 35.23622 31.22047 31.22047 31.22047 31.22047 31.22047 23.30709 23.30709 23.30709 23.30709
19.64567 19.64567 18.34646 18.34646 18.34646 18.34646 18.34646 23.18898 23.18898 23.18898 23.18898 23.18898 23.22835 23.22835 23.22835 23.22835 23.22835 27.79527 27.79527 27.79527 27.79527 27.79527 32.36221 32.36221 32.36221 32.36221 32.36221 37.99213 37.99213 37.99213 37.99213 37.99213 41.53543 41.53543 41.53543 41.53543 41.53543 44.64567 44.64567 44.64567 44.64567 44.64567 42.20472 42.20472 42.20472 42.20472 42.20472 37.24409 37.24409 37.24409 37.24409 37.24409 33.50394 33.50394 33.50394 33.50394 33.50394 33.1496 33.1496 33.1496 33.1496
19.64567 19.64567 18.34646 18.34646 18.34646 18.34646 18.34646 23.18898 23.18898 23.18898 23.18898 23.18898 23.22835 23.22835 23.22835 23.22835 23.22835 27.79527 27.79527 27.79527 27.79527 27.79527 32.36221 32.36221 32.36221 32.36221 32.36221 37.99213 37.99213 37.99213 37.99213 37.99213 41.53543 41.53543 41.53543 41.53543 41.53543 44.64567 44.64567 44.64567 44.64567 44.64567 42.20472 42.20472 42.20472 42.20472 42.20472 37.24409 37.24409 37.24409 37.24409 37.24409 33.50394 33.50394 33.50394 33.50394 33.50394 33.1496 33.1496 33.1496 33.1496
19.64567 19.64567 18.34646 18.34646 18.34646 18.34646 18.34646 23.18898 23.18898 23.18898 23.18898 23.18898 23.22835 23.22835 23.22835 23.22835 23.22835 27.79527 27.79527 27.79527 27.79527 27.79527 32.36221 32.36221 32.36221 32.36221 32.36221 37.99213 37.99213 37.99213 37.99213 37.99213 41.53543 41.53543 41.53543 41.53543 41.53543 44.64567 44.64567 44.64567 44.64567 44.64567 42.20472 42.20472 42.20472 42.20472 42.20472 37.24409 37.24409 37.24409 37.24409 37.24409 33.50394 33.50394 33.50394 33.50394 33.50394 33.1496 33.1496 33.1496 33.1496
19.64567 19.64567 18.34646 18.34646 18.34646 18.34646 18.34646 23.18898 23.18898 23.18898 23.18898 23.18898 23.22835 23.22835 23.22835 23.22835 23.22835 27.79527 27.79527 27.79527 27.79527 27.79527 32.36221 32.36221 32.36221 32.36221 32.36221 37.99213 37.99213 37.99213 37.99213 37.99213 41.53543 41.53543 41.53543 41.53543 41.53543 44.64567 44.64567 44.64567 44.64567 44.64567 42.20472 42.20472 42.20472 42.20472 42.20472 37.24409 37.24409 37.24409 37.24409 37.24409 33.50394 33.50394 33.50394 33.50394 33.50394 33.1496 33.1496 33.1496 33.1496
19.64567 19.64567 18.34646 18.34646 18.34646 18.34646 18.34646 23.18898 23.18898 23.18898 23.18898 23.18898 23.22835 23.22835 23.22835 23.22835 23.22835 27.79527 27.79527 27.79527 27.79527 27.79527 32.36221 32.36221 32.36221 32.36221 32.36221 37.99213 37.99213 37.99213 37.99213 37.99213 41.53543 41.53543 41.53543 41.53543 41.53543 44.64567 44.64567 44.64567 44.64567 44.64567 42.20472 42.20472 42.20472 42.20472 42.20472 37.24409 37.24409 37.24409 37.24409 37.24409 33.50394 33.50394 33.50394 33.50394 33.50394 33.1496 33.1496 33.1496 33.1496
16.92913 16.92913 18.77953 18.77953 18.77953 18.77953 18.77953 24.33071 24.33071 24.33071 24.33071 24.33071 20.82677 20.82677 20.82677 20.82677 20.82677 20.31496 20.31496 20.31496 20.31496 20.31496 24.96063 24.96063 24.96063 24.96063 24.96063 28.54331 28.54331 28.54331 28.54331 28.54331 37.08661 37.08661 37.08661 37.08661 37.08661 38.85827 38.85827 38.85827 38.85827 38.85827 42.87402 42.87402 42.87402 42.87402 42.87402 39.05512 39.05512 39.05512 39.05512 39.05512 35.03937 35.03937 35.03937 35.03937 35.03937 28.89764 28.89764 28.89764 28.89764
16.92913 16.92913 18.77953 18.77953 18.77953 18.77953 18.77953 24.33071 24.33071 24.33071 24.33071 24.33071 20.82677 20.82677 20.82677 20.82677 20.82677 20.31496 20.31496 20.31496 20.31496 20.31496 24.96063 24.96063 24.96063 24.96063 24.96063 28.54331 28.54331 28.54331 28.54331 28.54331 37.08661 37.08661 37.08661 37.08661 37.08661 38.85827 38.85827 38.85827 38.85827 38.85827 42.87402 42.87402 42.87402 42.87402 42.87402 39.05512 39.05512 39.05512 39.05512 39.05512 35.03937 35.03937 35.03937 35.03937 35.03937 28.89764 28.89764 28.89764 28.89764
16.92913 16.92913 18.77953 18.77953 18.77953 18.77953 18.77953 24.33071 24.33071 24.33071 24.33071 24.33071 20.82677 20.82677 20.82677 20.82677 20.82677 20.31496 20.31496 20.31496 20.31496 20.31496 24.96063 24.96063 24.96063 24.96063 24.96063 28.54331 28.54331 28.54331 28.54331 28.54331 37.08661 37.08661 37.08661 37.08661 37.08661 38.85827 38.85827 38.85827 38.85827 38.85827 42.87402 42.87402 42.87402 42.87402 42.87402 39.05512 39.05512 39.05512 39.05512 39.05512 35.03937 35.03937 35.03937 35.03937 35.03937 28.89764 28.89764 28.89764 28.89764
16.92913 16.92913 18.77953 18.77953 18.77953 18.77953 18.77953 24.33071 24.33071 24.33071 24.33071 24.33071 20.82677 20.82677 20.82677 20.82677 20.82677 20.31496 20.31496 20.31496 20.31496 20.31496 24.96063 24.96063 24.96063 24.96063 24.96063 28.54331 28.54331 28.54331 28.54331 28.54331 37.08661 37.08661 37.08661 37.08661 37.08661 38.85827 38.85827 38.85827 38.85827 38.85827 42.87402 42.87402 42.87402 42.87402 42.87402 39.05512 39.05512 39.05512 39.05512 39.05512 35.03937 35.03937 35.03937 35.03937 35.03937 28.89764 28.89764 28.89764 28.89764
