STOTEN_Data/raw/ProbDOpt5ppm_Deep.asc
NCOLS 250 
NROWS 718 
XLLCORNER -2256000 
YLLCORNER 1557000 
CELLSIZE 1000 
NODATA_value -9999 
[rows 162 to 188 of 718, columns 61 to 121 of 250]
0.814428992502085 0.870842997240418 0.82460905176404 0.86630506109316 0.879506684051214 0.878312238812676 0.856465163487573 0.818849321074633 0.749149062432278 0.647281398599297 0.619555600801284 0.524869346912268 0.565289113299777 0.58139431910583 0.610164577074595 0.609556897911015 0.594836720364887 0.5546161270496 0.539792006439378 0.550760463853468 0.504921344807264 0.414462556774534 0.374914720960566 0.36160775083368 0.404009222200267 0.389393102509266 0.344261990662473 0.388416825493593 0.441753448120368 0.33688615612591 0.2059629686705 0.139135257324755 0.0838309204678916 0.0821125987570071 0.0772187317138124 -9999 -9999 -9999 -9999 -9999 -9999 -9999 -9999 -9999 -9999 -9999 -9999 -9999 -9999 -9999 -9999 -9999 -9999 -9999 -9999 -9999 -9999 -9999 -9999 -9999 -9999
0.81296894757723 0.873771351843224 0.902207900132497 0.880471339457429 0.874248094362224 0.877798481210345 0.859113549766877 0.731795671405027 0.655543876147219 0.650028267207116 0.585759722654114 0.540671532283717 0.547572607804255 0.545388706356845 0.553765808499722 0.546296544592841 0.571378228256661 0.555700461307672 0.58873865806269 0.598973297950892 0.562980647160133 0.558732016079247 0.485498539873467 0.401304727684047 0.432290590638119 0.306372923967508 0.278290863542539 0.254785410122791 0.284522686907734 0.257614837886025 0.13493703109425 0.136731695062657 0.0927957162414661 0.113770200529268 0.162447334573425 -9999 -9999 -9999 -9999 -9999 -9999 -9999 -9999 -9999 -9999 -9999 -9999 -9999 -9999 -9999 -9999 -9999 -9999 -9999 -9999 -9999 -9999 -9999 -9999 -9999 -9999
0.854407039474979 0.892972377299413 0.895253633013536 0.879668497222874 0.872837750786191 0.871995609633389 0.858226543891614 0.794299133388727 0.693520106594922 0.60941536121022 0.572483057994754 0.622296402371075 0.591325237866113 0.639511480876675 0.629741056448419 0.635052450562425 0.601582872703035 0.54857083161095 0.516160666375416 0.512835374848774 0.49680432128821 0.544860533695607 0.450397550508326 0.389226952577099 0.399996562020305 0.285991343033801 0.218845434896372 0.262258196961318 0.352972390619899 0.224291754621687 0.0765625851592344 0.108681813461257 0.221898058038836 -9999 -9999 -9999 -9999 -9999 -9999 -9999 -9999 -9999 -9999 -9999 -9999 -9999 -9999 -9999 -9999 -9999 -9999 -9999 -9999 -9999 -9999 -9999 -9999 -9999 -9999 -9999 -9999
0.868321251613179 0.902102422017819 0.90520621116525 0.897062890419635 0.866284485197558 0.869423010131577 0.816048619639659 0.750067016158721 0.74167208406967 0.639559655944792 0.553099009346432 0.612701067021545 0.60180894517187 0.578972625118921 0.611946331144408 0.591117532642233 0.556242834548497 0.507215938535602 0.486796056456479 0.456758395735419 0.593799151225167 0.538690619442451 0.598867541431819 0.50735403182913 0.36318737504509 0.244852957759678 0.293686691939977 0.26864380730571 0.206699394909871 0.124653234779613 0.0881229384904605 0.114928980185805 -9999 -9999 -9999 -9999 -9999 -9999 -9999 -9999 -9999 -9999 -9999 -9999 -9999 -9999 -9999 -9999 -9999 -9999 -9999 -9999 -9999 -9999 -9999 -9999 -9999 -9999 -9999 -9999 -9999
0.904275639265263 0.904356636950114 0.904081467725073 0.905189728651556 0.873061831579869 0.835217355302191 0.813997217470457 0.757852202795354 0.726988847922674 0.66264383608306 0.625324484889938 0.605903887644852 0.591584934326512 0.596925101465073 0.662854605539607 0.62638943352559 0.56829780596232 0.519509262364334 0.48674272487584 0.581162108685249 0.557819842579139 0.584544806455719 0.601915065130156 0.525170310008074 0.385507772678166 0.261342548437561 0.258289350542506 0.240725290700158 0.207231409273253 0.167451552985864 0.10823386504341 0.0905914464678776 -9999 -9999 -9999 -9999 -9999 -9999 -9999 -9999 -9999 -9999 -9999 -9999 -9999 -9999 -9999 -9999 -9999 -9999 -9999 -9999 -9999 -9999 -9999 -9999 -9999 -9999 -9999 -9999 -9999
0.866177840729034 0.874476618277629 0.900481720858414 0.904872186040152 0.872937816771192 0.816987089959598 0.804357433390249 0.755390111585112 0.734561347552205 0.628730554909287 0.584419852434324 0.553700848336742 0.510992140163382 0.432239720099879 0.438086847300915 0.586051348990077 0.640995069165395 0.645714256384052 0.645722090474353 0.61507551078008 0.574685204763861 0.669485699359223 0.606401694647568 0.492519299930025 0.387602351309538 0.299030197351797 0.218055103544587 0.268373104751228 0.138361054074599 0.137641601119795 0.131025210144904 0.145453503808256 0.131191905632769 -9999 -9999 -9999 -9999 -9999 -9999 -9999 -9999 -9999 -9999 -9999 -9999 -9999 -9999 -9999 -9999 -9999 -9999 -9999 -9999 -9999 -9999 -9999 -9999 -9999 -9999 -9999 -9999
0.898387640274383 0.870974084985355 0.8792820975653 0.892943196875758 0.8539315045586 0.813394013842972 0.775803199014207 0.775395945846045 0.721348867547549 0.639087140073969 0.585574719200834 0.411258773756684 0.321646195752856 0.240286826623323 0.230231423085443 0.216932083413203 0.448029695640519 0.647398788004581 0.684506361397529 0.597537641891861 0.595063455980667 0.639826435514003 0.541531642871918 0.424457683231679 0.305681657345939 0.264804678051354 0.118313041602518 0.193367014442652 0.14375489587409 0.162039359832298 0.15032037978516 0.143730534244006 -9999 -9999 -9999 -9999 -9999 -9999 -9999 -9999 -9999 -9999 -9999 -9999 -9999 -9999 -9999 -9999 -9999 -9999 -9999 -9999 -9999 -9999 -9999 -9999 -9999 -9999 -9999 -9999 -9999
0.88900270130461 0.870071909149893 0.854673549499991 0.895378101121639 0.830718995668191 0.763513553045098 0.787509259011446 0.794232680513768 0.621670039134286 0.501153027332319 0.457773746479055 0.286083492104605 0.205743362561648 0.168658474591131 0.169047806225398 0.165588605597256 0.164116398285008 0.328358619232337 0.512774719539267 0.63568779884925 0.648544576452222 0.641834539196498 0.530702520523299 0.473052367775626 0.415634380056442 0.360627449942317 0.221143811831304 0.135879181855034 0.15909912730648 0.180517014179316 0.165944297601116 0.170823588621265 -9999 -9999 -9999 -9999 -9999 -9999 -9999 -9999 -9999 -9999 -9999 -9999 -9999 -9999 -9999 -9999 -9999 -9999 -9999 -9999 -9999 -9999 -9999 -9999 -9999 -9999 -9999 -9999 -9999
0.915430560115008 0.892444078374565 0.821562318295646 0.86817355111227 0.819921490618263 0.711930261759922 0.878350006119147 0.839818744544966 0.597939251800298 0.354369633390744 0.283914038740072 0.246320480023053 0.167909589736526 0.168377091105912 0.167945249467064 0.164682564583288 0.160639547212414 0.163171726708971 0.157513018580363 0.340098830012283 0.629879749788917 0.55505824789796 0.500819080336512 0.393102280066973 0.369498435066569 0.36212496731441 0.300372141337118 0.196294886213491 0.168995331778953 0.193789482178173 0.166762215927396 0.204477435609555 -9999 -9999 -9999 -9999 -9999 -9999 -9999 -9999 -9999 -9999 -9999 -9999 -9999 -9999 -9999 -9999 -9999 -9999 -9999 -9999 -9999 -9999 -9999 -9999 -9999 -9999 -9999 -9999 -9999
0.855840642832903 0.774439833353439 0.79604620703782 0.830849782577461 0.672290406172422 0.813542595469017 0.873202418053378 0.744830120878499 0.43055136262378 0.236588408254428 0.226891886707434 0.188461329789028 0.174999603004044 0.166696073686096 0.167645752561027 0.166820690343924 0.149354137565568 0.151614045274331 0.186935049565334 0.448984915471981 0.646756924276768 0.548183238560292 0.435290494536582 0.339415980619695 0.414865204087382 0.440209582505553 0.355535916425051 0.242911542539076 0.205313682681307 0.167748037925746 0.166481649544123 0.304537722169826 -9999 -9999 -9999 -9999 -9999 -9999 -9999 -9999 -9999 -9999 -9999 -9999 -9999 -9999 -9999 -9999 -9999 -9999 -9999 -9999 -9999 -9999 -9999 -9999 -9999 -9999 -9999 -9999 -9999
0.823660470452576 0.780316602867689 0.779096808165658 0.816912837700128 0.677218003384843 0.860595228164577 0.718630526133486 0.477347329817406 0.376377740727933 0.246010464831523 0.223633466329467 0.209328315344328 0.172544770892013 0.166890838472623 0.166890838472623 0.162986272967114 0.16100312217981 0.160403910062982 0.162654908628052 0.371169306119538 0.643425233233719 0.63290339967391 0.473564370106672 0.493960678909047 0.334088939008462 0.294771529754304 0.242718543389024 0.160981947544367 0.170086573526079 0.154721875464684 0.210303785936197 0.350717828766415 -9999 -9999 -9999 -9999 -9999 -9999 -9999 -9999 -9999 -9999 -9999 -9999 -9999 -9999 -9999 -9999 -9999 -9999 -9999 -9999 -9999 -9999 -9999 -9999 -9999 -9999 -9999 -9999 -9999
0.920820313326254 0.932319907507774 0.857377830700461 0.834724219491689 0.688971497927118 0.862933488387985 0.424549895283171 0.447981482191424 0.361665569900158 0.272143806701785 0.220514498717497 0.213058200360721 0.173190762975207 -9999 -9999 0.165391640827328 0.16245862345204 0.159727457255325 0.162689081071937 0.163443760862397 0.516420732915883 0.575219970985946 0.537997744923176 0.529070675677354 0.422162265993259 0.170746044488903 0.171542896482762 0.161961309185819 0.151900207206954 0.128301865261311 0.276799573804177 0.385523023528594 0.277432899611474 0.154211446089804 0.13675176080688 -9999 -9999 -9999 -9999 -9999 -9999 -9999 -9999 -9999 -9999 -9999 -9999 -9999 -9999 -9999 -9999 -9999 -9999 -9999 -9999 -9999 -9999 -9999 -9999 -9999 -9999
0.916022209545221 0.943089444025003 0.915530795695886 0.874971585656823 0.76774327462465 0.81256124419688 0.47960229749158 0.452789651952497 0.39111100564455 0.32101241730006 -9999 -9999 -9999 -9999 -9999 -9999 -9999 0.16164527959959 0.165502127892716 0.162079753789963 0.386368509535646 0.61645409984158 0.593743193367626 0.398526477235165 0.297321989842937 0.267098789917271 0.168904505539926 0.168287545929656 0.155015507611082 0.126342666346253 0.184040617921002 0.361499750883551 0.339214802424634 0.151889523214063 0.134658847513975 0.160053446043269 0.18021333851421 0.15024459050481 0.109992142259786 0.129196915588829 0.207241925754238 0.109585392819808 -9999 -9999 -9999 -9999 -9999 -9999 -9999 -9999 -9999 -9999 -9999 -9999 -9999 -9999 -9999 -9999 -9999 -9999 -9999
0.915187867828492 0.936505328530031 0.924764076728017 0.901633929975383 0.85352702479834 0.839212663243162 -9999 -9999 -9999 -9999 -9999 -9999 -9999 -9999 -9999 -9999 -9999 0.163431369193657 0.172336784540647 0.196587454595454 0.373528177358522 0.613569773373407 0.646924442545603 0.565551573573917 0.5176140484768 0.52282129263917 0.175585406670922 0.165496412866732 0.156393786614903 0.146563014336004 0.352912516571879 0.354547650598225 0.325043441593582 0.192080699816455 0.126104366745563 0.144697867760202 0.111733407257728 0.0839807709740826 0.0589669620315308 0.0813507291189016 0.099146420020804 0.0605877356519124 0.0522336292918742 -9999 -9999 -9999 -9999 -9999 -9999 -9999 -9999 -9999 -9999 -9999 -9999 -9999 -9999 -9999 -9999 -9999 -9999
0.931838874049508 0.929459627347467 0.926229742534228 0.899804359077191 0.832658185983915 0.851713291817321 -9999 -9999 -9999 -9999 -9999 -9999 -9999 -9999 -9999 -9999 -9999 -9999 0.159880931485481 0.179167412460788 0.276625833043954 0.400395369635904 0.661321403753304 0.571103944698167 0.596989936088446 0.570068761705568 0.257753139658129 0.173828369900109 0.155735615733043 0.300243440754111 0.44706632734878 0.400292975263587 0.177478858832433 0.187896663906389 0.112997965440388 0.216041287719343 0.124083656279512 0.070256447113055 0.0652444565224754 0.0992869800023768 0.108074454925815 0.0559727535118149 0.0558631445049684 -9999 -9999 -9999 -9999 -9999 -9999 -9999 -9999 -9999 -9999 -9999 -9999 -9999 -9999 -9999 -9999 -9999 -9999
0.927989087696349 0.930814320145026 0.919746550780382 0.854538127577936 0.795373919021144 0.821217881688478 -9999 -9999 -9999 -9999 -9999 -9999 -9999 -9999 -9999 -9999 -9999 -9999 0.161867305537725 0.164483187028928 0.160355653761453 0.279393693436512 0.627085123496505 0.625413667786226 0.600590996056235 0.563222683482404 0.325840383911263 0.169898035900927 0.165220654616156 0.416006844265748 0.324347947398635 0.282234999872445 0.230747757743589 0.213940743529356 0.187413218406037 0.19942738012546 0.0852808817122244 0.0675672260023315 0.06797512652867 0.0690822611646158 0.068090576184693 0.107207838760751 0.113291199781046 -9999 -9999 -9999 -9999 -9999 -9999 -9999 -9999 -9999 -9999 -9999 -9999 -9999 -9999 -9999 -9999 -9999 -9999
0.931989142261716 0.924183184486471 0.885361324941496 0.873942435363864 0.868270373225818 0.773601099199692 0.465173259619008 -9999 -9999 -9999 -9999 -9999 -9999 -9999 -9999 -9999 -9999 -9999 0.164306747306726 0.147461971608607 0.162789538498301 0.218798098751615 0.602498207057409 0.51695138949373 0.569579006455115 0.452001078598677 0.264753404373926 0.183415920631005 0.176939696017593 0.434311936027529 0.305641539978346 0.189920590586781 0.226112481818907 0.201557169440816 0.253170960818591 0.205493458699967 0.125983399439013 0.0722742160656697 0.0683593944507185 0.0699072379753706 0.0691726949841237 0.0745205007435565 0.108631882278705 -9999 -9999 -9999 -9999 -9999 -9999 -9999 -9999 -9999 -9999 -9999 -9999 -9999 -9999 -9999 -9999 -9999 -9999
0.922804814050958 0.92159949721517 0.876119645927207 0.876527913105504 0.857095554260657 0.753636738205633 0.424744859260527 0.400175139454533 -9999 -9999 -9999 -9999 -9999 -9999 -9999 -9999 -9999 -9999 0.144718144554285 0.151405369119098 0.153461456571385 0.159325955722175 0.438564184094545 0.548905565350958 0.610418204302285 0.371630662764329 0.175758742034636 0.195776952860975 0.195426826807296 0.428350692920095 0.400204373784542 0.216252248843526 0.205538910977046 0.278630915574219 0.240810599225631 0.251714376358476 0.129852581136516 0.0848573233602293 0.0731323615272274 0.103686847800351 0.0660060445359778 0.0670695131242216 0.0777681291222432 0.0724620996754875 -9999 -9999 -9999 -9999 -9999 -9999 -9999 -9999 -9999 -9999 -9999 -9999 -9999 -9999 -9999 -9999 -9999
0.917400399626047 0.910957605978731 0.877608140526346 0.849324904994013 0.881589942476393 0.800779117280652 0.483395768000469 0.39932399364609 0.363047905506034 0.267570363401989 -9999 -9999 -9999 -9999 -9999 -9999 -9999 0.151746249996397 0.146605230547387 0.152191036673526 0.159207752348311 0.306322693315017 0.636691822960658 0.598308259340036 0.493616156706117 0.282209563333492 0.199246596163253 0.200466333384739 0.186545500090017 0.47439671565354 0.359743665469021 0.206766830926047 0.205006625097914 0.287730215195591 0.233197411554608 0.179780348493796 0.145466076160114 0.120756318158973 0.0823866771523998 0.114343241049937 0.08905836314125 0.0506840514496863 0.0792423057874877 0.077765161442963 -9999 -9999 -9999 -9999 -9999 -9999 -9999 -9999 -9999 -9999 -9999 -9999 -9999 -9999 -9999 -9999 -9999
0.877044698278887 0.893626097956297 0.890779171209904 0.847489314234288 0.865679596809039 0.844108222330148 0.786828149816963 0.437670619720613 0.338445743947497 0.221974253454023 0.187313753919212 0.16047028859719 -9999 -9999 -9999 -9999 -9999 0.176671432444665 0.175759048980177 0.167856545568258 0.260922433054515 0.372675639167594 0.646923328565323 0.680735733117441 0.561911220080259 0.285473090029625 0.220391815019341 0.217749284805327 0.175322448131009 0.434206333125851 0.371075873867506 0.2415653813699 0.186546879999754 0.303029758553675 0.242711115283515 0.202578113598624 0.211666906364152 0.181257027615519 0.0910428827263288 0.0722644752667438 0.0588373202405557 0.0485600953740561 0.0847388146636489 0.105318190873155 -9999 -9999 -9999 -9999 -9999 -9999 -9999 -9999 -9999 -9999 -9999 -9999 -9999 -9999 -9999 -9999 -9999
0.770640215661397 0.888285380123194 0.878208632171782 0.862626671955413 0.837544346729483 0.838174429871419 0.799700258376815 0.705652760154234 0.59353259247932 0.216107877877488 0.174560036845392 0.145396690781497 0.135923103838899 0.137213264104109 0.127545476084787 0.205205802686851 0.20416697250178 0.214218043053179 0.230137470206069 0.342421422042063 0.476404059539613 0.711363951975333 0.705628424548659 0.588623922191182 0.488422342882458 0.218574153375077 0.22902024409443 0.201243185883144 0.399198664943553 0.448849280383498 0.360795426409083 0.255149635833094 0.190946552299624 0.247410540246382 0.264091914194015 0.170349274704401 0.153283746158602 0.151388414515237 0.0816130200798057 0.0761553951957644 0.0472482514931726 0.0799314521879168 0.126514208404424 0.169615565012771 0.217125392503222 -9999 -9999 -9999 -9999 -9999 -9999 -9999 -9999 -9999 -9999 -9999 -9999 -9999 -9999 -9999 -9999
0.758436540516716 0.869304967982567 0.867305812849235 0.881064380609118 0.874616948251376 0.833691787168409 0.828095866423105 0.79117661373343 0.662966234400967 0.631613046063133 0.25256327841581 0.147680360961488 0.113902963803749 0.0984214411354751 0.125946182550542 0.178946411392315 0.205949475068376 0.233468124066894 0.257486702879352 0.671010744684712 0.717293916701739 0.7090607162878 0.692108732136978 0.373597423244068 0.249121163340255 0.266644002730794 0.252862118077549 0.202035596939649 0.403462183225414 0.371106652853444 0.295565691314432 0.261980971496374 0.281886878732768 0.282001052242076 0.287868094906717 0.225140674282487 0.203042982680216 0.127330404907609 0.110929737513505 0.103085732534719 0.0807617224712208 0.139689960330056 0.118767743225362 0.158975027136909 -9999 -9999 -9999 -9999 -9999 -9999 -9999 -9999 -9999 -9999 -9999 -9999 -9999 -9999 -9999 -9999 -9999
0.713818377999549 0.878634814620737 0.83686772354573 0.875193292323382 0.887653605592853 0.891659363248821 0.893455498524652 0.894098517388359 0.737560708822542 0.672177260932207 0.467803188587379 0.223118276080401 0.0972628441790526 0.0898880013006412 0.140861995535111 0.197034592933636 0.248084352661602 0.271991969230286 0.418225659126696 0.728078949295796 0.709427233774472 0.724339055308688 0.311166068883909 0.270636622359523 0.247659496047884 0.270638986738748 0.284980638352181 0.19090954234871 0.302952080500504 0.354646717803354 0.313826724476225 0.245969056848348 0.412450662765915 0.269338428312165 0.301753646716031 0.218375229272196 0.0936357630142772 0.0968793489030517 0.0863410446807169 0.102152956569285 0.121019036835599 0.0844912293202393 0.0686324520957495 0.0529382025288211 -9999 -9999 -9999 -9999 -9999 -9999 -9999 -9999 -9999 -9999 -9999 -9999 -9999 -9999 -9999 -9999 -9999
0.845537160598736 0.926603551023357 0.879143152262138 0.835924873291031 0.905176150193902 0.891622993312196 0.892754276178572 0.915376624835057 0.860721575725502 0.770012766024626 0.639731222906736 0.586280820442619 0.562616184639181 0.51306919509711 0.418189310628924 0.388316979018452 0.278720790227359 0.299344734354874 0.707639826569511 0.792219654481367 0.742204508988036 0.732318570795162 0.324050664498726 0.314793866614517 0.318202880799496 0.315315513029573 0.267185461160655 0.198486508223236 0.330498400702117 0.370491378641882 0.323744022978202 0.31061625690974 0.453451573595458 0.309687402522579 0.214991154487656 0.118562667062191 0.1005972582359 0.0655594383428248 0.0818199159373375 0.0997447701167332 0.0895328682132163 0.0609619004872769 0.0542704311029021 0.0529813577365196 0.0499790993393524 -9999 -9999 -9999 -9999 -9999 -9999 -9999 -9999 -9999 -9999 -9999 -9999 -9999 -9999 -9999 -9999
0.842229555466151 0.910501885027606 0.876227494943728 0.85801386135073 0.877472582806143 0.880927358034363 0.885253776144957 0.89712078517041 0.861167841625978 0.785253345544601 0.798747860303239 0.726703237876818 0.614180421853746 0.691092315829345 0.796072199188509 0.653176429163075 0.444678639790077 0.315216856461765 0.751413481363756 0.770440303185129 0.762102542019075 0.724761074900868 0.262368219262871 0.258841602817532 0.289901599064325 0.195593184699332 0.126040766102174 0.107618594056772 0.205276454182357 0.215906346543998 0.152129040192407 0.261004985974373 0.318858367404944 0.248306885945272 0.141266536039981 0.102707230713586 0.0750906815225903 0.0651014037108413 0.114391769903935 0.112411350051055 0.071432291964485 0.0546193690941535 0.0688984480265685 0.0651705131480391 0.0713479449704439 -9999 -9999 -9999 -9999 -9999 -9999 -9999 -9999 -9999 -9999 -9999 -9999 -9999 -9999 -9999 -9999
0.836757693112591 0.921254287837582 0.882940368013817 0.851655289859637 0.903597399442539 0.877526805294794 0.868293591942143 0.872587367751525 0.713968965248727 0.71474992020791 0.75820863953383 0.793093771678199 0.766002048923007 0.762779183739926 0.822286682685628 0.765884660379538 0.618601219357681 0.674226413963631 0.718466484571733 0.737942006686912 0.680705652469881 0.293079136110753 0.260289611332756 0.200769994065427 0.193409877558854 0.131892784899554 0.109632134238217 0.125215776458486 0.302935463076429 0.154984943646992 0.103300272990148 0.23238798359825 0.235382848150724 0.172098602865357 0.112659473556993 0.131261011164113 0.145375826607791 0.118290775019117 0.0960527413922107 0.124446218582246 -9999 -9999 -9999 -9999 -9999 -9999 -9999 -9999 -9999 -9999 -9999 -9999 -9999 -9999 -9999 -9999 -9999 -9999 -9999 -9999 -9999
0.845677599338611 0.922419278087815 0.905499134988913 0.892600693107775 0.916510354868588 0.87412146817185 0.749156869099367 0.829826549697242 0.852365654336385 0.579242889759043 0.647616428038881 0.776082417427366 0.81174446431571 0.826582953635748 0.829738297070273 0.79515907543582 0.794457421246897 0.716785011461927 0.745707320761849 0.758311561217252 0.524311292372034 0.257538801550792 0.183227696410023 0.190181921563259 0.142793550971944 0.128181152678895 0.115222410671284 0.142563956740705 0.332880976864732 0.13995725177103 0.23224493744213 0.193952131347652 0.168637570374536 0.187348459692716 0.222308844398304 0.149524584030999 0.162323021945456 0.160271840857383 0.0976941357516043 -9999 -9999 -9999 -9999 -9999 -9999 -9999 -9999 -9999 -9999 -9999 -9999 -9999 -9999 -9999 -9999 -9999 -9999 -9999 -9999 -9999 -9999
