STOTEN_Data/raw/ProbDOpt5ppm_Deep.asc
NCOLS 250 
NROWS 718 
XLLCORNER -2256000 
YLLCORNER 1557000 
CELLSIZE 1000 
NODATA_value -9999 
[rows 567 to 593 of 718, columns 183 to 243 of 250]
0.37502728941359 0.318369182243893 0.227985342963491 0.180855893817 0.185217614406857 0.130157915655538 0.106941185537112 0.0789102226728901 0.0722998435483456 0.0730642004461977 0.0621252301193507 0.0793873345307258 0.0754933582353521 0.0551902091886898 0.0489542493254639 0.0486206551828883 0.0447838479354638 0.0501837455747322 0.0456457412411979 0.0464817033846152 0.0621305816589128 0.0875135089392542 0.0723164371775826 0.0504335196424552 0.0795225438788793 0.0709953999637711 0.0738677440691442 0.081056761910541 0.0793584343695697 0.0747433025857214 0.0730026948408351 0.0733017643258126 0.0675805152848782 0.0718593324721956 0.068585034303599 0.0672763066410278 0.0683294459818781 0.0638197516087423 0.0762098539159759 0.0665212143498991 0.108311698030925 -9999 -9999 -9999 -9999 -9999 -9999 -9999 -9999 -9999 -9999 -9999 -9999 -9999 -9999 -9999 -9999 -9999 -9999 -9999 -9999
0.391429305026976 0.334457301589418 0.325104878772454 0.131341566014311 0.0947168846900573 0.0803577411198094 0.0635849827419907 0.0586989470508343 0.142536397029109 0.134423810189177 0.131553011745758 0.10313343365035 0.0716052967723959 0.0476369557340338 0.0487307070497798 0.0478048491898201 0.0370545343129707 0.0385218863415465 0.041926323511448 0.044843041542825 0.0611790117212472 0.0586996149992969 0.08084611978824 0.051451410324813 0.0603837689355878 0.0656537941537559 0.0484079617439419 0.0656848080665908 0.0668206769296261 0.072014999144581 0.0755693462204293 0.0794553646055278 0.0748799250894995 0.0676455667348436 0.064716439782783 0.0641833079301328 0.0682994143225317 0.0768310364569352 0.0624175100712281 0.0634887654290223 0.0680155358533633 -9999 -9999 -9999 -9999 -9999 -9999 -9999 -9999 -9999 -9999 -9999 -9999 -9999 -9999 -9999 -9999 -9999 -9999 -9999 -9999
0.414882181373151 0.342419097302061 0.361300375534027 0.152329185910522 0.175936095701419 0.127831270458028 0.148077321269014 0.167678306825303 0.142572802018081 0.14425919428039 0.148878326960881 0.134111793100647 0.105150368436639 0.0556594079301323 0.0551837739233732 0.0591497134136887 0.0547629038136646 0.0546073989026297 0.0794341102421099 0.0897855985985367 0.0793440287287578 0.06220744048113 0.0593325751974743 0.0418859169930919 0.0354919547728334 0.0434190522340014 0.0696496886531713 0.0794852715478508 0.0806905707138785 0.0762228108111585 0.085394433533405 0.0782588997339383 0.0696206342951073 0.0659360646703804 0.0639596554426859 0.0704948445461576 0.0699210289276056 0.079477443043248 0.06652816652007 0.0647053355496482 0.0646029173709879 0.0856249519200933 -9999 -9999 -9999 -9999 -9999 -9999 -9999 -9999 -9999 -9999 -9999 -9999 -9999 -9999 -9999 -9999 -9999 -9999 -9999
0.493104287154179 0.475656229877573 0.337127933299515 0.38957514424897 0.250398389261783 0.175709150268328 0.169132067745105 0.160726438879736 0.135837259319184 0.138319348675136 0.136769022165998 0.151416550105497 0.106508678493456 0.0941611622150188 0.0646747464547339 0.0607296144464801 0.0473345177353007 0.0547401248445917 0.0583055159049604 0.0772761366259559 0.0789769729178021 0.0889526356708022 0.0615390031809747 0.0596156393356172 0.0406549290521543 0.0490270384900479 0.0700432321660145 0.0775083621942304 0.0853351136804015 0.0879233634858941 0.0957385036723372 0.0718112648282077 0.0718926727028952 0.0675078455078518 0.0658522210579578 0.0714728975160256 0.0686884601108651 0.076434912552118 0.0663719350385901 0.0705678403970441 0.140951271071408 0.175366860846621 -9999 -9999 -9999 -9999 -9999 -9999 -9999 -9999 -9999 -9999 -9999 -9999 -9999 -9999 -9999 -9999 -9999 -9999 -9999
0.55378851878824 0.514744080056887 0.264621202896786 0.180604836923686 0.247931077421695 0.203575419403437 0.169179441731431 0.150548329241763 0.153130024012686 0.142771841658967 0.103329888782089 0.0922141210257332 0.112181702465161 0.145791385550147 0.0788260884449595 0.0682535222719768 0.0733905720102266 0.0946446070822434 0.0711610310378782 0.0730217786095422 0.091998179302441 0.0779260809694173 0.0446560877073249 0.0492650505651788 0.0445906104044382 0.0616208789867704 0.0759719068243519 0.0803892645480976 0.0921022006004847 0.0989275060706374 0.0898076708308574 0.0928617470529162 0.0793537856735607 0.0736925155034595 0.064996918228986 0.0841426374076407 0.0650078113573739 0.0818916523170921 0.070906326784075 0.0881173257002244 0.0927385502210468 0.173154868011438 -9999 -9999 -9999 -9999 -9999 -9999 -9999 -9999 -9999 -9999 -9999 -9999 -9999 -9999 -9999 -9999 -9999 -9999 -9999
0.309120014493615 0.419609083098134 0.396744585993406 0.362872625355496 0.29016755663648 0.201294334658905 0.125905479724411 0.1450866281388 0.104867327440647 0.0752235188109345 0.116839206096723 0.132435459733228 0.098379209361787 0.102440949608435 0.0658551717479777 0.0473427341190069 0.0662510068634298 0.0843890940841928 0.046902355635637 0.0377311827697063 0.0536088552154838 0.0606612937870964 0.072190630761426 0.051473487504171 0.0630313662524107 0.0744244181437641 0.0938625497824792 0.0876934421046395 0.0905814483576496 0.0747751444009571 0.0933959771271716 0.0916464063243078 0.0857710521066568 0.0644681030512548 0.0727173624979029 0.0728330259240618 0.0624470331807282 0.0813923562815378 0.0676998387456787 0.0663022419925081 0.0647564528305725 0.103343230239612 0.158457086319942 -9999 -9999 -9999 -9999 -9999 -9999 -9999 -9999 -9999 -9999 -9999 -9999 -9999 -9999 -9999 -9999 -9999 -9999
0.4802389680769 0.439193355709419 0.295005782476642 0.216677675272812 0.133705104759871 0.0761548644362705 0.0967287052672136 0.137261601641412 0.153828331481025 0.138338474853574 0.142298426216978 0.132147928641868 0.125594494435104 0.107669569989656 0.0907204405661936 0.0777340599698769 0.0655541277715257 0.0627191795471417 0.0449029424721398 0.0501602025687253 0.0421809398187322 0.0414820799449468 0.0411177151655121 0.0569718612193083 0.0876975034277803 0.0912936543355191 0.131082623673851 0.125526079353168 0.0970069873073528 0.0856445499685818 0.0748757584453924 0.083873602991802 0.0733293897100069 0.1206875506049 0.0658795668622023 0.0720143451289586 0.0714477832839292 0.0643961038654045 0.0604442733150953 0.0711691347843733 0.0765663075927897 0.0631429641259005 0.0789324958949143 0.0768976363059908 -9999 -9999 -9999 -9999 -9999 -9999 -9999 -9999 -9999 -9999 -9999 -9999 -9999 -9999 -9999 -9999 -9999
0.510678635867683 0.427231120909442 0.377893751031035 0.325613438257279 0.148857191255624 0.102625403879376 0.0965037296986717 0.0729583241471682 0.158955466411485 0.141089792456648 0.116137209196868 0.124410281153117 0.116771439442825 0.111340133131555 0.0790114639868243 0.0650337922017024 0.0666906267163623 0.0366004410473147 0.0382862565799633 0.0432488628041828 0.0396186896623643 0.0418689998031335 0.0410197182849917 0.0560592815786331 0.0751325723709157 0.0748425374752496 0.0951942753927606 0.132450991721245 0.109319675697495 0.0936597536992051 0.0809070703898424 0.0720781869521537 0.066439147568272 0.0724480259289299 0.0742035642099544 0.0627960801525202 0.0731276502720358 0.0648696993862117 0.0745580729077487 0.0768383699726753 0.0997959673821403 0.157657770853483 0.17695003704661 -9999 -9999 -9999 -9999 -9999 -9999 -9999 -9999 -9999 -9999 -9999 -9999 -9999 -9999 -9999 -9999 -9999 -9999
0.512920798451552 0.432719504611743 0.383273071635435 0.258269990373848 0.209934578955646 0.164874104692685 0.115289681263617 0.111847491979889 0.11025884315917 0.112900877096049 0.113425159072967 0.111026283401585 0.0994176826587597 0.0961444338802621 0.0501904918708537 0.0597606293300189 0.0593654760885193 0.0362728168774212 0.0393491800141192 0.040758970116088 0.041048811258316 0.0445631177193751 0.0545419526821611 0.0839292503517545 0.104585201606867 0.0812462117310888 0.0978993815124967 0.104156453118241 0.11414769322132 0.119591824968639 0.0911761727265008 0.073845917437789 0.0659448130455862 0.0730114901229754 0.0713491357326239 0.0734714258205552 0.0743352210475644 0.0892687486865732 0.16901374924184 0.180834479542908 0.195878852177326 0.194596947776984 0.184316510386453 -9999 -9999 -9999 -9999 -9999 -9999 -9999 -9999 -9999 -9999 -9999 -9999 -9999 -9999 -9999 -9999 -9999 -9999
0.424697172170463 0.31143998732709 0.276959896396063 0.228774007494917 0.185683504416194 0.122102303354399 0.127318942651573 0.100035568656778 0.0548991061848733 0.0555558910233052 0.0701499331319336 0.0780500842953748 0.07686445186965 0.0749081782405152 0.0580118581529081 0.0641218953063818 0.0395216976886466 0.0398439482474571 0.0438033771133652 0.0472292700226382 0.0473347853127967 0.0539309299987871 0.0708058478994344 0.068307052672888 0.0967345671841875 0.0954467815085593 0.0930249630848753 0.101627118261859 0.0872109763564184 0.113777994618468 0.0809781713608952 0.0800116341225741 0.0745761538534287 0.0693880737046169 0.074613494002097 0.086879898939223 0.0639532681510129 0.11644849226419 -9999 -9999 -9999 -9999 -9999 0.157860139530337 -9999 -9999 -9999 -9999 -9999 -9999 -9999 -9999 -9999 -9999 -9999 -9999 -9999 -9999 -9999 -9999 -9999
0.173139780599814 0.181828233182787 0.150772039900173 0.0920378521300147 0.0908835176996875 0.0699131954629095 0.0846214356760088 0.0532537773056851 0.05233774015182 0.0455511412129096 0.068739203123998 0.095131266376604 0.0770566545702252 0.0754180950180997 0.0627725127145349 0.0389894107020871 0.0399058656159754 0.040376746534259 0.0436183956509618 0.0408106654177874 0.0468462868318999 0.0614861419225725 0.0838700762346476 0.0814944074512361 0.0865539292475287 0.082579099165235 0.104175602232784 0.0937143191127596 0.0845214749595784 0.0697693263067154 0.110237871070454 0.0774855692758754 0.0797949799429883 0.0826433706504484 0.085558617194883 0.0682020297746269 0.0511256060756901 0.0623872794722009 0.152003406690568 -9999 -9999 -9999 -9999 -9999 -9999 -9999 -9999 -9999 -9999 -9999 -9999 -9999 -9999 -9999 -9999 -9999 -9999 -9999 -9999 -9999 -9999
0.355542826840689 0.332214441761705 0.17504356800128 0.0811574031468369 0.0646574995584584 0.0514098435984569 0.0504568999317496 0.0542417933179138 0.053235067084812 0.0504126471369505 0.045916528100732 0.0565989655817691 0.075225745644941 0.0672175715691315 0.064651814281753 0.0433142556613481 0.0396628575244491 0.0417390151552596 0.0418500955823169 0.0465025285415562 0.056188620391864 0.0727351572478226 0.0867543934070292 0.0658880942392382 0.0862603997472279 0.0849855289594773 0.0859453914003821 0.0898008084366634 0.0788007530349255 0.0774919626423569 0.0764611218271195 0.106301553687626 0.104810337680937 0.0899521075568567 0.0745028137572385 0.0743884720345691 0.0648252738917915 0.0517766443973011 0.146708678889447 -9999 -9999 -9999 -9999 -9999 -9999 -9999 -9999 -9999 -9999 -9999 -9999 -9999 -9999 -9999 -9999 -9999 -9999 -9999 -9999 -9999 -9999
0.457207597030238 0.406348293389403 0.206172396175571 0.124941446164422 0.119557384397204 0.0782117646119286 0.052313483143935 0.0505922199484119 0.0689790093004991 0.0471111991382549 0.0486050636828523 0.0708996471244057 0.0941900498150358 0.0725818409571017 0.050525310839754 0.0440420169019899 0.0414072365367582 0.0398854717622046 0.0490938698251899 0.0530208601685493 0.0583137274824872 0.0637565184771288 0.0668981972692677 0.065587306584901 0.073232309557054 0.075865569589606 0.0775631771360984 0.0683154995298433 0.076288791513094 0.0686521479557662 0.0719181169286816 0.0784098523614799 0.0980708791847541 0.0712604478741369 0.0721233843135544 0.0600217434807389 0.0572967360623963 0.0602751814467222 0.0844612337376709 -9999 -9999 -9999 -9999 -9999 -9999 -9999 -9999 -9999 -9999 -9999 -9999 -9999 -9999 -9999 -9999 -9999 -9999 -9999 -9999 -9999 -9999
0.484904329462029 0.33655143684513 0.243050126629809 0.208726351839102 0.152427550429421 0.104021537587867 0.0735183314061698 0.0508990823160191 0.0504513710512602 0.0513509260844607 0.0630225177287271 0.0793905640346917 0.0782168575337629 0.068883174678359 0.0600162834986975 0.0416246108730926 0.0395940628559759 0.0439234455129655 0.0498252005668196 0.0510842765132325 0.0622437850969661 0.0656787684031705 0.0665006860577425 0.0664500907009599 0.0678784960697841 0.0765796051693771 0.0757004222596687 0.0676207630105167 0.0903390264746252 0.0857723896382974 0.078752719005193 0.0838893874851302 0.0801096297886391 0.101425291050527 0.0726452849032661 0.061598387055018 0.0571485922832656 0.0614819467727896 0.0796278731890503 0.134564088266197 -9999 -9999 -9999 -9999 -9999 -9999 -9999 -9999 -9999 -9999 -9999 -9999 -9999 -9999 -9999 -9999 -9999 -9999 -9999 -9999 -9999
0.462671033147074 0.325059510696071 0.246132897588933 0.216242409171942 0.174332598368787 0.14907151092511 0.138429957792402 0.146226467197606 0.051575543447835 0.0509822268759182 0.076465322553265 0.0760881042171213 0.0589435313776831 0.0543493058390005 0.0551581621823482 0.0424025311386853 0.0360816763544096 0.0419958038240446 0.0483300081610623 0.0563632276606831 0.0725259073841987 0.0772455633046168 0.0806189287270325 0.0748150931782381 0.080076211927983 0.0755700793805096 0.0739811154826448 0.0835033823050697 0.0777053007078491 0.0788666522159646 0.0791996514211113 0.0835750423113246 0.0626237420559067 0.0677582430599161 0.082407113940643 0.0936715402880862 0.086671797673064 0.0870907188505222 0.063993124293489 -9999 -9999 -9999 -9999 -9999 -9999 -9999 -9999 -9999 -9999 -9999 -9999 -9999 -9999 -9999 -9999 -9999 -9999 -9999 -9999 -9999 -9999
0.459446472521707 0.316426522716959 0.26705046623752 0.230516832186679 0.158719305385778 0.149223103514126 0.143513294653512 0.170476194016102 0.0822284404604969 0.051715399449722 0.0707104099136404 0.060326737731144 0.0527804427491894 0.0522768804854351 0.0597605535606074 0.0404014567680151 0.0443725756293241 0.0513740222461599 0.052116514310161 0.0700185722555729 0.0769441017858717 0.0816168396612672 0.100538843921955 0.101579761729128 0.0900136132647867 0.0756755842355056 0.0713035206749099 0.0835830241040749 0.0629380230445341 0.0681778605606634 0.0975114103024762 0.0709351315137789 0.0743109142908396 0.0749178146458234 0.0627027169724396 0.0643926453415215 0.0528078962702261 0.0874310025806151 0.0942762215156678 -9999 -9999 -9999 -9999 -9999 -9999 -9999 -9999 -9999 -9999 -9999 -9999 -9999 -9999 -9999 -9999 -9999 -9999 -9999 -9999 -9999 -9999
0.454272516088427 0.313870482522226 0.270879797515674 0.228353249221889 0.155848135309732 0.116361926015645 0.0558477519463565 0.0953765881621361 0.0704392896674556 0.0549468293096167 0.0553595543470709 0.0693080303795483 0.0573474910393003 0.052543872576839 0.0590753113896291 0.0425280380912167 0.041801522678843 0.0523289845183514 0.0537708440470452 0.0723048444425068 0.0778916285525782 0.0843463503088757 0.0746204262055126 0.0954470977697953 0.0934971959973985 0.0787680570402911 0.0660857954018712 0.0740772154200556 0.0752980600565836 0.0645257459399453 0.0775000558494993 0.070226974725619 0.0702708588101473 0.0697190596458664 0.0589304370328022 0.0633708621622417 0.0634952765154385 0.059567490178116 0.0650511721803479 0.0758815896698786 0.109373559659113 -9999 -9999 -9999 -9999 -9999 -9999 -9999 -9999 -9999 -9999 -9999 -9999 -9999 -9999 -9999 -9999 -9999 -9999 -9999 -9999
0.488042657984569 0.378856545997908 0.304688177032063 0.23549421991194 0.125667972936385 0.0901690845975317 0.0830704171880349 0.0586333452374963 0.0528699383598446 0.0504091308403705 0.0508848797209092 0.0681286157248819 0.0528644405898505 0.0529273565646789 0.0480676704488542 0.0433475863025236 0.0422311829288957 0.0470141569111074 0.048655205192604 0.0484536907261401 0.0618461010436151 0.0651596744306239 0.0677241914776396 0.0728158287387357 0.0816636816929519 0.0812989790958537 0.0776677843066204 0.0759885223861147 0.0839101376273894 0.06812570857991 0.0657904022111669 0.0684959468566747 0.0948114836572974 0.0697190596458664 0.0625455713452661 0.0652899262101471 0.0666963085282096 0.0659850367196714 0.130299510108316 0.167219401899751 0.191640900070552 0.0976676286668267 0.126153978371649 0.10046204761318 -9999 -9999 -9999 -9999 -9999 -9999 -9999 -9999 -9999 -9999 -9999 -9999 -9999 -9999 -9999 -9999 -9999
0.522591746668128 0.38501022137686 0.320858771497779 0.283691439629227 0.173759925545867 0.117614043935448 0.0592994328482135 0.0537841319237932 0.0577669889565044 0.0437124421556906 0.0434337804968094 0.0684112334720508 0.0689294752938932 0.0718837785498829 0.0483859886617447 0.0485245255036637 0.0425966898011884 0.0451899337028168 0.0470721083883339 0.0509095466552455 0.0580618407889936 0.0550182065753383 0.0553915239197102 0.0726157379916741 0.0852581358864808 0.0792978928030312 0.0764299535771073 0.0678490397207125 0.0787880281347741 0.0768778085126531 0.0576821717828834 0.0618732591540376 0.0629482790234573 0.0683086065952779 0.065421600400041 0.0662779166331959 0.0674485844516971 0.0777150735937689 0.1561357115453 0.165997486639915 0.172184752983765 0.187885064656453 0.19190906696926 -9999 -9999 -9999 -9999 -9999 -9999 -9999 -9999 -9999 -9999 -9999 -9999 -9999 -9999 -9999 -9999 -9999 -9999
0.573053370721895 0.357653149319079 0.251044900971676 0.207049412890673 0.128613466487802 0.0603349915140264 0.0595822270281503 0.0535786790139644 0.0585867350286346 0.0572275874199212 0.0878035076558643 0.0617102576142977 0.0592513391451967 0.0583720184484913 0.0604276344032747 0.049991083296683 0.0430372563942669 0.0535877063695934 0.0540189360579718 0.0688655309683233 0.0689562022291029 0.0623084638718933 0.0577849158038375 0.0567210697320559 0.0643337868617163 0.0666217668314639 0.078319235453484 0.0593350738340169 0.0735251121790467 0.0719209472771358 0.0706290759283061 0.0580560534722998 0.0555875240743882 0.0601352991237052 0.0643967154010158 0.0723778809117197 0.081470459771164 0.128934075757575 0.163255333894452 0.166801105474292 0.174927609807912 -9999 -9999 -9999 -9999 -9999 -9999 -9999 -9999 -9999 -9999 -9999 -9999 -9999 -9999 -9999 -9999 -9999 -9999 -9999 -9999
0.528836176514716 0.209609013464705 0.132862591893614 0.134939415916629 0.110350044293895 0.0639646046059887 0.059262630426792 0.0551812230087971 0.0532901411183333 0.0510228616605667 0.0682297352036681 0.0707788336725873 0.07433484901374 0.0582502129693975 0.0604476197995378 0.0533425488879739 0.0600137295498776 0.0529119080120757 0.0637620712875104 0.0709947889363356 0.0722861809978277 0.0624540017142839 0.0620392212482842 0.0623112610036535 0.0803360584525971 0.0748557168812455 0.0727003860569305 0.0763896630977975 0.0779784923612783 0.0704427037484181 0.0715514605324589 0.0715154455298425 0.059087205966532 0.0628330641010782 0.0655525867539855 0.0867279076378198 0.0861421547921392 0.15480471407092 0.165177052393299 0.165926251490774 0.167069817677141 -9999 -9999 -9999 -9999 -9999 -9999 -9999 -9999 -9999 -9999 -9999 -9999 -9999 -9999 -9999 -9999 -9999 -9999 -9999 -9999
0.404511183545821 0.253864013543891 0.192760692960689 0.166356145288538 0.128023379263716 0.109039508874788 0.0651044375522097 0.0535372383461419 0.0551036835277576 0.0517166246714495 0.0704027761601196 0.0707065206688426 0.0588571251476044 0.0591819282230099 0.0670823123728554 0.0590819515608032 0.0598815937207508 0.0907277785732444 0.087276488810342 0.0643889183540911 0.0692782580406439 0.0973065634019954 0.0865279099376998 0.085692227655501 0.0716939281766512 0.0822720812148431 0.0823517335040312 0.085509580382541 0.093383442322227 0.0717136559027979 0.0776404379619537 0.0751341158520394 0.063766384401305 0.0577935457995365 0.0774577511133994 0.153622331825958 0.0703622204207307 0.069490734022526 0.0953238076321369 0.108463453231773 0.143701118276837 0.158673967334181 -9999 -9999 -9999 -9999 -9999 -9999 -9999 -9999 -9999 -9999 -9999 -9999 -9999 -9999 -9999 -9999 -9999 -9999 -9999
0.333735750425258 0.290162682791491 0.259758575759892 0.2341250803769 0.136587442879711 0.0911618568083561 0.0609274077825651 0.0534023438191833 0.0542192976581986 0.0526495321889919 0.0539210484358966 0.0750548291364431 0.0595031475613885 0.065907331723597 0.0994945914466984 0.087997535996229 0.0662945662393958 0.076363601544289 0.0902779305931168 0.0874277621740913 0.0857277619232983 0.0859550330450048 0.0817675773922268 0.086881989842659 0.089154310936613 0.112737461931085 0.0847558869533815 0.0737992739934204 0.0716240613856322 0.0725776220927119 0.0625794468022277 0.0881953650815858 0.0799077946886712 0.085828105005666 0.110896191219949 0.140387432737704 0.136714513364819 0.121662900011292 0.125862950574365 0.142011327093321 0.102715045426837 0.098328130797011 -9999 -9999 -9999 -9999 -9999 -9999 -9999 -9999 -9999 -9999 -9999 -9999 -9999 -9999 -9999 -9999 -9999 -9999 -9999
0.244055745517642 0.273978473515454 0.180059467684258 0.140905023822234 0.0978652280472195 0.0703077165962377 0.0747541965812447 0.0610490346078053 0.0530604337628333 0.0531144894086083 0.0554245787702441 0.0777238792374323 0.0844053430005523 0.0673748142005617 0.08211825752657 0.0662084687583822 0.0851629198100083 0.0882416743608662 0.07891923417971 0.0914380179758897 0.11851324721163 0.112432560912718 0.112909086983505 0.102829869187098 0.101449937469788 0.100011967480282 0.171162836698483 0.119405563072278 0.0661263530394646 0.11620182370538 0.115531938550403 0.0668949096591633 0.0756336236998585 0.0856119534467022 0.150156061487692 0.145787485047071 0.166978051721831 0.163880426155323 0.177028285251659 0.199957066506351 0.151799148025167 -9999 -9999 -9999 -9999 -9999 -9999 -9999 -9999 -9999 -9999 -9999 -9999 -9999 -9999 -9999 -9999 -9999 -9999 -9999 -9999
0.231325072595226 0.189817668746451 0.0921231698356602 0.0786605785108895 0.0580689375820318 0.0599822767852609 0.0667883495998774 0.0599705439060462 0.0583644301992941 0.0584326633137378 0.057616250491514 0.0847200427286249 0.0864559448140448 0.0601483461750694 0.0586039950244587 0.0848504659382434 0.147028386609029 0.151662847166547 0.147919891355355 0.107370512070106 0.113564675348814 0.117772723482423 0.104528775954156 0.157708009738013 0.107197303706855 0.102155223973426 0.138449470219184 0.103757514431512 0.0833360898266527 0.157230771367212 0.169503111277763 0.121378340850993 0.0766358172822125 0.0867638400765613 0.146921097040987 0.136983531469084 0.145469358944015 0.164961831957787 0.167391816385788 -9999 -9999 -9999 -9999 -9999 -9999 -9999 -9999 -9999 -9999 -9999 -9999 -9999 -9999 -9999 -9999 -9999 -9999 -9999 -9999 -9999 -9999
0.14734102482148 0.110325168254858 0.0769401058991609 0.0626436098208084 0.0569363752007941 0.0594872669670386 0.0672749856610411 0.0823059483499882 0.0570860650841614 0.078482279345004 0.0772552493556878 0.0914118637528603 0.0931396083602333 0.0628859737061933 0.0616983131113076 0.114628426779493 0.147470497746193 0.170461776882002 0.181095712449081 0.119974375099199 0.121537271274903 0.116177744247065 0.109027636168621 0.100044223398906 0.099552387231647 0.111832958927906 0.108993879871943 0.100353128604451 0.0945704758927655 0.0806004433911212 0.187678580466814 0.17964729900896 0.136342092680076 0.090668417750189 0.0947231960733897 0.149720502427889 0.092470485951726 0.143443439314854 -9999 -9999 -9999 -9999 -9999 -9999 -9999 -9999 -9999 -9999 -9999 -9999 -9999 -9999 -9999 -9999 -9999 -9999 -9999 -9999 -9999 -9999 -9999
0.133552564170747 0.0860192575030115 0.0898649791671567 0.0598697109619983 0.0574628496041008 0.0623100704262475 0.0729488169296779 0.080793113519847 0.0802794485603671 0.0777987073412403 0.0709122575384026 0.0728346375418622 0.0813627739356807 0.0607771043250194 0.0585412719728794 0.0733268630720365 0.0749124388344355 0.0767654637089226 0.09509720903057 0.120870439154721 0.121858751407905 0.123519081583845 0.102726563646332 0.10104693903464 0.120865095507232 0.100125277450818 0.0986028992411902 0.0920113771753225 0.0853541991718858 0.094886422580677 0.107116229581622 0.138276373577757 0.0978914972822641 0.146898726574109 0.0845040742573745 0.140534613361201 0.171669159476127 0.162847451267088 -9999 -9999 -9999 -9999 -9999 -9999 -9999 -9999 -9999 -9999 -9999 -9999 -9999 -9999 -9999 -9999 -9999 -9999 -9999 -9999 -9999 -9999 -9999
