STOTEN_Data/raw/ProbMn50ppb_Deep.asc
NCOLS 250 
NROWS 718 
XLLCORNER -2256000 
YLLCORNER 1557000 
CELLSIZE 1000 
NODATA_value -9999 
[rows 162 to 188 of 718, columns 61 to 121 of 250]
0.734614352889648 0.881646585617874 0.815291592441441 0.924608934380195 0.847544986638841 0.876630579469581 0.734879197449554 0.654740302744591 0.58524763486213 0.586678212119455 0.744360019738543 0.438684078375844 0.394969778092 0.352353521160437 0.329452863107849 0.364704996896914 0.373920712995448 0.369137822310173 0.399510952766464 0.243043817444685 0.264339673346778 0.119005644492167 0.145313629328856 0.149419136389807 0.149083643878435 0.264767016958732 0.14504327098004 0.117259684345495 0.115716879144829 0.092867142461241 0.0238191111575997 0.0422974093030321 0.0413707587312638 0.0456335128374622 0.0392087995008843 -9999 -9999 -9999 -9999 -9999 -9999 -9999 -9999 -9999 -9999 -9999 -9999 -9999 -9999 -9999 -9999 -9999 -9999 -9999 -9999 -9999 -9999 -9999 -9999 -9999 -9999
0.810752750083587 0.891827207085635 0.866042619456252 0.890839141827298 0.860740799142758 0.863980630221822 0.750398803047692 0.649483975200856 0.613347285236479 0.716182674452479 0.616361604679965 0.41417245577993 0.323803554439565 0.378557942450416 0.327125136557699 0.350657471653344 0.407714233130985 0.341767081171512 0.365545793131427 0.439020627637504 0.345347047877959 0.340984015563782 0.292071976449606 0.168554539521729 0.176083324165621 0.137731503476317 0.131593044697914 0.0977879912661134 0.0801093176270896 0.0638395463572665 0.0234826843972427 0.0372645567054427 0.0479246911588214 0.0460610642413771 0.100339764587766 -9999 -9999 -9999 -9999 -9999 -9999 -9999 -9999 -9999 -9999 -9999 -9999 -9999 -9999 -9999 -9999 -9999 -9999 -9999 -9999 -9999 -9999 -9999 -9999 -9999 -9999
0.92045830705818 0.942841655379759 0.890304969738874 0.888555124287182 0.870312094327014 0.826441265188417 0.756370492369114 0.661334706208258 0.654642133919355 0.602814276346287 0.415985932866129 0.566412925725261 0.459383506401389 0.509489628305205 0.391161202507227 0.472625200936925 0.406029545366472 0.268628368059601 0.277648562292075 0.271697597441138 0.247635506936909 0.29122876136871 0.196213010284609 0.144219749334535 0.163972536012312 0.124322986337711 0.118036836036803 0.0948384135330293 0.13838702863074 0.0339722149093452 0.0206581342567484 0.0232300530753856 0.0700407087269131 -9999 -9999 -9999 -9999 -9999 -9999 -9999 -9999 -9999 -9999 -9999 -9999 -9999 -9999 -9999 -9999 -9999 -9999 -9999 -9999 -9999 -9999 -9999 -9999 -9999 -9999 -9999 -9999
0.96015757381702 0.925738940926864 0.93196156560684 0.911957844009966 0.881011846926243 0.795734567178321 0.78140855439138 0.678858939167892 0.737210279147524 0.612732624264688 0.471379412395037 0.452359599871622 0.401932484871675 0.37988225272539 0.45965887144162 0.360633307026114 0.357898352199056 0.298177712811404 0.213132832327061 0.235001719101949 0.394122608693978 0.32790348325843 0.470572565805407 0.401997025130862 0.175130834967308 0.123348064764306 0.0963746195968613 0.062725290480681 0.0478689348068523 0.0263718497632321 0.0274200730221095 0.0232702437726667 -9999 -9999 -9999 -9999 -9999 -9999 -9999 -9999 -9999 -9999 -9999 -9999 -9999 -9999 -9999 -9999 -9999 -9999 -9999 -9999 -9999 -9999 -9999 -9999 -9999 -9999 -9999 -9999 -9999
0.965891466754898 0.953969614016403 0.948092956167725 0.914554299116377 0.898764907392538 0.811513886222845 0.786457967688861 0.637634486877377 0.725301386668809 0.483453532062509 0.445461516971846 0.381398039489183 0.410286944944387 0.442281709651837 0.592146464678918 0.343240464388204 0.317920386686994 0.267105755771205 0.189707960729421 0.301942085566281 0.250381110941006 0.347428592789653 0.537662009860257 0.347203411979232 0.119862304710974 0.0824748381379494 0.0784771901270779 0.0570751650100779 0.0453861242032618 0.0320039974689873 0.0235609701686553 0.0288332866853782 -9999 -9999 -9999 -9999 -9999 -9999 -9999 -9999 -9999 -9999 -9999 -9999 -9999 -9999 -9999 -9999 -9999 -9999 -9999 -9999 -9999 -9999 -9999 -9999 -9999 -9999 -9999 -9999 -9999
0.864995476827884 0.926120430993237 0.941142986088108 0.899638665340895 0.900625983070993 0.824325587029792 0.785555638705404 0.61889597751638 0.616066540361982 0.551813282520969 0.334341716413765 0.240186088472549 0.308107356114191 0.184505757535542 0.148674376228552 0.258766947378378 0.478849120593559 0.469016675840574 0.393211080853895 0.430043452309224 0.357744212792794 0.483956911194859 0.514463467861199 0.249407702997994 0.137718060906415 0.0481949234783629 0.0609962112812995 0.0492665721841393 0.0205498149326701 0.0244607604201376 0.0256237012438475 0.0264144854610217 0.0283902984398498 -9999 -9999 -9999 -9999 -9999 -9999 -9999 -9999 -9999 -9999 -9999 -9999 -9999 -9999 -9999 -9999 -9999 -9999 -9999 -9999 -9999 -9999 -9999 -9999 -9999 -9999 -9999 -9999
0.904844798375129 0.922022022471208 0.891616501972502 0.913325601207549 0.902358660828935 0.821648588707328 0.708663769163316 0.577852711835755 0.479780388891085 0.412389463835377 0.270551200954058 0.17308359900985 0.206425421431666 0.124793903230752 0.11520330271939 0.103669521193639 0.178175622647727 0.455770387593066 0.540927681870451 0.44380892521532 0.435772022262856 0.516608372994476 0.321503145672237 0.243928136263833 0.0533488930631511 0.0636851208674086 0.0370783569008616 0.0387016580604058 0.020098420465948 0.0263915680162524 0.024929683930468 0.0328028851533434 -9999 -9999 -9999 -9999 -9999 -9999 -9999 -9999 -9999 -9999 -9999 -9999 -9999 -9999 -9999 -9999 -9999 -9999 -9999 -9999 -9999 -9999 -9999 -9999 -9999 -9999 -9999 -9999 -9999
0.9635124533378 0.94910700531326 0.904550128441455 0.935209120925457 0.886245349482215 0.693879573657289 0.682861060863644 0.522659926774626 0.351245152005254 0.295860117145519 0.315453890716374 0.150018218266096 0.0867032565530709 0.092019081951493 0.101167428356784 0.105121865273458 0.103060983157838 0.167523352487226 0.238929056038647 0.53245199304501 0.554875722140417 0.434845611359129 0.296847271281225 0.189403456119964 0.136394515883764 0.0753238885491805 0.0625222863355259 0.0283603503596355 0.0298734303187127 0.0330494525922682 0.0524911564496879 0.0453883510446808 -9999 -9999 -9999 -9999 -9999 -9999 -9999 -9999 -9999 -9999 -9999 -9999 -9999 -9999 -9999 -9999 -9999 -9999 -9999 -9999 -9999 -9999 -9999 -9999 -9999 -9999 -9999 -9999 -9999
0.975877382042198 0.966173862407602 0.890303492252158 0.937512327499401 0.851249648007377 0.662348608129702 0.693211803839877 0.470542636542362 0.354170347848733 0.126679381238859 0.120710020333819 0.0854794517724367 0.0466177155550211 0.0389072696726961 0.0588701845537166 0.0966252219487944 0.0474521015277053 0.106990162754091 0.118157716994751 0.14782796583784 0.238955923730985 0.371029317827769 0.195901242668472 0.0782266249855395 0.0900277544454321 0.075488189912269 0.0710803903783964 0.0346569605171694 0.0327026413923695 0.0420089945291763 0.0504671977013874 0.0511403216431509 -9999 -9999 -9999 -9999 -9999 -9999 -9999 -9999 -9999 -9999 -9999 -9999 -9999 -9999 -9999 -9999 -9999 -9999 -9999 -9999 -9999 -9999 -9999 -9999 -9999 -9999 -9999 -9999 -9999
0.956781562360918 0.929816941426179 0.917312158254905 0.933738239241214 0.631584337725354 0.852207019269523 0.570738290789628 0.281389827043872 0.113051622348816 0.0880556153270712 0.128511719226473 0.0560343111233999 0.0402156436962175 0.0400958642557491 0.0406374211737703 0.0519928991502756 0.0438908667673271 0.0633542310156583 0.0887431252708905 0.230195355658338 0.300160999189097 0.252400593940183 0.118083982026176 0.0876474310724348 0.0940375104028451 0.133379622643768 0.0508160228566526 0.0520058842361742 0.0304773844097298 0.0339215568951914 0.0411321205406603 0.055655874172928 -9999 -9999 -9999 -9999 -9999 -9999 -9999 -9999 -9999 -9999 -9999 -9999 -9999 -9999 -9999 -9999 -9999 -9999 -9999 -9999 -9999 -9999 -9999 -9999 -9999 -9999 -9999 -9999 -9999
0.948267365557829 0.888466642860325 0.898121014274384 0.919154540853744 0.684220058131246 0.774772917791345 0.367539089976218 0.181113689147982 0.106143671963136 0.0804005408631763 0.0664029369709534 0.0542039499783442 0.0379410127281924 0.0372283384336732 0.0370955689925675 0.0437056280960226 0.043116146480833 0.0510750990317391 0.100840055653169 0.127950235858682 0.246349652919206 0.309939174901313 0.214475058790479 0.067763403952872 0.0518528870209092 0.0476272681441795 0.0234506016232825 0.0313677915929024 0.0329665127259165 0.0337740751995831 0.0396023093039351 0.0588298063965817 -9999 -9999 -9999 -9999 -9999 -9999 -9999 -9999 -9999 -9999 -9999 -9999 -9999 -9999 -9999 -9999 -9999 -9999 -9999 -9999 -9999 -9999 -9999 -9999 -9999 -9999 -9999 -9999 -9999
0.967089335289785 0.978507625319759 0.943680612581823 0.916242780553826 0.685600056781981 0.658408897343313 0.231657040323912 0.208460158189857 0.122572147486754 0.0813597406411137 0.0624743482307839 0.0622128484582818 0.0380091961847695 -9999 -9999 0.0449849612988225 0.0460129868116037 0.0524482999144328 0.0706798007733326 0.0546333570482364 0.252522031453917 0.203778324366286 0.156039784090261 0.160926891264771 0.0715012940773002 0.0346382347658749 0.0383770899918171 0.031146636444363 0.0310185978890003 0.0297047333918571 0.038286327004058 0.0745263340329071 0.0418321755400791 0.0327037111927561 0.0561043487761782 -9999 -9999 -9999 -9999 -9999 -9999 -9999 -9999 -9999 -9999 -9999 -9999 -9999 -9999 -9999 -9999 -9999 -9999 -9999 -9999 -9999 -9999 -9999 -9999 -9999 -9999
0.96382424454048 0.986423975472811 0.981060144728794 0.939460174716962 0.655717334205646 0.630780317506446 0.314984058438332 0.203732601658602 0.224932392080353 0.174961062737637 -9999 -9999 -9999 -9999 -9999 -9999 -9999 0.0502143559104192 0.0518508718843839 0.0485894481661849 0.108578933971841 0.446995437258276 0.412487259908801 0.1195147930279 0.0757632793965719 0.0690324735117372 0.0425593636411758 0.0462823989557144 0.0332227132617325 0.0265793643233025 0.0435591855073164 0.0699004990106788 0.0692775505987128 0.0429816706390203 0.0440599816358837 0.0329407494962195 0.113955961818722 0.161989816663033 0.0842803800748232 0.111034504756656 0.14879682399512 0.0560481743387138 -9999 -9999 -9999 -9999 -9999 -9999 -9999 -9999 -9999 -9999 -9999 -9999 -9999 -9999 -9999 -9999 -9999 -9999 -9999
0.97199427353026 0.986375024968471 0.955635030107148 0.937250435603925 0.816863109210496 0.638731871172614 -9999 -9999 -9999 -9999 -9999 -9999 -9999 -9999 -9999 -9999 -9999 0.0447136793543268 0.0573217827913022 0.073672320438907 0.145523094669985 0.33477710628654 0.298641015932131 0.241004798165838 0.198414670045489 0.204365399845647 0.0496987233644407 0.0399347788270141 0.0357126355918789 0.0326884356678545 0.0447737559905638 0.0655990872109276 0.051900674336309 0.0364646990756064 0.0450531547002185 0.0347649391987293 0.106570526101185 0.0484451534436594 0.0299485789232714 0.0404375562119092 0.0529031971837041 0.0753095196161676 0.0500067545001965 -9999 -9999 -9999 -9999 -9999 -9999 -9999 -9999 -9999 -9999 -9999 -9999 -9999 -9999 -9999 -9999 -9999 -9999
0.974567753288963 0.959902176919596 0.964660437921067 0.924729932132753 0.87704976294917 0.635106798064677 -9999 -9999 -9999 -9999 -9999 -9999 -9999 -9999 -9999 -9999 -9999 -9999 0.0393298783339734 0.049396681295853 0.0642733821781468 0.130340224399086 0.367428670629994 0.361328043994806 0.18722061987125 0.170017859284278 0.0676116177431421 0.0459803879060251 0.0290828413898479 0.0568650039594855 0.0688600179352144 0.0827437324698633 0.0364412170272751 0.0300563670010518 0.0390837603776871 0.0905487701420088 0.0987028543425436 0.0404478847785835 0.0314349246438479 0.0450298906634301 0.055816971593391 0.0303259419793954 0.0524216617307109 -9999 -9999 -9999 -9999 -9999 -9999 -9999 -9999 -9999 -9999 -9999 -9999 -9999 -9999 -9999 -9999 -9999 -9999
0.968214344770296 0.977449779918896 0.966652439824995 0.894156064968037 0.828093960388514 0.676113894250729 -9999 -9999 -9999 -9999 -9999 -9999 -9999 -9999 -9999 -9999 -9999 -9999 0.0366942525882852 0.0407032228617543 0.0459056073383729 0.093339963312653 0.301737851750722 0.229131123492656 0.188320284447933 0.185200016507505 0.0949452134415362 0.0350171817198177 0.0389404647116613 0.130918139261195 0.0587690928494337 0.0967322640349479 0.0795905007946048 0.0378667125485351 0.0227021914504251 0.123590493785232 0.0945726360615198 0.0481426628669692 0.0334077814806748 0.0470148628258088 0.0443040416859608 0.053078980006241 0.0662758992017915 -9999 -9999 -9999 -9999 -9999 -9999 -9999 -9999 -9999 -9999 -9999 -9999 -9999 -9999 -9999 -9999 -9999 -9999
0.971196447261022 0.946295255521597 0.926242868586665 0.942986034470195 0.859301447771174 0.62006096346195 0.222486410214183 -9999 -9999 -9999 -9999 -9999 -9999 -9999 -9999 -9999 -9999 -9999 0.030385305106501 0.0379737151250668 0.0389775388423861 0.054305318979305 0.254152984326088 0.267314499339158 0.26166934227162 0.146187374730246 0.0688945643070344 0.0349598059687807 0.0471141520986246 0.125941050602443 0.0514706126059726 0.0603084703859646 0.0729938115251916 0.0528529083783257 0.0653955310368037 0.0826576893033566 0.0790891198643879 0.0624312168931843 0.0485148325708018 0.052383218053175 0.0472889358885859 0.0353324686626704 0.0646299597217371 -9999 -9999 -9999 -9999 -9999 -9999 -9999 -9999 -9999 -9999 -9999 -9999 -9999 -9999 -9999 -9999 -9999 -9999
0.975117379226023 0.967564088038607 0.924920373497982 0.936769858645813 0.84189463130255 0.642163246365201 0.253932413602702 0.184735035762745 -9999 -9999 -9999 -9999 -9999 -9999 -9999 -9999 -9999 -9999 0.0192618350621764 0.0246226310004332 0.0222573252948573 0.0285658153098777 0.082500755864349 0.200286577361449 0.112345709856566 0.149248228435128 0.0338692589261835 0.0353108781036642 0.0306013357086492 0.100405626853289 0.105463180340738 0.0642877599101272 0.0668240417332898 0.0456043409126368 0.0466316299939693 0.0916402764472109 0.0624993753425317 0.0762630820704501 0.0626641371537707 0.0733024599082955 0.0315263632795217 0.0307082825678183 0.0510452433338867 0.0483676528648019 -9999 -9999 -9999 -9999 -9999 -9999 -9999 -9999 -9999 -9999 -9999 -9999 -9999 -9999 -9999 -9999 -9999
0.969476293526412 0.977559185027859 0.916987892902885 0.942031811167306 0.826101640144622 0.607040160455428 0.285488961833072 0.101748221796783 0.0547386603636775 0.0352171535888619 -9999 -9999 -9999 -9999 -9999 -9999 -9999 0.0176307408023684 0.0185893158866505 0.0200734911447281 0.026453518322733 0.052658083199312 0.131101377935614 0.199337575434644 0.288527998535576 0.0554033527818926 0.044276323603164 0.0462182924692619 0.0332911720206832 0.111676410577065 0.109489873533876 0.0757267031211375 0.0637608290361816 0.0700777707121968 0.0450270931080667 0.0602321277251489 0.0517178626666432 0.0628706585270141 0.0673746265215805 0.102460683641809 0.0500787642668306 0.0219591230426397 0.0793916445100753 0.0746331458527776 -9999 -9999 -9999 -9999 -9999 -9999 -9999 -9999 -9999 -9999 -9999 -9999 -9999 -9999 -9999 -9999 -9999
0.841228075404502 0.953176487978201 0.930628679138936 0.94544697638338 0.91601635689446 0.691759317570543 0.603656748312783 0.196311953581817 0.0620906244392751 0.0351753351475799 0.0296143820825472 0.027185143681254 -9999 -9999 -9999 -9999 -9999 0.0198881089586134 0.0190779484412202 0.0195971404310498 0.0299266144019406 0.0850772489378806 0.140333620040547 0.113812386225371 0.132863707179664 0.0652424181043487 0.0479512839011017 0.0516347374669435 0.0478916051256726 0.158001181377488 0.15586282892394 0.0870152348447966 0.0676049288313511 0.0644799220425612 0.0444159988752455 0.0564613347278323 0.0530947077584123 0.0593479394383205 0.0641951649372764 0.0715159171248739 0.0353065772663169 0.0232620094347964 0.0820277330686761 0.0509936185445081 -9999 -9999 -9999 -9999 -9999 -9999 -9999 -9999 -9999 -9999 -9999 -9999 -9999 -9999 -9999 -9999 -9999
0.874911792372643 0.968094210741658 0.927759676056462 0.924003707849898 0.889016042201868 0.725424556536068 0.581576252236625 0.497267447614978 0.154371559563348 0.0299692453306834 0.0274536923728202 0.0234694575686652 0.0213751807925573 0.0213426500069614 0.0192751420842824 0.0255220114092259 0.0231214205809029 0.0215060540361996 0.0191767620594 0.027077160369055 0.0654229903684632 0.127056738902972 0.210966757316726 0.105775803663087 0.0805611863040089 0.0673078141179106 0.0605319434757645 0.0536978813345792 0.10963342812641 0.251806194163185 0.110071924218692 0.0864503353706577 0.0699239045862163 0.0582694240085479 0.0488343212565387 0.0616655368906745 0.0617844095536969 0.0628811547653219 0.0642261179870451 0.0529068673192454 0.0189767976290419 0.0265080105085364 0.0973004929307912 0.0701172877901006 0.0896887952314182 -9999 -9999 -9999 -9999 -9999 -9999 -9999 -9999 -9999 -9999 -9999 -9999 -9999 -9999 -9999 -9999
0.846773111088641 0.935310443846141 0.931024208835513 0.907517077451946 0.877507905460335 0.812622025431926 0.813082664385943 0.612111580342095 0.250429370240375 0.163831618520984 0.0296655236786843 0.0291498064097782 0.0202847371230816 0.0170304339038942 0.0238387549493174 0.0199093505416314 0.0223725961324314 0.0275816171342575 0.0330339460416684 0.0897434809655113 0.169172342562978 0.170481951216212 0.212098674666822 0.107048533936826 0.0615141818816472 0.0855512557711287 0.0981001803468644 0.0748821471302963 0.112027544631003 0.0885056859825618 0.128522004356679 0.104455690357011 0.0685525924301755 0.0858681725298746 0.0646909923571986 0.083515403170564 0.0829370699520117 0.109397943052812 0.0918900563027037 0.0555795741409073 0.0297557867204499 0.112715164687024 0.107469047259555 0.0685845478043643 -9999 -9999 -9999 -9999 -9999 -9999 -9999 -9999 -9999 -9999 -9999 -9999 -9999 -9999 -9999 -9999 -9999
0.84222917544564 0.93999575727775 0.92187548381426 0.910678255706098 0.913415044171044 0.915742929342413 0.839891879666949 0.789806901617548 0.334761525110558 0.205545427824405 0.132027633886894 0.0573934770511187 0.0362002856837631 0.0260943461309338 0.0290974568458714 0.0312438314695104 0.0619970231619489 0.0683026055033769 0.0769979028232086 0.181572944142788 0.134422479827846 0.129343392347012 0.0633497697226469 0.0510341332167053 0.074856727401571 0.0789721833588064 0.0726190317085442 0.0643048692466701 0.104051895448842 0.10388319137608 0.10525334867863 0.11876125471956 0.19902585595208 0.0806266585257126 0.0665205753937122 0.0845618527727784 0.0535352361372818 0.0501933463115116 0.042747148874309 0.0710254262173992 0.0602972629259696 0.0402379200338901 0.0395684458200281 0.0338623234899482 -9999 -9999 -9999 -9999 -9999 -9999 -9999 -9999 -9999 -9999 -9999 -9999 -9999 -9999 -9999 -9999 -9999
0.835419742069273 0.964017226314962 0.94404237598429 0.901103199307618 0.931458250885781 0.914029563374699 0.915694312489999 0.812311002846946 0.725060293575622 0.308643139520143 0.258410617823636 0.109335545178501 0.103185388569384 0.172966730484258 0.0406539893666436 0.0923216943239665 0.0918031157514806 0.0860029862845258 0.0851270078623871 0.211373896601867 0.189758743252107 0.119722311573966 0.0477599702287318 0.0739774827730848 0.0966624236194551 0.115558895730104 0.0856412566798213 0.108623470592741 0.260964512657386 0.167952489733416 0.0903096770853842 0.127901913588323 0.221806825095671 0.155276095502807 0.123678253142893 0.0826864229644733 0.0690520540138183 0.0378758811890154 0.0411090075736986 0.0417617010591447 0.0289747016259559 0.0170862201275306 0.0186592762760231 0.0271535183467362 0.030471940407777 -9999 -9999 -9999 -9999 -9999 -9999 -9999 -9999 -9999 -9999 -9999 -9999 -9999 -9999 -9999 -9999
0.822997884555743 0.943936607894796 0.938861222030458 0.87485633458872 0.910570967102646 0.84387703990256 0.836215037056598 0.819070926508557 0.669447039990857 0.368538657769484 0.344973029710324 0.213827106750601 0.299071838016459 0.357900216766756 0.248817942707624 0.114985778001852 0.0978514525181184 0.0549154256217819 0.238275242484275 0.273139812769473 0.193002090115135 0.196707592499363 0.0491482234675648 0.0541092588650225 0.0597759796662057 0.0624418340927766 0.0591729991303723 0.105555827063537 0.159878003983355 0.128839298946239 0.08293653225537 0.0952060816016564 0.199110074676534 0.181566907746013 0.0591019255639437 0.049711490630925 0.0289667378577269 0.0337746526941952 0.060680028168362 0.0511498445436718 0.0282357404037166 0.0188393665068634 0.0243066457379454 0.0184979784985884 0.0243218045738745 -9999 -9999 -9999 -9999 -9999 -9999 -9999 -9999 -9999 -9999 -9999 -9999 -9999 -9999 -9999 -9999
0.744297912215791 0.94352514870186 0.944504657108441 0.913251992785502 0.883506814285513 0.829912141220183 0.81694651620116 0.646040297586501 0.358646308147378 0.31803874507473 0.223401239468655 0.616478634102767 0.329652640849583 0.307315860997377 0.373558711116684 0.206363525669313 0.0950818378641775 0.269678146380346 0.312856615454172 0.225448113330671 0.160049208345986 0.0508943166454522 0.0443807039106061 0.0678665359046211 0.0910182408311953 0.0907358888827421 0.0692234129392275 0.109782676212452 0.224887023609802 0.0889763366806763 0.0573684864445746 0.153918020434236 0.152463602713455 0.101340440427984 0.0493358797241985 0.0607976952522842 0.0594254066968611 0.059172513624311 0.0641448894142379 0.0369096465113732 -9999 -9999 -9999 -9999 -9999 -9999 -9999 -9999 -9999 -9999 -9999 -9999 -9999 -9999 -9999 -9999 -9999 -9999 -9999 -9999 -9999
0.727867964783353 0.940953858361627 0.957034991011035 0.914383762106432 0.886910961787841 0.848438753104058 0.535479052724051 0.582178956607663 0.599487044763526 0.241498276899016 0.210739605511492 0.267351672669127 0.374586317988779 0.280236358646248 0.337020330413367 0.209936388050888 0.189693125207192 0.3661867521341 0.287228164475546 0.198283075442378 0.117876762828304 0.0461721319747553 0.047921876071569 0.0788105467286963 0.0992595998996921 0.0869875988887029 0.082284705917925 0.106189409303867 0.306646616053344 0.111502145112328 0.144235304990909 0.181996268410939 0.0818836559719678 0.0854571996541739 0.0828731326229303 0.170425786368542 0.0615552333224463 0.05532707999067 0.044144724363122 -9999 -9999 -9999 -9999 -9999 -9999 -9999 -9999 -9999 -9999 -9999 -9999 -9999 -9999 -9999 -9999 -9999 -9999 -9999 -9999 -9999 -9999
