STOTEN_Data/raw/ProbMn50ppb_Shallow.asc
NCOLS 250 
NROWS 718 
XLLCORNER -2256000 
YLLCORNER 1557000 
CELLSIZE 1000 
NODATA_value -9999 
[rows 405 to 431 of 718, columns 122 to 182 of 250]
0.0294030312419271 0.0307091728129904 0.0205064967226032 0.0191000005553732 0.0196449677840353 0.0146054478821989 0.0195630283347176 0.0157706392822713 0.0208942170705195 0.0131509247273995 0.0215592012020292 0.0139710933007301 0.0135037267801786 0.0131391621955941 0.0134303260244315 0.0127579554653251 0.0130946448873921 0.0150280816522875 0.0133929130543793 0.011196379725724 0.0153990734610407 0.0262220232462148 0.0294758421430896 0.0505515528074347 0.0708845588716198 0.0719962200727381 0.0515228368937284 -9999 -9999 -9999 -9999 -9999 -9999 -9999 -9999 -9999 -9999 -9999 -9999 -9999 -9999 -9999 -9999 -9999 -9999 -9999 -9999 -9999 -9999 -9999 -9999 -9999 -9999 -9999 -9999 -9999 -9999 -9999 -9999 -9999 -9999
0.0317365887218893 0.0364758170426781 0.0198676635585057 0.0186682268586951 0.016301606626104 0.0166995155800697 0.021614005368496 0.0186909568956595 0.0154471242784269 0.0160987507421242 0.0204322761036244 0.0189231573374388 0.0187632091054207 0.0130157202111593 0.0116343012049435 0.0116378788515718 0.014597736065743 0.01387097705341 0.0119108452165278 0.0138579142102743 0.0158363786966701 0.0253477962100218 0.0549129987760726 0.0658035503533072 0.0710056236929769 0.0711199280417433 0.0347638830048336 0.0391415378862817 -9999 -9999 -9999 -9999 -9999 -9999 -9999 -9999 -9999 -9999 -9999 -9999 -9999 -9999 -9999 -9999 -9999 -9999 -9999 -9999 -9999 -9999 -9999 -9999 -9999 -9999 -9999 -9999 -9999 -9999 -9999 -9999 -9999
0.0212068586497888 0.0155236917925625 0.0163891788596691 0.0206146079451137 0.0213635133715926 0.0170448597272603 0.0231314506058296 0.0210966241280458 0.0187329038086416 0.0175848708984977 0.0311862753238243 0.0262150346021865 0.0192232394525961 0.0121334017287693 0.0153765720579604 0.0153825012705496 0.0136086637493264 0.0147753098576448 0.0178458604328124 0.0163218174314158 0.0203723970519483 0.025457011531932 0.0671945222436339 0.0676826137967631 0.0674290357162111 0.0418090248527665 0.0407538715819255 0.0430855757839717 -9999 -9999 -9999 -9999 -9999 -9999 -9999 -9999 -9999 -9999 -9999 -9999 -9999 -9999 -9999 -9999 -9999 -9999 -9999 -9999 -9999 -9999 -9999 -9999 -9999 -9999 -9999 -9999 -9999 -9999 -9999 -9999 -9999
0.0176360336171009 0.016449159208808 0.0225165017541232 0.0156211534989083 0.022833546582323 0.0231350265596537 0.02432203338206 0.0265967134801458 0.0224245197376943 0.0217796947186295 0.0214447812625759 0.0219735739219089 0.0138795931018371 0.0111900287267811 0.019752078745405 0.0109529937166962 0.0136234389377077 0.0137144447374516 0.0128630361726724 0.0183800236299853 0.024295076427211 0.0252011237013258 0.0638004648656016 0.0729181249510355 0.0843625991175228 0.0831355041271481 0.0392542962549887 0.0437564673452822 0.0275612080610654 0.0288938016317487 -9999 -9999 -9999 -9999 -9999 -9999 -9999 -9999 -9999 -9999 -9999 -9999 -9999 -9999 -9999 -9999 -9999 -9999 -9999 -9999 -9999 -9999 -9999 -9999 -9999 -9999 -9999 -9999 -9999 -9999 -9999
0.0156475604499509 0.0241190564037777 0.0232096937850482 0.0245076737278206 0.0233433440149132 0.0230280519276666 0.021312582018618 0.0283977062054482 0.0226348167324175 0.0303266229936468 0.0205602358112139 0.0224876057964331 0.0156536970065842 0.0121421048178468 0.0160713160138346 0.0124585933323041 0.0148734189055129 0.0149572371630982 0.0153760645377239 0.0176032631307036 0.0249606147006062 0.0329522064303812 0.0309661727425383 0.0970959779417101 0.11696613835514 0.0904879969247734 0.0448812630267287 0.0506835742774428 0.0454400612403192 -9999 -9999 -9999 -9999 -9999 -9999 -9999 -9999 -9999 -9999 -9999 -9999 -9999 -9999 -9999 -9999 -9999 -9999 -9999 -9999 -9999 -9999 -9999 -9999 -9999 -9999 -9999 -9999 -9999 -9999 -9999 -9999
0.0284260193331686 0.0246829202039758 0.0266764569096185 0.0252470978101471 0.0142665163516224 0.0217186131087996 0.0232484427785441 0.0156313649584577 0.0186660234753686 0.0447496386031001 0.0239180099334567 0.0210547329045059 0.0118689200911617 0.0136570562719394 0.0116301029157489 0.0122931113807082 0.0140187032719287 0.0140856399036626 0.0149254041148421 0.0188122876104507 0.0265671301120661 0.0387653632754409 0.0791873623531431 0.0991747891102037 0.0878886817684527 0.0419995787010824 0.0367679040926646 0.0806493207348487 0.0476874331351563 -9999 -9999 -9999 -9999 -9999 -9999 -9999 -9999 -9999 -9999 -9999 -9999 -9999 -9999 -9999 -9999 -9999 -9999 -9999 -9999 -9999 -9999 -9999 -9999 -9999 -9999 -9999 -9999 -9999 -9999 -9999 -9999
0.0291602754514272 0.0314771076612283 0.0259256471523849 0.0316772837788441 0.0236095923511896 0.0232135791212817 0.0249049158398083 0.0203818925450497 0.0240760117203275 0.0311858155206137 0.0514667018633786 0.0312221855540246 0.0398055851506112 0.0328695131294308 0.0196314901870032 0.0129180667569205 0.012691686517908 0.0137487757770461 0.0125704613591123 0.0175756233279422 0.0507310805308344 0.0396084105816288 0.0930964320164173 0.103643099412555 0.0411811735206709 0.038487119331998 0.035084479145459 0.0467700779840003 0.0334228495599818 -9999 -9999 -9999 -9999 -9999 -9999 -9999 -9999 -9999 -9999 -9999 -9999 -9999 -9999 -9999 -9999 -9999 -9999 -9999 -9999 -9999 -9999 -9999 -9999 -9999 -9999 -9999 -9999 -9999 -9999 -9999 -9999
0.0487179537461542 0.0431003777232138 0.0384706737076345 0.0465644732612466 0.0478193740165507 0.0346886598540383 0.0371166935104368 0.0391178392724923 0.0390703138861008 0.0410583659978709 0.0294795231719029 0.0310834311843797 0.0382588826291708 0.0198551646865295 0.0229730453642877 0.0170231653878728 0.0136742060204072 0.0140246983095753 0.0149286542987588 0.0426272332923694 0.0254782998178463 0.0311914611269979 0.0925759467263399 0.127413767757304 0.0409984460580033 0.0437225294357753 0.0382847381754689 0.055202132006559 0.0331944188999369 -9999 -9999 -9999 -9999 -9999 -9999 -9999 -9999 -9999 -9999 -9999 -9999 -9999 -9999 -9999 -9999 -9999 -9999 -9999 -9999 -9999 -9999 -9999 -9999 -9999 -9999 -9999 -9999 -9999 -9999 -9999 -9999
0.0917955356238279 0.0549311258271357 0.0251185696227842 0.0292465733554962 0.0377986364721598 0.0481623732634568 0.0376024099975697 0.0223396702056291 0.0500397102195444 0.0522631969759385 0.0383532152436199 0.0321249868189948 0.040227003381231 0.0189496518525281 0.0264464356140336 0.0211146534914753 0.0253930189154422 0.0260121660497267 0.0148685936835615 0.0145219728378825 0.0187133650729761 0.0367910889476485 0.102822634299007 0.10022016542929 0.0570372393384049 0.0821702497586582 0.061201305754877 0.0741410121259454 0.03459461810312 0.0477103403603165 -9999 -9999 -9999 -9999 -9999 -9999 -9999 -9999 -9999 -9999 -9999 -9999 -9999 -9999 -9999 -9999 -9999 -9999 -9999 -9999 -9999 -9999 -9999 -9999 -9999 -9999 -9999 -9999 -9999 -9999 -9999
0.131212973149099 0.0833871463916825 0.0463576073962327 0.0452158762674142 0.0233235998329008 0.0293242082291684 0.0256562571312539 0.0253369337929214 0.0318482686097419 0.0350914294778485 0.0364535101047898 0.0424961477101221 0.0617555565899211 0.0553100513157636 0.0491790442661435 0.0284946097942574 0.0409431710575516 0.0199323753981582 0.0188875631202044 0.0147281444093638 0.0191809561221826 0.0331785670876255 0.0866074513120177 0.109851626272491 0.0995441435345813 0.0473787381021657 0.0610768709563167 0.0646113447080783 0.0319950713135842 0.0319684094677354 -9999 -9999 -9999 -9999 -9999 -9999 -9999 -9999 -9999 -9999 -9999 -9999 -9999 -9999 -9999 -9999 -9999 -9999 -9999 -9999 -9999 -9999 -9999 -9999 -9999 -9999 -9999 -9999 -9999 -9999 -9999
0.120107486427734 0.0487649751035164 0.0634392635497069 0.0521951376196671 0.0165823808519786 0.0169769141806772 0.0168512455061048 0.0152593590182336 0.0151527675594368 0.0178122706424309 0.0681090305363458 0.114893786568897 0.110288009065574 0.0936782180077221 0.0457901891361375 0.0294842741438229 0.0197376290188096 0.0139159370873062 0.0256348690890972 0.0368886594964171 0.0207001392063555 0.0458568158752228 0.048267978211932 0.0384136661228448 0.0455466372088657 0.105063280280971 0.107406711418057 0.0509633270869981 0.0381233200825063 0.0442220864302384 -9999 -9999 -9999 -9999 -9999 -9999 -9999 -9999 -9999 -9999 -9999 -9999 -9999 -9999 -9999 -9999 -9999 -9999 -9999 -9999 -9999 -9999 -9999 -9999 -9999 -9999 -9999 -9999 -9999 -9999 -9999
0.0607589875952222 0.0712677136622256 0.0656616033233705 0.0654215203902844 0.0285528635718004 0.0175832641758851 0.0209241300524061 0.0156674942947707 0.0237176546136238 0.0152279677874961 0.019338656284654 0.0423418099955429 0.113197623901899 0.0882572041985204 0.0527880926031411 0.0229357090338264 0.0409599618692194 0.0251726336234289 0.0313438445776771 0.025723995764125 0.0313895182999375 0.0294643925952053 0.0553723104560129 0.0339403354378862 0.0339484887568437 0.0696625898914822 0.0495993005049264 0.0406590925801699 0.0395376890458542 0.0444756229084759 -9999 -9999 -9999 -9999 -9999 -9999 -9999 -9999 -9999 -9999 -9999 -9999 -9999 -9999 -9999 -9999 -9999 -9999 -9999 -9999 -9999 -9999 -9999 -9999 -9999 -9999 -9999 -9999 -9999 -9999 -9999
0.0536747101450959 0.0524011779574068 0.0458648903787124 0.0479265836174159 0.028246492095401 0.0274336177955747 0.0267016957047004 0.0217953516357071 0.0212439461425525 0.0262744354111716 0.0218577225863513 0.0282647568786456 0.051300984340534 0.0963157973589479 0.0379864738162124 0.0302998984899371 0.0170298932391419 0.0227343577224668 0.026188869463681 0.0308599220117479 0.029188561165333 0.0656601065183107 0.0674764957637324 0.0410020046273138 0.0330085417223817 0.0410771111317709 0.0393113888505294 0.0396676597200454 0.0810106104859714 0.0959568495326851 0.0475046922107761 -9999 -9999 -9999 -9999 -9999 -9999 -9999 -9999 -9999 -9999 -9999 -9999 -9999 -9999 -9999 -9999 -9999 -9999 -9999 -9999 -9999 -9999 -9999 -9999 -9999 -9999 -9999 -9999 -9999 -9999
0.0333566805451271 0.0256561712477697 0.0491703949906684 0.0399813713528198 0.0343272123512158 0.031623849539148 0.02591258142712 0.0356458483870825 0.0220294635197105 0.0260864669975378 0.024496336381974 0.0810503774932268 0.0832970921299811 0.0609742199346024 0.0183717098397646 0.0408808773530205 0.0216559800893508 0.0202781156273994 0.0273865849061849 0.0313290303483975 0.0247627539827035 0.0560580684875893 0.0620129829539201 0.0357317639146169 0.0454755157116589 0.0413268990064663 0.0499876546155708 0.0577339725108691 0.0975605780670866 0.0726163163691466 0.0547539214862642 -9999 -9999 -9999 -9999 -9999 -9999 -9999 -9999 -9999 -9999 -9999 -9999 -9999 -9999 -9999 -9999 -9999 -9999 -9999 -9999 -9999 -9999 -9999 -9999 -9999 -9999 -9999 -9999 -9999 -9999
0.0254014025352363 0.0492321097996105 0.0423031004035718 0.0311875699163083 0.0462370639918436 0.0394227970905941 0.0406622878891011 0.0328396807976401 0.0285786462769331 0.026330065231834 0.0337951398750905 0.0318112133535981 0.0271189139977708 0.0298673532581179 0.0287065242632065 0.0402789053253166 0.0265606451664575 0.0216233604070038 0.0469177648090536 0.0315241495217802 0.0474877121599904 0.0643472651898459 0.0749988571339012 0.108579626850224 0.0725990330904796 0.0996069979953486 0.066213888585827 0.0444945836160718 0.0396214640196898 0.0380827955012662 0.0406773118084568 -9999 -9999 -9999 -9999 -9999 -9999 -9999 -9999 -9999 -9999 -9999 -9999 -9999 -9999 -9999 -9999 -9999 -9999 -9999 -9999 -9999 -9999 -9999 -9999 -9999 -9999 -9999 -9999 -9999 -9999
0.0379936859049365 0.0410832724796956 0.0418789827157665 0.0531596522296617 0.0400749910092261 0.0472088799359238 0.0370570832095747 0.0303541928986759 0.0469387723617426 0.0388851834879064 0.0292081718950886 0.0365258156820569 0.0304689824571987 0.027992851150739 0.0266440988227684 0.0275582164161293 0.0340067926310867 0.0338908891400343 0.0543956732936553 0.0461807192824046 0.0253429601604268 0.0443386789630266 0.121651105812646 0.0946819124215029 0.0480819725931335 0.0474405558554388 0.0420882153973867 0.046270747222262 0.0385673131377836 0.0367137637133038 0.0409601109097114 0.035917306264892 -9999 -9999 -9999 -9999 -9999 -9999 -9999 -9999 -9999 -9999 -9999 -9999 -9999 -9999 -9999 -9999 -9999 -9999 -9999 -9999 -9999 -9999 -9999 -9999 -9999 -9999 -9999 -9999 -9999
0.0651526888782271 0.0654944981410431 0.0542025850158798 0.057372059330323 0.0465977335937027 0.0402934532742987 0.0396663421237214 0.0464299322299578 0.0265370450705202 0.0229059297843607 0.0360624114296604 0.0301661656934124 0.0304954298666111 0.0344549021836438 0.0411581910821311 0.0293969051798062 0.0161434866136785 0.0204574740349955 0.0350474010673694 0.0344204380488122 0.0342492008185831 0.0423935808756637 0.116134172261479 0.0640104727997744 0.0420587960210873 0.0365671187524873 0.0878992066382938 0.0813305265123977 0.0605337149634835 0.0363176866209637 0.0440404201070786 0.0457059214572557 -9999 -9999 -9999 -9999 -9999 -9999 -9999 -9999 -9999 -9999 -9999 -9999 -9999 -9999 -9999 -9999 -9999 -9999 -9999 -9999 -9999 -9999 -9999 -9999 -9999 -9999 -9999 -9999 -9999
0.0802606196858142 0.0628774106590961 0.054391810294575 0.0584185609725959 0.0566802372806029 0.048680388013708 0.0442302722250645 0.0262358621663865 0.0325570172063644 0.0392392454466477 0.0375542979731977 0.0275144653464047 0.0296511223154518 0.0311519898099439 0.0328855436879265 0.0289947466821567 0.0155644879676479 0.0213359673462043 0.0241042855471635 0.0465868710297292 0.0519358862987461 0.0440022269282822 0.0412135035108816 0.0896420293781893 0.11383296771317 0.0729591743589586 0.118451515808934 0.0669553124841593 0.0367770165307304 0.0415845172534223 0.0400381287089552 0.0418331097713735 -9999 -9999 -9999 -9999 -9999 -9999 -9999 -9999 -9999 -9999 -9999 -9999 -9999 -9999 -9999 -9999 -9999 -9999 -9999 -9999 -9999 -9999 -9999 -9999 -9999 -9999 -9999 -9999 -9999
0.068158555855642 0.0657775465314366 0.0493527777132689 0.043915355186897 0.0529322252156559 0.0784779445958484 0.0727109256224531 0.0410241253555326 0.0415883518355772 0.0492287666107666 0.0640179512857118 0.0424609414356713 0.0312538274331508 0.0287355640364698 0.0340285124655952 0.0632913355912574 0.0331833466950972 0.0174905881526343 0.0195054878359402 0.0547710796887848 0.058270718554373 0.0387666414633738 0.0318632675614016 0.102123224909164 0.0339269174889066 0.0420399501373949 0.0475664936533173 0.0922446740946783 0.0401202222205954 0.0374563329337889 0.0408346551248786 0.07617299268827 -9999 -9999 -9999 -9999 -9999 -9999 -9999 -9999 -9999 -9999 -9999 -9999 -9999 -9999 -9999 -9999 -9999 -9999 -9999 -9999 -9999 -9999 -9999 -9999 -9999 -9999 -9999 -9999 -9999
0.0430477987536906 0.046867167326961 0.0378741775559956 0.0476878776656779 0.0395936191304415 0.0505240972698094 0.0439339300109312 0.0339872294890715 0.0231117125367599 0.0234215735673914 0.0258960958712477 0.0351026343335052 0.0370228675208147 0.0287297692806148 0.0157839054423777 0.0423935617671965 0.0396971251646748 0.017113917275373 0.0154832145512496 0.0235825341905968 0.0255661766433896 0.0391780688434176 0.0393297255098742 0.05006110495814 0.0369706168950862 0.0417856931364456 0.10679109896188 0.138421080908181 0.0597946081939582 0.0460853921481087 0.0380699414299757 0.0393088097932085 0.0280624316173871 -9999 -9999 -9999 -9999 -9999 -9999 -9999 -9999 -9999 -9999 -9999 -9999 -9999 -9999 -9999 -9999 -9999 -9999 -9999 -9999 -9999 -9999 -9999 -9999 -9999 -9999 -9999 -9999
0.0289193059053996 0.0216014992575756 0.0328326965276537 0.053061069480651 0.0411671116925223 0.0591576940248354 0.032024869244899 0.0191322675904688 0.0376840629206906 0.0546198009483844 0.037715529671639 0.0283058041207659 0.0129846444646863 0.0142260840556019 0.0202219470350942 0.037063907032233 0.0280497211943187 0.0107376253830221 0.0111665513716528 0.0198132852527211 0.027517385630249 0.0294102833321499 0.0335196492216333 0.0394776895792805 0.0441004859966991 0.040381021036569 0.0878162202256298 0.0897486295727755 0.0454670489042866 0.0324507687848472 0.0269246373399323 0.0271023478923646 0.0361397761069481 -9999 -9999 -9999 -9999 -9999 -9999 -9999 -9999 -9999 -9999 -9999 -9999 -9999 -9999 -9999 -9999 -9999 -9999 -9999 -9999 -9999 -9999 -9999 -9999 -9999 -9999 -9999 -9999
0.0306551025199824 0.0227088381775272 0.0205456784299973 0.0229504873083373 0.0191661834100557 0.0162219589046709 0.022609202880644 0.0207136455498755 0.0347234425552068 0.018682206012961 0.0182195713871616 0.0178583904322415 0.0137324119927639 0.0147725002876627 0.0152536903834092 0.013724042782828 0.0125175423368385 0.0224856061553044 0.0232259545217375 0.0243811564402755 0.0201282322853949 0.0319739633157575 0.0363299323649794 0.0402229963531055 0.0362313848714635 0.0274896892773808 0.0349098005452868 0.0405018419203346 0.0262092526709786 0.0276707022090461 0.0299089366456101 0.0268434994625294 0.0239680632760724 -9999 -9999 -9999 -9999 -9999 -9999 -9999 -9999 -9999 -9999 -9999 -9999 -9999 -9999 -9999 -9999 -9999 -9999 -9999 -9999 -9999 -9999 -9999 -9999 -9999 -9999 -9999 -9999
0.0427380700091797 0.0317722150284292 0.0226854260891107 0.0182648216414696 0.0178131650025384 0.0183084660416442 0.0162449376009657 0.0173298744377665 0.0167020574817081 0.0170956510354988 0.0289911243491394 0.0370593453769383 0.026241528085319 0.0299793390571056 0.0183643992232865 0.0176363510758964 0.0135808586934368 0.0145641509038137 0.0209433319401461 0.0205521503488211 0.0110933355229077 0.0256633407287168 0.0293074157407178 0.0340760715142855 0.0233744964390951 0.0319909764858475 0.0343825287954086 0.0320424683544644 0.0278733595816167 0.0286884315466609 0.0444571219040073 0.0333760804347333 0.0322674600314065 0.0248367099000401 -9999 -9999 -9999 -9999 -9999 -9999 -9999 -9999 -9999 -9999 -9999 -9999 -9999 -9999 -9999 -9999 -9999 -9999 -9999 -9999 -9999 -9999 -9999 -9999 -9999 -9999 -9999
0.057470186456405 0.0400342252162249 0.0224194320352587 0.0208720106690022 0.0184045485209275 0.0151467186876527 0.0142122414850306 0.0194859000104489 0.0196406042476491 0.0151108432597664 0.0180517064706691 0.0148353367324775 0.0123224316026211 0.0117349328287018 0.0163711164124258 0.0196922771851834 0.0218981050934761 0.0354918420936213 0.0274252128111865 0.0111518330105373 0.0167180182005064 0.0133103164181079 0.0130832732992777 0.0330991645265454 0.0422989363597623 0.0276541208778138 0.0278958562842937 0.0437250586252162 0.0348742162768841 0.0401658954609963 0.0456890807633796 0.0469348593393909 -9999 -9999 -9999 -9999 -9999 -9999 -9999 -9999 -9999 -9999 -9999 -9999 -9999 -9999 -9999 -9999 -9999 -9999 -9999 -9999 -9999 -9999 -9999 -9999 -9999 -9999 -9999 -9999 -9999
0.0598646422529893 0.0363162372521329 0.023542508265173 0.0215445003245221 0.0181149494548084 0.0150689599916588 0.0153827647287412 0.0180234512429796 0.0178882050778725 0.0147906436609029 0.0143602052772407 0.0140871174460685 0.0128531321008556 0.0133057608510323 0.0148016841800035 0.0123133301813094 0.0108383449499174 0.0105723972226245 0.0119158819223115 0.00946535228628072 0.010641816640305 0.0141720878651317 0.014742460878796 0.0327758004007541 0.026825780611343 0.0322527726224879 0.0459037931541936 0.0310743565634865 0.0486264493775203 0.066758390260744 0.0893608128131617 0.0458864234864174 -9999 -9999 -9999 -9999 -9999 -9999 -9999 -9999 -9999 -9999 -9999 -9999 -9999 -9999 -9999 -9999 -9999 -9999 -9999 -9999 -9999 -9999 -9999 -9999 -9999 -9999 -9999 -9999 -9999
0.0640902468534344 0.0515837841888655 0.025624878552421 0.0197286843227484 0.0160701378013853 0.0153524845845367 0.0150139706955731 0.0145468815917696 0.0181027094805941 0.0165607868312982 0.0167221369086287 0.0152801852929911 0.0163062870597151 0.0130445487448609 0.014412663570275 0.014363996397518 0.0161921128141022 0.0137763352391886 0.0103747056762637 0.010085238419736 0.0104791630078571 0.0131161080042308 0.012115542733551 0.0177376705187781 0.0285599060670565 0.0164590029653804 0.025144389323971 0.0285584991311377 0.0347083749392273 0.0761441919128017 0.0774308424462927 0.0479662374952175 0.108711461811506 0.0743651971587617 -9999 -9999 -9999 -9999 -9999 -9999 -9999 -9999 -9999 -9999 -9999 -9999 -9999 -9999 -9999 -9999 -9999 -9999 -9999 -9999 -9999 -9999 -9999 -9999 -9999 -9999 -9999
0.0737950835940805 0.087502275781587 0.0377107884214254 0.0388975129780852 0.023999209375903 0.0203623604179817 0.0139301943451921 0.0132060211543138 0.0172928648325978 0.0166344162792132 0.0152037214308551 0.0159050919807778 0.0164948157622487 0.0195776596687574 0.017834551376815 0.0140272332952823 0.0142676925818999 0.0145576095486611 0.00997824045266055 0.0104019386894319 0.0172733156146403 0.0154259730157034 0.0224278491011266 0.0139657141777659 0.0217317394042052 0.0275696939491265 0.0297084264613826 0.0274173764737129 0.0191637152323691 0.0181072708760569 0.05272487960961 0.0901112362408174 0.0468193044405078 0.0382695657801893 0.0683093950977035 -9999 -9999 -9999 -9999 -9999 -9999 -9999 -9999 -9999 -9999 -9999 -9999 -9999 -9999 -9999 -9999 -9999 -9999 -9999 -9999 -9999 -9999 -9999 -9999 -9999 -9999
