STOTEN_Data/raw/ProbMn50ppb_Shallow.asc
NCOLS 250 
NROWS 718 
XLLCORNER -2256000 
YLLCORNER 1557000 
CELLSIZE 1000 
NODATA_value -9999 
[rows 162 to 188 of 718, columns 61 to 121 of 250]
0.713697778988851 0.869746045617109 0.809169483183395 0.92109783414856 0.82520979243548 0.868186993682091 0.719554033253864 0.626453705667992 0.556029187995572 0.557484344082122 0.73572005596237 0.409489580343651 0.381790235777758 0.337216225483608 0.313395604659927 0.340114274258618 0.349050014154962 0.335221904700723 0.365997207834213 0.222854353496846 0.249366637984793 0.111378341676675 0.138856950968686 0.143459697533883 0.147274643763591 0.238931201527646 0.133553407986774 0.140582016351156 0.139281136321901 0.102072137569382 0.0239278534578646 0.0431119847812143 0.0393039236160291 0.0433633487649403 0.0364390149058412 -9999 -9999 -9999 -9999 -9999 -9999 -9999 -9999 -9999 -9999 -9999 -9999 -9999 -9999 -9999 -9999 -9999 -9999 -9999 -9999 -9999 -9999 -9999 -9999 -9999 -9999
0.795613644260611 0.881747594787771 0.86126003726704 0.886826162362821 0.840210347501174 0.843311554978374 0.735648034075942 0.621016004713907 0.584703687731431 0.693228353915097 0.589956303086616 0.387117752746735 0.310377718936348 0.353252554789175 0.309779229358519 0.332680693274364 0.375142355815498 0.314919563357063 0.338892421166382 0.419699494553998 0.326015194255379 0.333972190026873 0.285723896606077 0.163044104302959 0.174013704758947 0.128442413078224 0.136029813011076 0.118086063707461 0.0967320070638828 0.0724648065505436 0.0266175973836756 0.0341623083342185 0.0432476604870369 0.0413816632955798 0.094049838004376 -9999 -9999 -9999 -9999 -9999 -9999 -9999 -9999 -9999 -9999 -9999 -9999 -9999 -9999 -9999 -9999 -9999 -9999 -9999 -9999 -9999 -9999 -9999 -9999 -9999 -9999
0.906077191436766 0.931431361370651 0.870927586896854 0.882577549463412 0.850973836746787 0.801411184380395 0.721863441853594 0.620127373943164 0.629286920053802 0.576117788152683 0.405117306583689 0.537895576234352 0.432572481035461 0.482223492083976 0.37413218777711 0.452755403751435 0.393371779361201 0.258390632760275 0.262705754514609 0.257094504980868 0.233910328830169 0.285566642152849 0.185839512567875 0.138654387777913 0.152739517444047 0.115816748313393 0.122861761675586 0.108545696791711 0.166326110802779 0.0427147860360247 0.0257950522048403 0.0213676592447404 0.0638471168727541 -9999 -9999 -9999 -9999 -9999 -9999 -9999 -9999 -9999 -9999 -9999 -9999 -9999 -9999 -9999 -9999 -9999 -9999 -9999 -9999 -9999 -9999 -9999 -9999 -9999 -9999 -9999 -9999
0.95294737707884 0.908883231646555 0.916434415493897 0.896514039221779 0.861447002992651 0.767273593191651 0.769580849806745 0.66467602081339 0.703045946260282 0.574347836136193 0.467550422792463 0.434285466231954 0.404148290114976 0.342779518765922 0.420042212238995 0.343311430448754 0.347179525115974 0.289218593713686 0.201898750466479 0.222288941620798 0.339230094705613 0.316022962027825 0.456102385150023 0.391029457373752 0.177850837096766 0.112486306608655 0.110591287677405 0.0721611884811132 0.0586872941189964 0.0321492603176663 0.0333753947538945 0.0215896363760151 -9999 -9999 -9999 -9999 -9999 -9999 -9999 -9999 -9999 -9999 -9999 -9999 -9999 -9999 -9999 -9999 -9999 -9999 -9999 -9999 -9999 -9999 -9999 -9999 -9999 -9999 -9999 -9999 -9999
0.963813641433326 0.943331227445893 0.935650889297749 0.903318338277458 0.885712132401137 0.826184544255672 0.774824748525608 0.624741844111176 0.691045042438619 0.454056249318265 0.421322079525045 0.384470311386607 0.412517039414305 0.402133505976144 0.555375440129259 0.329693502816613 0.304908803119669 0.253231152596431 0.178872502476337 0.286966468163552 0.229294936639955 0.321676628835488 0.520856849739503 0.345374072913109 0.121850719482375 0.0748400469732051 0.0694731968084703 0.0504294398010608 0.0558244172633976 0.0390857147212432 0.0287028751697927 0.0355994324021884 -9999 -9999 -9999 -9999 -9999 -9999 -9999 -9999 -9999 -9999 -9999 -9999 -9999 -9999 -9999 -9999 -9999 -9999 -9999 -9999 -9999 -9999 -9999 -9999 -9999 -9999 -9999 -9999 -9999
0.847545419868731 0.916955146506684 0.933951153455015 0.886684344704214 0.887783205996841 0.80648177564543 0.764896979464893 0.591859204637905 0.584941227821265 0.525535861465176 0.315321819491347 0.238846891326317 0.296235326923272 0.165879521464114 0.133075116464333 0.245842345116114 0.46372908095123 0.451109583877993 0.367541772501956 0.403568863749811 0.331616189365169 0.455143347760985 0.497603000952695 0.232796180555218 0.130285985812857 0.0423518689091369 0.0535297123306292 0.0431632260110909 0.0179369009893196 0.0267783172131483 0.02993442403735 0.0306978378165213 0.029001845041547 -9999 -9999 -9999 -9999 -9999 -9999 -9999 -9999 -9999 -9999 -9999 -9999 -9999 -9999 -9999 -9999 -9999 -9999 -9999 -9999 -9999 -9999 -9999 -9999 -9999 -9999 -9999 -9999
0.891952270253432 0.910809036007679 0.870849522431382 0.895860287417399 0.90375388597104 0.803597651146986 0.687665821716466 0.552538420033267 0.452625643580854 0.339838957178647 0.267865567308099 0.170920156533064 0.196115084128862 0.123121020968779 0.102932872050373 0.0977846295452665 0.168858096493113 0.436023333384843 0.522979202814555 0.426091954103711 0.423782283383783 0.498701233302896 0.302021940696728 0.230246332794216 0.051010728593429 0.0580316353395983 0.033447456247993 0.0345339260246203 0.0178967502114424 0.028886644003281 0.0289794288361356 0.0377537392404135 -9999 -9999 -9999 -9999 -9999 -9999 -9999 -9999 -9999 -9999 -9999 -9999 -9999 -9999 -9999 -9999 -9999 -9999 -9999 -9999 -9999 -9999 -9999 -9999 -9999 -9999 -9999 -9999 -9999
0.956332297559819 0.938622975413066 0.885546005976798 0.921775767867393 0.869976420882782 0.664559449030359 0.65998529338208 0.492776638438951 0.326594162718217 0.235865447198235 0.257768491307727 0.134792305797566 0.0857753252270372 0.0910399297843008 0.0898760382559948 0.0934349966811396 0.0954698538816292 0.155491955793088 0.223143990215344 0.512511307693885 0.53700581089909 0.41732581668614 0.279746128189471 0.176905618910446 0.124919209013099 0.0680688443516714 0.056546102458632 0.0251629540650682 0.0265101009851862 0.0345970024081205 0.054626337243791 0.0521363055432283 -9999 -9999 -9999 -9999 -9999 -9999 -9999 -9999 -9999 -9999 -9999 -9999 -9999 -9999 -9999 -9999 -9999 -9999 -9999 -9999 -9999 -9999 -9999 -9999 -9999 -9999 -9999 -9999 -9999
0.971057352503328 0.966455231652446 0.893776492010478 0.927330330545109 0.834696198470516 0.631953368777358 0.67551313020262 0.451189043508297 0.288469341950024 0.0985447829303872 0.0937588434965771 0.0762164681386012 0.0428229919763247 0.035484563347334 0.0518796520015666 0.0855590460171856 0.0439521328356059 0.0991416126461619 0.11042298487887 0.137527552578934 0.226027914479746 0.366374016155123 0.191382056284438 0.0716039658905991 0.0831890132433656 0.0699749363318958 0.0635231467780034 0.0304758986684159 0.0290303143240539 0.0439570056632678 0.0576154049202227 0.0577035162129043 -9999 -9999 -9999 -9999 -9999 -9999 -9999 -9999 -9999 -9999 -9999 -9999 -9999 -9999 -9999 -9999 -9999 -9999 -9999 -9999 -9999 -9999 -9999 -9999 -9999 -9999 -9999 -9999 -9999
0.955854229025366 0.932410352824134 0.919983935930158 0.938680165894157 0.651898484066921 0.834562038906321 0.550555037460414 0.269226280567795 0.0877188503353232 0.0692091465700966 0.103240414355965 0.0515144859179538 0.0367644766170782 0.0362537628004997 0.0367454126716069 0.0472884895362978 0.0409989071514824 0.0595070705172162 0.0827532117578501 0.216930687340724 0.279358534173973 0.242536553081885 0.112677994337557 0.0885779548295298 0.0947031775437042 0.123356134416323 0.0463989553094987 0.0478423573348624 0.0328399730363693 0.0360967222723984 0.0470235817040542 0.0632229228362699 -9999 -9999 -9999 -9999 -9999 -9999 -9999 -9999 -9999 -9999 -9999 -9999 -9999 -9999 -9999 -9999 -9999 -9999 -9999 -9999 -9999 -9999 -9999 -9999 -9999 -9999 -9999 -9999 -9999
0.950679670647184 0.89826274038762 0.905548920368725 0.925591165036821 0.704423402526786 0.748086029278696 0.339645555245468 0.160025909279869 0.0837814996234308 0.0628175229619886 0.0528400833326467 0.0496799881374741 0.0346779937802462 0.0347658374162699 0.0346415341350104 0.0397196483217299 0.0393571894601131 0.0445288085584779 0.0921037522407495 0.117171298561911 0.228521671547452 0.290889939644373 0.205685397246136 0.0641198494222043 0.0486046277952355 0.0446946368587992 0.0225705698657372 0.0288063183439924 0.0355149888496792 0.0387187788172997 0.0473021161420215 0.0689432020499103 -9999 -9999 -9999 -9999 -9999 -9999 -9999 -9999 -9999 -9999 -9999 -9999 -9999 -9999 -9999 -9999 -9999 -9999 -9999 -9999 -9999 -9999 -9999 -9999 -9999 -9999 -9999 -9999 -9999
0.968192746472739 0.979044327346031 0.939376347817733 0.90286387667683 0.655717090682792 0.63140984984269 0.216991861435806 0.184907292095033 0.0992935358256844 0.0650550673624551 0.0559209813115349 0.0560174323824737 0.0350465140158162 -9999 -9999 0.0380804204933626 0.0389570954306643 0.0457344890787635 0.0617718899990474 0.049899039940782 0.234898080711212 0.190070361386554 0.146378614813578 0.151017281879636 0.0676713471388371 0.0335458474709769 0.037171330507774 0.0293706005298389 0.0294797312334013 0.0342011072949605 0.0463124657945593 0.078845445511355 0.0451327210304733 0.0357354636617982 0.055083139087585 -9999 -9999 -9999 -9999 -9999 -9999 -9999 -9999 -9999 -9999 -9999 -9999 -9999 -9999 -9999 -9999 -9999 -9999 -9999 -9999 -9999 -9999 -9999 -9999 -9999 -9999
0.960165782440571 0.984711724413655 0.978402937128399 0.931698694169197 0.624175670565995 0.552193805380207 0.252927174291044 0.164600633468102 0.183267837887966 0.143358483641728 -9999 -9999 -9999 -9999 -9999 -9999 -9999 0.0452995313590088 0.0467837601241524 0.0443543003166301 0.0996615788619418 0.425673350666314 0.394367657521434 0.110930387035791 0.0760630926111377 0.0672933945069332 0.04122783603519 0.0436822079844392 0.0313503727796385 0.0257112030060646 0.0432121469043757 0.0758562293457719 0.0751177806871086 0.0467823637396379 0.0506932881769903 0.038119549890317 0.106063482714282 0.155664625284334 0.0806973043190612 0.121650903415444 0.16236435772366 0.0631263216319524 -9999 -9999 -9999 -9999 -9999 -9999 -9999 -9999 -9999 -9999 -9999 -9999 -9999 -9999 -9999 -9999 -9999 -9999 -9999
0.973265666086701 0.982667581274562 0.949334728452196 0.930731349800571 0.801278405670055 0.619801205874201 -9999 -9999 -9999 -9999 -9999 -9999 -9999 -9999 -9999 -9999 -9999 0.0403143915257854 0.0527039060594638 0.0683764185983161 0.135819526170418 0.31660336479585 0.282097389077839 0.227501103135749 0.190955467406225 0.201970732882391 0.0468287027717382 0.0372655216648906 0.0337048621263359 0.031627217089534 0.0439728397816852 0.0566176592221669 0.0562009954371185 0.0397130362978051 0.0518278784778521 0.0401892937505533 0.116310475719165 0.0531890314293622 0.0299900987087824 0.0450256421227249 0.0583261339036178 0.0838385389675986 0.057984377011525 -9999 -9999 -9999 -9999 -9999 -9999 -9999 -9999 -9999 -9999 -9999 -9999 -9999 -9999 -9999 -9999 -9999 -9999
0.972258329221538 0.949793019707658 0.958708774239039 0.92129546386473 0.856312292092924 0.596836546391898 -9999 -9999 -9999 -9999 -9999 -9999 -9999 -9999 -9999 -9999 -9999 -9999 0.036268134718662 0.0457596196050463 0.0596096411474354 0.120292288505333 0.347274923743119 0.356313207017757 0.178988197734042 0.163462788164578 0.0643126357339453 0.0436510668961013 0.0280681671975025 0.0545315186484695 0.0648815739884079 0.0727280052530021 0.0331901461468169 0.0274642835247289 0.0470499560435445 0.108400933658866 0.10725756574763 0.0446276271182484 0.0294919180959633 0.0395837036084637 0.0489164250784324 0.0354266508770842 0.0609790935471117 -9999 -9999 -9999 -9999 -9999 -9999 -9999 -9999 -9999 -9999 -9999 -9999 -9999 -9999 -9999 -9999 -9999 -9999
0.962028996760927 0.973084573206083 0.960282045499319 0.888251368633501 0.823902534824212 0.624216525317484 -9999 -9999 -9999 -9999 -9999 -9999 -9999 -9999 -9999 -9999 -9999 -9999 0.0331668410008988 0.0368051540430467 0.0420525102649347 0.0858627629527959 0.283572041196333 0.221706333056369 0.184853909970608 0.175378559531489 0.090441908336735 0.0332239045114769 0.0374528727965911 0.12539642690023 0.0556524593990554 0.0885969498942919 0.0733864765416904 0.0346251041966387 0.0205500096321818 0.144515433870458 0.110813134245548 0.0571416276892388 0.031205866332371 0.0439568866794595 0.0438754516911199 0.0543751016493056 0.0678711753144068 -9999 -9999 -9999 -9999 -9999 -9999 -9999 -9999 -9999 -9999 -9999 -9999 -9999 -9999 -9999 -9999 -9999 -9999
0.965273216032306 0.936125939520057 0.915049285551822 0.933872473344464 0.842777017984535 0.566454340144659 0.186809704205582 -9999 -9999 -9999 -9999 -9999 -9999 -9999 -9999 -9999 -9999 -9999 0.0274470913149001 0.0344817758598185 0.035238664604749 0.0495979370166769 0.24120174828931 0.264524337878678 0.259769241905028 0.140963839812458 0.0659736129529743 0.0326004635409382 0.0443277282645225 0.121907943549219 0.0491438534964808 0.0549414171328133 0.0654749108592812 0.0554623001145648 0.0668155571228088 0.0975923169393636 0.0929436507121336 0.0601563891702366 0.0416098463501734 0.0447636290649224 0.0468328855270117 0.0349874908707171 0.0664764647841434 -9999 -9999 -9999 -9999 -9999 -9999 -9999 -9999 -9999 -9999 -9999 -9999 -9999 -9999 -9999 -9999 -9999 -9999
0.97092882678015 0.96215342008635 0.913544818784592 0.926739850661384 0.824917633492656 0.612510039915681 0.230651113363239 0.167177805670028 -9999 -9999 -9999 -9999 -9999 -9999 -9999 -9999 -9999 -9999 0.0193413791331411 0.022329916907318 0.0200887912095132 0.0259105748116127 0.0779335914525158 0.190614291409322 0.111865322231141 0.143388113981094 0.0319650786705869 0.0329286512084789 0.028326241512351 0.0926400380569471 0.0963940797760074 0.0585886559302437 0.0598996071958103 0.0404519805080698 0.0448917907640207 0.107624957130494 0.0734098217556333 0.0732323303465695 0.0603813690152512 0.0720393828688091 0.0293544066136037 0.0284621341853202 0.0528574187851317 0.0501071298862373 -9999 -9999 -9999 -9999 -9999 -9999 -9999 -9999 -9999 -9999 -9999 -9999 -9999 -9999 -9999 -9999 -9999
0.964372857340743 0.974838688021612 0.910718961520745 0.937665853537639 0.806596035051572 0.576396341515503 0.260323979955728 0.0888581980259391 0.0474789022302124 0.0316622601575837 -9999 -9999 -9999 -9999 -9999 -9999 -9999 0.0177655375423771 0.0177899999898722 0.0181137864759754 0.0239897706804585 0.0478737878886118 0.124251093400364 0.189700247694067 0.275069770117826 0.0513908373525026 0.0395520533992026 0.0426817340650901 0.0305564310937553 0.102376894446838 0.098720140801573 0.0666417682632125 0.0564943171299155 0.0596258715724143 0.0435839377464102 0.0583314057000785 0.0470838887164847 0.0563476238660549 0.0601631362184229 0.100348675205013 0.049204693511869 0.0202673588068464 0.078813331993919 0.074406377862125 -9999 -9999 -9999 -9999 -9999 -9999 -9999 -9999 -9999 -9999 -9999 -9999 -9999 -9999 -9999 -9999 -9999
0.8483812629401 0.947658348813051 0.925567648847716 0.939626349408441 0.908906106137662 0.676517974617243 0.565025611289482 0.173759481600094 0.0541380963478935 0.0317563590575868 0.0265790877696716 0.0265676454645929 -9999 -9999 -9999 -9999 -9999 0.0190340298005149 0.018258012870539 0.0178416279264686 0.0271484202862696 0.078745174199583 0.134033053607346 0.107971306212926 0.121027214165004 0.0605630085320757 0.0498290040100121 0.0536485695895409 0.04771521057841 0.140878300389618 0.136724429985003 0.0766883816524077 0.0637889689384792 0.0587884949902972 0.0393544567248203 0.0500990999427313 0.0483436563318165 0.0540692839024507 0.0615290231541616 0.0643355046671304 0.0317806101524601 0.0214720725289631 0.0754423675463679 0.0508347319269977 -9999 -9999 -9999 -9999 -9999 -9999 -9999 -9999 -9999 -9999 -9999 -9999 -9999 -9999 -9999 -9999 -9999
0.856135304410616 0.964664457596419 0.917239710491446 0.915756651638921 0.878391897134818 0.708104198022191 0.563459295321396 0.470074685583463 0.138346356639113 0.027042108542023 0.0248535000314576 0.0223202135947136 0.0203539966365978 0.0237189783130777 0.021809612068374 0.0286930139318069 0.0216567151194988 0.0205839527249699 0.0171209988337499 0.0246681413314457 0.0598121263826451 0.118413462677928 0.197909464053413 0.105304758803982 0.0757664139204431 0.0624744412601516 0.0628697760765568 0.0557874457761352 0.10925572119798 0.222305249139624 0.0972320036104939 0.0823369928142932 0.0656347339814326 0.0530950651166956 0.0432920883392704 0.0525413009032944 0.0641080689204665 0.0652431934433059 0.0613286070302633 0.0504924613508517 0.0170528113296411 0.025180508728756 0.0920161546366705 0.0654368402258033 0.0841775280406487 -9999 -9999 -9999 -9999 -9999 -9999 -9999 -9999 -9999 -9999 -9999 -9999 -9999 -9999 -9999 -9999
0.824619517678096 0.92571304656027 0.917007845142278 0.89807386761152 0.867909920173538 0.797659356483577 0.799087712812506 0.58972725115306 0.246663277442621 0.163097547471933 0.0267344721954829 0.027605189459344 0.0192307863767922 0.0191054622847221 0.0232007577684766 0.0191144880508364 0.021507299205341 0.0264060507899551 0.0294043926860777 0.0807204795565448 0.156669606299454 0.159424091273987 0.199788281429068 0.107772040622493 0.0616940350851752 0.0877242930878103 0.109942292679531 0.0841831149218396 0.101788449313661 0.0793015030328162 0.114710138406454 0.100813096337404 0.0655199723196983 0.080004158522387 0.0601779818645163 0.0714042081379583 0.0853350362722521 0.099527641281085 0.093945064826859 0.056635960051288 0.0273094018054143 0.107101837423495 0.0995901928856305 0.0620434734156471 -9999 -9999 -9999 -9999 -9999 -9999 -9999 -9999 -9999 -9999 -9999 -9999 -9999 -9999 -9999 -9999 -9999
0.821087960371937 0.931148640953677 0.906126513277218 0.901220231280143 0.905439453588403 0.905332647691909 0.821263219044504 0.778460468631033 0.329497150321955 0.202573034593491 0.115329252797427 0.0501891881269429 0.0344372190461675 0.0253975531093068 0.0279807499456093 0.0300103098497286 0.0610609699708459 0.060777288324962 0.0685855162688219 0.163434904250354 0.125507451385253 0.119888654074175 0.060682719543745 0.0511850163609108 0.0756349340260293 0.0812787835940859 0.0747551317074281 0.0721734923810842 0.0934535994907643 0.0926392746936668 0.0961964042428781 0.108683156010895 0.196529082920152 0.0750911886356239 0.0655186165506362 0.078380802520661 0.049239685375034 0.0448824267413362 0.0430804002865439 0.0679066242595176 0.0538263224933091 0.0358375960096659 0.0363706927400366 0.030524266121421 -9999 -9999 -9999 -9999 -9999 -9999 -9999 -9999 -9999 -9999 -9999 -9999 -9999 -9999 -9999 -9999 -9999
0.814201452306465 0.951194892455685 0.930952029918273 0.878158276871194 0.922444556515583 0.903042261019487 0.905278645365204 0.791188444433594 0.704309287423722 0.287267723707678 0.229962734465917 0.0955044429771636 0.0934421860841843 0.163274099885116 0.0389737752684253 0.0909721932534244 0.09046043948099 0.0766880272039847 0.0786125647125109 0.19045849362169 0.176784471393897 0.110881289244318 0.0457172214102633 0.0717252117340795 0.0883016504912146 0.13184126696327 0.0975461650421181 0.1239146503746 0.289628521108934 0.150210592951856 0.0821593096790991 0.116794462347276 0.210147216383772 0.146100952375357 0.12125505609432 0.0762402593740447 0.063889206003443 0.0369224863168038 0.0404316886081373 0.039518937446013 0.0257730205701365 0.0152473481036824 0.0165781884091415 0.0241483715804289 0.0271097698693947 -9999 -9999 -9999 -9999 -9999 -9999 -9999 -9999 -9999 -9999 -9999 -9999 -9999 -9999 -9999 -9999
0.766682040699795 0.9243837222258 0.925072582636715 0.839499830813041 0.907393930229769 0.828110680689903 0.818756273819704 0.803768210560146 0.644200362935533 0.386405022285125 0.3637546959735 0.195489131177362 0.290990873776149 0.345349447906559 0.224529432767115 0.105916358184705 0.0968345917937431 0.0501573567745706 0.222030247311731 0.248969977244238 0.174223812441784 0.184647067297352 0.0452332492088644 0.0498198113661367 0.0548754712272658 0.0568546643910544 0.0675388944480256 0.0960773604797237 0.144956503410433 0.120221175839165 0.0771170637141956 0.0866559125241026 0.174566200495876 0.158774385676462 0.0496155615315667 0.0404075008943398 0.0262768152185464 0.0337692300127114 0.05480386054465 0.0461512224003472 0.0254164180523746 0.0172866968565068 0.0216095708042592 0.0164345790604248 0.0215398944791574 -9999 -9999 -9999 -9999 -9999 -9999 -9999 -9999 -9999 -9999 -9999 -9999 -9999 -9999 -9999 -9999
0.704583490341942 0.935633620866877 0.927264478963126 0.889530885238617 0.878916561451175 0.824933983969394 0.801408542521935 0.621741484424526 0.330968581734984 0.339252763701514 0.241822360161114 0.600235978089174 0.318823803107127 0.294718530227235 0.340958503891364 0.195704197304255 0.0925306973693559 0.26313181601977 0.310111471593339 0.212561361884801 0.150175900026304 0.0465559252068175 0.0405738170035098 0.0676736530973818 0.0811012856759565 0.0808469613698359 0.0793378938920539 0.125259484129415 0.20546378254587 0.0779349350336935 0.0500340023330636 0.146639569101783 0.144461885729644 0.087874205442973 0.0400992228182876 0.0536006567993717 0.0540444968247077 0.0538131928266743 0.0579538911259849 0.0332538771558264 -9999 -9999 -9999 -9999 -9999 -9999 -9999 -9999 -9999 -9999 -9999 -9999 -9999 -9999 -9999 -9999 -9999 -9999 -9999 -9999 -9999
0.686675951772037 0.932728647937044 0.944995855520927 0.892866211168939 0.884959466806891 0.845938692090563 0.507295720942823 0.564482714093814 0.573276193577259 0.224845778521669 0.196323972287971 0.256904133502772 0.359041705770205 0.261989975962644 0.313518594130794 0.200167846042341 0.181960844892349 0.359468137504264 0.283778458630301 0.183956892755389 0.117520648346082 0.0460213409577529 0.0481341772741557 0.0791586908504336 0.0880058023506777 0.0972128218684131 0.0958521279948882 0.124138403249909 0.303047775286457 0.105923909859258 0.130647822849114 0.177420637231378 0.0790457070525404 0.0704022167412956 0.0663710045274618 0.151737785264234 0.055648240447233 0.0499711835653523 0.0389220106429088 -9999 -9999 -9999 -9999 -9999 -9999 -9999 -9999 -9999 -9999 -9999 -9999 -9999 -9999 -9999 -9999 -9999 -9999 -9999 -9999 -9999 -9999
