STOTEN_Data/raw/ProbMn50ppb_Shallow.asc
NCOLS 250 
NROWS 718 
XLLCORNER -2256000 
YLLCORNER 1557000 
CELLSIZE 1000 
NODATA_value -9999 
[rows 459 to 485 of 718, columns 61 to 121 of 250]
-9999 -9999 -9999 -9999 -9999 -9999 -9999 -9999 -9999 -9999 -9999 -9999 -9999 -9999 -9999 -9999 -9999 -9999 -9999 -9999 -9999 -9999 -9999 -9999 -9999 -9999 -9999 -9999 -9999 -9999 0.302458345217505 0.374397706362306 0.400591789907196 0.356421254675899 0.352438122945061 0.35790790642862 0.364732012792169 0.486764007111551 0.567428894994766 0.631888374087334 0.566832229836711 0.477388111591276 0.580956191485899 0.685294033146651 0.820435593354766 0.832022197524677 0.821849724772172 0.760832657327938 0.674590014945502 0.662205516775006 0.525213245132433 0.524457003678385 0.484632296273449 0.464061627653879 0.452195963670316 0.377350775014964 0.742755047993058 0.872540096666857 0.350968820317728 0.474927692953222 0.771577069882208
-9999 -9999 -9999 -9999 -9999 -9999 -9999 -9999 -9999 -9999 -9999 -9999 -9999 -9999 -9999 -9999 -9999 -9999 -9999 -9999 -9999 -9999 -9999 -9999 -9999 -9999 -9999 -9999 -9999 -9999 0.2128702734093 0.251598768498188 0.309397129032557 0.315162610528219 0.249701802761015 0.270856585946289 0.263802588819528 0.34965306421576 0.347584449713009 0.331950912873475 0.527896171226424 0.534364622931064 0.615496076716095 0.748953902721034 0.870903233115683 0.741542653917353 0.78577042065264 0.858782093647077 0.780001993286179 0.713694622212048 0.462053494459073 0.307834775813527 0.505775000339957 0.507860234306055 0.47729657586973 0.584794849417503 0.611420783010166 0.839561277593257 0.599441564446409 0.565593899128892 0.882963226545712
-9999 -9999 -9999 -9999 -9999 -9999 -9999 -9999 -9999 -9999 -9999 -9999 -9999 -9999 -9999 -9999 -9999 -9999 -9999 -9999 -9999 -9999 -9999 -9999 -9999 0.0547895209037147 -9999 -9999 -9999 -9999 -9999 0.212388197902019 -9999 -9999 0.257819716635652 0.240258789351054 0.260731806218156 0.217742909559735 0.21583682026923 0.231301191022964 0.425741962081699 0.824263438954853 0.847861049364484 0.858851011291697 0.910485609832373 0.756407430093375 0.884920364262745 0.852319350047606 0.781552552633799 0.748488056589487 0.490832040104836 0.576240729491404 0.473835314043114 0.477663677588726 0.618559728223229 0.54480092172779 0.599391305474161 0.847185807931138 0.871600459405092 0.613731595447776 0.748536782509297
-9999 -9999 -9999 -9999 -9999 -9999 -9999 -9999 -9999 -9999 -9999 -9999 -9999 -9999 -9999 -9999 -9999 -9999 -9999 -9999 -9999 0.0474896985144284 0.038452152354493 -9999 0.0563192625661028 -9999 0.141431455887871 0.166626122424701 0.150756602087135 0.152733591833043 0.159532432654475 0.205897136378215 0.209251124639651 -9999 0.235158529453643 0.219453860671299 0.24323721448232 0.308718773184641 0.242816885708323 0.274216870460231 0.383762175008616 0.597959987028108 0.842598049899324 0.852062477896915 0.868370422503323 0.661377673573651 0.728957779667172 0.703718336231303 0.774634104707539 0.848730411584651 0.651132566469676 0.622274379613623 0.403208451220013 0.613465059019218 0.666729040069303 0.505948020517644 0.644867370836142 0.802594221300034 0.878422814502712 0.588278857437457 0.631192874362098
-9999 -9999 -9999 -9999 -9999 -9999 -9999 -9999 -9999 -9999 -9999 -9999 -9999 -9999 -9999 -9999 -9999 -9999 -9999 -9999 0.0318267246470435 0.0331836155550066 0.0388950934532169 0.0586955161722281 0.057706986941522 0.0830546812187065 0.133108065069758 0.14196815221423 0.15276227974225 0.166620079303979 0.173046906507109 0.220235244448492 0.280020065511578 -9999 -9999 0.251089933869499 0.293730002832111 0.293483508889831 0.303647086914231 0.400088058580261 0.347768555420253 0.598411140466028 0.765001155406254 0.781721850000702 0.766294574902401 0.752127493877038 0.717069371074419 0.691700974075231 0.87177985549371 0.878471767899608 0.718651152310738 0.698656470916542 0.558003946784891 0.644364414728725 0.406487145177639 0.503631142968033 0.651468105502532 0.824904350983029 0.697649680801304 0.630458677327722 0.588213690326188
-9999 -9999 -9999 -9999 -9999 -9999 -9999 -9999 -9999 -9999 -9999 -9999 -9999 -9999 -9999 -9999 -9999 -9999 -9999 0.0495714158424724 0.022648112547904 0.0302689107250302 0.0431895601598514 0.0681850659294433 0.260042686894327 0.216537036251726 0.140895499687498 0.169154545769318 0.121266897570172 0.126995358372756 0.215845940615785 0.261806621012709 0.206231685181609 0.245819925685451 0.237367881503721 0.234710092388868 0.225092668279927 0.246869324643584 0.264637358865041 0.425131507239402 0.681714281905689 0.681786607100093 0.759839821360205 0.75627343039501 0.802176347341895 0.770638983053247 0.767415916500119 0.763786024684957 0.880257321183422 0.893499157965636 0.693248021036358 0.714506793946865 0.685964384921875 0.5235285644865 0.483369639690256 0.52753547496029 0.642097901546504 0.786265482987235 0.757896657702525 0.75758721401144 0.613981732468454
-9999 -9999 -9999 -9999 -9999 -9999 -9999 -9999 -9999 -9999 -9999 -9999 -9999 -9999 -9999 -9999 -9999 -9999 -9999 0.0232474768994284 0.0225219742378022 0.0233207547641982 0.0557495091753568 0.124312525797799 0.158499011361141 0.159367304119945 0.173316458087373 0.182764264812206 0.138381842998066 0.16999648402227 0.189161730441356 0.179161154702501 0.182921783683993 0.236605337187341 0.252738738699924 0.196013623857184 0.184560245984075 0.199110378338905 0.218440947441657 0.433588909770451 0.637751277913303 0.736463341213562 0.568289027200344 0.717392989845578 0.562532893649326 0.77346484376908 0.777310880005425 0.820792685078477 0.870705486901441 0.793824541979592 0.658667087611654 0.716495672815446 0.707498554725615 0.575828024067017 0.537602968480581 0.546339633057641 0.550655380296533 0.6845479375927 0.700410070683544 0.391751490944462 0.410026633925687
-9999 -9999 -9999 -9999 -9999 -9999 -9999 -9999 -9999 -9999 -9999 -9999 -9999 -9999 -9999 -9999 -9999 -9999 -9999 0.0344537935402892 0.0360849764437648 0.0457734836822232 0.0366741521602977 0.0387195073418164 0.04448927335918 -9999 -9999 -9999 -9999 0.147927272867978 0.161070745294155 0.194504463026023 0.186698674417348 0.216442613163985 0.163084964719835 0.184003529934869 0.179442643474111 0.192832943044113 0.201506135248445 0.398508335571289 0.377966675513472 0.449087625846542 0.555560532335367 0.466280384179252 0.505148703440872 0.751893895265721 0.776810663735486 0.816579512951343 0.825166616866047 0.634872026473335 0.666650456768393 0.79075968556318 0.609235136554538 0.571066691753516 0.452335531745722 0.480583261722917 0.589890212616011 0.585419956739347 0.678541578841231 0.642855819277454 0.861691710925898
-9999 -9999 -9999 -9999 -9999 -9999 -9999 -9999 -9999 -9999 -9999 -9999 -9999 -9999 -9999 -9999 -9999 -9999 -9999 -9999 -9999 -9999 -9999 -9999 -9999 -9999 -9999 -9999 -9999 0.0560920477001561 0.143040621877815 0.178573378851145 0.165633524701074 0.17071879557503 0.155194309282819 0.153024516133808 0.183093440515772 0.19592677777336 0.289954102505937 0.342510614884199 0.218912534295261 0.251425366894761 0.327470370059877 0.274250534958461 0.628862867480506 0.741467257394994 0.833788417323847 0.814099546326355 0.60339325635686 0.660688391394367 0.828430707585519 0.6629872545557 0.515978923698811 0.368744349488521 0.243503098763274 0.26351228087215 0.59735969287167 0.578790363797354 0.645005427989352 0.667394723691701 0.727743330103432
-9999 -9999 -9999 -9999 -9999 -9999 -9999 -9999 -9999 -9999 -9999 -9999 -9999 -9999 -9999 -9999 -9999 -9999 -9999 -9999 -9999 -9999 -9999 -9999 -9999 -9999 -9999 -9999 -9999 -9999 -9999 0.0770671304993183 0.0845587787207677 0.119561413653246 0.123933644249556 0.145598205904501 0.15877117365611 0.163130334042205 0.141823828224829 0.213851266139609 0.22604141691999 0.167031082387673 0.0887479532480376 0.143238482633348 0.281831316320244 0.551282312790649 0.770269528758391 0.567025518574001 0.625551923704461 0.822910102294054 0.705544510430802 0.548366110107726 0.541337923379468 0.233325565104243 0.146555400470097 0.288113749923469 0.688179408946567 0.706438613509662 0.659630350026559 0.762534005779518 0.736656452284624
-9999 -9999 -9999 -9999 -9999 -9999 -9999 -9999 -9999 -9999 -9999 -9999 -9999 -9999 -9999 -9999 0.0341134423373527 0.0254177932733067 -9999 -9999 -9999 -9999 -9999 -9999 -9999 -9999 -9999 -9999 -9999 -9999 -9999 0.0677273839210077 0.0569655272758716 0.0652487338438538 0.06591364479647 0.0569289469215075 0.0572507504444137 0.104413575757562 0.11111919576285 0.0632166010266064 0.163725959903291 0.0586950990089259 0.0809183493705144 0.186586536383444 0.2414362641807 0.561077108483791 0.643830641430297 0.502877784622525 0.695566378793044 0.750202961023951 0.474124777228346 0.378765702811027 0.273397368014988 0.222734387983711 0.385812657678822 0.488816275589836 0.631534804565383 0.652049146702312 0.763732742116075 0.861012663804665 0.800610388261839
-9999 -9999 -9999 -9999 -9999 -9999 -9999 -9999 -9999 -9999 -9999 -9999 -9999 -9999 -9999 -9999 -9999 0.0329799652088477 0.0263431790251927 -9999 -9999 -9999 -9999 -9999 -9999 -9999 -9999 -9999 -9999 -9999 -9999 -9999 0.0584911249042456 0.0538156782113814 0.0608785172747326 0.0602172480431153 0.0743581479385138 0.0744410355854609 0.0818178026171632 0.0591943869875916 0.0886464062301889 0.0960857812475472 0.072411720155885 0.14244109230936 0.497359095753615 0.528077559664062 0.540842255519804 0.620901113856984 0.670895825077145 0.493445125751758 0.275852049027274 0.22549504496242 0.334542601690288 0.551228557009438 0.532307898047809 0.586400491989694 0.595456384958394 0.652084205360039 0.779576559559556 0.841059915290163 0.754652459759216
-9999 -9999 -9999 -9999 -9999 -9999 -9999 -9999 -9999 -9999 -9999 -9999 -9999 -9999 -9999 -9999 -9999 0.0291896436306103 0.0279971363517954 0.0296007597673075 -9999 -9999 -9999 -9999 -9999 -9999 -9999 -9999 -9999 -9999 -9999 -9999 0.0471086978375629 0.0613803764142707 0.0724327966403324 0.0725802250314886 0.0754995853412784 0.0699651011800174 0.130932164158499 0.0621699428881167 0.0547929678922445 0.126074533072962 0.134648016325153 0.221547829431963 0.298036766153844 0.232979162080067 0.402314427683625 0.25998237027085 0.236399730150065 0.254624327908929 0.250604396330297 0.142953539630623 0.259055819223476 0.32035614829959 0.515749641717088 0.526860690851662 0.548668131440466 0.615360653410931 0.624624288591143 0.675096305312206 0.562881654444957
-9999 -9999 -9999 -9999 -9999 -9999 -9999 -9999 -9999 -9999 -9999 -9999 -9999 -9999 -9999 -9999 -9999 -9999 0.0286340649075754 0.0265980231752875 -9999 -9999 -9999 -9999 -9999 -9999 -9999 -9999 -9999 -9999 -9999 -9999 0.0578889368306011 0.0562712876902091 0.057603633501513 0.0582898588009734 0.0735618375066038 0.0757794660015722 0.136224287671515 0.146011386999598 0.0657754680160659 0.134156323888752 0.112547309975021 0.141858513765903 0.12217803747334 0.105833711971824 0.161576342028077 0.110252789161995 0.121352930702354 0.119634361720813 0.157186447907228 0.127165521118659 0.148050023401719 0.137771927555694 0.187682174874435 0.253254760068937 0.487678960791077 0.537799806571325 0.512777633175558 0.565747397834081 0.402602477252378
-9999 -9999 -9999 -9999 -9999 -9999 -9999 -9999 -9999 -9999 -9999 -9999 -9999 -9999 -9999 -9999 -9999 -9999 -9999 0.0344292734691434 0.0392063284103911 -9999 -9999 -9999 -9999 -9999 -9999 -9999 -9999 -9999 -9999 -9999 -9999 0.0469337924060085 0.0584725774643331 0.0588783949082211 0.0509318998122747 0.068752702468861 0.133472716266456 0.092774998034772 0.0608709787088628 0.0748151723829241 0.0803491168453898 0.0791544854505582 0.0754961191921257 0.084855634053588 0.0875108687970653 0.100904732119347 0.120806112105491 0.144623619917921 0.117326792123316 0.117771913690915 0.0955726622281954 0.0809424250790766 0.0824393246078916 0.156336651551364 0.467367621714575 0.464284099392545 0.45318209241323 0.600637420288181 0.588680002462455
-9999 -9999 -9999 -9999 -9999 -9999 -9999 -9999 -9999 -9999 -9999 -9999 -9999 -9999 -9999 -9999 -9999 -9999 -9999 0.0351774143408222 0.038867002934152 -9999 -9999 -9999 -9999 -9999 -9999 -9999 -9999 -9999 -9999 -9999 -9999 0.0449335172158157 -9999 -9999 0.0498618013038619 0.0575811581197474 0.0780551012295588 0.0559394626249063 0.0585481610095542 0.0810352077844186 0.0953709584199799 0.148331170365248 0.127730054548606 0.0971871485684957 0.0983929765516802 0.114826195875359 0.087007189091034 0.0847507677995327 0.0950200703108726 0.0904665994321794 0.0806156371163069 0.0826737645370499 0.0818947643922847 0.102513007460444 0.32607054159178 0.453020652688899 0.460791925795335 0.37010090841868 0.367151030984401
-9999 -9999 -9999 -9999 -9999 -9999 -9999 -9999 -9999 -9999 -9999 -9999 -9999 -9999 -9999 -9999 -9999 -9999 -9999 -9999 0.039361617004037 -9999 -9999 -9999 -9999 -9999 -9999 -9999 -9999 -9999 -9999 -9999 -9999 0.0476109839586628 0.0595971522348496 0.0642778951996739 0.071587444814851 0.0869215536425291 0.0947297305968109 0.0666542044231206 0.0721991334656407 0.0774015328690825 0.0799512296209866 0.0830394901484548 0.0731008439662571 0.0983058756266664 0.0876656380851785 0.0906012712844987 0.100513959724385 0.0836316535889926 0.0850446453276191 0.0817879787418088 0.0755816970854754 0.088056668177739 0.0923905342275786 0.177906738337405 0.355998960779348 0.438395628939738 0.149010556796612 0.0931728779816344 0.113070588777378
-9999 -9999 -9999 -9999 -9999 -9999 -9999 -9999 -9999 -9999 -9999 -9999 -9999 -9999 -9999 -9999 -9999 -9999 -9999 -9999 -9999 -9999 -9999 -9999 -9999 -9999 -9999 -9999 -9999 -9999 -9999 -9999 0.0524068784322178 0.0598412781343832 0.0796361410076793 0.0983442001551871 0.0954300373660681 0.10262314587316 0.105985393253292 0.09337571882501 0.0850337294901154 0.0770765494801597 0.0829135490630953 0.0960140419229992 0.0700038961332834 0.111604460201364 0.0930982990866297 0.0900505612198224 0.0932983504833922 0.106088962483574 0.0862193037279314 0.0826690037058981 0.0747971742532431 0.0839325594546401 0.0938770497639129 0.0947391846118918 0.209257354058392 0.167497946080304 0.0719507424935319 0.089481471807876 0.129742159815621
-9999 -9999 -9999 -9999 -9999 -9999 -9999 -9999 -9999 -9999 -9999 -9999 -9999 -9999 -9999 -9999 -9999 -9999 -9999 -9999 -9999 -9999 -9999 -9999 -9999 -9999 -9999 -9999 -9999 -9999 -9999 -9999 0.0667278838403581 0.0611417238896709 0.0805228831913259 0.0889025089642848 0.100975479045488 0.087813837319167 0.115664837701288 0.0941992854403907 0.106901397685569 0.152354337632362 0.130212111620839 0.111368802011461 0.107946597976636 0.07902976888188 0.101609813013436 0.0894564135377718 0.08951783800236 0.0988788144129273 0.0808718998535913 0.0806700139088043 0.0708909270086116 0.0814139925921852 0.0943358888754608 0.0911580603034074 0.0944170544975409 0.0673836164860455 0.0677844979528213 0.0813475181893527 0.130777559465022
-9999 -9999 -9999 -9999 -9999 -9999 -9999 -9999 -9999 -9999 -9999 -9999 -9999 -9999 -9999 -9999 -9999 -9999 -9999 -9999 -9999 -9999 -9999 -9999 -9999 -9999 -9999 -9999 -9999 -9999 -9999 -9999 0.063269051604351 0.0622474053167198 0.0892014209958403 0.0940856650115866 0.103158739671763 0.115479243089487 0.120703710554764 0.126207784186815 0.111046714292133 0.131629509004245 0.130722971850928 0.128041631393354 0.106954771477898 0.10292860319527 0.0772049209698513 0.0826736113090926 0.08859961017772 0.0853272739436277 0.0813476882451319 0.0816237432541405 0.0892676398577919 0.0825966054781621 0.0851588735656761 0.0848019328624058 0.0860337116680229 0.0651275820919072 0.0683725828070594 0.0746364251611378 0.109970856538745
-9999 -9999 -9999 -9999 -9999 -9999 -9999 -9999 -9999 -9999 -9999 -9999 -9999 -9999 -9999 -9999 -9999 -9999 -9999 -9999 -9999 -9999 -9999 -9999 -9999 -9999 -9999 -9999 -9999 -9999 -9999 -9999 0.0664129341592949 0.0689156549533793 0.0917500555004869 0.100268852810095 0.0999933721691833 0.111944593816241 0.122294347807838 0.115104377154235 0.15005102522278 0.137137947474517 0.153727464109234 0.128309343941201 0.137086564586779 0.0985084118015993 0.0848161286512286 0.0730943728650461 0.0615161731227577 0.0784743207114745 0.0727011138178716 0.0720594065308969 0.0725549013577983 0.0906587682957118 0.094200287396928 0.0943251876239769 0.0843897269036494 0.0572110358784488 0.164114273925237 0.115686320269636 0.217879484590017
-9999 -9999 -9999 -9999 -9999 -9999 -9999 -9999 -9999 -9999 -9999 -9999 -9999 -9999 -9999 -9999 -9999 -9999 -9999 -9999 -9999 -9999 -9999 -9999 -9999 -9999 -9999 -9999 -9999 -9999 -9999 -9999 -9999 0.0865347078936671 0.116749111620838 -9999 0.101461396004713 0.114857953114361 0.11990218407606 0.130177868870463 0.166623865348522 0.169981416314839 0.121141922935683 0.113548338263712 0.13672361292002 0.116377182331187 0.111307117440959 0.0722557612155139 0.0783535671543855 0.075904121816196 0.0782741208528794 0.0693679714668453 0.0633873474812763 0.0902472146123602 0.118407467093147 0.156860049412972 0.137033702562002 0.137371736810435 0.18621921765867 0.311293739708983 0.196931010546136
-9999 -9999 -9999 -9999 -9999 -9999 -9999 -9999 -9999 -9999 -9999 -9999 -9999 -9999 -9999 -9999 -9999 -9999 -9999 -9999 -9999 -9999 -9999 -9999 -9999 -9999 -9999 -9999 -9999 -9999 -9999 -9999 -9999 0.0863075853033004 0.113515451904729 -9999 0.104259098879322 0.116146247069451 0.14312403731037 0.124313964943588 0.135192349889625 0.137527496018534 0.11603551898699 0.128177874309101 0.12384692862838 0.115123237878228 0.0960942778068738 0.0745174708531317 0.0618431140879508 0.0572281942889217 0.0503535089225693 0.0567290940213796 0.067861561392876 0.0921324418537511 0.134386382554344 0.171008519178933 0.116612256399256 0.244925263238968 0.301842436307993 0.308498093189746 0.248305326207583
-9999 -9999 -9999 -9999 -9999 -9999 -9999 -9999 -9999 -9999 -9999 -9999 -9999 -9999 -9999 -9999 -9999 -9999 -9999 -9999 -9999 -9999 -9999 -9999 -9999 -9999 -9999 -9999 -9999 -9999 -9999 -9999 -9999 -9999 0.096112953161468 -9999 -9999 0.110374011098808 0.1113064266711 0.130890767456868 0.119665376942841 0.137964378887028 0.114505012197495 0.107747327541073 0.108657587328351 0.0867228104447216 0.0873782602735423 0.0794448433401433 0.0615550561352335 0.0552846265395163 0.0568990158375268 0.0692000880811898 0.0882520972556791 0.130016873110277 0.140428011751061 0.162962417285573 0.164647837306953 0.26964201609417 0.305827243737339 0.310724637479493 0.189852756819601
-9999 -9999 -9999 -9999 -9999 -9999 -9999 -9999 -9999 -9999 -9999 -9999 -9999 -9999 -9999 -9999 -9999 -9999 -9999 -9999 -9999 -9999 -9999 -9999 -9999 -9999 -9999 -9999 -9999 -9999 -9999 -9999 -9999 -9999 0.0859194176510313 -9999 0.137159095177456 0.0832870862007225 0.093194610381921 0.123054238271464 0.100661806161184 0.133664665189826 0.111344366170503 0.103349766525508 0.105428592079616 0.0852449020772304 0.0845892757863048 0.0714118153969077 0.0597331929474977 0.051431991319478 0.064432158626715 0.0731890524590847 0.0930223450643336 0.141805260041417 0.15385438318624 0.150089602212821 0.181527065860831 0.380790490570212 0.358714155263247 0.321782226899794 0.217131445593448
-9999 -9999 -9999 -9999 -9999 -9999 -9999 -9999 -9999 -9999 -9999 -9999 -9999 -9999 -9999 -9999 -9999 -9999 -9999 -9999 -9999 -9999 -9999 -9999 -9999 -9999 -9999 -9999 -9999 -9999 -9999 -9999 -9999 -9999 -9999 0.136969377503895 0.135998839345967 0.0505815842238132 0.127549144044672 0.116535062229307 0.102682064443492 0.109973636172405 0.104957357060605 0.0987435762039942 0.103061057649295 0.0855061494047164 0.0751760416971269 0.0648534984195392 0.0591881870957954 0.0510011746106803 0.051890205652667 0.049832540191612 0.0918744675524981 0.108697792837047 0.118997712705405 0.125056226885149 0.178012054991427 0.190560497453572 0.179751177626702 0.237224297708892 0.391339310946103
-9999 -9999 -9999 -9999 -9999 -9999 -9999 -9999 -9999 -9999 -9999 -9999 -9999 -9999 -9999 -9999 -9999 -9999 -9999 -9999 -9999 -9999 -9999 -9999 -9999 -9999 -9999 -9999 -9999 -9999 -9999 -9999 -9999 -9999 -9999 0.074471368314947 0.0760292374388594 0.094950742585737 0.0980256409773212 0.116651742650441 0.0931286464604651 0.104823212227792 0.102598754517515 0.106486487184739 0.099878550128328 0.0823749666073135 0.0723855889593555 0.0636347142248741 0.0576475213583969 0.0496678674595612 0.0524598719142745 0.0598480070846123 0.0866631293365195 0.101341337516958 0.133457430844422 0.143034087985983 0.328134613909483 0.432027195976092 0.264187510326461 0.120522564069852 0.117758824949088
