STOTEN_Data/raw/ProbDOpt5ppm_Deep.asc
NCOLS 250 
NROWS 718 
XLLCORNER -2256000 
YLLCORNER 1557000 
CELLSIZE 1000 
NODATA_value -9999 
[rows 108 to 134 of 718, columns 61 to 121 of 250]
0.0656121290024401 0.0637783013658742 0.0678125103124432 0.0692628541106115 0.0873964198587596 0.109235672990211 0.154575995619688 0.232265461715275 0.326638772795449 0.326608339399493 0.302225400326651 0.348479349084766 0.511115833677371 0.351010049545232 0.352908457908829 0.420501361292043 0.15933572315926 0.165164815159224 0.261777435752113 0.466383534685992 0.211451416665446 0.171965407721608 0.144730671210102 0.122763205446083 0.111225140893887 0.0996629597307803 0.106417579032535 0.103424417855493 0.125114791995996 0.134364893180111 0.129466376506372 -9999 -9999 -9999 -9999 -9999 -9999 -9999 -9999 -9999 -9999 -9999 -9999 -9999 -9999 -9999 -9999 -9999 -9999 -9999 -9999 -9999 -9999 -9999 -9999 -9999 -9999 -9999 -9999 -9999 -9999
0.0770213368945269 0.0632810697139614 0.104192363592362 0.072033544317848 0.0694947036524376 0.198918726089725 0.111713176959013 0.124879777722017 0.154835648480929 0.129482611447015 0.142413572763898 0.20012557360157 0.416455522646515 0.33540441429277 0.42681803756867 0.297794011945742 0.336831355260004 0.2913466515941 0.37226406914179 0.435503693581905 0.268472319678878 0.154935970469652 0.14742315186314 0.0871898618771822 0.145056744015514 0.12253878813921 0.112892670101975 0.0947367332581585 0.0878871783267752 0.10913756278843 0.114956916983307 0.0966165713931167 -9999 -9999 -9999 -9999 -9999 -9999 -9999 -9999 -9999 -9999 -9999 -9999 -9999 -9999 -9999 -9999 -9999 -9999 -9999 -9999 -9999 -9999 -9999 -9999 -9999 -9999 -9999 -9999 -9999
0.136101876044557 0.129223052218764 0.0789825251770264 0.175743340212914 0.1511693328207 0.193034144296842 0.198241168135324 0.218612948953848 0.276014030696195 0.206729103763401 0.231556468413668 0.309235852035508 0.17788682890088 0.221526997133647 0.379001728057798 0.38557098594373 0.422689538919332 0.314563936732366 0.243792381801972 0.309842393127761 0.20009916012978 0.137147055644957 0.181614248251609 0.0714380640324771 0.094161011493471 0.110361933492557 0.0999052248124486 0.10762376595676 0.104701230414941 0.101333272502081 0.0801594792941553 0.0642328549271868 -9999 -9999 -9999 -9999 -9999 -9999 -9999 -9999 -9999 -9999 -9999 -9999 -9999 -9999 -9999 -9999 -9999 -9999 -9999 -9999 -9999 -9999 -9999 -9999 -9999 -9999 -9999 -9999 -9999
0.11451773226469 0.117163810061415 0.123671978609268 0.134992858011303 0.087208316659504 0.108379921060084 0.143384846595344 0.150339109742324 0.137499364084182 0.23823901207538 0.269570614019176 0.32769211574744 0.17845024942344 0.335414041919405 0.263142354999856 0.439591133959452 0.467101340616229 0.242872377556375 0.184270857564208 0.151278889789478 0.139525553057537 0.158415068366074 0.187742993842608 0.102091096639713 0.0684252072813115 0.0755922516227665 0.106305422603761 0.114929617270027 0.12678851401198 0.141763137516888 0.108381292941387 0.113191978949954 -9999 -9999 -9999 -9999 -9999 -9999 -9999 -9999 -9999 -9999 -9999 -9999 -9999 -9999 -9999 -9999 -9999 -9999 -9999 -9999 -9999 -9999 -9999 -9999 -9999 -9999 -9999 -9999 -9999
0.0567413872625385 0.0808769810887073 0.0693535613407588 0.131304630623105 0.162297345393006 0.180045498522015 0.129361269174829 0.127629519659055 0.139953813779423 0.153690808432142 0.351867058959476 0.419312909060194 0.305718937200612 0.428335695652832 0.281990007022958 0.29014677296148 0.478579050151565 0.414091630678512 0.21400123340284 0.121132378117747 0.16117862950003 0.15039299266257 0.117625010632852 0.0737724062335785 0.0942373579003305 0.0781534093986453 0.105110760491212 0.107989301249738 0.107038421270009 0.151788976802349 0.130152184743971 0.126843594500607 -9999 -9999 -9999 -9999 -9999 -9999 -9999 -9999 -9999 -9999 -9999 -9999 -9999 -9999 -9999 -9999 -9999 -9999 -9999 -9999 -9999 -9999 -9999 -9999 -9999 -9999 -9999 -9999 -9999
0.0539498838976097 0.0718414972173425 0.0884393726701489 0.153305440753933 0.226027395021105 0.323919858726146 0.145760990603346 0.186567028857869 0.117529673518323 0.128654972093775 0.159601012957005 0.165162838366207 0.188116659335068 0.283380469722837 0.249513508684855 0.298826252539466 0.437220242266541 0.36308768114465 0.253781038076213 0.17892157586608 0.201998085568722 0.18206572113368 0.114317937176742 0.11504341477048 0.121657453408252 0.0790254050106508 0.117943675815461 0.129391121202993 0.124437543644395 0.135666131242046 0.120739366561784 0.114835905767544 0.117929968703438 -9999 -9999 -9999 -9999 -9999 -9999 -9999 -9999 -9999 -9999 -9999 -9999 -9999 -9999 -9999 -9999 -9999 -9999 -9999 -9999 -9999 -9999 -9999 -9999 -9999 -9999 -9999 -9999
0.0770657503672628 0.0659381156042615 0.181888098644915 0.248587937566238 0.21350360432887 0.314087619214833 0.183710449413726 0.19177445751385 0.221984639043909 0.196486552514062 0.157080242331085 0.151732111466859 0.18612285478766 0.212164704437017 0.306384551926969 0.222801323807791 0.44384395644981 0.576294178266522 0.296061165914457 0.282908615148906 0.212231413579326 0.191670186550877 0.131119423638494 0.195816786647422 0.102512876172385 0.110148836150511 0.143030140861627 0.128514771528362 0.119960842030487 0.140652277446843 0.120507190181903 0.11226750173646 0.11299040733591 -9999 -9999 -9999 -9999 -9999 -9999 -9999 -9999 -9999 -9999 -9999 -9999 -9999 -9999 -9999 -9999 -9999 -9999 -9999 -9999 -9999 -9999 -9999 -9999 -9999 -9999 -9999 -9999
0.0664586891499634 0.172045510660114 0.214192938573833 0.224602780992018 0.216986107068021 0.234901219687589 0.151801721091547 0.11371042101624 0.141823016012903 0.158936226837764 0.157335515290359 0.150494941246908 0.171976429453763 0.163828409994059 0.220619001091473 0.242691868398835 0.265130050761619 0.793378082884094 0.662853961481645 0.523030298307716 0.28210343659659 0.20697507048725 0.199127708958685 0.179948571694276 0.165885219342263 0.12333318659305 0.117767926387049 0.134842905198866 0.0947316087024817 0.10929418416627 0.118545591030665 0.125540698538108 0.130758964192638 0.115836770531482 -9999 -9999 -9999 -9999 -9999 -9999 -9999 -9999 -9999 -9999 -9999 -9999 -9999 -9999 -9999 -9999 -9999 -9999 -9999 -9999 -9999 -9999 -9999 -9999 -9999 -9999 -9999
0.0789072289750955 0.156674319413329 0.186198160812237 0.175266974497666 0.133502820240363 0.13871207208456 0.0997417533522065 0.104450205181583 0.150211688287155 0.182739520247093 0.169954586577012 0.174575375160649 0.188133453245735 0.163714871983965 0.238382448106254 0.213265362361718 0.444086267474737 0.758632725622204 0.720639448392899 0.573919053510227 0.410772308931773 0.260830133582099 0.197869434739873 0.178614547423235 0.138928904731043 0.101291460458508 0.150494049112833 0.137069257500088 0.126371686888246 0.113192320474374 0.121072477579069 0.132805750090241 0.137309318550282 0.138990388967285 -9999 -9999 -9999 -9999 -9999 -9999 -9999 -9999 -9999 -9999 -9999 -9999 -9999 -9999 -9999 -9999 -9999 -9999 -9999 -9999 -9999 -9999 -9999 -9999 -9999 -9999 -9999
0.081896382022043 0.107416923664585 0.0817862147142645 0.0819776751674936 0.081265410700603 0.0771639442518243 0.0940964243761535 0.107460147130886 0.121549746530344 0.169397222515396 0.181999767019458 0.210568091425211 0.224418667098439 0.24138794475966 0.271883505312184 0.450642980398196 0.51079852152344 0.627135448250043 0.711559192976463 0.637923714823034 0.499635105906389 0.279487478695927 0.164674486896923 0.158214484843927 0.123823146771918 0.125505090245324 0.117045136607491 0.112468963669886 0.106770194345571 0.129974504865647 0.158674233325982 0.137359990095886 0.133679467237992 0.148852371909407 -9999 -9999 -9999 -9999 -9999 -9999 -9999 -9999 -9999 -9999 -9999 -9999 -9999 -9999 -9999 -9999 -9999 -9999 -9999 -9999 -9999 -9999 -9999 -9999 -9999 -9999 -9999
0.0770353816043174 0.133294573428154 0.0689006745469191 0.0678273415756663 0.0889375449170493 0.0841168571248037 0.0757444120607043 0.110145716474983 0.137861759116942 0.152242276333512 0.156651854657955 0.211726483090711 0.235311544377638 0.252345909017992 0.14333188203959 0.213758500916458 0.3430206932612 0.438259833808654 0.797275753662185 0.71011007954701 0.584640779038351 0.164946208479051 0.0967063831562797 0.13428791966994 0.124165592857663 0.0806388005935863 0.0997342629472513 0.123847404345757 0.0584065778120103 0.0712127004492195 0.093924195725154 0.156089972959751 0.131037310636695 0.158776307909566 0.137978376947047 -9999 -9999 -9999 -9999 -9999 -9999 -9999 -9999 -9999 -9999 -9999 -9999 -9999 -9999 -9999 -9999 -9999 -9999 -9999 -9999 -9999 -9999 -9999 -9999 -9999 -9999
0.0670767130637532 0.134484792184515 0.114952490199328 0.0775663847327412 0.0945415815221532 0.102641514632002 0.120427974321446 0.112938620245482 0.142739395083321 0.182654011457248 0.189876748138374 0.155688902329508 0.202809622869966 0.250369489684071 0.257618952345155 0.213517347452572 0.522724984836744 0.535263756117239 0.791253822049305 0.756252438418217 0.548881759851845 0.0920628897665942 0.0745934206269025 0.0716438768644817 0.0763204605076601 0.087613984881881 0.0738980275398394 0.100358137121274 0.0797055677239515 0.0922756662338005 0.0768331440403048 0.101808603950536 0.13608972247078 0.14383868531064 0.130144580154569 -9999 -9999 -9999 -9999 -9999 -9999 -9999 -9999 -9999 -9999 -9999 -9999 -9999 -9999 -9999 -9999 -9999 -9999 -9999 -9999 -9999 -9999 -9999 -9999 -9999 -9999
0.0714213147209039 0.0816907014601927 0.132521216435405 0.125455597439617 0.115276936150889 0.102680625287351 0.289094730948441 0.234770502686039 0.143072261267332 0.191118180096111 0.153422413709504 0.224582654942767 0.187564863378706 0.169986201901091 0.161448149288281 0.216988597680531 0.506973314913576 0.348150400520375 0.810555174346949 0.747575268662452 0.446303848576382 0.15384273534623 0.0784435625352584 0.0726853290363059 0.060883016044096 0.0638237753122609 0.0573471554056282 0.0531756652858565 0.0657692111998046 0.0924398127192423 0.143471608647014 0.183872595260813 0.154997521743328 0.150119152232456 0.152692520525914 0.125356983336807 -9999 -9999 -9999 -9999 -9999 -9999 -9999 -9999 -9999 -9999 -9999 -9999 -9999 -9999 -9999 -9999 -9999 -9999 -9999 -9999 -9999 -9999 -9999 -9999 -9999
0.0692709348615539 0.0830183116658654 0.228550355681459 0.232964898282215 0.21128032926562 0.130679340206674 0.175379916923586 0.295703902200895 0.284013852482149 0.170219026634672 0.132848261994389 0.190188793659903 0.195714144134783 0.173798740981591 0.184345680565743 0.264482845335865 0.367307365849549 0.316484140301081 0.716502720993335 0.588879437742186 0.430547040675063 0.329004628655061 0.123618204908166 0.0728100564553095 0.0774243817855207 0.0769396962191018 0.0744581908439035 0.056225898856564 0.109518241709064 0.163241247972513 0.144964845453045 0.198006209179094 0.185989233334345 0.319006430456226 0.33618208253848 0.161639347866329 -9999 -9999 -9999 -9999 -9999 -9999 -9999 -9999 -9999 -9999 -9999 -9999 -9999 -9999 -9999 -9999 -9999 -9999 -9999 -9999 -9999 -9999 -9999 -9999 -9999
0.0813751512976322 0.0855810960920075 0.288105397493003 0.278062894835462 0.226210503553533 0.122940389684229 0.137987053666155 0.176786527449478 0.19660825651697 0.154268574743037 0.139870087650201 0.17890405304352 0.209391836020722 0.183947377799167 0.223875046642464 0.356379835820945 0.342981371568554 0.342277917984226 0.482426666202061 0.366647445589466 0.361582775612722 0.38213965269333 0.1113526055211 0.0784380493231525 0.0683614384035757 0.0634561883151222 0.0639039898009725 0.0690809333745371 0.12649444961539 0.0944349987109569 0.0876020710462942 0.167507193588488 0.349748358283584 0.334858051622984 0.327879810266014 0.266615311391053 0.119777974326102 -9999 -9999 -9999 -9999 -9999 -9999 -9999 -9999 -9999 -9999 -9999 -9999 -9999 -9999 -9999 -9999 -9999 -9999 -9999 -9999 -9999 -9999 -9999 -9999
0.139073461765386 0.154913554133165 0.150522963559519 0.133513495321915 0.156417127670001 0.125792919128945 0.181513475460741 0.247301038616541 0.219892445164205 0.263710569337197 0.189188056570445 0.180733762718473 0.217917963546476 0.179604640236005 0.205930050251236 0.405465380780711 0.319755165538756 0.390055008165298 0.676914800267525 0.663574335066964 0.390010527262219 0.316557021682274 0.206641047004284 0.120595603260922 0.0990247789697891 0.14509508425137 0.122984022404889 0.107133884125421 0.146309290084602 0.121898278142887 0.114406931071483 0.146891551485481 0.3244334783102 0.352998047304482 0.327249853902269 0.269621449148009 0.140773274043748 -9999 -9999 -9999 -9999 -9999 -9999 -9999 -9999 -9999 -9999 -9999 -9999 -9999 -9999 -9999 -9999 -9999 -9999 -9999 -9999 -9999 -9999 -9999 -9999
0.166637015636758 0.184219374813514 0.0996463598001387 0.183435029325174 0.137626573317747 0.240566588143382 0.244033003065942 0.291129844140925 0.295606172816345 0.211388453480083 0.232334828963225 0.18283250665049 0.219698250921876 0.214709319977749 0.376318523115118 0.303986889014225 0.407124694666913 0.614815404225787 0.713724686384072 0.731487229363451 0.611834210613253 0.426761245040038 0.200091815568895 0.172300600625985 0.146944406740592 0.128259368336026 0.132028080591189 0.128144441021744 0.121031339619486 0.119733417161065 0.147273716561579 0.188680948961118 0.198630152624434 0.30019079547433 0.275586877170954 0.142614510851588 0.144398022549569 -9999 -9999 -9999 -9999 -9999 -9999 -9999 -9999 -9999 -9999 -9999 -9999 -9999 -9999 -9999 -9999 -9999 -9999 -9999 -9999 -9999 -9999 -9999 -9999
0.109368932067392 0.275445918490057 0.127329920200772 0.232572791159882 0.214122357844973 0.172939775445886 0.207261313298223 0.245791845555741 0.30997011674369 0.332557197456482 0.239719988923613 0.149946498222247 0.168160950052263 0.20399496343497 0.455499335377276 0.63124421953174 0.643006183387482 0.811168061370363 0.889157256326688 0.882260276235183 0.754811872304636 0.581153037453043 0.392937102587634 0.15827207141192 0.114381212231572 0.116886012604727 0.110857950376565 0.11507396972212 0.12081577845173 0.10452661086625 0.0866436285102514 0.133287291684953 0.214262933598221 0.18807723291785 0.191725463590614 0.211446238602265 0.207250664909296 0.196001991605891 -9999 -9999 -9999 -9999 -9999 -9999 -9999 -9999 -9999 -9999 -9999 -9999 -9999 -9999 -9999 -9999 -9999 -9999 -9999 -9999 -9999 -9999 -9999
0.134744854843297 0.355347744653512 0.208975711012992 0.355882000312781 0.445721983490514 0.26355479914172 0.29900129622667 0.215445098828788 0.231415247942009 0.206190848481778 0.322102155124981 0.246315840644247 0.148696087223526 0.206627204707731 0.317944349150339 0.450420092879729 0.689365165651696 0.841952073155586 0.881227290379301 0.872617078590845 0.759937938913362 0.644848514616786 0.394370622038583 0.204114479988909 0.137128265388746 0.126293279760632 0.128279803265773 0.121224023148917 0.0707857513090843 0.0581656720658547 0.0595036781584142 0.20195670873021 0.237954219924356 0.225618794779706 0.192074901239968 0.272271603104048 0.282594983712398 0.15588465617496 -9999 -9999 -9999 -9999 -9999 -9999 -9999 -9999 -9999 -9999 -9999 -9999 -9999 -9999 -9999 -9999 -9999 -9999 -9999 -9999 -9999 -9999 -9999
0.283011275036121 0.496067683627702 0.284909350199723 0.596546970259501 0.678081092178424 0.651126439760042 0.650293132703168 0.29516513515206 0.29524371064187 0.197188653417185 0.173360172546759 0.325987038744317 0.22036528847877 0.262581668629823 0.555733061616059 0.521856612116676 0.766279461959763 0.849594614262514 0.84439010867364 0.74420392233506 0.648652909334541 0.440798986978436 0.256523788609808 0.138910359730335 0.0973996526452653 0.132372818394244 0.130038127005913 0.125935960478318 0.1256801537845 0.0818252666824647 0.111081775344953 0.146282906410999 0.199928152026751 0.181676008999364 0.162489974318713 0.162603402299999 0.14620522537861 0.125981767721951 -9999 -9999 -9999 -9999 -9999 -9999 -9999 -9999 -9999 -9999 -9999 -9999 -9999 -9999 -9999 -9999 -9999 -9999 -9999 -9999 -9999 -9999 -9999
0.587678784025627 0.638262076087682 0.584141732456481 0.673643094066049 0.794883701702041 0.771314529283757 0.783334024551143 0.673061656335841 0.293987503034471 0.252722975122253 0.28162066300431 0.223186491148038 0.421842255858664 0.341273252868512 0.584540206238246 0.520650825723575 0.766933014073757 0.850576142696766 0.814082076917548 0.684620767396769 0.47844487292792 0.120092085535822 0.157508140958169 0.145777660653884 0.142506735343801 0.137502952815874 0.130861392390429 0.126917113126543 0.124576367267357 0.0787076296856364 0.102574181859362 0.131560023263011 0.198794665522139 0.187636826455797 0.15930316730181 0.14628895982154 0.141662535747248 0.147489672141802 0.13920072313743 -9999 -9999 -9999 -9999 -9999 -9999 -9999 -9999 -9999 -9999 -9999 -9999 -9999 -9999 -9999 -9999 -9999 -9999 -9999 -9999 -9999 -9999
0.782176706047269 0.793038350738342 0.580115966085645 0.499193892328264 0.834781961336761 0.863316667350431 0.783950088665577 0.785159074344499 0.556149394085754 0.273489109845825 0.305999933827616 0.461358061707592 0.533683920119946 0.325775370794366 0.35119640847828 0.55048605092069 0.766154676531728 0.766383073154511 0.57948503693913 0.611973493733808 0.173537568674505 0.101793765627246 0.104286901660549 0.134339862774471 0.0885912875217853 0.118498899498633 0.118943293349884 0.13049424490344 0.12898131159994 0.208202117264549 0.0992678484091647 0.201546452803238 0.203786563478727 0.168865076462866 0.13547869999344 0.135883382002538 0.151281600593531 0.12683316785726 0.13853582218476 -9999 -9999 -9999 -9999 -9999 -9999 -9999 -9999 -9999 -9999 -9999 -9999 -9999 -9999 -9999 -9999 -9999 -9999 -9999 -9999 -9999 -9999
0.770523780131254 0.856202552093987 0.800809598689575 0.747478041322857 0.677592516586994 0.839461103070222 0.83821121025695 0.745689569894279 0.606251334926226 0.343219055296775 0.366517398786652 0.25795157157636 0.413845867232799 0.552066564100704 0.564024085552491 0.531788644175762 0.721784250190031 0.671730038661458 0.560110023965948 0.365710750484307 0.178673837936644 0.105947449321326 0.10142886549565 0.145848031371284 0.141098945900058 0.118209490931773 0.117230017938721 0.118142059983827 0.11935656224746 0.143604842969156 0.124752700353191 0.148931946241054 0.182019674507043 0.154142694273629 0.147001395523086 0.147762570630808 0.140105232148544 0.118210969589097 0.108399929423666 0.106838421050833 -9999 -9999 -9999 -9999 -9999 -9999 -9999 -9999 -9999 -9999 -9999 -9999 -9999 -9999 -9999 -9999 -9999 -9999 -9999 -9999 -9999
0.707877003167653 0.859548664941778 0.858124117591644 0.875105837820015 0.794867054301032 0.795543317863518 0.831630499617315 0.782726228536563 0.656253730390565 0.538498245662693 0.368431300945487 0.486438025798045 0.537293944748331 0.544360282241279 0.58725548882191 0.670840009400939 0.735947499421766 0.743871842348396 0.709177418733394 0.473031279875566 0.26646639521248 0.146115572428638 0.112818907668311 0.1423657819225 0.137060681375069 0.109772378321815 0.0750235763473122 0.116053648511384 0.092267732932922 0.109706561724237 0.082986666750499 0.0860709461477836 0.160495903949251 0.13475227814852 0.147415425283051 0.140165939148073 0.12292743924104 0.119597707098625 0.111564242257944 0.128562181353274 -9999 -9999 -9999 -9999 -9999 -9999 -9999 -9999 -9999 -9999 -9999 -9999 -9999 -9999 -9999 -9999 -9999 -9999 -9999 -9999 -9999
0.781201409026534 0.841875850348719 0.89826643667524 0.911019730581763 0.87850960161741 0.850314835704563 0.817759493401078 0.827190410816259 0.722625658548124 0.63451236931631 0.435979120288076 0.519036396323666 0.587582194036113 0.558319887448446 0.641585625014124 0.688072238550204 0.75078572576489 0.774337677397291 0.73636879637933 0.356552463851185 0.439888198459936 0.361772798805876 0.212632452240443 0.161220990510746 0.175969063039575 0.0735392651839457 0.0740665115874917 0.113557882523279 0.0602334551107351 0.187436365187468 0.14193491724348 0.109366951098002 0.158835572235912 0.15004138246722 0.149604192206066 0.133029999010879 0.128319987798446 0.114711500383779 0.0999459006605444 0.114964635919957 -9999 -9999 -9999 -9999 -9999 -9999 -9999 -9999 -9999 -9999 -9999 -9999 -9999 -9999 -9999 -9999 -9999 -9999 -9999 -9999 -9999
0.804346634003949 0.852872654767098 0.892999965904999 0.89568372800521 0.886072153256679 0.905316194860263 0.847109755647394 0.735789899856724 0.766666377728526 0.325478303468938 0.546443543721867 0.461195502631317 0.453857030353275 0.649619751920673 0.707973991324659 0.717821016273361 0.729152413850741 0.808535524110233 0.692403525212321 0.609972133847376 0.572453067119632 0.443210203593771 0.365736583785922 0.287745986427769 0.114435328522141 0.135381574660548 0.0986240388816683 0.0946757429355945 0.126301360117807 0.218085879900952 0.127462763089747 0.254575534941821 0.290485344867359 0.355535746041564 0.169836603940971 0.223261434033763 0.130184001041833 0.151036897760582 0.109018750165199 0.117956613293602 0.107957562754877 -9999 -9999 -9999 -9999 -9999 -9999 -9999 -9999 -9999 -9999 -9999 -9999 -9999 -9999 -9999 -9999 -9999 -9999 -9999 -9999
0.834422963018706 0.831148254648103 0.876891289775268 0.88029184169123 0.895574503902382 0.902638440637675 0.864822582730393 0.733047467665728 0.731446728022392 0.415322181544539 0.694289178069077 0.533860395433055 0.66518746254338 0.723085042625917 0.726063769110193 0.660577707781176 0.771484842544738 0.793181995172951 0.721008132715816 0.682908551046797 0.688051125717373 0.513690984723172 0.544791720194678 0.419866061692805 0.175633503000782 0.19270735570735 0.157216986128986 0.227441791642173 0.314567918011372 0.375326416324133 0.323571886421728 0.440696773810848 0.488595841935373 0.27861116377316 0.295153060897412 0.152572210467464 0.13231863931585 0.156216151212421 0.127336506620945 0.117481497482675 0.11540070700848 -9999 -9999 -9999 -9999 -9999 -9999 -9999 -9999 -9999 -9999 -9999 -9999 -9999 -9999 -9999 -9999 -9999 -9999 -9999 -9999
