STOTEN_Data/raw/ProbMn50ppb_Deep.asc
NCOLS 250 
NROWS 718 
XLLCORNER -2256000 
YLLCORNER 1557000 
CELLSIZE 1000 
NODATA_value -9999 
[rows 513 to 539 of 718, columns 183 to 243 of 250]
0.0126420814677689 0.0131615069096531 0.0117005536003759 0.0132973557361126 0.0156925738929019 0.014251659986079 0.00684436693487727 0.00938070081685244 0.0102952623213336 0.00854866399459444 0.0105516267371512 0.0099565732129745 0.00795311593697027 0.0152565123148923 0.0197792062889474 0.012251071316721 0.0135115417057772 0.00635687994619887 0.00632068885963029 0.00714171628029494 0.00796268251413415 0.0122229564848837 0.00823974294378012 0.00761383043846167 0.00863633052368063 0.0078379868256018 0.00913640993940777 0.0199236280873604 0.0187329778783417 -9999 -9999 -9999 -9999 -9999 -9999 -9999 -9999 -9999 -9999 -9999 -9999 -9999 -9999 -9999 -9999 -9999 -9999 -9999 -9999 -9999 -9999 -9999 -9999 -9999 -9999 -9999 -9999 -9999 -9999 -9999 -9999
0.0118228317302077 0.015141846655491 0.0117118954596921 0.0121221022953344 0.0204234721516856 0.00883641942632843 0.00989452887522931 0.0106176381475337 0.00917109567774989 0.00861785085516737 0.00977705507139374 0.0100814605339357 0.0147231769681211 0.0127582447499228 0.0141278833457052 0.0128835545241029 0.00979810008963237 0.00835595854227676 0.00628742303278569 0.00673105967174134 0.00682781302239263 0.010482010203212 0.00976626427112696 0.00836103190429672 0.00877822978885757 0.00992325336717433 0.010674222180794 0.0187431268738637 0.0110429680482483 -9999 -9999 -9999 -9999 -9999 -9999 -9999 -9999 -9999 -9999 -9999 -9999 -9999 -9999 -9999 -9999 -9999 -9999 -9999 -9999 -9999 -9999 -9999 -9999 -9999 -9999 -9999 -9999 -9999 -9999 -9999 -9999
0.0118411648577169 0.0113396951393614 0.0115368606821253 0.00865332530713184 0.0210579256743075 0.0134558017740882 0.00950849900252185 0.0105172771252269 0.00975570449299227 0.00931297718048123 0.00979747822680657 0.00992313599197887 0.0128097227870201 0.00599097390504228 0.017501416323065 0.0122724136795385 0.00970245022253649 0.00883980697068706 0.0064913168384382 0.00770304582932707 0.00912236734976138 0.00890428073284506 0.0105097479367967 0.00909667045505669 -9999 0.0116421877292815 0.0147828206754697 0.0121479004272071 0.0105182868493378 0.0155542150478468 0.0160958701314555 -9999 -9999 -9999 -9999 -9999 -9999 -9999 -9999 -9999 -9999 -9999 -9999 -9999 -9999 -9999 -9999 -9999 -9999 -9999 -9999 -9999 -9999 -9999 -9999 -9999 -9999 -9999 -9999 -9999 -9999
0.0103494593718429 0.0112578838051961 0.00888206214351903 0.0116810042052715 0.0230875117738825 0.0105526670058316 0.0108267630166416 0.0109305831268769 0.0108198987720493 0.0105518270982129 0.0108744199540447 0.00945901841202021 0.0202361081331227 0.0125941916934581 0.00792118262861795 0.00816764265580801 0.00983909903163339 0.00821016693085364 0.00658047799205155 0.00804824326170646 0.00713354425848229 0.0095132069522432 0.0105342233819593 -9999 -9999 0.0106335577768516 0.0119121592244999 0.017439611529532 0.0114745590549552 0.0202555110798809 0.0147209536988805 0.0143177157876364 -9999 -9999 -9999 -9999 -9999 -9999 -9999 -9999 -9999 -9999 -9999 -9999 -9999 -9999 -9999 -9999 -9999 -9999 -9999 -9999 -9999 -9999 -9999 -9999 -9999 -9999 -9999 -9999 -9999
0.0100010652117015 0.0102060091818287 0.01256445382792 0.0149750379181809 0.0219345643053459 0.010638000937557 0.01257190643131 0.00945742985960937 0.00984569600030753 0.0110937309384638 0.0107107078904182 0.0130275017378706 0.00815181007149312 0.00706336741804043 0.00727120171294262 0.00708241774466694 0.00878657044362876 0.00756108790172832 0.0061445196615481 0.00673422517597961 0.00935531745212288 0.00735320508879506 0.00995297709926457 -9999 -9999 0.0125128018783572 0.0119094564894328 0.0101561195588723 0.0134306452451271 0.0206331633813142 -9999 -9999 -9999 -9999 -9999 -9999 -9999 -9999 -9999 -9999 -9999 -9999 -9999 -9999 -9999 -9999 -9999 -9999 -9999 -9999 -9999 -9999 -9999 -9999 -9999 -9999 -9999 -9999 -9999 -9999 -9999
0.0106031084641328 0.0159441315043178 0.0103487345546755 0.0161741248681242 0.0154033665014899 0.00920722505738346 0.0133874397841516 0.00927536610663927 0.0100654943857769 0.0107873268825535 0.00850005293985997 0.0115527061277624 0.00891440607877633 0.00932464178825276 0.00826967336709796 0.00844383538109621 0.00615852770688682 0.010964785642352 0.0157363863344144 0.0181596957328333 0.0113185547517377 0.0124351709063867 -9999 -9999 -9999 0.00814703180892029 0.0090556479975128 0.0120270284290191 0.0125441954128457 0.0121469687698391 -9999 -9999 -9999 -9999 -9999 -9999 -9999 -9999 -9999 -9999 -9999 -9999 -9999 -9999 -9999 -9999 -9999 -9999 -9999 -9999 -9999 -9999 -9999 -9999 -9999 -9999 -9999 -9999 -9999 -9999 -9999
0.010425357283365 0.0110740827759506 0.0074974524685539 0.00744088573221166 0.0137793064374769 0.00864889550465628 0.0094776767182896 0.0105723330041803 0.00833100205318592 0.00998006681385928 0.0086857426952261 0.00876401620281838 0.00906402325447657 0.00971587459328661 0.00831192519003307 0.00864170623179487 0.00640903603454064 0.00695376130931656 0.0228323532324516 0.0106081563436828 0.0101116877186363 0.0137271396210981 -9999 -9999 0.0133819228141957 0.0138768721549454 0.0115263878669344 0.0121217068362796 0.0129221468562537 0.0125026072524582 0.0133259768535261 -9999 -9999 -9999 -9999 -9999 -9999 -9999 -9999 -9999 -9999 -9999 -9999 -9999 -9999 -9999 -9999 -9999 -9999 -9999 -9999 -9999 -9999 -9999 -9999 -9999 -9999 -9999 -9999 -9999 -9999
0.0112616326899958 0.0184089882781613 0.0111453990864466 0.00819265157916941 0.0114934406112885 0.0102462161509004 0.00946179428191796 0.00767974966716981 0.00697737227323847 0.00843636019265763 0.0126197266896835 0.00805829426379316 0.00895358007878585 0.00917510390046809 0.00872373460025445 0.00762450404665709 0.00657508440007187 0.00849807301916983 0.0322663362071408 0.00903812876692645 0.0109602349689269 0.0112062079075865 0.0104773869497626 -9999 0.00957848085936899 0.0124842134580481 0.0117164405865099 0.0123824788869816 0.0121719343623019 0.0224597517682282 0.013628786245747 -9999 -9999 -9999 -9999 -9999 -9999 -9999 -9999 -9999 -9999 -9999 -9999 -9999 -9999 -9999 -9999 -9999 -9999 -9999 -9999 -9999 -9999 -9999 -9999 -9999 -9999 -9999 -9999 -9999 -9999
0.0102188087784518 0.0103883854576129 0.0108466970822352 0.00837953077200106 0.0109660007429241 0.00790695126009356 0.00776780977346007 0.00775259023244013 0.00857779123567047 0.0080815211893849 0.0124020307136074 0.00803943589479424 0.00878010753981326 0.00909899980430414 0.00988156587849359 0.0090241858751861 0.0234993811221788 0.00839465343268772 0.0228755613220558 0.0167862190296234 0.00995275402481921 0.0109502690746641 0.0103788607972898 0.00992830611968955 0.0102293654604183 0.0120635929482231 0.0130412583591628 0.0134643485066416 0.018690068531394 0.0113342496372311 0.0109581445842889 -9999 -9999 -9999 -9999 -9999 -9999 -9999 -9999 -9999 -9999 -9999 -9999 -9999 -9999 -9999 -9999 -9999 -9999 -9999 -9999 -9999 -9999 -9999 -9999 -9999 -9999 -9999 -9999 -9999 -9999
0.0162992772777621 0.00739782141379156 0.00765770680608864 0.00773214814259364 0.00788104369912797 0.00722338617964823 0.00734832904011883 0.00777231029758481 0.00805455324416889 0.00770263228870382 0.00796534617539513 0.00813639442315656 0.00778030720831688 0.00835992251526552 0.0086212053332274 0.00988327674583006 0.025259691075428 0.0109471168858335 0.0306722623521563 0.0260624310320374 0.0223387569162111 0.0154637825260179 0.0108581826088328 0.0228374290855578 0.00984118242571847 0.0117730675744853 0.0125075929548806 0.0141888564428989 0.0235684761676607 0.0120090456286646 0.0133193483808285 0.0134179351146813 -9999 -9999 -9999 -9999 -9999 -9999 -9999 -9999 -9999 -9999 -9999 -9999 -9999 -9999 -9999 -9999 -9999 -9999 -9999 -9999 -9999 -9999 -9999 -9999 -9999 -9999 -9999 -9999 -9999
0.00724374902629697 0.00965577528267167 0.00883546877511404 0.0107724364918406 0.00835435496993963 0.00794939593534416 0.00892099925681058 0.00870768104742548 0.00789703372892697 0.00775177690663448 0.00767618130047458 0.00779244211120231 0.00748388999217009 0.00829536537158806 0.00868690105710782 0.0100719547828542 0.0105743256558346 0.0220642910356485 0.0266985862196021 0.0254557011879207 0.0113556043717521 0.00878156319593547 0.0116700550496702 0.0102267881113324 0.0104794901639457 0.0112541386396204 0.0130931991469842 0.0148220644899773 0.0112412717424333 0.0120535486495592 0.0129474774165775 0.0135771927473716 -9999 -9999 -9999 -9999 -9999 -9999 -9999 -9999 -9999 -9999 -9999 -9999 -9999 -9999 -9999 -9999 -9999 -9999 -9999 -9999 -9999 -9999 -9999 -9999 -9999 -9999 -9999 -9999 -9999
0.0100734725215377 0.0103625612641237 0.00992339692833642 0.0147499608045653 0.00897986593390249 0.0100678868377168 0.00806843318697947 0.00775961052386181 0.0079154987877738 0.00754841293656776 0.00740271095793418 0.00779458152263386 0.00779620518890465 0.00778662800170013 0.00872436962611348 0.0173596935162698 0.0124703536824065 0.0224852906180614 0.0254923028910112 0.00986566576365415 0.00929158123967291 0.0101474062896398 0.0106960112578459 0.0114290634881664 0.0117844577544894 0.0102094986827111 0.0111375584364147 0.0107728528174303 0.0123444006832924 0.0102406080993636 0.0119728055249857 0.0138547883484054 -9999 -9999 -9999 -9999 -9999 -9999 -9999 -9999 -9999 -9999 -9999 -9999 -9999 -9999 -9999 -9999 -9999 -9999 -9999 -9999 -9999 -9999 -9999 -9999 -9999 -9999 -9999 -9999 -9999
0.0101144734900363 0.0109579048759352 0.0180015966714614 0.0154905342922056 0.0131605097130707 0.013428368157733 0.00812070137010407 0.0079323337304269 0.00776228992977628 0.00772273629566189 0.00747664697360068 0.0078656289364215 0.00758800921944201 0.00739202502865565 0.0111485418978797 0.0247578318859669 0.0239884835699227 0.0221037553732481 0.0114257481899586 0.0124640554552619 0.0120662994504768 0.01164795107579 0.0107639122989388 0.0115937416380929 0.0120109237324357 0.0132748532433354 0.00851891797205879 0.0113146611464978 0.0124351992762102 0.0110879747331232 0.00881713724233829 0.0115375993722217 -9999 -9999 -9999 -9999 -9999 -9999 -9999 -9999 -9999 -9999 -9999 -9999 -9999 -9999 -9999 -9999 -9999 -9999 -9999 -9999 -9999 -9999 -9999 -9999 -9999 -9999 -9999 -9999 -9999
0.0119298604802032 0.00875159537147181 0.0118638555955591 0.0130814841859783 0.011662197926847 0.00809369496731171 0.00765918897462147 0.00771334856441593 0.00760033719126611 0.00793112291397574 0.00802006364784391 0.0077381562328999 0.00783834362738585 0.00795626509834666 0.0216493423465702 0.0258221351886977 0.0249006620654631 0.0107503193471908 0.011221337368549 0.011850300310323 0.00996351700346257 0.00911951991025081 0.0109097464073737 0.00912405144328165 0.0106949318317832 0.00989571512162837 0.00901941996150805 0.00896996904206722 0.00927181135524605 0.00871091941402014 0.00876323453943291 0.0248599401859746 -9999 -9999 -9999 -9999 -9999 -9999 -9999 -9999 -9999 -9999 -9999 -9999 -9999 -9999 -9999 -9999 -9999 -9999 -9999 -9999 -9999 -9999 -9999 -9999 -9999 -9999 -9999 -9999 -9999
0.0208012041492177 0.00894211663038171 0.0166012335021849 0.0134971121789337 0.0107915266689925 0.0074006162672026 0.00747963377626109 0.00821915773515479 0.0118184741885094 0.0081447327732493 0.00807606089734446 0.00765470691352113 0.00915270312227419 0.00962384928855618 0.00983098279424274 0.00954239323732073 0.010490479465614 0.0101510365265897 0.0116159655867987 0.00881651820353202 0.0100745259891846 0.00956243664764193 0.00935460267534534 0.0118216458115615 0.0107206312514837 0.0112626300605122 0.00905682418633192 0.00929095682388529 0.00990394147472614 0.0149831495719553 0.0235239871503519 -9999 -9999 -9999 -9999 -9999 -9999 -9999 -9999 -9999 -9999 -9999 -9999 -9999 -9999 -9999 -9999 -9999 -9999 -9999 -9999 -9999 -9999 -9999 -9999 -9999 -9999 -9999 -9999 -9999 -9999
0.0108528674983747 0.0111801183223148 0.00794132471428972 0.0115728414628835 0.011045050012831 0.00768089029507296 0.00751605623702184 0.00820121852031978 0.00819799715038216 0.0081925350636171 0.00828326179684402 0.00890961536232291 0.00925234536672476 0.0104424837426598 0.0102092174467881 0.00978837252687969 0.00951093022941342 0.00904464056256487 0.0113506850828948 0.0103552362418179 0.0152333955072073 0.0124139167659443 0.0118233730403392 0.0123577417382433 0.00976486338375709 0.0102392770566361 0.0117772290468793 0.0134900431013539 0.0107689550624629 0.0173973296467862 0.0215649701071482 -9999 -9999 -9999 -9999 -9999 -9999 -9999 -9999 -9999 -9999 -9999 -9999 -9999 -9999 -9999 -9999 -9999 -9999 -9999 -9999 -9999 -9999 -9999 -9999 -9999 -9999 -9999 -9999 -9999 -9999
0.0102313365198856 0.0112716990535043 0.0115005569034088 0.0112010395208991 0.0121211098759433 0.0077316260071478 0.0114599159802449 0.0149972945560788 0.012474514585234 0.00819976652241965 0.00825803175346858 0.00943203044623434 0.0102529175534018 0.0119553824013555 0.00896041782256444 0.00899133357541687 0.010979499871292 0.00879012605856586 0.0145589616169367 0.0141387483295765 0.0137315421489098 0.0107450266244731 0.0131464298436641 0.0111352053973762 0.0142740923218868 0.0101072270513231 0.0110311246675582 0.0129725357980958 0.0186771486021801 0.0155352814448101 0.0149987423675988 0.017765769554507 -9999 -9999 -9999 -9999 -9999 -9999 -9999 -9999 -9999 -9999 -9999 -9999 -9999 -9999 -9999 -9999 -9999 -9999 -9999 -9999 -9999 -9999 -9999 -9999 -9999 -9999 -9999 -9999 -9999
0.0102817465729021 0.0131671270419651 0.0112284494334893 0.0107538841072279 0.0119255534311391 0.0142361590101059 0.0116855236442302 0.0173188088222421 0.0135705130730358 0.00947763058988504 0.0121262388220504 0.0102564830813263 0.0109904361702071 0.0116017646906288 0.0121794251574346 0.017399669762079 0.0122045000959386 0.0158273369509913 0.0134372769850322 0.0151480233848671 0.0180442595775115 0.0166087284475287 0.0137112015286984 0.0179887807886914 0.0112346783033991 0.012233737667388 0.0109774303856557 0.0192348150576565 0.0308509349247931 0.020028761536536 0.0106455006057632 0.00986724641581492 0.0251339286451739 0.0244736902208657 0.0288870708064787 0.0206736606659203 -9999 -9999 -9999 -9999 -9999 -9999 -9999 -9999 -9999 -9999 -9999 -9999 -9999 -9999 -9999 -9999 -9999 -9999 -9999 -9999 -9999 -9999 -9999 -9999 -9999
0.0118534655912313 0.0172460200169062 0.016235148777035 0.0154367422629427 0.0277679670215861 0.0160571906625064 0.0162896468933118 0.018996880818129 0.0140555638537907 0.0198792067744185 0.0181032563463872 0.011616305104483 0.0123299362162484 0.0105158114697131 0.00923399818192718 0.0161587216713897 0.0171522722293133 0.0110179287933156 0.00923518650353549 0.013086813962846 0.0180426361212614 0.0190208950339014 0.0231019203203307 0.0254253181532399 0.0216572450962776 0.0202543749766088 0.0211646208768541 0.0259428345544292 0.0174481762136948 0.0169830190926332 0.0174431551685958 0.0171660134969864 0.0225069415450235 0.0251048830707045 0.0187223011869997 0.00925018168043884 -9999 -9999 -9999 -9999 -9999 -9999 -9999 -9999 -9999 -9999 -9999 -9999 -9999 -9999 -9999 -9999 -9999 -9999 -9999 -9999 -9999 -9999 -9999 -9999 -9999
0.0183873019708392 0.0233417894980544 0.0249019447930821 0.0203638297970846 0.0216577642739366 0.0212331065137773 0.0373662491440571 0.0399430510061069 0.041795703689605 0.0345216428696948 0.0320002488560436 0.0320264651135172 0.0254642425375038 0.0210586527815527 0.0122679182490334 0.0244442492222287 0.0211698172548179 0.0255313242087806 0.0124993146412417 0.010706410327881 0.017310662473522 0.0293436834297827 0.0198934765267221 0.0167286944568506 0.0205657480438677 0.0254867744633651 0.0267275012213878 0.0211250289599255 0.0224401090436664 0.0176475803995951 0.015843477900973 0.0229483996445817 0.00937264567057565 0.00853258982126561 0.00984775425203134 0.0106958798193139 -9999 -9999 -9999 -9999 -9999 -9999 -9999 -9999 -9999 -9999 -9999 -9999 -9999 -9999 -9999 -9999 -9999 -9999 -9999 -9999 -9999 -9999 -9999 -9999 -9999
0.0197570118650035 0.0235280764295499 0.0242817345849369 0.0274550650457119 0.0253915884416801 0.0293930363104815 0.0468069128756179 0.0255521896135529 0.034153943639689 0.0350897895679823 0.0286859014355424 0.0352702389205102 0.0251684013508717 0.0149555149533871 0.0152591895328142 0.0194179896614794 0.0383874772609985 0.0319332119883288 0.0298129460014398 0.0311269437034224 0.0364023546352046 0.0343853719369844 0.0267684720462824 0.0240610964647615 0.0282151630961387 0.0245752923087089 0.0145671562800224 0.0136192322765945 0.0145519841762625 0.0151835908640037 0.0145818712919936 0.0253076872672357 0.0107474999153296 0.0106241412129535 0.0103458969611851 0.0244925579906462 -9999 -9999 -9999 -9999 -9999 -9999 -9999 -9999 -9999 -9999 -9999 -9999 -9999 -9999 -9999 -9999 -9999 -9999 -9999 -9999 -9999 -9999 -9999 -9999 -9999
0.017768223742251 0.0393504251478996 0.0238223228190039 0.0205012390318702 0.0215761748829149 0.0200555723040533 0.0266317375416469 0.0280571783407695 0.0267791883506107 0.0201069920873476 0.0294411946751785 0.0253920224082911 0.0241603810228457 0.0143662934695088 0.0160140820806564 0.016603427936317 0.0431794611616926 0.0381090679215801 0.0409845513991621 0.0222930121375119 0.0184857559991986 0.0187541165454756 0.0239704756824227 0.0255160794965866 0.015572713907408 0.0208225971825623 0.0210162977602994 0.0142698972427296 0.0157053420954086 0.0126731106332454 0.0110780842681468 0.0260144987094661 0.0408410525971932 0.0152615357456809 0.0176870780017776 0.0451468291360997 -9999 -9999 -9999 -9999 -9999 -9999 -9999 -9999 -9999 -9999 -9999 -9999 -9999 -9999 -9999 -9999 -9999 -9999 -9999 -9999 -9999 -9999 -9999 -9999 -9999
0.0226717122882435 0.0205503761245041 0.0189352354027424 0.0189412559820281 0.0184802444741802 0.0258884790952317 0.02779304986315 0.0334717047803093 0.0379934293958164 0.0247195347858191 0.0391812522235227 0.038837888704389 0.0204435897103419 0.0241099174483906 0.0142528882909973 0.0155581459902868 0.0156059817804565 0.0427820128169283 0.0359815170639205 0.044722182615637 0.0172334799039507 0.0169181936019078 0.0171870151860012 0.0178522669213641 0.0146233797865724 0.0189751589840168 0.0159829054841083 0.0138935349832774 0.0124358617131726 0.0130227269018457 0.0133841823431719 0.0122374559452887 0.0209271638592443 0.0252979754692901 0.0352950246019589 0.0449397235537882 -9999 -9999 -9999 -9999 -9999 -9999 -9999 -9999 -9999 -9999 -9999 -9999 -9999 -9999 -9999 -9999 -9999 -9999 -9999 -9999 -9999 -9999 -9999 -9999 -9999
0.0206784740494746 0.0203826478680876 0.020280111655933 0.024640340605575 0.0319803963303922 0.057104137351452 0.0681306450716337 0.0317597331963727 0.0297627016779189 0.0185745509272204 0.0372575467335544 0.0203269175333189 0.020851603404501 0.0144057033783417 0.0271706239410877 0.0306986945086124 0.0274153957221475 0.0303580001655047 0.0271882590194788 0.043853226397437 0.0468493242564512 0.0260157882272989 0.0143735246989119 0.015649531277687 0.014665263099147 0.0159669012703405 0.0198944396560962 0.0176933835329004 0.0131664644537448 0.0125328467429484 0.0143923652705316 0.0225569420573098 0.013036307788173 0.0267726329867745 0.0324170769403775 0.0460321419066671 -9999 -9999 -9999 -9999 -9999 -9999 -9999 -9999 -9999 -9999 -9999 -9999 -9999 -9999 -9999 -9999 -9999 -9999 -9999 -9999 -9999 -9999 -9999 -9999 -9999
0.0232240228228942 0.0224546675152548 0.0344329584021309 0.0333814404527538 0.0404706218840282 0.059557952767363 0.0420239132092069 0.0350631962953747 0.0314432066268753 0.016800197816685 0.0167862448195847 0.0215199536014182 0.0226414893582813 0.015357452188278 0.0240353932400671 0.0429443243835347 0.0410369312214249 0.0308616204308523 0.0160448274274344 0.015955480248586 0.039218970636345 0.0367307485769878 0.0172640789852876 0.0146846423277712 0.0160311302789805 0.0172853307134187 0.0160115341314937 0.0169727336638273 0.0136651378364861 0.0142126673893014 0.0152067011305493 0.0157294168209683 0.0155941423738782 0.0152333401908768 0.0218320719563577 0.0322751481551685 -9999 -9999 -9999 -9999 -9999 -9999 -9999 -9999 -9999 -9999 -9999 -9999 -9999 -9999 -9999 -9999 -9999 -9999 -9999 -9999 -9999 -9999 -9999 -9999 -9999
0.0262663605155371 0.0284493978502244 0.0441814372434861 0.0530286581823205 0.0567669888747307 0.0559652006795369 0.042293415020076 0.0481992830970338 0.031671490955289 0.0161825441591187 0.0176941429506058 0.0225997450501702 0.0162856197819133 0.0167921772393605 0.0230410726927136 0.0186739113280488 0.0290990550757187 0.0466266602566255 0.0308066313879164 0.0185112615019786 0.0176750640333167 0.0297244537099208 0.0209576389634118 0.0302513873145207 0.0174489000623892 0.0174463838339354 0.0168355718384943 0.0189089633449049 0.0173992992383563 0.0146347381786387 0.0165571405044358 0.0168645585768932 0.0171988394124722 0.0173198638443804 0.0164464898200579 0.0139764848945611 -9999 -9999 -9999 -9999 -9999 -9999 -9999 -9999 -9999 -9999 -9999 -9999 -9999 -9999 -9999 -9999 -9999 -9999 -9999 -9999 -9999 -9999 -9999 -9999 -9999
0.0475902463199104 0.0456848771545425 0.0388071911212643 0.0454713432043634 0.0457433014477053 0.0400992644074415 0.0404900550503046 0.020938110022236 0.024139061032387 0.0163562280783334 0.017203512866931 0.0216397849941217 0.0261896444112699 0.0158816353889364 0.0187658074301725 0.0213069566696453 0.0169396420243879 0.0298251051830095 0.0310681231372353 0.0274622846234081 0.0201066407388624 0.0166298788750159 0.045450628825066 0.0438705845755186 0.0188501663911562 0.0173042403218175 0.0175237574896067 0.0194521930454223 0.016231032292428 0.0129175536458829 0.0150225267411511 0.0162242224390871 0.0166232030077905 0.0179078287463969 0.0173632534299739 -9999 -9999 -9999 -9999 -9999 -9999 -9999 -9999 -9999 -9999 -9999 -9999 -9999 -9999 -9999 -9999 -9999 -9999 -9999 -9999 -9999 -9999 -9999 -9999 -9999 -9999
