STOTEN_Data/raw/ProbMn50ppb_Deep.asc
NCOLS 250 
NROWS 718 
XLLCORNER -2256000 
YLLCORNER 1557000 
CELLSIZE 1000 
NODATA_value -9999 
[rows 135 to 161 of 718, columns 61 to 121 of 250]
0.219767835886103 0.295996698903514 0.384155502107095 0.415442779096369 0.60003839488522 0.638259047441583 0.757320417949865 0.715633769001618 0.359403949429576 0.227227324398032 0.659607133573831 0.628688033773907 0.659485282500085 0.595612073878969 0.555753477701212 0.381489306793111 0.515659391102482 0.350245119179612 0.237601510089653 0.230120810085163 0.192010485806371 0.165918239737008 0.18442338413278 0.109271318901154 0.065544816057706 0.0745981836877196 0.0845103099078684 0.0964244910194274 0.158325814726451 0.193935330724612 0.165753395513893 0.336612765973251 0.336793454988115 0.259136946721783 0.127431621176042 0.020548743997025 0.0172706108236839 0.0413333238973165 0.0466383193217316 0.0320187869373977 0.0306412629311444 -9999 -9999 -9999 -9999 -9999 -9999 -9999 -9999 -9999 -9999 -9999 -9999 -9999 -9999 -9999 -9999 -9999 -9999 -9999 -9999
0.0984019518362956 0.14821098464535 0.466135130293879 0.418958034804741 0.59915560721011 0.501888145469586 0.732196066371559 0.508871245108933 0.368261883840287 0.488752876199536 0.581128027419865 0.724736289983273 0.681137066655689 0.752125048603086 0.656594445202209 0.2838936879042 0.477847274065198 0.355607746163121 0.223521401359559 0.262259305389294 0.259360710749539 0.255444365011682 0.161944125784655 0.110296196726221 0.0602929658813993 0.0749281736515353 0.106948911286409 0.0800498836509438 0.185450873858423 0.178685930207562 0.190366913035205 0.210820479509964 0.3300373893742 0.0860137676174316 0.0544533892082296 0.0471269871822646 0.0402030565347171 0.0325923144715383 0.0327419705280649 0.0346393672782994 0.0522180802431468 -9999 -9999 -9999 -9999 -9999 -9999 -9999 -9999 -9999 -9999 -9999 -9999 -9999 -9999 -9999 -9999 -9999 -9999 -9999 -9999
0.124152364403141 0.150652810398423 0.291711160829331 0.357189831520472 0.48599094620602 0.611268657282948 0.748131364698037 0.361064168174131 0.564718022823137 0.706093695846431 0.66987360064683 0.780478491225507 0.716102455998101 0.760542725425956 0.579471149358734 0.464791315177025 0.519859879939155 0.394231626280051 0.284232586477065 0.252427495672241 0.249923292858767 0.23718950758715 0.191293770019048 0.216516086194673 0.126764283646963 0.283418575105376 0.201471978215395 0.219627340727388 0.215353913984434 0.23180995364101 0.275144975017895 0.241630419682286 0.264518402350256 0.104833070464187 0.112089427701391 0.0560487469259579 0.0519842411596201 0.0337900171747876 0.0375272903605503 0.0532388442833809 0.035591509940665 0.0387969061113282 0.0249812415387424 -9999 -9999 -9999 -9999 -9999 -9999 -9999 -9999 -9999 -9999 -9999 -9999 -9999 -9999 -9999 -9999 -9999 -9999
0.172252138602708 0.110734554960704 0.251551024721602 0.340520540421901 0.45517565480591 0.701048335117526 0.595786929566523 0.385067843154221 0.513248192120075 0.706039416291399 0.577999777784774 0.702952512459875 0.681069350965786 0.629946513526569 0.631457037284456 0.422687748473649 0.393967648329569 0.277184900917917 0.268938604589096 0.225696074540795 0.250382519236503 0.255141756378244 0.289445780298186 0.226622292601301 0.198063441927578 0.220500290805536 0.256127906356388 0.2220331233933 0.234304009670341 0.242259901602781 0.300097529634632 0.388433661253529 0.129455645256904 0.093384787578087 0.1066062702546 0.12007837976217 0.0407034151365594 0.0266680793284702 0.0337804917190987 0.0422611776314514 0.0281344930670984 0.0284399434438381 0.0229833459885623 0.0196826493815426 -9999 -9999 -9999 -9999 -9999 -9999 -9999 -9999 -9999 -9999 -9999 -9999 -9999 -9999 -9999 -9999 -9999
0.20256148378102 0.0875813233528353 0.25876075110528 0.49241542564063 0.51562395505214 0.755111025640062 0.355581013262785 0.315026288684339 0.288304034634637 0.713563245630739 0.548247758703043 0.736403639068693 0.756651865131559 0.797444171700703 0.656870999043904 0.477128612743426 0.476789737693949 0.248258662121314 0.243003307591366 0.259709726232229 0.21251355659727 0.26425267660472 0.281609068247911 0.302934375310219 0.336068330001741 0.332831820403388 0.230749472911222 0.23833848858863 0.247289070830336 0.227173260595286 0.245176688336275 0.445758219202111 0.141236051630182 0.11170071773136 0.176973111236593 0.167799399275169 0.0870324038073065 0.0467581112751553 0.0325737535338056 0.0415736542566669 0.0314741769821332 0.0392008564250436 0.0465070919840244 0.0314641204042976 -9999 -9999 -9999 -9999 -9999 -9999 -9999 -9999 -9999 -9999 -9999 -9999 -9999 -9999 -9999 -9999 -9999
0.264950237051764 0.153829415178788 0.192800801720131 0.367937014603931 0.637040094229249 0.519646099876546 0.352187815702759 0.183921811791254 0.157100536602849 0.580608178698577 0.682254048378612 0.663745301821846 0.63101789497315 0.736817177763714 0.557940892579397 0.560688438895427 0.403225845235437 0.295812849556063 0.222182735197704 0.292047060135532 0.264110665937721 0.301850751269604 0.241608342988848 0.293505411659777 0.308675614728422 0.295855121385982 0.305398198320543 0.235712378801224 0.256681305025039 0.218006771702341 0.252850256140518 0.38112126565229 0.426188794962118 0.115693769448101 0.120270129915962 0.129911416269657 0.0536451940084337 0.0975317872845918 0.0794912629956751 0.0518367878866074 0.0365443752018543 0.032852943293374 0.0366602946920036 -9999 -9999 -9999 -9999 -9999 -9999 -9999 -9999 -9999 -9999 -9999 -9999 -9999 -9999 -9999 -9999 -9999 -9999
0.263494922651706 0.202730925967916 0.191394846232917 0.425283191511991 0.655915431315313 0.370209007940638 0.378988760709108 0.197168338991403 0.427525245608449 0.407902404153645 0.640991066399964 0.593975120408133 0.530583657683028 0.546869611447913 0.281581153442104 0.177079172706579 0.0913103755847051 0.106008301624965 0.228914646662274 0.283684296663977 0.208856419834205 0.229567274575372 0.242021426923955 0.323234435608914 0.314070243973908 0.290495238767611 0.311424490190639 0.26910582758365 0.253063715339205 0.214871216853987 0.252530007729834 0.338261667452467 0.253125586312003 0.116028429287199 0.146583316293139 0.163578475505354 0.0878208454442684 0.0941266645751739 0.0560193376486576 0.0454325044503646 0.0455367372389192 0.0346042745731602 0.0233821176299548 -9999 -9999 -9999 -9999 -9999 -9999 -9999 -9999 -9999 -9999 -9999 -9999 -9999 -9999 -9999 -9999 -9999 -9999
0.240091236808059 0.192565553797258 0.222262773383577 0.425938545052389 0.208404195664153 0.342814085061742 0.366599026743363 0.427831103951431 0.369263280730248 0.482296979135208 0.633578292623853 0.520998655026409 0.52698598589137 0.45017026277783 0.277765723415066 0.205939749693694 0.136581946413855 0.0857379542630621 0.2043512588533 0.158028120901761 0.184309118250051 0.286529872089286 0.281079834616297 0.302856524982124 0.315476327415283 0.299605031848595 0.299671321382143 0.23574168710436 0.269190442335542 0.288617876577712 0.272745398139043 0.303040969935299 0.198734301606744 0.167001945392697 0.0995918740505917 0.112246169080067 0.0837486145052996 0.0916972530885215 0.0574765285627055 0.0327245180054627 -9999 -9999 -9999 -9999 -9999 -9999 -9999 -9999 -9999 -9999 -9999 -9999 -9999 -9999 -9999 -9999 -9999 -9999 -9999 -9999 -9999
0.256173417895979 0.15618164619962 0.265205693825038 0.518803554052799 0.227863038491105 0.293047232412928 0.362634471110898 0.385331261360085 0.415393100097403 0.689110780998019 0.561085276460429 0.508734038537455 0.412645148231996 0.421016526897757 0.252446286246357 0.153388408256892 0.113923017869362 0.126031903359445 0.133359657871897 0.169371412122368 0.25729009471296 0.28758131184869 0.27272576250249 0.314211862504911 0.27113915525128 0.301201972239663 0.302589390383116 0.293087275532592 0.313768526552818 0.301094594307341 0.273352620331851 0.33020418210075 0.201958782571685 0.316043455194471 0.154166875172831 0.195625602204849 0.192035480201213 0.0990162180989843 -9999 -9999 -9999 -9999 -9999 -9999 -9999 -9999 -9999 -9999 -9999 -9999 -9999 -9999 -9999 -9999 -9999 -9999 -9999 -9999 -9999 -9999 -9999
0.335876943743912 0.203458673485169 0.328872616228538 0.613861580937879 0.455482269313473 0.36521120775076 0.357865137969583 0.490252883782047 0.443584983763864 0.636435947168046 0.456726232639494 0.384117190777323 0.41880523579292 0.226791718416163 0.220137418000123 0.282582584297029 0.136735044015268 0.110469032223717 0.201019177860236 0.290144163586481 0.286571371983238 0.279608801923999 0.285247128980352 0.28375017312543 0.330014164319853 0.350816420779921 0.303095365713757 0.302962136120774 0.281944745595805 0.289975975105074 0.256998316146643 0.382364301745706 0.272964784240372 0.249664387066845 0.113869952976708 0.117896582351638 0.109822464749556 0.105915970083269 -9999 -9999 -9999 -9999 -9999 -9999 -9999 -9999 -9999 -9999 -9999 -9999 -9999 -9999 -9999 -9999 -9999 -9999 -9999 -9999 -9999 -9999 -9999
0.322874239954979 0.358534640618107 0.369714747677555 0.409625259356959 0.449513868777519 0.587939262227492 0.42969710912019 0.448416813933457 0.394066962764688 0.540621867560175 0.415140143280338 0.397627250050145 0.213492762477101 0.374367030080792 0.31017863743284 0.308643120145723 0.129604431238115 0.162213411966474 0.123781400627102 0.29134007875532 0.300721330566671 0.287801436456682 0.2924548511082 0.329392199693736 0.318833270189004 0.30470832816253 0.293322849673307 0.296155154815248 0.283381256927542 0.297628159780779 0.347309343625704 0.336406947446788 0.300745678399964 0.295558992163627 0.247938340504213 0.152199982146091 0.0950450376360306 -9999 -9999 -9999 -9999 -9999 -9999 -9999 -9999 -9999 -9999 -9999 -9999 -9999 -9999 -9999 -9999 -9999 -9999 -9999 -9999 -9999 -9999 -9999 -9999
0.274328987287787 0.221297066641071 0.338205498931336 0.529529347516814 0.510891277891072 0.638524385577964 0.267020020108179 0.730269104067369 0.635407077090328 0.474042376161985 0.409236434559291 0.392364663292537 0.215416891633 0.325076660088222 0.307753348619455 0.311286646026688 0.167726352902598 0.180001781156535 0.242075421422164 0.304357998739722 0.290006886452195 0.30337270380658 0.293608647691031 0.342701658283726 0.302159223484185 0.319015247806255 0.36004507050545 0.35800581387175 0.316440117884722 0.360385315245759 0.386323745148126 0.338364684422721 0.434286134247839 0.36167981255856 0.389645871123544 0.267416480922448 0.316945585923721 0.0977276053219807 -9999 -9999 -9999 -9999 -9999 -9999 -9999 -9999 -9999 -9999 -9999 -9999 -9999 -9999 -9999 -9999 -9999 -9999 -9999 -9999 -9999 -9999 -9999
0.251528026673096 0.45051230731754 0.532190856842008 0.625499117696268 0.64747672390007 0.532176680201404 0.501086802575554 0.722552937803047 0.603055080952944 0.509609994169074 0.429320658140486 0.261502138620493 0.26176391091041 0.334725794857056 0.312680139402676 0.319012636118032 0.25636101038542 0.192588987369514 0.263475968893266 0.203570136512658 0.259375290006565 0.298345358727411 0.302180706986939 0.31185129512074 0.345033644463298 0.357630756098254 0.373574682778549 0.410505931813182 0.394540711602203 0.352949121199323 0.354939859983312 0.383401321527345 0.418236636944444 0.166547024065774 0.117319581034409 0.0575543681814781 0.0609650715418792 0.085718403737467 -9999 -9999 -9999 -9999 -9999 -9999 -9999 -9999 -9999 -9999 -9999 -9999 -9999 -9999 -9999 -9999 -9999 -9999 -9999 -9999 -9999 -9999 -9999
0.240235013887816 0.41221270174314 0.431507645945885 0.626793237737931 0.575899293048741 0.512980544317611 0.714950637685045 0.714537615000444 0.629727922414115 0.520594542117389 0.383229280390941 0.196551134688499 0.162759151839833 0.278798284141103 0.370579816521121 0.325671253228824 0.191403047492821 0.302675098495521 0.201475292826933 0.241244712480264 0.307382278936629 0.310200425979966 0.319523776628333 0.311594257898545 0.354646370943387 0.373078149909222 0.404636716444882 0.360538828482773 0.386568199303889 0.367612693659177 0.546422325067075 0.421626247443786 0.245164695935195 0.194370316440817 0.0482812845007045 0.0425925313975798 0.0457626349671346 -9999 -9999 -9999 -9999 -9999 0.0765407097146941 -9999 -9999 -9999 -9999 -9999 -9999 -9999 -9999 -9999 -9999 -9999 -9999 -9999 -9999 -9999 -9999 -9999 -9999
0.394689417465569 0.44108067441857 0.521843561956687 0.645168282652343 0.710284761182016 0.304249950813927 0.74976005602196 0.66818653077197 0.515384992130395 0.487335734484371 0.413132103085345 0.247545668102735 0.155086590801025 0.19381164048777 0.400406967428085 0.365689997197676 0.265228907413279 0.33694645435227 0.309401825155484 0.247886061582102 0.348573324688103 0.337583237013407 0.36350293352728 0.363695448902976 0.359929617231986 0.369068493433025 0.336969928656714 0.299256346351551 0.334153126658619 0.378295038033801 0.452409022244638 0.479359234646084 0.118851321244098 0.137571373462459 0.0607709883990606 0.0367346804676549 0.0565233016605019 -9999 -9999 0.0759405036933528 0.0842458448860434 0.0570750785792679 0.0555906950598207 -9999 -9999 -9999 -9999 -9999 -9999 -9999 -9999 -9999 -9999 -9999 -9999 -9999 -9999 -9999 -9999 -9999 -9999
0.415929030619941 0.542918636634638 0.638389148041797 0.623782324955039 0.36714854056875 0.54722555495691 0.725178119861271 0.635748785187562 0.585090325967455 0.404129460911428 0.284758971076994 0.219997049860751 0.172656316886706 0.253129838894166 0.437899272323357 0.362056533721044 0.329844269777217 0.367823141244049 0.385554433921082 0.279846778692928 0.355563684300931 0.357019030880894 0.343895051767176 0.347654931035634 0.317702781161896 0.300406967962328 0.29851839326126 0.306660473644302 0.286984677514832 0.364431602553075 0.401236215757067 0.225654963455572 0.148623028869568 0.0860555864078828 0.0466188137752862 0.0377372707056657 0.0471646882675461 0.0510452742407031 0.0495906355389918 0.0734070542065988 0.0756407801331374 0.0743991149573226 0.0748760029051855 0.0761738101308496 -9999 -9999 -9999 -9999 -9999 -9999 -9999 -9999 -9999 -9999 -9999 -9999 -9999 -9999 -9999 -9999 -9999
0.762322542073332 0.831496936838071 0.818180033386851 0.509736428390726 0.624057225728716 0.743668792449527 0.46921817336312 0.637864858389094 0.490881388743493 0.443184812888601 0.263088135877084 0.298727248141072 0.253016723159665 0.511683079495526 0.332859275603049 0.376038785144675 0.39978719043334 0.39781115746857 0.394183342369495 0.269637574302977 0.281756571292918 0.316391726939361 0.296143802474633 0.296039405632595 0.289737781117134 0.322156822135328 0.327324538683741 0.341399664018487 0.312665145436544 0.364628761117077 0.20878816554771 0.146903558692004 0.115471528223189 0.0658199279974267 0.0311920824303943 0.043094784954067 0.0486656593525424 0.0541163573559105 0.0665706834164676 0.0621689782632052 0.0663355210981067 0.0655230738601389 -9999 0.0741497991291974 -9999 -9999 -9999 -9999 -9999 -9999 -9999 -9999 -9999 -9999 -9999 -9999 -9999 -9999 -9999 -9999 -9999
0.764799034266517 0.782683159962622 0.724014396116482 0.769497555931676 0.692269097439494 0.51350109082683 0.733006398115556 0.53639703282275 0.529749104585069 0.456426505097222 0.260492359479586 0.291639573430836 0.248934815419901 0.508975484189419 0.394522751899349 0.365374133917048 0.396821818881936 0.333025630659876 0.36177295917853 0.292318647753239 0.285447900621435 0.3009821786036 0.275016929030182 0.263503933094003 0.271133066051372 0.25198543715608 0.30921531137676 0.224660913484591 0.211951841819263 0.13997202775903 0.129630092043699 0.143417674675809 0.113928233432764 0.0504678068154905 0.03361242880031 0.0439647668594638 0.0513109870783785 0.0542840782806404 0.0660842752057708 0.0658270870558143 0.0614285412076752 -9999 -9999 -9999 -9999 -9999 -9999 -9999 -9999 -9999 -9999 -9999 -9999 -9999 -9999 -9999 -9999 -9999 -9999 -9999 -9999
0.805633296196602 0.816189574612689 0.826792471504564 0.848553732488645 0.464154417032564 0.438109056149461 0.694763424852206 0.462255827085072 0.47517619524381 0.260076674544648 0.171118898224219 0.234045243737312 0.441720745847775 0.468237582310205 0.369345166985455 0.367698514459085 0.319421426732583 0.313744598959348 0.291597399387581 0.222244559157789 0.23876761058233 0.279323773252567 0.289658212675257 0.311030254002519 0.298997838427188 0.316586493793497 0.304666504612354 0.263304413332341 0.169152574386098 0.11773150993591 0.141089049597064 0.0786535226322546 0.0578883435031188 -9999 0.0358269516723299 0.0321068878205512 0.0452715898776143 0.0459956146764227 0.0631064876702202 0.0477046542856974 0.0429507394968325 -9999 -9999 -9999 -9999 -9999 -9999 -9999 -9999 -9999 -9999 -9999 -9999 -9999 -9999 -9999 -9999 -9999 -9999 -9999 -9999
0.511487477230606 0.82482989675684 0.798355688381943 0.825885681114002 0.542183783311326 0.469969144020295 0.570038698895059 0.470603152032614 0.395962237000231 0.226211772723748 0.169702796423269 0.257078825966714 0.42619512864906 0.39284557552818 0.372417839037278 0.275797960615639 0.266384770059419 0.263670344374304 0.298649762741443 0.335860326227084 0.230256036845575 0.292125653958686 0.331543775838744 0.353738920528228 0.311576691261101 0.331270331136072 0.295644752467357 0.296813853049339 0.179827441844548 0.147257031567544 0.0735471825916885 0.0760585307114117 -9999 -9999 -9999 0.0418386078343513 0.0364998438930852 0.0377417154013793 0.0600032599101126 0.0427987961880186 0.0373373118097102 -9999 -9999 -9999 -9999 -9999 -9999 -9999 -9999 -9999 -9999 -9999 -9999 -9999 -9999 -9999 -9999 -9999 -9999 -9999 -9999
0.593441707177287 0.577555076983857 0.87284181611436 0.810870547299604 0.708022310614308 0.69790688679432 0.449415674714583 0.544149254278867 0.199880766296826 0.245769642134323 0.260391149436738 0.433063394997775 0.293344132406926 0.262684947745825 0.353689761798502 0.275734869962226 0.309632494575569 0.248322907242035 0.242403930943402 0.279854025105653 0.276987663618838 0.260582171977353 0.333747296026445 0.363506881890378 0.340212315352843 0.304066521499312 0.313057987747859 0.323250632367596 0.260929077016086 0.164129930462381 0.0918413379423947 0.0851674096336696 0.0471447604415373 0.0351045949147899 0.0540600276957952 0.0339800517847448 0.0334144212114384 0.0375715387727851 0.0326549317122772 0.0312556066335192 -9999 -9999 -9999 -9999 -9999 -9999 -9999 -9999 -9999 -9999 -9999 -9999 -9999 -9999 -9999 -9999 -9999 -9999 -9999 -9999 -9999
0.826757917197942 0.846715110638861 0.825854482656862 0.797240387387847 0.894063946000831 0.666697894818137 0.645998003169237 0.426045290348005 0.325442714798971 0.219846735324708 0.394158920053723 0.448303346360641 0.284512715127359 0.309305908628426 0.308150937891363 0.268778798753864 0.273458708706726 0.292532999354616 0.280136165563706 0.232150666686155 0.319802261080829 0.296714296223766 0.325808751471714 0.385482542392852 0.330203874539549 0.288787239579889 0.331893127174263 0.314557057687977 0.267375094295099 0.10702802562547 0.134092284123562 0.0826916707958044 0.0452492474217636 0.0459961699965766 0.0363123829733606 -9999 -9999 0.0245170646000062 -9999 -9999 -9999 -9999 -9999 -9999 -9999 -9999 -9999 -9999 -9999 -9999 -9999 -9999 -9999 -9999 -9999 -9999 -9999 -9999 -9999 -9999 -9999
0.808594992385101 0.890062718920607 0.743716805800182 0.89750026938163 0.825824693221759 0.808711737205274 0.8134567850766 0.645903066059757 0.550331129296794 0.42090216761781 0.396220765801984 0.435940664748014 0.4196722171242 0.335453785405753 0.304886408154696 0.262563571991271 0.306401553777464 0.226987594331669 0.321757905019512 0.391440124274382 0.354442641207629 0.270681488177277 0.271706320633845 0.386195972069698 0.358536241602859 0.356949586916119 0.36058908005421 0.318050050595725 0.181415190335378 0.0589689260724669 0.0352927435437757 0.0489678851888945 0.0229192048126152 0.0322946355540071 0.0258657839866617 -9999 -9999 -9999 -9999 -9999 -9999 -9999 -9999 -9999 -9999 -9999 -9999 -9999 -9999 -9999 -9999 -9999 -9999 -9999 -9999 -9999 -9999 -9999 -9999 -9999 -9999
0.92626583772941 0.908431468014314 0.927276706183181 0.888065272065022 0.702708907107917 0.853050807181786 0.776876082389518 0.632380089906535 0.541043541014183 0.529738469177494 0.509173526174957 0.478366458865235 0.563095059355009 0.382639140354845 0.439762491219488 0.434337256743825 0.206077709821046 0.43778098442585 0.420871387043742 0.376049734043851 0.351700286423421 0.339037049087537 0.34696587242004 0.403031420623473 0.422189342396259 0.368274336167338 0.382106066051346 0.201852108861068 0.137909039550321 0.0509232225080668 0.0414883503596777 0.134486269729899 0.0439612983152687 0.0372530364592721 0.0337048025147877 -9999 -9999 -9999 -9999 -9999 -9999 -9999 -9999 -9999 -9999 -9999 -9999 -9999 -9999 -9999 -9999 -9999 -9999 -9999 -9999 -9999 -9999 -9999 -9999 -9999 -9999
0.900949040741159 0.937252254039748 0.939736288124854 0.901566366671893 0.815534969158534 0.833126756803602 0.674865687619358 0.629613923078992 0.597284004241021 0.506817727813467 0.531696264483219 0.596509769287853 0.650867678023623 0.391140521383057 0.338792360563403 0.33789893914029 0.245387039363682 0.384058236974 0.43638227153364 0.430445444578839 0.372354687469753 0.376982399782139 0.38755248740649 0.361235921191351 0.446832566854103 0.405522957019021 0.357837207706965 0.155027587248994 0.108016014676184 0.0887180566173693 0.0475594393589061 0.118151489509997 0.0323283441644991 0.0617417232368849 0.028146312914424 -9999 -9999 -9999 -9999 -9999 -9999 -9999 -9999 -9999 -9999 -9999 -9999 -9999 -9999 -9999 -9999 -9999 -9999 -9999 -9999 -9999 -9999 -9999 -9999 -9999 -9999
0.891630416211531 0.829228471252468 0.902000138134655 0.878513682522634 0.872222986397557 0.8258626162269 0.725344326965896 0.676327473550186 0.576574463642683 0.561821595727147 0.545174001634664 0.655273597381609 0.503187041192392 0.482244647142493 0.369516503331289 0.344826530845698 0.412313893455258 0.441007000399151 0.352826677397971 0.330622351075061 0.317471282383909 0.331088101270145 0.353287592403462 0.392267400609251 0.447066950922779 0.376245373181271 0.281319589797195 0.161576247305762 0.14244880886091 0.129097312500354 0.0880786475928682 0.0679875806309623 0.0385177680199885 0.0444455878559428 0.0319832056708982 -9999 -9999 -9999 -9999 -9999 -9999 -9999 -9999 -9999 -9999 -9999 -9999 -9999 -9999 -9999 -9999 -9999 -9999 -9999 -9999 -9999 -9999 -9999 -9999 -9999 -9999
0.807934002363906 0.906832580726779 0.781296777861878 0.842384787938555 0.86262713460795 0.85588200957583 0.718977375452545 0.670498045692934 0.590699115710994 0.588183616059431 0.699243372463835 0.549927026347719 0.405301556450274 0.507809449232579 0.353567883360045 0.366785258850336 0.36608464554548 0.342320105235637 0.322153451565392 0.33149885198972 0.216070902370895 0.278155844835654 0.245040337930227 0.339290565289602 0.33553742823645 0.295151815869549 0.266152711772831 0.215473196009114 0.127062739408459 0.116965584610647 0.0459513567059394 0.0407393430169573 0.0499651184524424 0.0478548231174476 0.0274894406576419 -9999 -9999 -9999 -9999 -9999 -9999 -9999 -9999 -9999 -9999 -9999 -9999 -9999 -9999 -9999 -9999 -9999 -9999 -9999 -9999 -9999 -9999 -9999 -9999 -9999 -9999
