STOTEN_Data/raw/ProbDOpt5ppm_Deep.asc
NCOLS 250 
NROWS 718 
XLLCORNER -2256000 
YLLCORNER 1557000 
CELLSIZE 1000 
NODATA_value -9999 
[rows 513 to 539 of 718, columns 183 to 243 of 250]
0.0373613641416246 0.0404723343665338 0.0395538208804764 0.0393630540980502 0.0578960009210902 0.0353111270766328 0.0343233767839718 0.0334454900731153 0.0327829171255521 0.0336574673874169 0.0342183981167591 0.0329232549617886 0.0322198468800708 0.0464820013990033 0.0550035532723209 0.0354271795716334 0.0336868656955685 0.0309917150385523 0.0320921456686882 0.0304961239865062 0.0299645664920626 0.0287244801828581 0.026610255870825 0.0234392511427627 0.0242642313026344 0.025162484096498 0.025692268872017 0.0372790812213321 0.042226610606826 -9999 -9999 -9999 -9999 -9999 -9999 -9999 -9999 -9999 -9999 -9999 -9999 -9999 -9999 -9999 -9999 -9999 -9999 -9999 -9999 -9999 -9999 -9999 -9999 -9999 -9999 -9999 -9999 -9999 -9999 -9999 -9999
0.0342142263096185 0.0435220501652854 0.0396317200167645 0.0389405483729618 0.0658659964021428 0.031905963411591 0.0373927727084573 0.0323619627254352 0.0322641981918666 0.033363066113076 0.0339330361052674 0.0321677536242139 0.0359817111713879 0.0445493675415932 0.0542451949097242 0.0364669447303201 0.0344648907954202 0.0346454631842883 0.0315227082089716 0.0308252672735643 0.0297839928380752 0.0283566472214721 0.0276389888702113 0.0235475033789871 0.0235676187570354 0.025100067984795 0.0260877272975787 0.0381341204660822 0.0257159375260584 -9999 -9999 -9999 -9999 -9999 -9999 -9999 -9999 -9999 -9999 -9999 -9999 -9999 -9999 -9999 -9999 -9999 -9999 -9999 -9999 -9999 -9999 -9999 -9999 -9999 -9999 -9999 -9999 -9999 -9999 -9999 -9999
0.0352959737845183 0.0352703807751006 0.0379979033169761 0.0364886024110285 0.0755972711065023 0.0369276726957764 0.0354156729292557 0.0336421346892345 0.0329729600784459 0.0333381211393972 0.034827915697978 0.032547545272048 0.0354661765470618 0.0483018761240955 0.0565071167619849 0.0369198593360943 0.0354987068171955 0.0351069893654686 0.0311950394090627 0.0313893456967067 0.0313629835689486 0.0291959446368221 0.0270462721517705 0.0276875782606113 -9999 0.0241056642073113 0.0350055485595851 0.0261629479052692 0.0375434322320481 0.0348818196371972 0.0349782921093865 -9999 -9999 -9999 -9999 -9999 -9999 -9999 -9999 -9999 -9999 -9999 -9999 -9999 -9999 -9999 -9999 -9999 -9999 -9999 -9999 -9999 -9999 -9999 -9999 -9999 -9999 -9999 -9999 -9999 -9999
0.0346798712500562 0.0338708399313831 0.0330817924462426 0.0377509559684348 0.0685202966771829 0.0367921439124854 0.0327200646583608 0.0340102175809818 0.0337487998410261 0.0347852060402415 0.0361287840464862 0.0324360876290957 0.0585192799259112 0.0626369948649615 0.0321919002643561 0.0290597006620217 0.0320582498970944 0.0299017356231216 0.0312465096551052 0.0323132259964657 0.0301175342570867 0.0317456667251582 0.0337100873203116 -9999 -9999 0.0245214053625496 0.0250080973623984 0.0375597218908616 0.0450459550782965 0.0482291289652884 0.0338925230357863 0.0355344412700967 -9999 -9999 -9999 -9999 -9999 -9999 -9999 -9999 -9999 -9999 -9999 -9999 -9999 -9999 -9999 -9999 -9999 -9999 -9999 -9999 -9999 -9999 -9999 -9999 -9999 -9999 -9999 -9999 -9999
0.033864661223767 0.0334037960478085 0.0346976878819826 0.0476611695689717 0.0591418489264063 0.0362758115397859 0.0400027385560808 0.0340449571489332 0.0337042910009216 0.0348176689615937 0.035571632617224 0.0711721069167876 0.0346923125357417 0.0335618389295211 0.0314580447235166 0.0290148464302864 0.0315542329699778 0.0320851683835907 0.0309598448202637 0.0331640076109108 0.0311643066699069 0.0289991844251648 0.042295306649526 -9999 -9999 0.0251587211493695 0.0247451933658313 0.0246136118446281 0.033778382799712 0.0492737800981774 -9999 -9999 -9999 -9999 -9999 -9999 -9999 -9999 -9999 -9999 -9999 -9999 -9999 -9999 -9999 -9999 -9999 -9999 -9999 -9999 -9999 -9999 -9999 -9999 -9999 -9999 -9999 -9999 -9999 -9999 -9999
0.0342615461990647 0.0510436954283644 0.0478477401506094 0.0571455510822646 0.0376436722863842 0.037959972143085 0.0409810828535999 0.0346565167931933 0.0337357703032466 0.033740033298212 0.0382697871471171 0.0681829982099305 0.0343082727223753 0.0338202385595949 0.0320399681715204 0.0305872315343693 0.0307635885926811 0.0287929723250558 0.0395824046988698 0.0441704433700322 0.0324726244819172 0.0319337716047209 -9999 -9999 -9999 0.0246836460946079 0.0243010008834561 0.0302630342929051 0.0323734973818858 0.0412437618139935 -9999 -9999 -9999 -9999 -9999 -9999 -9999 -9999 -9999 -9999 -9999 -9999 -9999 -9999 -9999 -9999 -9999 -9999 -9999 -9999 -9999 -9999 -9999 -9999 -9999 -9999 -9999 -9999 -9999 -9999 -9999
0.0355466913362315 0.0688875657718886 0.0327372285514833 0.0320465579226901 0.0366519296512955 0.0320376032190166 0.0335073559322881 0.0330326209459877 0.0325027400609898 0.0514507162018783 0.059467496345353 0.0334235653930355 0.0343514446766812 0.0339908401966869 0.0335346321825154 0.0310027215569052 0.0301918694918379 0.0294353565271443 0.0428748219047127 0.0394031759550095 0.0320323683818121 0.0374755757193083 -9999 -9999 0.03080546662352 0.0277318071475991 0.0265641938147017 0.0311598267005787 0.0320789943492622 0.0350578237258653 0.0490380101065725 -9999 -9999 -9999 -9999 -9999 -9999 -9999 -9999 -9999 -9999 -9999 -9999 -9999 -9999 -9999 -9999 -9999 -9999 -9999 -9999 -9999 -9999 -9999 -9999 -9999 -9999 -9999 -9999 -9999 -9999
0.0451011857125548 0.0767279716913311 0.0322756313368152 0.0317217326572272 0.0337427797514608 0.0329550754846915 0.0333241449102966 0.0323793942565035 0.0486349344359448 0.0594993402147059 0.0370703500045223 0.0331683166657114 0.0346479205337967 0.0346293360166704 0.0340613636170417 0.0308925308952098 0.0337176745051796 0.0341138435151058 0.041509314862109 0.0339408595214406 0.035643006120747 0.0345098658567697 0.0307775546241861 -9999 0.0299214505713977 0.0281109460989926 0.0257305664100602 0.035620453872679 0.0324262132086763 0.0314516970306535 0.0380481541267534 -9999 -9999 -9999 -9999 -9999 -9999 -9999 -9999 -9999 -9999 -9999 -9999 -9999 -9999 -9999 -9999 -9999 -9999 -9999 -9999 -9999 -9999 -9999 -9999 -9999 -9999 -9999 -9999 -9999 -9999
0.0480912899152387 0.0495774696384254 0.0330500501234502 0.0328177631574146 0.0340181486379004 0.0363066592900054 0.0359235367517634 0.0325256018527308 0.054100644822624 0.0372783854947236 0.0360637830196249 0.0338914730210836 0.0348904398792249 0.0345529403913918 0.0341464677945208 0.0332631142633128 0.043342000145748 0.0306871130532109 0.0409378040041649 0.0379203637660858 0.0368167148949706 0.0337280665996492 0.0299937328868806 0.0327343237824956 0.0284097214402985 0.0274868753251407 0.0302526092693924 0.0330080075236796 0.0336554447366194 0.0329726638471881 0.0307262512619541 -9999 -9999 -9999 -9999 -9999 -9999 -9999 -9999 -9999 -9999 -9999 -9999 -9999 -9999 -9999 -9999 -9999 -9999 -9999 -9999 -9999 -9999 -9999 -9999 -9999 -9999 -9999 -9999 -9999 -9999
0.0511395511907473 0.0323148469395669 0.0324787436221293 0.0333242388018523 0.0364892872965894 0.0363878983868625 0.0475901049825702 0.0455508638271835 0.0481181135597952 0.0324974813683244 0.0331879347799887 0.0336176908216894 0.0350759565977078 0.0350097769189685 0.0348512423353922 0.037955195205265 0.0429075652823733 0.0363573223992198 0.0443072845958716 0.042555911438711 0.0412829775128706 0.0380381194826186 0.0378030106445126 0.0403139892143104 0.0332408633681802 0.0336311465214666 0.0346576652211762 0.0345285490850552 0.034662946685628 0.0414563856014514 0.0329282093099325 0.0348574332883725 -9999 -9999 -9999 -9999 -9999 -9999 -9999 -9999 -9999 -9999 -9999 -9999 -9999 -9999 -9999 -9999 -9999 -9999 -9999 -9999 -9999 -9999 -9999 -9999 -9999 -9999 -9999 -9999 -9999
0.0323043630072334 0.0333092448211062 0.0328598674000943 0.0442811510747782 0.0333821030488062 0.0515964134276335 0.0498544191304236 0.0358233150850135 0.0332890030173669 0.0364100300218532 0.0367516709817623 0.0367516709817623 0.0383461644039459 0.0389426984117849 0.0346573771985276 0.0345178641051041 0.0341950712987171 0.0422303085490332 0.0439656252007724 0.044255030640976 0.0382459961315784 0.0306976695080513 0.0413756301124418 0.0310487098260678 0.0290855664242228 0.031222622253588 0.0243628001219173 0.0447608476861909 0.0311016745732736 0.0351344553465075 0.0367882793335004 0.0435150107307292 -9999 -9999 -9999 -9999 -9999 -9999 -9999 -9999 -9999 -9999 -9999 -9999 -9999 -9999 -9999 -9999 -9999 -9999 -9999 -9999 -9999 -9999 -9999 -9999 -9999 -9999 -9999 -9999 -9999
0.0391803709194046 0.039650681992514 0.0396930907431865 0.0516224237673099 0.0328528225123491 0.0534664494541039 0.036068131031586 0.03448367898933 0.0366790889818129 0.0367608322202084 0.0375039343770046 0.0393440669231889 0.0409605390346151 0.0410952378873491 0.0357667179558865 0.0469327152084161 0.0408739492621947 0.0428212762380021 0.0440347220675316 0.0345155251949341 0.0305366250852057 0.0297361576637902 0.0311151042608222 0.029746013956618 0.0322236928684677 0.0309867484989718 0.0273290409906795 0.0428174335717649 0.0330406686278419 0.0331579984305386 0.0349395934512389 0.0362264150724699 -9999 -9999 -9999 -9999 -9999 -9999 -9999 -9999 -9999 -9999 -9999 -9999 -9999 -9999 -9999 -9999 -9999 -9999 -9999 -9999 -9999 -9999 -9999 -9999 -9999 -9999 -9999 -9999 -9999
0.0396430614088536 0.0399505739677798 0.0774299591147048 0.0611440234952157 0.0654086339874659 0.0662532033310649 0.0358409311172306 0.0398518901992525 0.039906390071001 0.039701832634776 0.0398013309188281 0.0408603023093988 0.0414042004246164 0.0421204212215617 0.0487847493000507 0.0521411870620717 0.0470444774405041 0.0430654397364098 0.0409830387616154 0.0362718996126676 0.0341532195414804 0.0328033826898435 0.0345826920213533 0.0316057996624318 0.0330806706940819 0.0285279801945807 0.0346807337148582 0.0316248526987292 0.032472542303783 0.0319277919564958 0.0384795760350042 0.0325274376363435 -9999 -9999 -9999 -9999 -9999 -9999 -9999 -9999 -9999 -9999 -9999 -9999 -9999 -9999 -9999 -9999 -9999 -9999 -9999 -9999 -9999 -9999 -9999 -9999 -9999 -9999 -9999 -9999 -9999
0.0582311183532686 0.0390677106418459 0.0537951822406905 0.0672184403521087 0.0725715443387547 0.0364996458520135 0.0389373651645509 0.0380748646324554 0.0386302253971083 0.0404093328489536 0.0407612339281837 0.0423557338085043 0.0384421285358416 0.0436456910731595 0.0507745504561443 0.0507799077583907 0.0484105056211974 0.0349808950244809 0.0371775430101891 0.0335381396688518 0.0309705962299729 0.0309833351827032 0.0306710216342406 0.0328812235453074 0.0295185038382202 0.0271150273002861 0.0306263953132989 0.0277395988693181 0.0298324596074995 0.0346102752451873 0.0406155632714104 0.0783706136237757 -9999 -9999 -9999 -9999 -9999 -9999 -9999 -9999 -9999 -9999 -9999 -9999 -9999 -9999 -9999 -9999 -9999 -9999 -9999 -9999 -9999 -9999 -9999 -9999 -9999 -9999 -9999 -9999 -9999
0.085468767079153 0.04325507575458 0.0742279588658 0.0804301793840044 0.0516934215903929 0.0370126567630625 0.0381016675081914 0.0385357694430964 0.0722694962264883 0.0408264922173337 0.0428284286200458 0.0383508711168413 0.0409221336916337 0.0449263162335951 0.0404522123332247 0.0449720089623332 0.0413213470777593 0.0362841820422376 0.0410008984520436 0.0382504691856654 0.0335311148127188 0.0356127839160681 0.0294084052826079 0.0364244774903066 0.0464284377877187 0.0314533206601601 0.0304387039660034 0.0283662479002867 0.0321912121067057 0.0411791275380067 0.0862170121361072 -9999 -9999 -9999 -9999 -9999 -9999 -9999 -9999 -9999 -9999 -9999 -9999 -9999 -9999 -9999 -9999 -9999 -9999 -9999 -9999 -9999 -9999 -9999 -9999 -9999 -9999 -9999 -9999 -9999 -9999
0.0487763365243451 0.0496748973838494 0.0435625680926816 0.0780831931242788 0.0508094761030121 0.0395703490507124 0.0395352070282496 0.0398327805522187 0.0407277900854379 0.0423408395755209 0.043863068310608 0.0449815536377452 0.0450265887697159 0.0426366910138066 0.0399015627523789 0.0372664574486394 0.0352456877969185 0.0361706553211501 0.0377004612958787 0.0384446969585199 0.0349214108204985 0.0376107004594766 0.0295276883777208 0.0379875811948058 0.0350213426527597 0.0344443397426495 0.0387072130486187 0.0320061838718978 0.0390155641110456 0.0472171885087295 0.0891086459765816 -9999 -9999 -9999 -9999 -9999 -9999 -9999 -9999 -9999 -9999 -9999 -9999 -9999 -9999 -9999 -9999 -9999 -9999 -9999 -9999 -9999 -9999 -9999 -9999 -9999 -9999 -9999 -9999 -9999 -9999
0.0506743350173237 0.0695460890078434 0.0895238738048211 0.0883323433130017 0.061565580459391 0.0410698936531438 0.0662853099614471 0.0884785366632403 0.0819483519538913 0.0431886782157219 0.0440934363763972 0.0451690237087391 0.0446032731933271 0.043324088027803 0.0392899953467203 0.0399788899506346 0.0428476064634176 0.0382742554286627 0.0392914462874866 0.0394925962430762 0.0385733412307822 0.0386334553833644 0.0419544075053316 0.0405899784589188 0.0330730718823136 0.0398918095015512 0.0387995862403652 0.0319934295201063 0.0656437096770453 0.0667932306631323 0.044174943771694 0.108234734028446 -9999 -9999 -9999 -9999 -9999 -9999 -9999 -9999 -9999 -9999 -9999 -9999 -9999 -9999 -9999 -9999 -9999 -9999 -9999 -9999 -9999 -9999 -9999 -9999 -9999 -9999 -9999 -9999 -9999
0.0563604097319417 0.0872255522879429 0.0947212885006946 0.0940160996735968 0.0882305023013861 0.0902239601863412 0.0890691678441657 0.102469782278004 0.0787450829391672 0.0490786052806172 0.0485940914793342 0.0510625770144152 0.0480026227158731 0.0449309647319613 0.0476286941279566 0.0560818874552369 0.0480393127524025 0.053689736697367 0.0547969493691824 0.0539635410003407 0.0511911395952796 0.0456393502079129 0.0440112845882082 0.0499746368549081 0.0371744068424218 0.0333991299809586 0.0323116385309169 0.0675694418143873 0.0710793098824828 0.0741683055353397 0.045823870947518 0.071258078346477 0.0997527835002859 0.0983887164955651 0.0958265931512451 0.0794777140473697 -9999 -9999 -9999 -9999 -9999 -9999 -9999 -9999 -9999 -9999 -9999 -9999 -9999 -9999 -9999 -9999 -9999 -9999 -9999 -9999 -9999 -9999 -9999 -9999 -9999
0.0594428319949844 0.111290248973072 0.117655298665235 0.129255617380453 0.118241246547247 0.105527424827568 0.0987346155032306 0.109131800844728 0.0936664883403004 0.098503815012415 0.0825410416620661 0.0474699603465844 0.0479066352816936 0.0424609129315192 0.0411521843553017 0.0539752868242536 0.0536330712726821 0.0573665207639041 0.0413733510679049 0.0463075181997966 0.055679680989524 0.0565793374073789 0.0541321880313572 0.0526260016635831 0.0548079758421864 0.0498089275341383 0.054071331425801 0.0872406204103387 0.0627686190310501 0.0577552592103084 0.0553884471149738 0.0852059265736405 0.093897712946176 0.114816756969144 0.0850794984965164 0.0468658520605201 -9999 -9999 -9999 -9999 -9999 -9999 -9999 -9999 -9999 -9999 -9999 -9999 -9999 -9999 -9999 -9999 -9999 -9999 -9999 -9999 -9999 -9999 -9999 -9999 -9999
0.0579424706765291 0.127313368036531 0.135106138847881 0.140910984346817 0.115754596830387 0.114112637968837 0.134832608245301 0.137723435352214 0.157218241285665 0.147233269451192 0.143738988048332 0.136594802063287 0.125257643301805 0.1083974662498 0.0464866866080433 0.0573180992049393 0.071313233803131 0.066105133780176 0.0488291348465919 0.0467895423882224 0.0561384853609751 0.0659659612612978 0.0510436675699131 0.0472778975105033 0.0443534976206435 0.0462525527546848 0.0491436603325181 0.0458958939935563 0.0672540104528759 0.0793250681267122 0.0586112839559344 0.0977447474952763 0.0557185222401361 0.0586460221376342 0.0442719274458465 0.0440384308531564 -9999 -9999 -9999 -9999 -9999 -9999 -9999 -9999 -9999 -9999 -9999 -9999 -9999 -9999 -9999 -9999 -9999 -9999 -9999 -9999 -9999 -9999 -9999 -9999 -9999
0.0591090802802588 0.114152098603708 0.115694821574586 0.0992330662678889 0.106168730119694 0.128131404102858 0.136546251421798 0.117851597485604 0.149091013357419 0.136023915299656 0.0886859044982728 0.130536940848559 0.111366993536645 0.0478724267660287 0.0528226379551163 0.0506284021681328 0.0629765124913895 0.0629354728944321 0.0613564536003836 0.0646664328776053 0.0536805774254393 0.0568170493764942 0.0468360854901785 0.053277980628815 0.0494952028086751 0.0487413194579152 0.0412686136465259 0.0411774868755132 0.0394960983263285 0.0456896631243167 0.0801252585668792 0.103091034661486 0.0576589147098146 0.052120640183187 0.0467801075158847 0.0687754688757353 -9999 -9999 -9999 -9999 -9999 -9999 -9999 -9999 -9999 -9999 -9999 -9999 -9999 -9999 -9999 -9999 -9999 -9999 -9999 -9999 -9999 -9999 -9999 -9999 -9999
0.0620070857998791 0.144048224270977 0.119054790576212 0.123436862037165 0.0894570585496185 0.140387387845848 0.171082131461518 0.157024177235374 0.133183222313726 0.0764383667212289 0.108479858191375 0.0947882716877645 0.0889505076797825 0.0445639852567802 0.0441005893834979 0.0490552204386061 0.0576478189234454 0.0583417148200102 0.0603486499134043 0.0546588396932081 0.0392628296924787 0.0385632794271333 0.0447463985845163 0.0642710511542267 0.0516577336290615 0.0399166711447597 0.039733762425867 0.0430121395446914 0.0459968225603411 0.0424288176435611 0.0424099063542101 0.130618075156025 0.0680190490885684 0.0591481671821236 0.0582385267200168 0.149195329573452 -9999 -9999 -9999 -9999 -9999 -9999 -9999 -9999 -9999 -9999 -9999 -9999 -9999 -9999 -9999 -9999 -9999 -9999 -9999 -9999 -9999 -9999 -9999 -9999 -9999
0.0952736051106042 0.13114845242618 0.137674692513982 0.145759871586381 0.138992707972765 0.196104276068425 0.212483965846819 0.228094526494175 0.171804055426966 0.106781512514257 0.149951429770173 0.132840479325901 0.0988647163373156 0.0707105055559765 0.0447270375394639 0.0473917954724614 0.04949886342877 0.0568988516334609 0.0550162932269837 0.0574443624482737 0.0476455114383531 0.0372272258608302 0.038720776314003 0.0381809768700565 0.0459982771152465 0.0431029355555916 0.0403181881340715 0.0443447590242013 0.0451289354090528 0.0409596551406456 0.0473848770210605 0.0689306350509807 0.0522192014813593 0.0529656035386009 0.114637170127281 0.178375836592524 -9999 -9999 -9999 -9999 -9999 -9999 -9999 -9999 -9999 -9999 -9999 -9999 -9999 -9999 -9999 -9999 -9999 -9999 -9999 -9999 -9999 -9999 -9999 -9999 -9999
0.14468090156266 0.152995773286588 0.135827991497695 0.143365931768133 0.197050792485323 0.25428252714087 0.249007598212423 0.188213922581314 0.0951752302403642 0.0586885772579835 0.0771338842130411 0.0537703632905477 0.0886588291880685 0.0504158953107949 0.0604710264189018 0.0890637993216779 0.061669259583711 0.0496261482967651 0.0516564624230669 0.0581795844837109 0.0559447666367566 0.0537019518303784 0.0398767011354895 0.038896078235159 0.0404330471954464 0.0485510767102463 0.0448960620389948 0.0436552799377384 0.0434585086662387 0.0449300182213024 0.0471399486242985 0.0520571681618153 0.0808307131221648 0.0607761358312514 0.0688012069107221 0.176276783950439 -9999 -9999 -9999 -9999 -9999 -9999 -9999 -9999 -9999 -9999 -9999 -9999 -9999 -9999 -9999 -9999 -9999 -9999 -9999 -9999 -9999 -9999 -9999 -9999 -9999
0.138783728711435 0.143634920496314 0.174823006530943 0.194674124013151 0.236828672537169 0.252609975932769 0.219351798928222 0.159407452390202 0.130645638516408 0.0623475051192471 0.059716614639525 0.0508001038632026 0.0811129473341501 0.0482647898300015 0.0455402419682282 0.0663202108149667 0.0842194067207143 0.084296722391807 0.0376199942272517 0.0445561741312685 0.0526464410940952 0.0560232442602377 0.0511622535131498 0.0395409129944557 0.0381654171498041 0.0401325443084473 0.0477976293603656 0.0474834888556046 0.0419545900069124 0.0429194924241286 0.0482587243308175 0.0527998423964879 0.0539969965973535 0.0626801575308603 0.078652317934113 0.113373860978028 -9999 -9999 -9999 -9999 -9999 -9999 -9999 -9999 -9999 -9999 -9999 -9999 -9999 -9999 -9999 -9999 -9999 -9999 -9999 -9999 -9999 -9999 -9999 -9999 -9999
0.148132957133632 0.159731143453477 0.220873192405168 0.20847828951343 0.23450233286364 0.212300036237614 0.201028370660146 0.164266328851506 0.120618568284337 0.0586415065360256 0.0538887608131658 0.0441575695567542 0.0483853226934801 0.0467205437131407 0.0405781580795567 0.0441064938442124 0.0479286262912965 0.0884782087063454 0.0783517531210033 0.0377363136841235 0.0421209412902196 0.0511284603134516 0.0505842648840968 0.0558838644412324 0.0401085878133734 0.0403574060650021 0.0411713099833181 0.0486998044982415 0.0432284322116567 0.0423938962428341 0.048374876016428 0.0533075138740231 0.0573868670711641 0.0552699607920584 0.0551330892160318 0.0756742862736909 -9999 -9999 -9999 -9999 -9999 -9999 -9999 -9999 -9999 -9999 -9999 -9999 -9999 -9999 -9999 -9999 -9999 -9999 -9999 -9999 -9999 -9999 -9999 -9999 -9999
0.164633495896078 0.202598724250904 0.206824737611791 0.188842561237839 0.185030710676266 0.172841822039843 0.184973488169032 0.105278950626397 0.0856605880643331 0.0572629693828401 0.053152964831491 0.0470788566767307 0.0651022971258319 0.0450020729438607 0.0421928175103176 0.0404096843334354 0.0405120518130232 0.0651250486394752 0.114232371969538 0.0713004129318673 0.0372989531392183 0.039432848381369 0.0864489686624101 0.0993224045541843 0.0471311435999182 0.0414022534569113 0.0410058027967191 0.0500109370675971 0.0476071929111504 0.047504034041224 0.0484853128430784 0.0498514617049744 0.0480513752184976 0.0549581222156077 0.0557476744234389 -9999 -9999 -9999 -9999 -9999 -9999 -9999 -9999 -9999 -9999 -9999 -9999 -9999 -9999 -9999 -9999 -9999 -9999 -9999 -9999 -9999 -9999 -9999 -9999 -9999 -9999
