STOTEN_Data/raw/RechargeAnnualmmWolock.asc
ncols         250
nrows         718
xllcorner     -2256000
yllcorner     1557000
cellsize      1000
NODATA_value  -9999
[rows 104 to 155 of 718, columns 96 to 191 of 250]
10 15 25 41 63 88 115 139 166 182 199 216 234 252 271 312 329 345 360 374 389 404 426 439 449 454 467 468 467 464 466 461 453 463 457 453 456 459 455 450 443 442 448 438 442 432 418 401 384 378 364 350 341 332 328 323 313 308 304 300 297 293 286 281 277 272 269 263 260 255 251 246 243 238 229 229 221 215 215 210 205 199 195 189 182 177 174 170 165 161 156 152 149 146 144 140
10 13 24 39 60 85 111 134 157 175 192 208 223 240 257 297 314 330 345 361 375 389 404 417 427 443 457 459 461 459 465 461 454 448 460 455 450 461 458 451 445 438 450 442 445 433 421 406 391 387 371 358 348 339 331 323 318 315 311 308 299 296 293 289 284 281 276 272 263 263 259 253 248 241 236 235 227 224 222 217 213 208 203 196 191 186 180 176 172 164 161 158 154 151 147 144
10 12 22 38 58 82 107 134 154 171 186 200 213 227 243 260 293 309 324 339 361 375 391 404 415 425 440 446 457 457 456 459 454 450 461 457 452 449 459 455 448 440 432 443 427 436 425 411 392 388 380 367 357 348 339 322 322 317 314 310 307 305 301 298 293 289 282 277 276 270 265 256 253 247 248 243 238 234 227 225 222 217 212 205 199 195 187 184 176 171 168 164 161 156 152 149
10 11 21 35 55 80 107 130 151 166 181 192 205 217 231 245 277 293 308 324 345 361 376 391 404 415 432 439 443 446 454 451 456 451 463 460 455 450 453 456 451 443 435 433 423 433 416 404 390 397 382 378 365 347 338 331 324 321 320 318 315 312 308 307 303 295 290 287 286 281 272 266 261 256 257 251 246 243 236 234 231 225 221 215 208 203 198 190 184 180 174 171 166 162 158 150
10 11 19 33 53 77 104 128 147 163 175 187 197 208 219 233 260 277 292 308 324 339 354 378 392 404 423 432 439 441 443 451 449 445 450 461 457 453 456 452 447 448 440 437 428 430 420 408 416 403 391 381 371 355 347 340 332 329 326 327 324 320 318 315 307 304 300 297 298 288 284 278 273 266 265 260 257 251 244 244 240 235 231 225 218 213 205 200 195 188 184 180 174 170 159 156
10 10 17 30 50 75 102 125 144 159 171 182 191 198 207 218 247 261 277 292 306 323 339 356 371 392 413 423 432 437 441 441 441 446 444 456 460 457 452 455 450 444 443 442 433 422 425 414 422 412 401 378 370 365 357 350 343 340 336 331 334 331 322 319 317 314 312 314 306 300 295 290 281 278 273 272 267 258 255 255 250 244 240 235 227 219 214 210 205 200 195 188 183 171 163 160
10 10 17 29 48 73 99 122 142 153 165 173 182 191 199 209 219 243 257 270 292 306 323 339 356 371 393 413 423 432 437 440 441 440 446 459 455 452 449 459 455 441 435 426 437 428 425 433 423 419 398 388 380 371 363 357 357 351 348 343 340 336 332 329 328 324 322 324 317 312 309 299 293 287 283 280 279 270 266 265 260 255 250 244 234 229 224 219 217 212 205 200 187 178 173 168
10 10 16 27 47 70 96 120 137 151 162 170 179 185 193 201 210 233 244 252 270 290 306 323 339 356 371 386 399 408 424 436 439 440 456 453 451 455 452 449 452 446 440 432 438 434 432 442 432 415 407 398 390 383 376 370 364 360 357 351 346 348 345 341 338 336 328 331 328 324 316 311 301 297 295 285 284 279 274 269 264 258 252 247 244 240 236 231 225 221 214 206 196 190 183 178
10 10 14 25 46 69 93 116 134 148 160 167 175 181 187 195 203 220 230 241 253 266 285 306 317 339 356 371 386 399 408 422 428 431 432 454 453 451 448 452 449 443 446 438 430 435 440 423 427 417 408 408 401 395 390 385 380 374 370 366 361 357 358 353 345 341 338 336 335 326 321 313 308 303 303 298 293 291 286 281 274 269 264 259 254 251 247 242 237 232 222 214 208 200 194 190
10 9 13 25 44 67 92 115 133 147 157 165 171 177 180 186 192 204 221 230 241 253 266 279 301 317 339 356 371 386 399 408 422 428 431 446 454 453 451 441 429 441 443 437 438 436 441 445 435 427 419 410 405 407 403 398 395 390 385 382 376 371 361 352 347 344 341 337 334 336 331 328 318 319 315 310 304 300 299 293 287 281 274 269 264 261 258 252 247 239 230 225 218 214 208 200
9 9 12 24 41 66 91 114 132 144 154 162 164 166 171 177 191 198 207 214 227 242 253 266 279 295 317 339 356 371 386 399 408 422 428 437 439 439 437 436 433 437 434 428 422 422 443 448 438 437 429 422 416 412 415 411 408 399 394 390 386 375 370 367 362 357 352 349 351 346 341 338 333 330 326 321 316 312 311 306 299 293 287 281 276 273 263 254 250 245 240 235 230 225 218 214
9 9 10 22 40 63 90 113 130 143 152 156 158 163 168 180 186 193 200 208 215 224 238 254 266 279 294 317 339 356 372 386 399 415 422 435 437 439 439 437 436 433 438 434 420 414 422 429 441 433 432 425 420 423 420 423 420 410 407 398 392 389 384 380 375 370 365 362 362 358 352 347 343 339 336 331 328 323 323 316 311 304 299 295 283 280 271 266 261 256 251 245 241 235 230 225
9 9 9 21 38 62 88 111 129 142 147 150 156 160 165 172 178 183 191 197 205 217 224 234 253 266 279 295 317 333 350 367 380 400 415 422 427 437 439 439 430 428 425 430 426 420 422 429 443 437 429 437 432 428 425 422 410 409 410 407 404 401 396 392 382 377 378 379 374 369 364 359 354 349 346 341 336 331 333 328 321 316 311 301 295 287 282 277 267 262 257 252 243 239 234 228
9 9 9 20 36 59 86 110 125 136 142 149 154 158 166 166 175 180 186 192 198 206 217 226 233 248 266 279 295 318 336 354 368 382 409 417 424 428 439 439 431 431 436 433 430 434 428 422 431 447 440 434 436 431 428 425 420 417 420 417 414 410 407 396 391 388 383 384 380 375 370 365 360 361 356 351 351 346 341 336 331 326 316 307 302 296 292 282 277 273 268 257 252 248 243 237
9 9 10 19 34 57 80 104 122 135 141 147 152 153 160 160 168 172 177 186 192 198 206 217 226 234 249 262 282 298 322 340 356 372 399 410 419 425 428 439 440 424 431 436 441 438 434 428 431 433 450 445 440 442 437 433 430 427 422 425 423 419 409 406 401 398 393 394 389 386 381 375 370 365 360 355 361 357 351 346 341 331 321 316 313 308 293 289 284 280 275 269 264 257 252 246
9 9 10 17 31 53 76 101 120 134 140 145 150 159 158 158 162 169 172 177 186 192 199 206 217 226 234 250 265 281 297 327 344 368 391 396 407 421 427 422 424 424 432 439 444 441 438 434 437 455 452 447 442 452 447 437 432 427 431 428 425 422 417 413 409 406 407 404 399 394 391 386 381 376 371 367 365 361 361 351 346 341 326 321 316 308 303 298 295 289 284 280 273 269 262 256
9 10 10 17 30 50 73 98 118 132 138 145 153 154 156 157 159 162 169 172 177 186 192 199 210 218 227 241 255 269 286 302 326 357 374 387 400 409 407 412 423 424 426 441 431 444 441 446 443 440 459 456 452 448 444 447 442 437 434 436 433 430 427 422 417 413 409 410 407 404 399 396 391 386 381 376 377 373 365 361 349 338 333 329 326 316 313 308 303 298 293 289 284 278 272 265
9 10 10 16 29 48 72 96 115 131 138 145 152 153 156 156 154 159 162 169 172 177 186 192 198 210 219 228 245 259 274 291 315 339 356 372 385 396 403 410 414 417 418 427 433 440 453 450 447 452 458 455 461 456 453 456 451 447 443 438 442 439 434 431 427 422 417 412 409 410 407 402 399 396 391 392 387 376 371 365 360 348 343 338 333 324 319 316 311 308 303 298 293 287 281 277
9 9 10 16 28 45 69 95 114 130 138 147 152 153 156 155 152 155 160 163 169 172 177 186 192 204 207 216 227 245 260 281 298 317 334 363 377 390 399 407 412 417 419 429 429 443 441 454 461 458 456 463 460 457 461 458 461 458 453 450 445 449 437 441 436 431 427 422 415 412 414 410 406 402 399 396 391 386 381 375 370 357 353 347 342 331 327 322 319 314 310 305 301 295 290 284
9 10 10 15 27 44 67 90 113 129 137 147 152 153 156 153 156 150 153 153 159 165 169 173 182 188 199 208 220 231 256 271 288 306 324 341 355 377 395 403 410 415 418 421 422 430 445 443 441 464 462 469 467 464 463 460 464 461 464 461 456 453 448 443 446 441 436 430 425 420 415 417 414 409 400 402 399 396 391 386 380 367 362 356 350 339 335 330 325 321 316 313 308 303 298 293
10 10 10 14 24 42 66 89 111 127 143 147 149 150 152 150 151 147 144 149 153 159 165 169 177 183 190 202 212 228 247 262 274 292 315 332 349 370 382 384 392 414 418 421 424 433 449 448 448 454 453 467 473 473 472 461 459 456 469 464 461 464 461 456 451 452 446 439 434 428 423 418 413 410 406 409 406 402 386 394 389 371 365 360 354 349 342 338 331 327 322 318 313 310 305 300
9 10 11 11 21 39 62 86 108 124 133 143 148 152 151 150 151 146 130 144 153 157 163 169 174 179 189 196 209 220 239 250 265 283 306 324 348 364 377 387 389 396 401 405 425 426 435 451 459 459 458 458 458 458 473 473 472 469 465 462 475 478 473 468 464 450 444 452 444 437 431 427 422 417 413 409 412 396 393 389 385 380 374 368 363 357 357 351 345 335 328 324 319 314 311 306
9 10 10 11 20 36 58 84 105 122 131 142 147 150 151 152 150 149 147 150 155 159 162 166 170 175 183 195 203 214 227 241 257 275 298 317 340 357 372 384 387 394 399 405 409 435 437 438 464 464 465 467 467 468 484 484 484 483 480 477 474 470 489 477 470 464 456 458 450 443 442 436 424 425 420 417 419 403 399 396 391 386 382 377 371 366 360 359 354 348 336 331 325 321 316 313
9 10 10 10 19 33 55 81 103 120 132 144 145 149 153 152 153 151 152 154 155 158 160 165 168 171 184 190 198 207 219 234 250 267 291 315 333 351 367 380 383 392 398 403 416 419 422 424 468 470 473 474 477 478 480 498 498 498 497 494 484 480 475 479 489 481 481 473 465 458 450 442 435 429 423 418 414 410 406 403 398 393 389 385 380 374 369 363 362 356 344 338 333 327 322 318
10 10 10 10 17 32 53 77 100 119 131 141 144 148 152 150 152 153 155 156 157 158 163 164 166 172 180 185 193 201 213 228 243 266 284 308 327 344 361 374 394 388 396 410 414 419 423 426 455 459 480 484 487 490 493 486 487 513 513 503 502 500 495 491 486 488 503 496 486 476 467 458 450 442 434 427 423 417 412 409 404 399 396 391 386 382 377 371 365 366 359 347 341 335 330 325
9 10 9 9 17 30 51 75 98 116 129 140 145 147 149 152 154 152 153 155 159 159 160 163 167 173 177 181 187 196 208 222 238 261 279 297 321 339 361 376 382 399 399 407 413 418 448 453 459 464 470 476 480 502 496 497 500 501 503 521 521 521 519 516 512 505 506 505 511 500 489 478 467 458 448 440 432 426 421 415 410 406 409 404 400 396 391 385 374 368 367 355 349 342 338 331
9 9 9 10 17 29 49 72 96 114 130 139 141 144 148 150 153 154 156 156 158 158 159 164 166 172 175 179 185 193 204 218 239 257 275 292 310 340 356 371 377 395 397 404 435 441 448 455 462 469 477 482 488 494 506 509 511 514 519 521 541 544 544 543 540 535 537 527 525 514 517 505 491 478 459 448 439 431 430 424 418 414 415 417 406 403 398 393 388 376 371 371 358 352 345 339
9 9 9 10 17 28 48 70 93 113 129 137 140 143 147 149 152 153 154 156 156 160 161 162 168 170 172 176 182 190 200 218 235 253 271 288 312 336 359 374 379 391 415 424 432 440 448 456 466 474 482 491 497 502 507 520 524 530 534 540 565 569 573 573 573 568 572 563 552 548 534 528 504 497 481 467 456 445 451 435 427 421 422 417 412 409 404 400 396 389 379 372 366 362 355 349
9 9 9 10 15 25 45 68 91 114 126 135 141 142 144 148 150 152 153 154 156 156 160 161 167 168 171 171 180 187 201 214 231 249 273 291 308 336 353 368 375 402 411 421 430 438 448 458 469 479 488 497 503 510 516 531 538 546 553 561 570 597 602 606 606 604 609 602 590 576 571 554 537 528 509 492 484 478 466 448 438 430 431 425 420 415 410 414 403 398 386 382 376 369 363 357
9 9 9 10 15 24 41 65 90 111 125 134 140 144 146 150 152 153 156 156 157 157 159 163 166 167 170 169 177 187 197 212 227 250 269 287 310 334 349 364 385 397 409 419 427 438 448 460 471 484 494 503 510 519 526 534 554 564 575 587 598 630 637 642 644 643 648 641 630 617 610 594 574 554 543 523 511 494 486 473 455 443 435 434 428 423 418 420 409 404 393 389 383 379 372 366
9 9 9 10 15 23 39 60 86 109 122 132 139 143 145 148 151 153 155 156 156 156 157 162 165 167 168 171 176 182 191 208 229 246 265 283 306 324 345 367 382 394 406 415 425 437 448 462 474 487 498 508 518 528 537 548 562 587 602 618 631 654 662 666 670 692 687 680 669 656 639 623 613 592 580 557 535 522 511 493 472 466 450 440 432 433 427 422 423 412 407 403 391 386 382 376
9 9 9 10 14 22 36 58 84 105 121 131 137 141 145 147 150 152 153 155 156 156 161 162 163 166 168 171 175 181 194 207 222 239 262 286 304 321 355 364 378 392 403 413 424 435 449 463 477 490 502 513 525 537 550 567 594 614 632 649 676 687 695 700 701 726 722 714 703 703 688 659 652 641 619 595 571 548 525 513 496 487 475 463 454 446 437 431 425 418 413 409 399 394 389 383
9 9 9 10 12 20 34 54 79 102 119 129 136 140 144 146 150 151 153 155 156 160 160 162 163 169 168 171 175 185 194 207 221 242 261 285 302 338 353 363 376 389 400 410 421 433 449 464 479 492 505 518 531 547 565 586 618 641 661 690 703 713 720 725 726 750 747 742 746 723 720 705 687 678 656 635 620 595 558 561 523 505 487 483 469 460 451 442 434 428 422 417 406 407 396 391
9 9 9 10 12 18 31 52 76 104 118 129 135 140 144 146 148 151 153 155 156 160 161 162 163 166 168 172 176 182 195 207 222 243 261 279 302 330 347 361 374 386 397 407 420 432 449 464 480 495 508 523 540 559 582 618 642 665 697 724 736 745 749 739 754 767 778 774 768 758 748 732 717 699 692 681 657 631 604 597 573 533 514 505 490 478 466 455 446 437 431 425 420 415 404 378
9 9 9 10 11 17 30 50 75 98 120 132 135 140 144 147 150 151 153 158 160 160 161 165 168 167 170 173 177 187 197 213 229 245 262 279 296 330 347 361 374 385 396 406 419 432 449 474 490 497 510 528 547 570 598 638 676 698 729 742 738 743 759 761 762 762 774 772 781 775 766 767 753 728 723 703 681 667 671 633 596 572 549 531 513 497 484 471 460 451 441 434 428 402 397 391
9 9 9 10 11 16 28 49 73 98 114 132 139 144 148 151 153 156 157 158 163 164 165 166 162 165 174 178 183 190 204 217 232 248 264 281 304 332 353 366 379 390 402 413 425 440 457 476 491 507 523 541 554 593 635 666 693 714 755 752 759 762 765 752 765 765 778 777 789 784 778 783 772 749 747 730 724 700 695 667 630 604 580 558 538 521 504 489 476 463 454 423 417 409 403 397
9 9 9 10 11 16 27 49 73 97 114 132 139 144 148 152 154 156 158 156 164 164 165 161 162 165 175 180 185 192 208 221 236 252 266 283 316 332 353 366 379 390 402 413 425 440 457 476 493 509 525 546 571 602 646 680 706 737 764 772 765 768 768 755 781 780 780 778 792 789 786 794 774 766 767 766 749 729 704 678 672 645 618 596 573 554 534 494 478 457 446 435 426 418 412 398
9 9 9 10 11 16 27 46 72 97 114 126 140 146 149 153 156 157 158 160 161 162 160 162 164 173 176 181 187 199 211 224 240 259 270 301 318 333 353 366 379 390 402 412 425 440 459 476 493 510 527 547 574 608 654 699 724 743 769 777 781 771 773 771 784 783 781 793 793 792 790 786 781 777 782 785 771 766 732 706 702 674 648 624 599 578 557 505 489 473 460 441 431 422 414 405
9 9 9 10 11 16 26 45 68 96 114 126 140 147 151 154 156 152 160 161 162 163 161 167 171 174 178 182 192 201 213 232 247 268 288 304 319 333 353 366 379 390 402 413 425 440 459 477 494 510 527 558 585 620 668 702 727 746 758 765 771 773 774 776 788 786 798 796 795 793 792 790 787 783 791 797 801 786 769 733 731 692 665 650 625 602 545 525 508 492 469 456 444 434 423 414
9 9 9 10 11 16 26 44 66 93 113 127 136 148 145 148 150 156 157 162 163 165 166 171 174 176 180 188 195 208 220 235 254 276 291 305 321 334 347 366 379 390 402 413 425 440 457 476 494 511 528 558 585 619 667 699 727 745 758 765 771 774 777 777 777 804 802 799 798 796 793 792 789 800 809 819 812 803 788 769 733 720 691 665 640 625 565 545 526 501 484 472 459 447 436 425
9 9 9 10 12 16 25 42 65 88 113 126 130 142 147 152 155 156 159 160 165 166 171 173 175 178 186 193 201 210 223 251 262 277 293 308 322 334 349 361 379 390 402 413 425 440 457 484 503 511 538 558 583 616 649 682 723 742 755 764 770 774 777 778 778 805 805 804 801 799 810 808 805 802 825 822 819 813 804 790 769 744 716 689 662 617 585 555 536 518 503 488 474 461 449 437
9 9 9 10 12 16 25 41 63 87 107 121 132 140 144 147 156 157 159 161 162 164 166 174 176 184 190 196 204 213 240 254 265 280 295 309 323 337 349 361 372 390 402 413 425 439 456 474 493 510 536 555 580 610 644 676 715 736 751 761 768 773 776 777 778 778 805 805 804 802 813 810 807 817 827 824 822 820 815 804 790 743 717 711 684 625 592 572 562 536 519 504 489 476 462 449
9 9 9 10 12 16 25 41 63 86 107 121 134 140 145 148 150 152 156 151 154 165 167 173 176 189 193 200 208 230 243 252 267 283 298 312 326 339 352 363 374 385 403 413 425 439 456 474 502 510 536 544 565 603 633 665 694 729 745 756 765 770 773 774 776 776 804 804 804 802 814 813 810 831 827 824 822 822 820 815 791 761 737 710 672 644 619 598 579 560 543 519 504 491 476 462
9 9 9 10 12 16 25 41 63 86 109 124 134 141 146 148 151 153 151 152 155 166 172 175 181 185 196 214 224 235 248 257 272 287 303 316 330 343 354 365 376 386 404 414 426 439 454 473 491 518 525 541 571 596 625 654 682 707 737 751 761 767 770 771 773 773 786 799 801 801 814 828 826 834 830 825 822 822 822 807 786 774 753 727 688 661 636 612 592 574 549 534 519 506 491 476
9 9 9 9 11 16 25 41 63 87 109 125 134 141 146 150 152 153 152 154 156 164 173 180 182 186 198 218 228 240 248 262 277 291 306 321 334 347 358 368 379 389 399 416 419 431 445 472 490 507 523 538 566 587 613 642 671 695 729 745 755 761 765 768 770 783 783 783 796 796 824 826 839 836 831 827 822 820 822 807 791 782 766 743 705 678 650 627 606 588 563 548 534 519 506 491
9 9 9 9 10 16 25 42 64 87 109 125 135 141 146 150 152 151 152 155 159 165 168 181 183 198 205 221 232 245 258 272 287 297 312 326 339 350 361 372 382 392 394 404 421 432 445 470 487 504 520 535 551 570 593 630 658 684 706 736 748 756 761 765 778 793 792 792 805 805 820 821 824 836 834 828 824 822 807 807 791 785 772 740 717 691 665 641 619 591 576 561 548 534 519 489
9 9 9 9 10 15 24 41 64 87 109 125 135 139 144 147 146 148 150 153 153 166 169 182 196 201 208 221 233 245 262 278 292 308 316 330 343 354 365 375 378 387 397 407 422 433 446 469 486 503 519 533 537 554 584 608 646 673 694 726 740 749 756 787 789 790 789 789 800 800 802 817 820 834 834 831 827 822 807 793 789 772 762 746 726 703 679 656 623 605 588 575 561 548 516 503
9 9 9 9 9 14 24 40 61 84 107 122 132 139 144 148 143 149 151 153 155 161 170 183 198 204 211 224 237 249 264 282 298 312 322 334 347 357 368 371 381 390 400 408 417 435 446 469 484 491 525 530 533 538 567 599 635 660 682 715 731 769 777 783 786 787 800 799 799 797 797 799 815 831 833 831 828 810 807 804 788 771 762 751 734 714 691 670 638 618 602 587 575 542 529 516
9 9 8 8 9 14 24 40 61 84 104 119 132 139 144 141 143 149 151 153 156 169 175 178 190 206 214 228 241 254 272 288 304 318 326 339 350 361 364 374 383 393 401 411 419 429 440 469 483 490 503 527 530 534 561 591 625 648 683 728 746 760 771 777 781 796 797 796 796 794 794 794 810 814 828 828 827 850 807 804 774 769 762 751 737 720 702 682 661 642 625 610 577 565 552 538
9 8 8 8 9 14 24 40 61 84 104 119 130 139 138 141 143 150 153 165 168 170 176 180 192 213 223 233 245 257 278 299 315 324 332 344 354 365 368 376 386 394 402 403 405 422 433 460 474 488 511 524 538 551 567 594 625 660 683 705 735 751 763 785 789 793 794 807 806 806 806 804 806 809 772 772 812 810 807 791 774 768 760 751 740 725 709 691 673 656 639 603 590 577 565 552
8 8 8 8 9 14 24 40 61 84 104 114 124 130 138 141 145 157 163 166 169 171 178 186 191 201 219 237 249 264 279 304 320 335 349 349 360 363 371 379 389 397 405 406 391 416 434 453 474 487 501 523 535 548 572 599 628 650 672 693 713 729 767 778 785 789 804 804 802 802 802 802 802 804 768 769 769 794 793 789 785 778 760 751 740 716 714 699 684 667 630 615 602 589 577 565
8 8 8 8 9 14 25 41 63 86 100 114 124 130 141 144 155 157 160 166 170 172 184 189 194 205 218 233 255 269 284 311 327 342 349 361 364 367 368 383 392 399 407 407 417 426 435 453 466 485 509 521 533 546 568 584 621 641 661 694 714 720 748 758 766 785 799 801 801 799 799 774 775 775 777 765 793 791 764 786 783 777 733 724 726 716 703 680 690 664 639 625 612 600 589 567
