STOTEN_Data/raw/RechargeAnnualmmWolock.asc
ncols         250
nrows         718
xllcorner     -2256000
yllcorner     1557000
cellsize      1000
NODATA_value  -9999
[rows 416 to 467 of 718, columns 0 to 95 of 250]
62 59 58 53 53 50 48 47 44 44 45 45 46 46 45 44 43 41 40 37 36 35 33 32 29 27 26 24 23 22 21 20 19 18 17 16 15 14 14 15 14 14 14 13 13 12 12 12 12 12 11 11 10 10 9 9 9 8 8 8 7 7 7 7 7 7 6 6 6 6 7 7 6 6 6 6 5 5 5 5 5 5 5 5 5 5 5 5 5 5 5 5 5 5 5 5
62 59 55 53 53 50 48 47 46 45 45 45 44 43 43 44 43 41 40 36 35 34 33 31 29 27 25 25 23 22 22 19 18 18 17 16 15 15 15 15 14 14 14 14 13 13 12 12 12 12 11 11 10 10 9 9 9 8 8 8 7 7 7 7 7 7 7 6 6 6 6 6 6 6 5 5 5 5 5 5 5 5 5 5 5 5 5 5 5 5 5 5 5 5 5 5
59 58 55 53 53 49 49 48 46 45 46 45 44 43 43 44 42 41 40 37 35 34 33 31 28 27 26 25 24 22 21 20 19 19 18 17 16 15 15 15 15 14 14 14 13 13 12 12 11 11 10 10 9 10 9 9 8 8 8 8 7 7 7 7 7 7 7 6 6 6 6 6 6 6 5 5 5 5 5 5 5 5 5 5 5 5 5 5 5 5 5 5 5 5 5 5
58 56 53 53 50 52 49 48 48 45 46 45 44 43 43 43 41 41 39 37 35 34 33 30 28 28 26 25 23 22 20 19 19 18 17 17 16 15 15 15 15 15 13 14 14 13 13 12 12 11 11 10 10 9 9 8 8 8 8 8 7 7 7 7 7 7 6 6 6 6 6 6 6 5 5 5 5 5 5 5 5 5 5 5 5 5 5 5 5 5 5 5 5 5 5 5
-9999 55 53 53 50 51 49 48 46 47 46 45 44 43 43 41 41 40 37 37 35 34 34 30 28 28 25 24 23 22 21 20 19 18 17 16 15 15 15 15 14 14 13 13 13 13 13 12 12 11 11 10 9 9 9 8 8 8 8 8 7 7 7 7 7 7 6 6 6 6 6 6 6 5 5 5 5 5 5 5 5 5 5 5 5 5 5 5 5 5 5 5 5 5 5 5
-9999 55 53 50 50 51 49 50 46 45 45 44 44 43 41 41 42 38 37 37 36 34 33 30 29 27 26 24 23 21 21 20 19 19 18 17 16 15 15 15 14 14 14 13 13 13 13 12 12 12 10 10 9 9 9 8 8 8 8 8 7 7 7 7 7 6 6 6 6 6 6 6 5 5 5 5 5 5 5 5 5 5 5 5 5 5 5 5 5 5 5 5 5 5 5 5
-9999 -9999 53 50 50 48 47 50 46 45 45 44 43 42 41 41 39 38 37 36 36 33 32 30 28 27 25 23 22 21 21 20 19 19 18 17 16 15 15 15 15 14 14 14 13 13 12 12 12 11 10 9 10 9 9 8 8 8 8 7 7 7 7 7 7 6 6 6 6 6 5 5 5 5 5 5 5 5 5 5 5 5 5 5 5 5 5 5 5 5 5 5 5 5 5 5
-9999 -9999 50 50 48 48 47 45 45 44 43 42 43 42 41 41 39 38 37 36 35 33 32 30 28 26 25 23 20 21 20 20 19 19 18 17 16 16 15 15 15 14 14 14 13 13 13 12 12 11 10 10 10 8 8 8 8 8 8 7 7 7 7 7 6 6 6 6 6 5 5 5 5 5 5 5 5 5 5 5 5 5 5 5 5 5 5 5 5 5 5 5 5 5 5 5
-9999 -9999 50 48 48 47 46 45 45 41 41 42 43 42 41 41 39 38 37 36 36 34 31 30 28 26 25 24 22 21 21 20 19 19 18 17 16 16 15 15 15 15 14 14 14 13 13 12 12 11 10 10 10 8 8 8 8 7 7 7 7 7 7 7 6 6 6 6 6 5 5 5 5 5 5 5 5 5 5 5 5 5 5 5 5 5 5 6 6 5 5 5 5 5 5 5
-9999 -9999 -9999 48 47 47 45 45 44 43 42 42 43 42 41 40 38 37 35 35 34 31 29 29 28 26 25 24 21 21 22 20 19 19 18 17 17 16 15 15 15 15 14 14 14 12 12 12 12 11 10 10 10 8 8 8 8 7 7 7 7 7 7 7 6 6 6 6 5 5 5 6 6 6 6 5 5 5 5 5 5 5 5 5 6 6 6 6 6 5 5 5 5 5 5 5
-9999 -9999 -9999 47 47 47 45 45 45 43 43 44 40 41 40 40 38 37 35 35 33 29 29 27 26 25 23 22 21 21 20 20 19 19 17 18 17 16 15 15 15 15 15 14 14 13 12 12 12 11 10 10 10 8 9 8 7 7 7 7 7 7 7 7 6 6 6 6 5 6 6 6 6 6 6 5 5 5 5 5 5 6 6 6 6 6 6 6 5 5 5 5 5 5 5 5
-9999 -9999 -9999 47 46 46 46 43 41 41 40 40 42 41 40 40 38 37 35 34 33 29 29 27 26 25 24 23 21 21 19 19 19 17 17 17 17 16 16 15 15 15 15 13 13 12 12 12 12 11 11 10 10 9 9 8 7 7 7 7 7 7 7 7 7 6 6 6 6 6 6 6 6 6 6 5 5 5 6 6 6 6 6 6 6 6 6 6 5 5 5 5 5 5 5 5
-9999 -9999 -9999 -9999 46 46 43 43 42 41 40 39 41 41 40 38 37 36 34 34 32 29 28 27 26 25 24 23 22 20 19 19 19 18 17 17 16 16 16 15 15 15 15 13 13 12 12 12 12 11 12 11 11 10 9 8 8 8 7 7 7 7 7 7 7 6 6 6 6 6 6 6 6 6 5 5 5 5 6 6 6 6 6 6 6 6 6 6 5 5 5 5 5 5 5 5
-9999 -9999 -9999 -9999 45 45 43 42 42 40 39 39 38 38 39 38 37 36 34 33 32 29 28 26 26 24 24 23 21 20 18 18 19 17 17 17 16 16 16 15 14 14 14 13 12 13 13 13 12 12 12 11 11 10 9 9 8 7 7 7 7 7 7 7 6 6 6 6 6 6 6 6 6 6 5 5 5 5 5 6 6 6 6 6 6 6 6 5 5 5 5 6 6 6 5 5
-9999 -9999 -9999 -9999 45 42 42 42 40 40 39 38 38 38 38 38 35 34 34 33 29 29 27 27 26 25 23 21 20 19 18 18 17 17 17 15 16 16 16 15 14 14 14 13 13 14 13 13 12 12 11 11 11 10 9 8 8 7 7 7 7 7 7 6 6 6 6 6 6 6 6 6 6 6 5 5 5 5 5 5 6 6 6 6 6 6 6 5 6 6 6 6 6 6 6 5
-9999 -9999 -9999 -9999 45 42 42 41 40 39 39 38 38 38 35 35 34 33 33 31 27 26 27 26 25 23 22 20 19 18 18 17 17 17 16 15 15 14 16 15 14 15 14 13 14 14 14 13 13 12 11 11 10 10 9 8 7 7 7 7 7 7 6 6 6 6 6 6 6 6 6 6 6 6 5 5 5 5 5 5 5 6 6 6 6 5 5 6 6 6 6 6 6 6 6 5
-9999 -9999 -9999 -9999 44 41 41 40 40 39 38 38 38 35 35 34 33 33 30 29 26 25 25 24 25 23 21 20 19 18 18 17 17 16 16 15 15 15 16 15 15 15 14 14 14 14 14 13 13 12 11 11 10 9 8 9 8 7 7 7 7 6 6 6 6 6 6 6 6 6 6 6 6 6 5 5 5 5 6 6 6 6 6 5 5 5 5 5 6 6 6 6 6 6 6 6
-9999 -9999 -9999 -9999 -9999 41 40 40 39 39 38 38 38 35 35 33 33 32 29 27 25 24 23 23 23 21 21 19 18 18 17 17 16 16 15 15 15 16 15 15 15 14 14 14 14 14 14 13 13 12 11 11 10 9 9 8 8 7 7 7 7 6 6 6 6 6 6 6 6 6 6 6 6 6 5 5 6 6 6 6 6 6 6 5 5 5 5 5 5 6 6 6 6 6 6 6
-9999 -9999 -9999 -9999 -9999 40 39 39 39 38 38 38 37 35 34 33 32 30 29 25 24 23 22 22 21 21 19 18 18 17 17 17 16 15 15 15 16 15 15 15 14 14 14 14 14 14 13 13 13 11 11 10 9 9 8 8 7 7 7 7 6 6 6 6 6 6 6 6 6 6 6 6 6 6 6 6 6 6 6 6 6 6 5 5 5 5 6 6 6 6 6 6 6 6 6 6
-9999 -9999 -9999 -9999 -9999 39 39 39 38 38 38 37 36 34 33 32 30 29 27 24 24 22 22 21 20 19 18 19 18 17 17 16 15 15 15 16 15 15 15 15 15 15 14 14 14 14 13 13 12 12 11 9 9 9 8 7 7 7 6 6 6 6 6 6 6 6 6 6 6 6 6 6 6 6 6 6 6 6 6 6 6 6 5 5 6 6 6 6 6 6 6 6 6 6 6 6
-9999 -9999 -9999 -9999 -9999 39 39 38 38 38 38 37 35 33 32 30 30 27 25 23 22 22 21 20 19 18 19 18 17 16 16 15 15 15 16 15 15 15 15 15 15 15 14 14 14 14 13 12 12 11 10 9 9 8 7 7 6 6 6 6 6 6 6 6 6 6 6 6 6 6 6 6 6 6 6 6 6 6 6 6 6 6 6 6 6 6 6 6 6 6 6 6 6 6 6 6
-9999 -9999 -9999 -9999 -9999 38 38 38 38 37 36 35 33 32 30 30 28 25 24 22 21 21 20 19 18 19 18 17 17 16 15 15 15 15 15 15 15 15 15 14 14 14 14 14 13 13 12 11 11 10 9 8 7 7 7 7 6 6 6 6 6 6 6 6 7 6 6 6 6 6 6 6 6 6 6 6 6 6 6 6 6 6 6 6 6 6 6 6 6 6 6 6 6 6 6 6
-9999 -9999 -9999 -9999 -9999 37 37 35 35 34 33 33 32 30 29 27 25 23 23 20 19 19 18 18 18 17 17 17 16 15 15 15 15 15 15 15 15 14 14 14 14 14 13 13 13 12 12 11 10 9 8 7 7 7 6 6 6 6 6 6 6 6 6 6 6 6 6 6 6 6 6 6 6 6 6 6 6 6 6 6 6 6 6 6 6 6 6 6 6 6 6 6 6 6 6 6
-9999 -9999 -9999 -9999 -9999 34 35 33 33 33 31 31 30 28 25 24 23 22 21 20 19 19 18 17 17 17 16 16 15 14 16 15 15 15 15 14 14 14 14 14 13 13 13 13 12 12 11 10 9 8 7 7 7 6 6 6 6 6 6 6 6 6 6 6 6 6 6 6 6 6 6 6 6 6 6 6 6 6 6 6 6 6 6 6 6 6 6 6 6 6 6 6 6 6 6 6
-9999 -9999 -9999 -9999 31 31 31 31 30 29 29 28 26 24 23 22 21 21 18 17 18 17 17 17 18 17 17 16 16 16 15 15 14 14 14 14 14 14 13 13 13 13 13 12 11 11 10 9 9 8 7 7 6 7 6 6 6 6 6 6 6 6 6 6 6 6 6 6 6 6 6 6 6 6 6 6 6 6 6 6 6 6 6 6 6 6 6 6 6 6 6 6 6 6 6 6
-9999 -9999 -9999 -9999 29 28 28 28 27 26 26 25 24 21 21 20 19 17 17 16 17 16 18 17 16 16 16 15 15 15 15 15 15 14 13 14 13 13 13 13 13 13 12 12 11 10 9 9 8 8 8 7 6 6 6 6 6 6 6 6 6 6 6 6 6 6 6 6 6 6 6 6 6 6 6 6 6 6 6 6 6 6 6 6 6 6 6 6 6 6 6 6 6 6 6 6
-9999 -9999 -9999 25 26 27 25 25 24 24 24 23 21 19 18 18 17 17 15 15 15 15 15 15 15 15 15 15 15 15 15 14 14 14 13 13 13 13 13 13 12 12 12 11 10 10 9 8 7 8 7 6 6 6 6 6 6 6 6 6 6 6 6 6 6 6 6 6 7 7 7 7 7 6 6 7 6 6 6 6 6 6 6 6 6 6 6 6 6 6 6 6 6 6 6 6
-9999 -9999 -9999 23 24 23 23 22 21 21 21 20 18 17 17 16 15 15 15 14 14 14 15 15 15 14 14 15 15 14 14 14 14 14 13 13 13 13 12 12 12 12 11 10 10 9 8 7 8 7 6 6 6 6 6 6 6 6 6 6 6 6 6 6 7 6 6 6 6 7 7 7 7 7 7 7 7 7 6 6 6 6 6 6 6 6 6 6 6 6 6 6 6 6 6 6
-9999 -9999 20 21 21 20 19 20 19 18 18 16 16 15 15 14 14 13 15 14 15 15 13 14 14 14 14 14 14 14 13 13 13 13 13 12 12 12 12 12 11 10 10 10 9 8 7 7 7 6 6 6 6 6 6 6 6 6 6 6 6 6 6 7 7 7 7 7 6 7 7 7 7 7 7 7 7 7 7 7 6 6 6 6 6 6 6 6 6 6 6 6 6 6 6 6
-9999 -9999 18 18 18 17 17 17 16 15 15 14 14 13 13 13 12 12 13 13 13 13 13 13 13 13 13 13 13 13 13 12 12 12 12 12 12 12 11 11 10 10 10 9 8 7 7 6 6 6 6 6 6 6 6 6 6 6 6 6 6 6 7 7 7 7 7 7 7 7 7 7 7 7 7 7 7 7 7 7 7 6 6 6 6 6 6 6 6 6 6 6 6 6 6 6
-9999 16 16 16 16 15 15 15 14 13 13 13 12 12 11 12 12 12 13 13 12 12 12 12 12 12 12 12 12 12 12 12 12 12 12 12 11 11 10 10 10 9 9 8 7 7 7 7 6 6 6 6 6 6 6 6 6 6 6 6 6 7 7 7 7 7 7 7 7 7 7 7 7 7 7 7 7 7 7 7 7 7 6 6 6 6 6 6 6 6 6 6 6 6 6 6
-9999 14 14 14 12 12 12 13 12 12 11 11 11 11 12 11 11 10 11 11 11 11 12 12 11 11 12 12 12 12 12 12 11 11 11 11 10 10 10 10 9 8 8 8 8 7 7 6 6 6 6 6 6 6 6 6 6 6 6 6 7 7 7 7 7 7 7 7 7 7 7 7 7 7 7 7 7 7 7 7 7 7 7 6 6 6 6 6 6 6 6 6 6 6 6 6
13 12 12 12 11 11 11 10 10 11 11 11 10 10 11 10 9 10 10 10 11 11 11 11 11 11 11 11 11 11 11 11 11 11 11 11 10 10 9 9 8 8 8 8 7 7 6 6 6 6 6 6 6 6 6 6 6 6 7 7 7 7 7 7 7 7 7 7 7 7 7 7 7 7 7 7 7 7 7 7 7 7 7 7 6 6 6 6 6 6 6 6 6 6 6 6
12 12 10 10 9 9 10 9 8 9 9 9 9 8 9 9 9 9 9 9 9 9 9 10 10 10 10 10 10 11 11 11 10 10 10 10 10 9 9 8 8 8 8 7 7 6 6 6 6 6 6 6 6 6 6 6 7 7 7 7 7 7 7 7 7 7 7 7 7 7 7 7 7 7 7 7 7 7 7 7 7 7 7 7 7 6 6 6 6 6 6 6 6 6 6 7
11 10 9 9 9 8 7 7 7 7 7 7 7 8 8 7 7 7 8 8 9 9 9 8 9 9 9 10 10 10 10 10 10 10 9 9 9 8 8 7 7 8 7 7 7 6 6 6 6 6 6 6 6 6 6 7 7 7 7 7 7 7 7 7 7 7 7 7 7 7 7 7 7 7 7 7 7 7 7 7 7 7 7 7 7 7 6 6 6 6 6 6 6 6 7 7
10 9 8 8 7 7 7 6 6 6 6 6 7 7 7 7 7 7 7 7 8 8 8 7 9 9 9 9 9 9 9 9 9 9 9 8 8 8 8 8 8 7 7 7 6 6 6 6 6 6 6 6 6 7 7 7 7 7 7 7 7 7 7 7 7 7 7 7 7 7 7 7 7 7 7 7 7 7 7 7 7 7 7 7 7 7 7 6 6 6 6 6 6 7 7 7
9 8 8 7 6 6 6 5 5 6 6 6 6 6 6 6 6 6 6 6 7 7 7 7 8 8 8 8 8 8 8 8 8 8 8 8 8 8 8 8 7 7 7 7 6 6 6 6 6 6 6 6 7 7 7 7 7 7 7 7 7 7 7 7 7 7 7 7 7 7 7 7 7 7 7 7 7 7 7 7 7 7 7 7 7 7 7 6 6 6 6 7 7 7 7 7
8 8 7 6 6 6 5 6 6 6 6 6 6 6 6 6 6 6 6 6 7 6 6 6 8 8 8 8 8 8 8 8 8 8 8 8 8 8 8 7 7 7 7 7 7 7 7 7 6 6 7 7 7 7 7 7 7 7 7 7 7 7 7 7 7 7 7 7 7 7 7 7 7 7 7 7 7 7 7 7 7 7 7 7 7 7 7 7 6 6 7 7 7 7 7 7
8 7 7 6 6 6 6 6 6 6 6 6 6 6 6 6 6 6 6 6 6 6 6 7 7 7 8 8 8 8 8 8 8 8 8 8 8 8 8 7 7 7 7 7 7 7 7 7 7 7 7 7 7 7 7 7 7 7 7 7 7 7 7 7 7 7 7 7 7 7 7 7 6 6 6 6 6 6 6 6 6 6 7 7 7 7 7 7 7 7 7 7 7 7 7 7
8 7 7 6 6 6 6 6 6 6 6 6 6 6 6 6 6 6 6 6 6 6 6 6 7 7 7 7 8 8 8 8 8 8 8 8 8 8 7 7 7 7 7 7 7 7 7 7 7 7 7 7 7 7 7 7 7 7 7 7 7 7 7 7 7 7 7 7 7 6 6 6 6 6 6 6 6 6 6 6 6 6 6 6 6 7 7 7 7 7 7 7 7 7 7 7
9 8 8 7 6 6 6 6 6 6 6 6 6 6 6 6 6 6 6 6 6 6 6 7 7 7 7 7 7 7 8 8 8 8 8 8 8 7 7 7 7 7 7 7 7 7 7 7 7 7 7 7 7 7 7 7 7 7 7 7 7 7 7 7 7 7 6 6 6 6 6 6 6 6 6 6 6 6 6 6 6 6 6 6 6 6 6 6 7 7 7 7 7 7 7 7
9 8 8 8 7 6 6 6 6 6 6 6 6 6 6 6 6 6 6 6 6 6 6 7 7 7 7 6 7 7 7 7 8 8 8 8 7 7 7 7 7 7 7 7 7 7 7 7 7 7 7 7 7 7 7 7 7 7 7 7 7 7 7 7 6 6 6 6 6 6 6 6 6 6 6 6 6 6 6 6 6 6 6 6 6 6 6 6 6 6 7 7 7 7 7 7
10 9 8 8 7 6 6 6 6 6 6 6 6 6 6 6 6 6 6 6 6 6 7 7 7 7 7 6 7 7 7 7 7 8 8 8 7 7 7 7 8 8 8 8 7 7 7 7 7 7 7 7 7 7 7 7 7 7 7 7 7 7 6 6 6 6 6 6 6 6 6 6 6 6 6 6 6 6 6 6 6 6 6 6 6 6 6 6 6 6 6 6 6 7 7 7
11 11 10 9 8 7 6 6 6 6 6 6 6 6 6 6 6 6 6 7 6 7 7 7 7 7 7 7 7 7 7 7 7 7 8 7 7 7 7 8 8 8 8 8 8 7 7 7 7 7 7 7 7 7 7 7 7 7 7 7 7 6 6 6 6 6 6 6 6 6 6 6 6 6 6 6 6 6 6 6 6 6 6 6 6 6 6 6 6 6 6 6 6 6 6 7
13 12 11 10 9 8 7 6 6 6 6 6 6 6 6 6 6 7 7 7 7 7 7 7 7 7 7 7 7 7 7 7 7 7 8 7 7 7 8 8 8 8 8 8 8 8 7 7 8 7 7 7 7 7 7 7 7 7 7 6 6 6 6 6 6 6 6 6 6 6 6 6 6 6 6 6 6 6 6 6 6 6 6 6 6 6 6 6 6 6 6 6 6 6 6 6
14 14 13 11 10 9 8 7 6 6 6 6 6 6 7 7 7 7 7 7 7 7 7 7 7 7 7 7 7 7 7 7 7 9 9 8 7 7 8 8 8 9 9 8 8 8 7 7 8 7 7 7 7 7 7 7 7 7 6 6 6 6 6 6 6 6 6 6 6 6 6 6 6 6 6 6 6 6 6 6 6 6 6 6 6 6 6 6 6 6 6 6 6 6 6 6
15 14 14 13 11 10 9 8 7 6 6 6 7 7 7 7 7 7 7 7 7 7 7 7 7 7 7 7 7 7 7 7 7 9 9 9 8 7 8 8 8 9 9 8 8 8 8 7 8 8 7 7 7 7 7 7 7 7 7 6 6 6 6 6 6 6 6 6 6 6 6 6 6 6 6 6 6 6 6 6 6 6 6 6 6 6 6 6 6 6 6 6 6 6 6 6
17 16 15 13 12 11 10 9 8 7 6 6 7 7 7 7 7 7 7 7 7 7 7 7 7 7 7 7 7 7 7 7 7 9 9 9 9 8 8 8 8 8 8 8 8 8 8 8 8 8 7 7 7 7 7 7 7 7 7 6 6 6 6 6 6 6 6 6 6 6 6 6 6 6 6 6 6 6 6 6 6 6 6 6 6 6 6 6 6 6 6 6 6 6 6 6
19 18 16 14 13 12 12 11 9 8 8 7 7 7 7 7 7 7 7 7 7 7 7 7 7 7 7 7 7 7 7 7 7 9 9 9 9 9 8 8 8 8 8 8 8 8 8 8 7 8 7 7 7 7 7 7 7 7 7 7 6 6 6 6 6 6 6 6 6 6 6 6 6 6 6 6 6 6 6 6 6 6 6 6 6 6 6 6 6 6 6 6 6 6 6 6
21 19 18 16 14 14 14 13 12 10 9 7 7 7 7 7 7 7 7 7 7 7 7 7 7 7 7 7 7 7 7 8 9 9 9 9 9 9 8 8 8 8 8 8 8 8 8 8 7 8 7 7 7 7 7 7 7 7 7 7 6 6 6 6 6 6 6 6 6 6 6 6 6 6 6 6 6 6 6 6 6 6 6 6 6 6 6 6 6 6 6 6 6 6 6 6
25 23 21 18 17 17 16 15 14 12 10 9 7 7 7 7 7 7 7 7 7 7 7 7 7 7 7 7 7 7 8 8 9 9 9 9 9 9 8 8 8 8 8 8 8 8 8 8 8 8 7 7 7 7 7 7 7 7 6 6 6 6 6 6 6 6 6 6 6 6 6 6 6 6 6 6 6 6 6 6 6 6 6 6 6 6 6 6 6 6 6 6 6 6 6 6
29 27 24 23 21 20 18 17 15 13 12 10 9 7 7 7 7 7 7 7 7 7 7 7 7 7 7 7 7 7 8 8 9 9 9 9 9 9 8 8 8 8 8 8 8 8 8 8 8 7 7 7 7 7 7 7 7 6 6 6 6 6 6 6 6 6 6 6 6 6 6 6 6 6 6 6 6 6 6 6 6 6 6 6 6 6 6 6 6 6 6 6 6 6 6 6
