STOTEN_Data/raw/RechargeAnnualmmWolock.asc
ncols         250
nrows         718
xllcorner     -2256000
yllcorner     1557000
cellsize      1000
NODATA_value  -9999
[rows 0 to 51 of 718, columns 96 to 191 of 250]
251 249 249 249 249 249 251 256 256 256 256 260 259 259 257 253 251 250 262 264 262 261 257 255 251 248 244 240 237 236 230 227 218 214 210 207 203 200 197 191 190 186 186 185 183 183 181 179 178 169 167 164 162 158 154 153 147 144 142 138 137 132 129 127 123 122 120 116 115 113 112 107 106 102 101 99 97 95 94 92 91 89 89 86 85 83 79 79 77 77 76 74 72 72 71 69
249 249 249 249 251 254 258 263 266 268 268 272 272 269 267 263 260 259 270 272 270 266 264 261 257 253 251 246 242 237 233 227 224 218 214 210 207 203 200 193 188 187 189 186 185 183 181 179 179 171 169 166 164 160 156 154 149 145 144 140 138 133 130 127 126 123 120 119 116 115 112 109 107 104 102 99 97 95 94 92 91 91 87 82 85 85 79 79 77 77 76 74 74 72 71 69
247 249 251 252 258 262 267 275 280 282 284 289 288 284 281 277 272 269 281 281 270 266 262 261 261 257 254 249 244 242 237 233 227 221 218 213 209 205 201 197 193 190 190 189 186 185 183 181 182 173 171 167 166 162 158 156 151 149 145 142 140 135 133 129 127 126 122 120 119 115 113 112 109 104 102 101 99 97 95 94 92 89 87 83 85 85 79 79 79 77 76 76 74 72 71 69
249 251 254 259 264 273 279 286 291 296 307 307 307 303 298 293 288 282 289 284 281 275 271 268 264 264 261 257 252 249 242 237 231 225 220 216 213 209 205 198 195 194 192 190 186 185 183 183 182 174 173 169 167 164 160 158 152 151 147 144 142 136 135 130 129 126 123 122 119 116 115 112 108 106 104 102 99 97 95 94 91 89 87 83 82 85 79 79 79 77 76 76 74 72 71 71
249 252 258 265 274 284 293 301 308 312 316 321 324 320 315 310 305 298 291 297 291 286 281 275 271 268 268 262 257 255 248 242 235 229 224 220 214 210 207 203 200 197 194 192 189 186 185 185 183 177 174 171 169 166 164 158 154 152 149 145 144 138 136 133 130 127 126 123 120 119 115 113 110 108 104 102 101 99 97 91 89 91 89 83 82 85 81 79 79 77 77 76 74 72 72 71
251 256 264 274 284 296 306 316 323 328 331 338 336 332 333 327 320 314 307 311 304 297 289 284 279 274 274 270 262 261 253 246 240 235 229 224 218 214 210 207 203 200 196 194 190 189 186 187 185 178 177 173 171 167 166 160 156 154 151 149 145 140 138 135 133 129 127 123 122 120 116 115 111 108 106 104 101 99 95 93 91 89 88 83 83 81 81 79 79 77 77 76 74 74 72 71
247 261 271 283 296 308 320 328 335 341 343 350 348 347 341 341 334 327 320 316 317 308 301 293 286 281 275 274 268 261 259 251 244 238 233 227 221 218 213 209 205 201 197 196 192 190 189 187 185 180 177 174 173 169 167 161 160 156 152 151 147 142 140 136 135 130 129 126 123 120 119 115 111 110 108 104 102 98 96 93 91 89 88 85 83 81 81 81 79 79 77 76 76 74 72 71
250 259 271 293 306 320 330 338 345 349 353 358 358 355 351 352 346 346 343 333 324 318 309 302 293 288 281 279 274 266 259 252 246 239 234 228 225 220 216 213 207 205 201 197 194 195 191 189 187 180 178 179 177 173 172 159 157 153 150 148 144 143 140 136 134 131 129 125 122 122 120 115 113 111 108 106 101 98 96 95 93 91 89 85 83 82 81 79 79 79 77 76 76 74 72 71
254 266 279 292 307 318 338 346 351 357 358 360 371 369 365 367 362 357 353 344 336 326 316 307 302 295 288 285 277 270 264 257 249 244 237 231 229 224 220 214 210 207 203 200 199 196 193 191 189 187 183 181 179 175 166 160 159 155 153 150 146 144 141 138 136 133 131 127 123 120 119 117 115 111 110 106 101 99 98 95 91 90 89 85 83 82 81 81 79 79 77 77 76 74 72 72
259 272 286 300 313 325 334 341 358 361 364 364 364 376 372 374 371 365 364 355 346 336 326 316 307 298 291 286 282 275 268 261 255 248 242 235 233 227 224 218 214 209 205 204 202 199 195 193 189 187 183 183 181 170 168 166 160 157 155 151 148 146 143 141 138 134 133 129 125 122 119 118 115 113 111 108 103 99 98 95 93 91 90 88 84 82 81 81 79 79 77 77 76 74 72 72
266 279 293 307 320 331 339 346 350 355 357 370 371 381 379 381 378 373 367 364 355 346 336 326 316 307 298 289 280 281 274 266 261 254 246 244 238 231 227 221 216 213 212 207 204 200 196 195 191 189 185 183 183 172 170 168 165 160 157 153 151 148 144 143 140 136 134 131 125 123 120 120 117 115 111 107 103 101 99 95 93 91 90 88 87 85 83 83 83 79 77 77 76 74 74 72
271 286 298 313 325 334 342 349 353 359 362 363 376 388 386 390 387 381 374 367 358 360 349 340 329 320 309 301 295 278 271 268 264 259 252 238 242 237 231 225 223 219 213 210 206 202 199 196 193 181 179 177 170 168 172 170 166 165 159 155 153 150 146 144 141 138 136 133 127 125 126 122 118 115 112 108 105 101 99 97 95 91 90 88 87 85 85 83 81 81 79 77 76 76 74 71
275 290 305 318 329 337 346 352 357 362 365 368 382 382 387 397 393 390 383 376 367 358 360 349 340 329 318 309 303 285 278 274 266 259 247 242 235 231 235 232 227 221 217 212 207 204 200 199 195 185 183 181 172 170 168 172 168 166 163 159 155 151 150 146 143 140 138 134 131 127 127 120 119 115 113 110 105 101 100 97 95 93 91 90 88 89 85 83 83 81 81 79 76 76 73 71
276 295 310 321 332 341 349 355 360 365 370 385 386 388 394 392 391 399 391 387 378 369 358 360 349 340 329 318 312 301 284 279 271 264 254 247 241 234 228 224 230 224 219 216 212 207 204 200 196 187 183 181 172 170 170 168 170 168 165 163 157 153 151 148 144 141 140 136 129 131 127 122 120 116 113 112 105 103 100 98 95 93 91 93 91 89 87 86 83 81 81 79 78 74 73 71
272 295 308 325 334 344 350 359 363 368 385 390 392 395 395 401 399 395 391 396 388 380 369 371 360 349 338 328 319 308 291 286 277 270 259 252 245 238 232 227 219 214 223 217 213 210 206 202 190 188 185 183 174 172 170 168 167 170 166 165 159 155 153 150 146 141 139 136 134 131 129 123 120 119 115 110 106 103 101 98 97 95 94 93 91 89 87 87 86 83 80 78 78 77 73 73
275 289 311 321 332 346 353 360 367 371 390 393 396 400 401 408 406 402 399 392 385 388 380 369 369 358 347 335 329 308 298 287 282 275 262 255 248 242 235 228 224 218 212 209 216 212 207 204 192 188 187 180 178 176 175 173 168 167 168 166 163 157 153 149 146 142 141 138 134 133 131 125 122 117 115 111 108 107 101 100 99 97 96 94 91 89 87 87 86 84 80 80 78 77 77 73
279 292 315 324 333 342 355 363 370 386 393 398 401 405 407 413 413 411 408 402 395 387 379 374 362 367 356 344 337 316 305 294 284 271 264 255 252 247 239 232 227 221 216 211 207 210 210 195 191 190 188 180 178 176 175 173 173 171 165 166 162 157 155 151 148 144 142 139 136 134 131 127 121 118 115 113 110 107 105 103 101 97 96 94 93 91 89 87 86 86 80 83 78 77 77 75
281 295 316 327 335 345 351 365 383 390 396 401 405 408 411 418 418 416 414 410 404 395 387 377 371 360 348 351 336 323 312 301 287 276 267 260 253 247 239 235 231 225 227 224 218 214 209 196 193 189 190 182 180 178 176 175 173 171 169 167 164 160 157 153 149 146 144 141 133 130 131 127 123 120 117 113 111 108 105 104 101 99 96 94 93 91 89 87 86 86 83 83 81 81 77 75
273 287 297 329 338 347 343 350 386 393 400 405 408 411 415 423 423 421 420 416 411 404 395 385 379 369 357 350 343 331 319 304 292 281 273 264 257 248 243 235 229 237 231 225 220 216 213 198 195 191 188 183 180 178 176 175 175 173 171 167 166 162 160 155 151 148 142 140 135 136 132 129 123 120 118 115 111 108 107 104 103 99 97 96 93 91 89 87 87 86 85 83 81 81 79 77
275 287 299 308 317 337 345 353 359 396 401 408 411 415 417 425 425 425 425 423 418 411 402 394 382 376 363 353 341 329 323 311 299 287 278 267 260 251 247 239 235 231 225 219 224 218 205 200 196 193 189 185 182 182 181 179 177 173 171 169 167 164 160 157 151 147 144 140 141 138 134 131 125 121 118 115 113 110 107 106 103 101 97 96 94 91 89 87 87 85 81 83 83 81 78 78
266 287 299 309 319 328 346 354 362 398 405 410 415 419 420 426 428 428 428 426 423 418 411 401 391 384 372 360 348 342 331 318 306 293 283 273 264 255 248 243 239 234 227 221 219 215 207 204 198 195 194 190 188 182 181 179 177 177 175 171 167 163 160 157 152 149 146 144 141 138 134 132 129 123 120 117 113 110 108 106 103 101 99 96 94 93 89 88 86 85 83 81 81 79 78 78
266 287 299 309 319 328 336 356 363 401 407 413 417 420 422 430 432 433 433 432 428 425 418 410 399 395 375 369 357 350 338 325 313 300 289 278 267 260 251 250 242 235 231 225 219 217 200 205 205 199 195 192 190 184 182 181 179 177 173 171 167 163 161 158 155 151 147 146 142 139 136 132 129 123 120 118 115 115 111 108 104 101 99 96 93 91 89 88 86 83 83 81 81 79 79 78
266 277 299 309 320 329 338 357 365 373 379 396 400 409 412 414 416 417 436 436 433 430 425 416 408 403 391 378 365 358 346 334 320 308 293 283 273 264 255 254 247 239 234 228 224 209 203 198 204 201 198 197 193 188 185 181 179 175 173 173 169 165 161 160 157 151 147 148 144 141 138 134 131 125 121 122 118 115 113 110 106 101 98 96 93 91 89 88 86 85 83 83 81 79 79 78
266 277 299 309 320 329 338 359 366 374 380 398 401 410 414 417 419 420 420 420 419 416 410 412 404 394 394 380 374 365 353 341 327 315 300 289 278 267 260 257 250 242 238 232 225 210 208 205 208 205 199 195 195 190 184 182 179 177 175 173 171 167 163 160 158 152 149 148 144 141 138 134 131 129 125 124 120 117 113 110 108 101 98 96 95 93 89 88 85 85 83 81 81 81 79 78
261 272 282 308 319 329 332 341 366 374 380 398 403 412 416 419 422 423 423 423 422 420 416 417 410 402 402 391 382 363 350 338 334 320 308 293 283 273 268 261 254 248 241 235 219 217 212 212 210 207 201 200 197 193 188 185 183 179 177 173 171 169 163 161 158 155 155 149 146 142 139 140 136 131 127 124 120 117 113 111 106 101 99 96 95 93 91 89 87 85 83 81 81 81 79 79
259 271 281 292 313 322 332 341 366 374 380 387 390 407 417 422 423 427 427 427 427 423 420 416 417 408 411 397 390 370 357 343 331 317 310 300 289 278 273 266 259 252 245 242 235 221 219 217 214 208 206 202 201 197 193 190 185 181 177 177 171 169 165 161 160 157 155 149 146 142 143 140 136 131 127 124 120 117 115 111 106 103 99 98 95 93 91 89 87 85 83 83 81 81 79 79
254 265 280 290 299 311 331 353 366 374 380 387 391 396 399 403 427 428 430 430 430 427 423 420 420 414 418 406 392 379 363 350 336 324 315 303 291 281 278 270 262 255 248 246 239 232 224 221 215 210 210 207 203 205 201 194 187 183 179 175 173 171 165 163 160 159 155 151 152 149 145 142 138 133 129 125 122 118 113 110 106 103 99 98 95 93 91 88 87 85 83 83 81 81 79 79
251 262 272 287 298 309 319 351 366 374 380 387 391 397 400 405 408 425 427 427 433 430 428 423 425 419 425 413 401 385 372 357 343 331 322 310 298 286 276 267 268 261 254 250 242 232 227 222 217 215 211 209 207 212 219 202 192 183 179 177 173 171 167 163 162 160 161 156 152 149 145 142 138 133 129 125 120 116 113 110 108 104 101 98 96 93 91 88 87 85 85 83 83 81 81 79
248 259 269 285 296 308 318 351 360 376 382 388 393 399 403 407 410 427 428 430 430 427 423 420 415 417 410 401 408 394 379 365 350 336 329 315 303 291 281 280 271 264 257 254 246 235 228 227 219 217 213 210 210 212 210 201 192 186 181 177 173 171 167 161 164 158 155 156 152 149 145 142 136 133 129 125 120 116 113 112 108 104 101 98 96 95 91 88 87 85 85 83 81 81 81 78
245 256 267 277 294 305 316 345 356 364 383 390 396 400 405 408 413 428 431 431 431 430 427 423 418 420 414 407 396 402 387 372 357 343 334 322 310 298 286 284 275 268 259 255 248 238 232 228 222 217 215 210 209 206 202 196 194 187 183 177 175 168 164 162 159 158 155 151 154 150 144 140 136 133 129 125 120 119 115 112 108 104 101 98 96 95 93 91 87 87 85 83 83 81 80 78
242 254 265 276 292 304 320 344 354 365 372 391 397 402 407 411 414 431 433 434 434 433 430 427 422 417 419 410 402 410 394 379 365 350 341 329 315 303 291 289 280 271 262 259 252 241 234 230 225 219 214 211 208 202 201 195 191 185 183 179 175 170 164 162 164 160 161 158 154 150 144 141 138 134 131 127 122 119 115 112 108 106 101 99 96 95 93 90 88 87 85 83 83 80 80 80
238 249 262 273 284 308 319 342 354 365 372 380 386 405 410 413 416 419 434 436 436 434 433 430 425 407 402 396 407 396 402 387 372 357 348 334 322 310 307 294 284 273 266 261 254 242 235 231 224 221 215 210 205 204 200 194 190 187 181 179 177 170 166 167 166 165 161 158 154 148 144 141 138 134 131 127 122 119 115 112 108 106 101 99 96 95 93 90 88 87 85 83 82 82 80 80
234 246 257 270 282 304 318 341 353 364 374 381 387 394 411 414 417 420 436 437 437 437 436 417 414 410 405 399 399 389 379 371 379 363 350 336 329 324 312 300 287 277 268 264 257 247 239 229 227 219 217 212 207 203 198 194 190 184 182 176 175 173 166 169 168 165 161 158 154 148 144 141 138 134 131 127 122 119 115 112 110 106 101 99 96 95 93 90 88 87 85 85 83 80 80 80
230 242 255 267 280 293 311 339 353 364 374 381 389 395 400 404 420 422 439 441 441 439 423 420 417 413 408 402 403 394 377 365 351 348 357 343 329 317 319 305 293 278 267 264 255 244 238 232 225 220 213 211 205 202 196 193 189 183 180 178 176 173 173 174 168 165 161 158 154 148 144 141 138 134 131 125 122 119 115 112 110 106 101 99 98 95 91 90 88 87 85 85 83 82 80 80
230 237 251 264 277 290 308 338 351 364 374 383 390 397 401 405 415 425 434 435 435 428 427 423 420 416 410 405 406 398 376 371 357 354 358 350 336 334 320 308 296 283 273 268 266 248 241 234 227 222 215 209 204 199 195 190 186 183 182 178 176 178 173 172 168 165 161 158 154 148 144 141 138 134 131 125 122 119 115 112 110 106 101 99 98 95 91 90 88 87 85 85 83 82 80 80
224 237 251 260 275 288 306 336 350 362 374 383 390 398 402 420 423 434 435 437 438 438 430 427 423 419 413 408 402 394 391 376 369 378 364 355 353 341 327 315 300 289 278 279 272 262 244 238 231 224 218 211 206 201 198 192 189 190 187 183 181 178 173 172 168 166 163 159 153 148 144 141 138 134 131 125 122 119 115 112 110 106 103 99 98 95 91 90 88 87 87 85 82 82 82 80
220 232 246 261 277 286 305 335 350 362 374 383 392 411 417 422 427 437 438 440 440 440 438 430 427 422 416 410 403 397 396 385 374 385 370 373 358 346 334 320 308 296 283 285 275 266 248 239 229 227 220 213 208 202 205 199 195 190 187 185 181 177 175 174 172 166 163 159 153 150 144 141 138 134 129 125 122 119 115 112 110 106 103 99 98 95 91 90 88 87 87 85 82 82 82 80
216 227 241 257 272 282 297 328 348 362 374 384 405 413 419 425 428 438 440 442 443 443 442 440 428 425 419 413 407 400 399 389 397 390 376 380 365 353 341 327 315 300 301 290 279 270 246 250 232 225 218 216 215 210 205 201 195 192 188 185 181 177 178 176 172 168 163 159 153 150 144 141 138 134 129 125 122 119 115 112 110 106 103 99 98 95 91 90 88 88 87 85 82 82 82 80
211 222 237 253 268 284 299 326 347 361 385 397 407 414 420 425 430 440 443 445 445 445 443 434 431 428 422 416 410 403 403 394 408 402 400 385 373 358 346 334 320 321 306 293 282 281 261 254 244 237 230 225 219 212 207 203 198 194 190 184 181 179 178 176 172 166 163 157 153 150 144 141 138 132 129 125 122 119 115 112 110 105 101 99 98 95 91 90 88 88 87 83 83 82 82 82
214 217 231 246 264 280 296 312 344 371 385 396 407 414 420 427 431 443 445 447 448 447 439 437 434 431 425 420 413 407 406 398 420 408 406 391 378 365 353 341 341 326 313 307 294 285 261 255 248 241 234 227 221 214 208 205 199 194 188 184 181 181 178 176 172 166 163 157 153 150 144 141 138 132 129 125 122 119 115 112 110 105 100 99 97 95 91 90 90 88 87 83 83 82 82 79
211 222 227 243 259 277 292 309 342 358 383 394 405 414 422 428 433 437 439 442 442 442 441 439 437 433 428 422 416 410 402 427 423 411 405 397 383 371 358 346 349 343 328 313 300 289 264 255 252 242 235 228 222 215 210 205 201 193 189 186 182 181 178 176 172 166 163 157 153 150 144 141 138 132 129 125 122 119 115 112 107 103 100 99 97 95 91 90 90 88 87 83 83 82 81 81
199 219 228 238 255 271 288 305 327 354 380 393 403 413 422 428 434 439 442 444 444 444 444 442 439 436 431 425 419 411 403 442 431 414 408 402 388 376 374 362 364 349 334 318 306 294 268 262 254 246 239 232 225 217 212 204 198 195 189 186 185 181 180 176 174 168 162 157 153 150 146 141 136 132 129 123 120 119 115 112 107 105 101 99 97 95 91 90 90 88 87 83 83 82 81 81
198 206 217 231 246 252 279 295 322 344 359 384 402 413 422 430 436 441 444 445 447 447 445 444 441 437 433 428 422 435 425 443 433 424 412 406 393 392 379 383 370 356 341 326 311 298 287 266 257 250 241 234 227 216 211 205 200 195 191 190 185 181 180 178 172 168 162 159 153 150 146 141 136 132 127 123 120 116 113 110 107 105 101 99 97 95 91 90 90 87 85 83 83 82 81 81
195 203 213 227 242 257 275 286 330 341 368 382 400 411 422 430 436 442 445 448 448 448 447 445 444 439 436 451 444 437 455 446 436 427 417 411 411 398 401 388 375 362 347 332 317 304 290 266 261 252 241 232 225 219 212 207 202 196 195 190 187 181 179 178 172 166 162 159 153 150 146 139 136 132 127 123 118 115 111 110 107 105 101 99 97 93 91 90 90 87 85 83 83 82 81 81
195 202 212 224 238 255 270 282 320 350 365 387 399 418 429 437 452 458 447 450 452 452 450 455 445 442 459 455 448 440 457 448 439 431 420 422 416 420 405 392 379 366 352 338 322 310 296 270 259 252 242 235 227 221 214 209 204 201 195 192 188 182 179 175 173 166 162 159 153 150 146 139 136 131 127 121 118 115 111 110 107 103 101 99 97 95 93 91 91 89 85 85 83 83 81 81
194 200 209 221 235 251 267 279 312 347 364 379 393 418 429 438 454 460 463 466 468 468 466 465 462 465 461 456 449 441 461 452 442 433 424 426 427 426 411 398 384 371 358 345 328 313 300 273 262 254 245 238 231 224 216 211 207 203 198 192 186 182 179 177 173 166 162 159 153 150 144 139 136 131 125 121 118 115 111 108 107 103 101 99 96 95 93 91 91 89 88 87 83 83 81 81
194 199 209 220 233 248 265 292 309 344 362 377 391 403 415 438 455 462 466 468 469 469 468 466 463 467 462 458 451 472 464 455 445 436 442 450 438 432 416 404 390 377 364 350 335 318 306 277 266 257 248 239 232 225 218 214 208 203 199 194 188 184 179 177 173 166 162 159 153 150 144 139 136 131 125 121 116 113 111 108 107 103 101 98 96 95 93 91 91 89 88 87 85 83 82 81
192 199 207 218 231 245 271 289 306 342 359 376 390 403 415 426 457 463 468 471 471 471 471 468 472 469 464 459 455 474 465 457 435 433 445 455 444 443 428 414 395 383 370 356 341 324 310 280 270 259 250 242 234 227 222 215 210 205 199 195 188 184 181 177 172 166 162 159 153 150 144 139 134 131 125 121 115 113 111 108 105 104 103 99 96 95 93 91 91 89 88 88 83 83 82 81
192 198 206 216 228 253 270 287 304 320 356 373 388 402 415 427 436 465 469 473 475 475 473 469 474 478 473 461 470 463 455 447 438 456 468 459 448 449 434 420 407 393 375 362 347 330 315 285 273 262 254 245 235 232 225 217 212 207 201 195 188 184 181 177 172 166 162 159 153 150 144 139 134 131 127 120 117 113 111 108 106 104 101 99 96 95 93 91 89 89 88 88 83 83 82 82
190 196 203 213 234 250 267 285 300 318 351 368 385 402 417 429 440 446 473 476 476 476 475 471 476 478 475 469 472 465 457 450 442 479 470 463 466 453 439 426 411 397 379 366 350 335 321 289 277 266 257 247 241 234 225 219 212 207 201 193 189 184 181 177 172 166 162 159 153 150 144 139 134 131 125 122 119 115 112 110 106 104 101 99 97 95 93 91 89 89 88 88 83 83 82 82
189 195 202 210 232 248 264 282 298 314 347 365 384 402 418 432 443 450 453 478 478 485 482 480 484 480 475 471 465 467 460 452 491 481 474 465 468 459 445 430 417 401 384 371 356 341 326 294 280 270 259 254 242 234 227 219 214 207 201 195 189 184 181 177 172 166 162 159 153 150 144 138 134 129 125 122 119 115 112 108 106 103 101 99 97 96 93 91 89 89 88 87 85 83 83 82
188 194 200 217 231 245 261 277 293 309 344 362 382 403 421 436 447 455 457 458 488 487 483 482 486 481 477 471 466 476 469 474 494 485 475 481 471 460 449 434 420 407 393 375 362 347 330 298 285 273 266 255 244 235 228 219 214 208 201 195 189 184 181 177 172 168 162 157 153 148 144 140 134 131 125 122 119 115 112 108 106 103 101 99 97 96 94 91 89 89 88 87 85 83 83 82
