STOTEN_Data/raw/RechargeAnnualmmWolock.asc
ncols         250
nrows         718
xllcorner     -2256000
yllcorner     1557000
cellsize      1000
NODATA_value  -9999
[rows 468 to 519 of 718, columns 0 to 95 of 250]
33 30 29 26 24 23 21 19 17 15 13 11 10 9 8 7 7 7 7 7 7 7 7 7 7 7 7 7 7 8 8 8 9 9 9 9 9 9 8 8 8 8 8 8 8 8 8 8 7 7 7 7 7 7 7 7 7 6 6 6 6 6 6 6 6 6 6 6 6 6 6 6 6 6 6 6 6 6 6 6 6 6 6 6 6 6 6 6 6 6 6 6 6 6 6 6
37 35 32 30 28 26 23 22 19 18 15 13 11 10 9 9 7 7 7 7 7 7 7 7 7 7 7 7 7 8 8 8 8 9 9 9 9 9 8 8 8 8 8 8 8 8 8 8 7 7 7 7 7 7 7 7 7 7 7 7 7 7 6 6 6 6 6 6 6 6 6 6 6 6 6 6 6 6 6 6 6 6 6 6 6 6 6 6 6 6 6 6 6 6 6 6
41 39 36 34 31 30 28 25 22 19 18 15 13 12 11 10 9 9 7 7 7 7 7 7 7 7 7 7 7 8 8 8 8 9 9 9 9 9 8 8 8 8 8 8 8 8 8 7 7 7 7 7 7 7 7 7 7 7 7 7 7 7 6 6 6 6 7 7 6 6 6 6 6 6 6 6 6 6 6 6 6 6 6 6 6 6 6 6 6 6 6 6 6 6 6 6
44 42 41 39 36 34 31 29 27 24 20 18 15 14 12 11 10 9 9 9 7 7 7 7 7 7 7 7 7 8 8 8 8 9 9 9 9 9 8 8 8 8 8 8 8 8 8 7 7 7 7 7 7 7 7 7 7 7 7 7 7 7 6 6 6 6 7 7 6 6 6 6 6 6 6 6 6 6 6 6 6 6 6 6 6 6 6 6 6 6 6 6 6 6 6 6
47 44 43 41 39 38 36 33 30 27 24 20 18 16 14 14 12 11 9 9 9 7 7 7 7 7 7 7 8 8 8 8 8 9 9 9 9 9 8 8 8 8 8 8 8 8 7 7 7 7 7 7 7 7 7 7 7 7 7 7 7 7 6 6 6 6 7 7 6 6 6 6 6 6 6 6 6 6 6 6 6 6 6 6 6 6 6 6 6 6 6 6 6 6 6 6
48 47 46 45 44 42 39 37 33 30 27 24 21 19 17 15 14 12 12 9 9 9 8 8 8 8 7 8 8 8 8 8 9 9 9 9 9 9 8 8 8 8 8 8 8 8 7 7 8 7 7 7 7 7 7 7 7 7 7 7 7 7 6 6 6 6 7 7 6 6 6 6 7 6 6 6 6 6 6 6 6 6 6 6 6 6 6 6 6 6 6 6 6 6 6 6
52 50 48 47 45 44 42 40 37 34 30 28 25 22 20 18 15 14 12 12 9 9 9 8 8 8 8 8 8 8 8 8 8 9 9 9 9 9 8 8 8 8 8 8 8 8 7 7 7 7 7 7 7 7 7 7 7 7 7 7 7 7 6 6 6 6 7 7 6 6 7 7 7 7 7 7 6 6 6 6 6 6 6 6 6 6 6 6 6 6 6 6 6 6 6 6
54 53 52 49 48 46 45 44 41 39 36 32 29 26 23 20 18 15 14 12 11 9 9 9 8 8 8 8 8 8 8 8 8 9 9 9 9 8 8 8 8 8 8 8 8 8 7 7 7 7 7 7 7 7 7 7 7 7 7 7 7 7 6 6 6 6 6 7 7 7 7 7 7 7 7 7 7 7 7 7 6 6 6 6 6 6 6 6 6 6 6 6 6 6 6 6
57 56 54 53 52 50 49 48 45 43 40 37 33 30 27 25 22 18 15 14 12 11 9 9 9 8 8 8 8 8 8 8 8 8 9 9 9 8 8 8 8 8 8 8 8 8 7 7 7 7 7 7 7 7 7 7 7 7 7 7 7 7 6 6 6 6 6 7 7 7 7 7 7 7 7 7 7 7 7 7 7 6 6 6 6 6 6 6 6 6 6 6 6 6 6 6
60 58 57 55 54 52 52 50 48 47 44 41 37 34 31 28 25 21 18 15 14 12 11 10 9 9 9 8 8 8 8 8 8 8 9 9 9 8 8 8 8 8 8 8 8 8 7 7 7 7 7 7 7 7 7 7 7 7 7 7 7 7 6 6 6 7 7 7 7 7 7 7 7 7 7 7 7 7 7 7 7 6 6 6 6 6 6 6 6 6 6 6 6 6 6 6
63 61 60 58 57 55 53 52 50 50 47 44 41 38 35 32 28 25 21 18 15 14 12 11 9 9 9 9 8 8 8 8 8 8 9 9 9 8 8 8 8 8 8 8 8 8 7 7 7 7 7 7 7 7 7 7 7 7 7 7 7 7 7 6 7 7 7 7 7 7 7 7 7 7 7 7 7 7 7 7 6 6 6 6 6 6 6 6 6 6 6 6 6 6 6 6
66 65 63 61 60 58 56 55 53 52 50 47 45 42 39 36 32 28 25 21 18 15 14 12 11 9 9 9 9 8 8 8 8 8 8 9 9 8 8 8 8 8 8 8 8 8 7 7 7 7 7 7 7 7 7 7 7 7 7 7 7 7 7 7 7 7 7 7 7 7 7 7 7 7 7 7 7 7 7 7 6 6 6 6 6 6 6 6 6 6 6 6 6 6 6 6
70 68 67 65 63 61 59 58 56 54 52 50 48 45 43 40 36 32 28 25 21 19 16 14 12 11 9 9 9 9 8 8 8 8 8 9 9 8 8 8 8 8 8 8 8 8 7 7 7 7 7 7 7 7 7 7 7 7 7 7 7 7 7 7 7 7 7 7 7 7 7 7 7 7 7 7 7 7 7 7 6 6 6 6 6 6 6 6 6 6 6 6 6 6 6 6
74 72 70 68 66 65 63 61 59 56 54 52 50 48 47 44 41 37 33 28 26 22 19 16 14 13 11 9 9 9 9 8 8 8 8 9 9 8 8 8 8 8 8 8 8 8 7 7 7 7 7 7 7 7 7 7 7 7 7 7 7 7 7 7 7 7 7 7 7 7 7 7 7 7 7 7 7 7 7 7 6 6 6 6 6 6 6 6 6 6 6 6 6 6 6 6
79 77 74 72 70 68 66 64 62 59 57 54 52 50 50 47 44 41 37 32 30 25 22 19 16 14 12 11 9 9 9 9 8 8 8 9 9 8 8 8 8 8 8 8 8 8 7 7 7 7 7 7 7 7 7 7 7 7 7 7 7 7 7 7 7 7 7 7 7 7 7 7 7 7 7 7 7 7 7 6 6 6 6 6 6 6 6 6 6 6 6 6 6 6 6 6
83 80 79 77 74 72 70 67 65 62 60 57 55 53 52 50 48 44 41 39 34 30 25 22 19 15 14 12 11 9 9 9 9 8 8 9 9 8 8 8 8 8 8 8 8 8 7 7 7 7 7 7 7 7 7 7 7 7 7 7 7 7 7 7 7 7 7 7 7 7 7 7 7 7 7 7 7 7 7 6 6 6 6 6 6 6 6 6 6 6 6 6 6 6 6 6
88 85 83 80 79 76 74 71 69 66 63 60 58 56 54 52 50 48 46 42 39 35 29 25 22 19 16 14 12 11 9 9 9 8 8 8 9 8 8 8 8 8 8 8 8 8 8 7 7 7 7 7 7 7 7 7 7 7 7 7 7 7 7 7 7 7 7 7 7 7 7 7 7 7 7 7 7 7 7 6 6 6 6 6 6 6 6 6 6 6 6 6 6 6 5 6
95 91 88 85 83 80 77 75 72 69 67 64 61 59 57 57 54 53 50 46 43 39 34 29 25 21 18 15 13 12 9 9 9 9 8 8 9 8 8 8 8 8 8 8 8 8 8 7 7 7 7 7 7 7 7 7 7 7 7 7 7 7 7 7 7 7 7 7 7 7 7 7 7 7 7 7 7 7 6 6 6 6 6 6 6 6 6 6 6 6 6 6 6 6 6 6
104 101 96 93 90 85 82 79 77 74 70 69 67 64 62 60 57 56 53 50 46 42 39 33 28 24 20 17 14 12 11 10 9 9 8 8 8 9 8 8 8 8 8 8 8 8 8 7 7 7 7 7 7 7 7 7 7 7 7 7 7 7 7 7 7 7 7 7 7 7 7 7 7 7 7 6 7 7 6 6 6 6 6 6 6 6 6 6 6 6 6 6 6 6 6 6
112 108 103 99 96 92 90 85 83 79 77 74 70 68 65 63 61 58 55 52 49 46 43 38 32 27 22 19 16 13 12 10 9 9 8 8 8 9 8 8 8 8 8 8 8 8 8 7 7 7 7 7 7 7 7 7 7 7 7 7 7 7 7 7 7 7 7 7 7 7 7 7 7 7 7 6 7 7 6 6 6 6 6 6 6 6 6 6 6 6 6 6 6 6 6 6
121 116 111 106 102 99 94 92 88 85 81 78 75 72 69 67 64 61 58 55 53 49 47 42 36 30 26 21 18 15 12 11 9 9 8 8 8 9 8 8 8 8 8 8 8 8 8 7 7 7 7 7 7 7 7 7 7 7 7 7 7 7 7 7 7 7 7 7 7 7 7 7 7 7 6 6 7 6 6 6 6 6 6 6 6 6 6 6 6 6 6 6 6 6 6 6
131 125 120 114 109 104 101 96 92 90 85 83 79 76 74 70 68 65 62 59 56 53 50 46 40 34 29 24 20 16 13 11 10 9 8 8 8 8 9 8 8 8 8 8 8 8 8 7 7 7 7 7 7 7 7 7 7 7 7 7 7 7 7 7 7 7 7 7 7 7 7 7 7 7 6 6 6 6 6 6 6 6 6 6 6 6 6 6 6 6 6 6 6 6 6 6
141 135 129 122 117 111 106 102 99 94 92 88 83 81 78 76 72 70 66 63 60 57 56 50 44 39 33 27 22 18 15 12 10 9 9 8 8 8 9 8 8 8 8 8 8 8 8 8 7 7 7 7 7 7 7 7 7 7 7 7 7 7 7 7 7 7 7 7 7 7 7 7 7 7 6 6 6 6 6 6 6 6 6 6 6 6 6 6 6 6 6 6 6 6 6 6
151 145 138 131 125 119 113 108 104 101 96 92 88 85 83 79 77 74 70 68 64 61 60 54 50 43 37 31 25 20 17 14 11 10 9 8 8 8 9 8 8 8 8 8 8 8 8 8 7 7 7 7 7 7 7 7 7 7 7 7 7 7 7 7 7 7 7 7 7 7 7 7 7 7 7 6 6 6 6 6 6 6 6 6 6 6 6 6 6 6 6 6 6 6 6 6
161 154 147 140 134 127 121 116 110 106 101 97 93 90 88 85 81 79 76 72 69 65 64 61 54 48 42 36 30 24 19 15 13 11 9 9 8 8 8 8 8 8 8 8 8 8 8 8 7 7 7 7 7 7 7 7 7 7 7 7 7 7 7 7 7 7 7 7 7 7 7 7 7 7 7 7 6 6 6 6 6 6 6 6 6 6 6 6 6 6 6 6 6 6 6 6
170 164 156 149 142 136 130 123 117 112 107 102 99 94 92 88 85 83 79 77 72 70 69 65 59 54 47 41 34 28 22 18 14 12 10 9 9 8 8 8 8 8 8 8 8 8 8 8 7 7 7 7 7 7 7 7 7 7 7 7 7 7 7 7 7 7 7 7 7 7 7 7 7 7 7 7 7 7 7 6 6 6 6 6 6 6 6 6 6 6 6 6 6 6 6 6
183 177 166 158 152 145 138 131 125 119 113 108 103 99 96 93 90 88 85 81 78 77 73 69 65 58 52 46 39 32 26 20 16 13 11 9 9 9 8 8 8 8 8 8 8 8 8 8 8 7 7 7 7 7 7 7 7 7 7 7 7 7 7 7 7 7 7 7 7 7 7 7 7 7 7 7 7 7 7 7 6 6 6 6 6 6 6 6 6 6 6 6 6 6 6 6
192 185 178 167 161 154 147 139 132 126 119 114 109 105 101 97 94 92 88 85 81 82 77 73 69 62 57 50 43 36 29 23 18 14 12 10 9 9 9 8 8 8 8 8 8 8 8 8 8 7 7 7 7 7 7 7 7 7 7 7 7 7 7 7 7 7 7 7 7 7 7 7 7 7 7 7 7 7 7 7 7 6 6 6 6 6 6 6 6 6 6 6 6 6 6 6
200 194 187 180 169 162 155 148 140 133 126 120 115 110 106 101 99 94 92 90 85 86 82 76 72 66 60 54 48 41 34 27 21 16 13 11 10 9 9 8 8 8 8 8 8 8 8 7 7 7 7 7 7 7 7 7 7 7 7 7 7 7 7 7 7 7 7 7 7 7 7 7 7 7 7 7 7 7 7 7 7 7 6 6 6 6 6 6 6 6 6 6 6 6 6 6
206 200 194 188 181 170 163 155 148 140 133 127 121 116 111 106 102 99 95 92 90 90 85 81 75 71 64 59 52 45 38 31 25 19 15 12 10 9 9 9 8 8 8 8 8 8 8 8 8 8 7 7 7 7 7 7 7 7 7 7 7 7 7 7 7 7 7 7 7 7 7 7 7 7 7 7 7 7 7 7 7 7 6 6 6 6 6 6 6 6 6 6 6 6 6 6
210 206 202 196 189 182 175 163 155 148 140 134 127 121 116 111 106 102 99 96 97 93 89 84 79 74 68 62 56 50 43 36 29 23 18 14 12 10 9 9 8 8 8 8 8 8 8 8 8 8 7 7 7 7 7 7 7 7 7 7 7 7 7 7 7 7 7 7 7 7 7 7 7 7 7 7 7 7 7 7 7 7 6 6 6 6 6 6 6 6 6 6 6 6 6 6
213 211 207 202 196 189 182 175 167 155 148 141 134 128 122 116 111 106 102 99 100 96 92 87 83 77 72 66 60 54 48 40 33 26 20 16 13 11 9 9 8 8 8 8 8 8 8 8 8 8 7 7 7 7 7 7 7 7 7 7 7 7 7 7 7 7 7 7 7 7 7 7 7 7 7 7 7 7 7 7 7 6 6 6 6 6 6 6 6 6 6 6 6 6 6 6
216 214 211 207 202 196 189 182 175 167 159 152 141 134 128 122 116 111 106 102 104 99 95 91 86 81 75 70 64 58 53 45 38 30 23 18 14 11 10 9 8 8 8 8 8 8 8 8 8 8 8 7 7 7 7 7 7 7 7 7 7 7 7 7 7 7 7 7 7 7 7 7 7 7 7 7 7 7 7 7 7 7 6 6 6 6 6 6 6 6 6 6 6 6 6 6
218 216 214 211 207 202 196 189 182 174 167 159 152 145 138 132 122 116 111 106 108 104 99 94 90 84 79 72 68 62 56 49 42 34 27 21 16 13 10 9 9 8 8 8 8 8 8 8 8 8 8 7 7 7 7 7 7 7 7 7 7 7 7 7 7 7 7 7 7 7 7 7 7 7 7 7 7 7 7 7 7 7 6 6 6 6 6 6 6 6 6 6 6 6 6 6
219 218 216 214 211 207 202 196 189 182 174 167 159 152 145 138 132 125 123 114 110 105 104 98 93 88 83 76 70 66 60 53 46 38 31 24 19 15 12 10 9 8 8 8 8 8 8 8 8 8 8 7 7 7 7 7 7 7 7 7 7 7 7 7 7 7 7 7 7 7 7 7 7 7 7 7 7 7 7 7 7 7 6 6 6 6 6 6 6 6 6 6 6 6 6 6
221 219 218 216 214 211 207 202 196 189 182 174 167 163 156 148 141 135 128 123 115 110 105 102 97 92 86 81 74 68 64 57 51 44 36 28 22 17 13 10 10 8 8 8 8 8 8 8 8 8 8 8 7 7 7 7 7 7 7 7 7 7 7 7 7 7 7 7 7 7 7 7 7 7 7 7 7 7 7 7 7 7 6 6 6 6 6 6 6 6 6 6 6 6 6 6
222 221 220 218 216 214 211 207 207 200 194 187 178 171 163 156 148 142 136 129 120 115 112 107 101 96 90 84 79 72 66 61 55 48 41 33 25 19 15 12 10 10 8 8 8 8 8 8 8 8 8 8 7 7 7 7 7 7 7 7 7 7 7 7 7 7 7 7 7 7 7 7 7 7 7 7 7 7 7 7 7 7 7 6 6 6 6 6 6 6 6 6 6 6 6 6
223 222 226 225 223 221 219 216 212 207 200 194 187 178 171 163 156 149 142 136 126 120 117 111 106 99 94 88 82 74 70 64 59 53 45 37 29 22 17 13 10 10 8 8 8 8 8 8 8 8 7 7 8 7 7 7 7 7 7 7 7 7 7 7 7 7 7 7 7 7 7 7 7 7 7 7 7 7 7 7 7 7 7 7 7 6 6 6 6 6 6 6 6 6 6 6
230 228 227 226 225 223 221 219 216 212 207 200 194 187 178 171 164 157 149 142 132 125 122 116 110 104 98 90 84 79 74 68 64 57 50 42 33 25 19 15 12 10 8 8 8 8 8 8 8 8 7 7 8 7 7 7 7 7 7 7 7 7 7 7 7 7 7 7 7 7 7 7 7 7 7 7 7 7 7 7 7 7 7 7 6 6 6 6 6 6 6 7 7 7 7 7
230 230 230 228 226 225 223 221 219 216 212 207 200 194 187 178 171 164 156 145 138 134 127 120 111 106 100 94 88 82 77 72 66 60 54 46 37 29 22 17 13 10 9 8 8 8 8 8 7 7 7 7 7 7 7 7 7 7 7 7 7 7 7 7 7 7 7 7 7 7 7 7 7 7 7 7 7 7 7 7 7 7 6 6 6 6 6 6 6 7 7 7 7 7 7 7
213 208 208 230 228 227 225 223 221 219 216 212 207 200 194 182 174 167 159 152 144 136 130 122 116 110 101 99 93 86 81 74 70 64 57 50 42 34 25 19 15 12 9 8 8 7 7 7 7 7 7 7 7 7 7 7 7 7 7 7 7 7 7 7 7 7 7 7 7 7 7 7 7 7 7 7 7 7 7 7 7 6 6 6 6 6 6 7 7 7 7 7 7 7 7 7
209 209 209 208 207 206 205 225 223 221 214 211 207 202 196 189 182 174 166 158 150 143 134 124 118 112 106 101 94 88 81 76 70 64 58 52 45 37 29 23 18 13 10 9 8 7 7 7 7 7 7 7 7 7 7 7 7 7 7 7 7 7 7 7 7 7 7 7 7 7 7 7 7 7 7 7 7 7 7 7 6 6 6 6 6 6 7 7 7 7 7 7 7 7 7 7
209 209 209 209 209 208 206 205 203 202 216 214 211 207 202 196 189 181 173 164 156 144 137 130 123 116 110 104 99 92 85 79 72 67 61 54 48 42 34 27 20 15 12 9 8 7 7 7 7 7 7 7 7 7 7 7 7 7 7 7 7 7 7 7 7 7 7 7 7 7 7 7 7 7 7 7 7 6 6 6 6 6 6 6 6 7 7 7 7 7 7 7 7 7 7 7
203 203 210 210 210 209 208 207 205 203 202 200 197 200 196 191 196 188 179 166 158 150 142 135 128 121 114 108 102 95 90 80 75 70 64 58 52 46 38 30 23 18 13 10 8 7 7 7 7 7 7 7 7 7 7 7 7 7 7 7 7 7 7 7 7 7 7 7 7 6 6 6 6 6 6 6 6 6 6 6 6 6 6 7 7 7 7 7 7 7 7 7 7 7 7 7
198 209 204 204 204 204 203 202 201 200 203 202 200 197 195 191 186 180 182 173 164 156 148 141 133 126 119 112 106 97 91 84 79 73 67 61 55 50 42 34 27 20 15 11 9 7 7 7 6 7 7 7 7 7 7 7 6 7 7 7 7 7 7 6 6 7 7 6 6 6 6 6 6 6 6 6 6 6 6 6 7 7 7 7 7 7 7 7 7 7 7 7 7 7 7 7
198 198 198 198 199 199 204 203 202 201 200 198 196 194 197 189 180 175 168 160 152 145 138 146 138 131 120 113 106 101 94 88 81 76 70 62 56 50 46 38 30 23 17 12 9 7 6 6 6 7 7 7 7 7 7 7 6 6 6 6 6 6 6 6 6 7 6 6 6 6 6 6 6 6 6 6 6 6 7 7 7 7 7 7 7 7 7 7 7 7 7 7 7 7 7 7
198 198 198 198 199 199 199 198 198 197 200 200 198 191 189 186 183 178 172 165 158 150 142 135 128 122 125 118 110 104 95 89 83 77 71 65 59 54 47 40 32 25 18 14 9 7 6 6 6 6 7 7 7 7 7 7 7 6 6 6 6 6 6 6 6 6 6 6 6 6 6 6 6 6 6 6 7 7 7 7 7 7 7 7 7 7 7 7 7 7 8 7 7 7 7 7
198 198 198 198 199 199 199 199 198 198 197 195 194 192 191 188 184 181 175 169 162 155 147 140 134 127 129 122 112 106 99 93 87 80 75 69 62 56 50 44 35 28 22 16 10 9 6 6 6 6 7 7 7 7 6 6 6 6 6 6 6 6 6 6 6 6 6 6 6 6 6 6 6 6 6 6 6 6 7 7 7 7 7 7 7 7 7 7 7 8 8 8 7 7 7 7
199 198 198 198 198 199 199 199 199 198 198 197 195 194 191 189 186 183 178 173 166 159 152 145 138 131 131 123 117 109 103 97 91 84 78 72 66 59 54 46 39 32 25 18 12 9 7 6 6 6 6 7 7 6 6 6 6 6 6 6 6 6 6 6 6 6 6 6 6 6 6 6 6 6 6 6 6 6 6 6 7 7 7 7 7 7 7 7 7 8 8 8 8 7 7 7
199 194 194 194 199 199 199 199 199 194 193 192 197 195 193 191 188 184 181 176 170 164 157 150 142 135 128 128 122 114 108 101 94 88 81 75 69 63 56 53 44 36 27 21 14 10 7 7 7 6 6 6 6 6 6 6 6 6 6 6 6 6 6 6 6 6 6 6 6 6 6 6 6 6 6 6 6 6 6 7 7 7 7 7 7 7 7 7 7 8 8 8 8 7 7 7
194 194 194 194 194 194 194 194 194 194 194 193 198 197 194 192 189 186 183 178 173 168 162 155 148 140 133 134 126 119 111 105 98 91 85 78 72 66 64 55 48 40 29 22 16 12 9 6 6 6 6 6 6 6 6 6 6 6 6 6 6 6 6 6 6 6 6 6 6 6 6 6 6 6 6 6 6 6 6 7 7 7 7 7 7 7 7 7 7 7 8 8 8 7 7 6
194 194 194 194 194 194 194 194 194 194 194 194 198 198 196 193 191 188 184 181 177 173 166 159 152 145 138 138 130 122 115 108 102 95 88 81 75 67 60 53 47 40 32 25 16 11 8 6 6 6 6 7 7 6 6 6 6 6 6 6 6 6 6 6 6 6 6 6 6 6 6 6 6 6 6 6 6 6 7 7 7 7 7 7 7 7 7 7 7 7 8 8 8 7 6 6
