STOTEN_Data/raw/RiverDist_NEAR.asc
ncols         250
nrows         718
xllcorner     -2256000
yllcorner     1557000
cellsize      1000
NODATA_value  -9999
[rows 252 to 279 of 718, columns 0 to 62 of 250]
4855.505 4169.283 3601.806 3117.811 2061.183 1205.241 243.0917 703.6548 1759.684 2739.32 3570.737 4142.206 5553.483 6252.134 6960.172 7710.479 9117.824 9906.673 10730.75 10873.78 9535.106 9535.106 9139.224 8685.114 7346.467 6984.104 6751.658 6662.743 5684.409 5663 5627.588 4936.661 3528.998 2965.793 2488.271 2050.775 962.0201 1274.356 1719.012 2302.001 1956.204 2598.688 3340.8 4109.139 3262.02 3262.02 3286.958 3551.294 2920.602 2962.02 2796.27 2290.278 1062.02 817.4926 670.3805 685.6141 596.4694 894.0035 1337.98 1437.98 2437.98 2438.055 2537.98
5576.711 4988.603 4305.468 3117.811 2127.916 1155.512 196.3452 703.6548 1703.655 2197.248 2733.957 4142.206 4837.965 5546.236 6306.208 7125.662 8512.281 9343.319 10178.23 11036.47 10442.33 10037.33 9581.824 9198.833 7943.658 7740.085 7662.649 7678.58 6662.853 6347.234 5735.367 5181.477 4349.798 3811.934 3364.368 3021.527 1962.02 2160.281 2607.279 3112.322 2747.774 3370.174 4010.558 4742.594 4262.02 4262.02 4281.135 4487.272 3828.688 3962.02 3636.767 3220.127 2061.645 1734.703 1665.357 1529.96 262.0201 117.8115 337.9799 437.9799 1437.98 1438.107 1537.98
5554.605 5554.605 4632.584 3338.308 2398.22 1535.451 652.957 558.7945 862.6343 1338.288 2009.813 3423.833 4132.49 4907.653 5737.924 7125.662 7956.485 8804.151 9680.934 11036.47 11365.13 10921.17 10494.54 9198.833 8912.111 8731.148 8662.576 7678.58 7662.744 7128.2 6569.129 6047.445 4715.109 4271.599 4006.698 3962.02 3096.882 3504.174 3950.988 4518.533 4133.009 4784.158 5423.647 5423.647 5262.02 5262.02 5277.514 5446.062 4773.133 4961.861 4526.163 4182.485 3030.583 2707.976 2664.104 2433.27 1218.252 690.9096 595.8323 562.0201 437.9799 438.3964 537.9799
5981.424 5122.997 4248.792 2887.159 2035.341 1396.004 1133.838 37.97992 596.6475 1308.068 2133.059 2719.234 3521.54 4351.068 5209.539 6574.379 7445.125 8339.167 9249.275 10575.08 11482.14 11817.45 11421.88 10146.06 9886.847 9724.042 9662.519 8676.671 8528.072 7954.761 7408.672 6047.445 5599.977 5212.533 4997.765 3962.02 4063.822 4395.706 4842.862 4518.533 4980.521 5532.919 6191.912 6150.081 6262.02 6275.045 6417.444 6707.123 5870.844 5441.513 5159.184 4896.328 3695.557 3695.557 3663.535 3382.735 2024.418 1673.692 1574.435 1562.02 561.6369 462.0201 375.3141
6477.786 5636.387 4855.505 3443.725 2768.769 2304.147 2099.438 750.3482 3.654812 746.8946 1634.023 2974.674 3867.889 4792.494 5710.568 7018.442 7929.789 8769.26 9638.845 10999.57 11874.25 12360.56 12360.56 11102.55 10866.17 10718.26 10662.47 9675.156 9340.874 8786.65 8283.257 6947.879 6502.874 6172.073 5991.801 4962.02 5043.674 5314.711 5738.867 5323.7 5876.181 6351.146 6938.63 6837.201 7262.02 7273.254 7396.459 6707.123 6762.168 6382.322 6143.387 4896.328 4688.408 4661.758 4258.989 2918.611 2669.319 2569.604 2562.02 1514.955 1462.02 1365.557 1462.02
7034.594 6268.384 5576.711 4169.283 3631.75 3260.83 2486.556 1318.069 422.1859 502.877 1375.725 2584.092 3509.962 4325.24 5169.731 6542.88 7403.832 8293.886 9197.605 10529.92 11431.82 12348.84 13035.13 11848.96 11713.46 11662.43 11560.09 10174.03 9639.977 9182.254 8736.599 7430.433 7430.433 7142.723 6987.54 5962.02 6030.147 6258.604 6631.563 6185.925 6713.659 7215.329 7737.472 7594.154 8247.601 8056.771 7727.788 7649.513 7671.432 7338.803 7114.412 5856.45 5683.766 5593.35 5153.55 3852.555 3667.329 3567.478 3562.02 2493.8 2462.02 2364.06 2437.977
6986.878 6986.878 6373.661 4990.664 4533.204 3781.461 2898.32 1545.98 700.7794 40.82161 730.6771 2106.344 2938.616 3821.96 4734.431 6057.884 6964.58 7890.608 8802.896 10119.45 11035.47 11957.8 12891.71 12834.4 12709.41 12662.4 12392.04 11011.17 10519.18 10071.81 9656.715 8374.684 8120.5 7984.344 7962.02 7020.449 7217.625 7543.313 7974.332 7549.643 8108.588 8169.364 7452.895 8211.056 7630.764 7143.925 6770.73 7518.372 7438.627 7492.698 7677.755 6828.031 6680.511 6494.593 6073.139 4813.123 4666.191 4566.282 4562.02 3484.688 3462.02 3363.453 3415.844
7767.905 7221.319 5867.741 5129.291 4232.822 3394.677 2001.819 1270.338 563.0134 309.7637 1188.253 2514.825 2514.825 3420.885 4348.552 5656.237 6572.703 7510.513 8462.574 9731.307 10672.66 11623.81 12582.54 13797.54 13705.95 13662.37 13239.59 11873.08 11417.29 10971.28 10591.32 9330.559 9103.106 8981.859 8962.021 8013.16 8186.46 8474.996 8867.526 8421.464 8369.921 7540.739 6757.95 6808.285 6257.781 5828.113 5547.435 6438.728 6501.121 6713.568 7062.541 7678.104 7389.172 7014.77 7014.77 5787.068 5665.455 5565.517 5562.02 4479.629 4462.02 4363.125 4403.636
8594.432 7832.168 6467.32 5606.549 4800.05 3916.626 2670.334 1796.345 796.3452 117.8115 1188.253 2149.292 3134.775 4095.52 5302.573 6270.936 7247.895 8214.53 9424.569 10393.74 11368.25 12336.28 12582.54 13547.24 14516.72 14615.18 14107.11 12755.15 12307.8 11886.67 11536.9 10294.82 10089.13 9979.871 9962.021 9007.483 9161.994 9420.698 9417.509 8796.167 7885.417 6999.071 6147.696 6039.618 5411.472 4908.263 4571.445 5438.866 5512.588 5761.605 6164.708 7529.076 8092.867 7970.633 7754.882 6664.604 6564.984 6562.02 6474.191 5461.745 5362.918 5395.928 5212.533
9170.394 8179.451 6996.431 6098.691 5099.151 4099.835 2957.563 2038.2 1128.223 196.3452 935.6475 1919.077 2896.419 3846.644 5057.732 6032.247 7006.75 7968.807 9180.733 10153.48 11126.53 12091.61 13303.8 14275.8 15248.11 14991.15 13652.67 13206.43 12814.71 12490.96 11265.32 11077.66 10978.25 10978.25 9962.021 10002.94 10142.3 10198.35 9417.509 8455.574 7503.599 6565.916 5649.643 5348.016 4626.911 4026.818 3608.631 4439.065 4529.094 4829.102 5303.567 6694.115 7322.479 8026.593 8732.007 7656.095 7564.592 7562.02 7472.563 6455.826 6362.777 6390.624 6172.073
8110.582 8110.582 7191.016 6206.288 5227.359 4258.232 3100.96 2103.155 1109.299 174.9102 706.3417 1704.769 2704.357 3683.742 4817.056 5797.531 6783.708 7763.712 8939.195 9915.471 10896.05 11873.52 13061.95 14036.44 15014.3 15888.24 14543.82 14118.56 13752.85 13451.7 12240.56 12068.08 11976.89 11962.02 10999.22 11087.93 10105.96 9107.013 8223.192 7240.73 6263.822 5295.538 4767.14 4767.14 3941.153 3215.527 3608.631 3439.381 3554.824 3929.939 5303.567 5910.618 6613.845 7385.827 8732.007 8645.22 8564.292 8561.994 8471.318 7443.232 7362.674 7386.752 7142.666
7894.169 6908.342 6129.827 5136.349 4146.006 3161.747 2325.243 1376.996 548.9194 303.6548 1452.063 2390.826 2390.826 3365.031 4605.054 5551.028 6513.161 7485.226 8712.737 9670.529 10636.09 11607.49 12830.32 13792.18 14759.12 15730.19 15441.84 15041.87 14699.15 14417.77 13219.51 13059.96 12975.75 12962.02 11995.18 11096.34 10096.34 9096.345 8108.328 7110.013 6112.25 5115.359 4341.654 3414.255 2542.471 1808.548 2439.956 2600.178 3093.34 3791.632 5201.894 5988.925 6831.888 7712.464 8207.185 9064.508 9564.055 9561.614 8471.318 8433.607 8362.597 8043.759 7142.666
7800.127 6800.683 5927.266 4953.761 3993.368 3058.458 2186.534 1196.345 196.3452 552.0004 1303.655 2303.655 3303.655 4303.655 5342.106 6336.041 7331.625 8328.268 9446.865 10433.15 11421.82 12412.3 13562.76 13562.76 14544.96 15133.9 15719.99 15437.79 15216.19 15057.88 14201.39 14053 13974.76 13177.79 12105.26 11106.07 10107.03 9108.2 8096.345 7096.345 6096.345 5096.345 4119.976 3127.538 2142.138 1181.469 1441.33 1698.612 2386.064 3240.517 4602.614 5476.452 6387.405 7267.413 8619.136 9481.874 10330.21 10298.76 9426.016 8776.622 7811.928 6828.873 6144.356
7606.362 6800.683 5801.431 4802.49 3804.105 3058.458 2103.155 1109.299 174.9102 621.6306 1478.472 2448.123 3434.059 4410.124 5303.655 6303.655 7303.655 8303.655 9325.629 10323.5 11321.75 12320.28 13404.2 14397.22 14218.26 13833.51 14472.36 14235.75 14066.41 13966.79 14932.4 14309.81 13325.84 13325.84 12184.47 11192.35 10201.76 9213.214 8109.662 7111.535 6114.019 5117.474 4096.345 3096.345 2096.345 1096.345 448.9592 1005.171 1953.964 2923.395 4160.339 5071.939 5876.401 6733.464 8100.786 8968.285 9860.909 9946.931 9369.036 8425.325 7496.222 6554.982 5851.563
6339.417 5732.164 5732.164 4739.725 3751.304 2806.87 1812.68 832.4529 36.59183 621.6306 1547.349 2530.151 3522.64 4410.124 5390.411 6376.822 7366.897 8303.655 9303.655 10303.66 11303.66 12303.66 13319.03 13786.8 13314.77 12903.11 13511.97 13258.23 13076.23 12969.01 13937.99 13974.08 13546.29 12582.1 11366.3 10392.3 9423.761 8462.537 7245.543 6269.384 5302.117 4349.676 3130.995 2147.183 2147.183 1190.592 96.34518 841.6285 1533.042 2271.177 3666.247 4499.881 5390.398 6313.778 7625.415 8541.331 9474.265 9574.149 9018.254 8074.845 7142.154 6206.835 5619.166
6065.253 5384.743 4450.019 3551.028 2696.345 1812.927 918.939 96.34518 806.0098 1840.248 2827.223 3759.361 3759.361 4518.441 5515.761 6513.903 7512.539 8359.336 9353.386 10348.58 11344.62 12303.66 13303.66 12930.58 12426.07 12903.11 12557.76 12284.33 12087.68 12969.01 12937.99 12976.86 13092.22 12582.1 11623.97 10673.51 9732.994 8805.591 7511.444 6574.88 5660.058 4779.479 3424.449 2556.145 1813.169 1082.812 174.7854 935.6475 1919.077 2913.792 4095.52 5057.732 6032.247 6779.309 7257.49 8186.16 8868.448 9203.653 8647.672 7719.413 6788.769 5860.19 5266.122
5487.404 5149.724 4162.565 3183.428 2222.927 1696.345 696.3452 212.5182 1120.951 1804.707 2804.332 3804.154 4804.05 5669.881 6644.915 7626.417 8612.175 9505.846 10488.9 11472.77 12458.2 12693.18 12096.45 12096.45 11555.57 11983.92 11611.27 11314.98 11101.17 11971.6 11938 11980.11 12104.97 12893.15 11959.96 11038.47 10131.88 8805.591 7895.928 7010.912 6161.172 4779.479 3956.069 3191.009 2197.756 1082.812 96.34518 816.8145 1809.572 2913.792 3911.202 4823.702 5373.613 6040.102 7454.267 8174.82 8867.436 7914.46 7348.675 6419.522 5488.914 4563.561 3991.118
5022.711 4660.333 3913.752 3096.345 2096.345 1322.236 678.9094 175.3205 1113.288 2016.016 2964.475 3923.711 4899.271 5803.982 6803.934 7803.898 8803.87 9600.879 10591.7 11584.11 11923 11926.48 11289.29 10707.72 10191.29 10674.53 10351.46 10117.31 9978.339 10938 10983.95 11120 11342.92 12367.88 12367.88 11479.19 10610.32 9244.583 8382.692 7486.088 6530.604 5303.977 4328.907 3368.482 2440.042 1198.933 211.39 527.472 1376.038 2715.952 3490.653 3973.96 4625.966 6040.102 6763.464 7546.65 8374.28 7914.46 6974.664 6054.185 5132.421 4563.561 3637.698
3709.333 3263.459 3263.459 2499.763 1867.412 1096.345 96.34518 203.6548 1162.448 2108.731 3107.099 4106.26 5105.75 5883.043 6871.5 7862.877 8856.193 9792.897 10766.07 11743.74 11281.94 11196.66 10515.34 9888.351 9326.662 9750.367 9395.576 9136.961 8982.833 9937.998 9988.551 10137.97 10382 11647.71 11910.51 10975.77 10053.6 8749.752 7820.831 6911.774 6031.568 4675.811 3803.988 2926.57 2926.57 1590.172 745.4453 166.6823 809.212 2221.563 2590.158 3211.901 3946.898 5353.617 6153.757 7005.439 7830.133 7570.942 6642.76 5707.662 4752.331 4189.149 3266.023
3709.333 2786.806 1892.552 1086.371 591.5039 613.9257 296.8291 1232.766 2219.703 3125.07 4119.876 5116.708 6114.573 6105.34 7081.063 8046.663 9019.763 9850.861 10846.51 11529.42 10696.09 10511.39 9782.458 9105.144 8491.807 8842.725 8449.907 8161.379 7988.45 8938 8994.175 9159.834 9429.209 10714.17 11126.58 11383.82 10497.56 9147.789 8263.731 7374.519 6464.576 5145.303 4228.632 3359.823 2587.44 1173.916 538.1979 174.7854 387.2471 1798.07 2548.501 3408.511 4269.133 5631.042 6505.081 6505.081 6844.675 7220.299 6272.158 5342.957 4411.927 3819.927 2916.499
3504.77 2508.129 1515.91 552.2244 591.5039 137.9799 437.3817 1413.8 2219.703 3214.717 4212.092 5210.473 6114.573 7113.039 8111.882 9110.979 10110.25 10980.47 10993.25 10141.94 9313.308 9100.587 8368.264 8368.264 7696.426 7957.255 7518.313 7192.509 6995.669 7938.003 8001.202 8186.979 8487.288 9793.744 10243.28 10767.19 10936.62 9606.921 8700.584 7817.121 6965.239 5585.51 4754.475 4001.448 3315.799 1917.801 1173.916 762.0201 123.3626 1185.426 2033.444 2956.761 3917.886 5180.052 5741.624 5862.903 6146.634 5973.107 5027.071 4059.396 3112.218 2554.1 1590.783
3497.232 2497.587 1498.416 502.541 211.39 527.8667 1086.248 1785.565 2409.596 3405.582 4387.195 5354.714 6209.375 7208.582 8207.981 9203.781 10110.25 11109.66 10525.01 9632.396 9313.308 8482.034 7691.038 6954.077 7102.258 6606.751 6233.479 6005.284 6938.006 7010.227 7221.544 7560.303 8010.348 9383.443 9383.443 9952.712 10586.03 10050.71 9188.256 8356.508 7565.606 6158.06 5415.563 4723.472 4001.448 2587.44 1977.1 1225.631 300.2987 803.6548 1803.655 2750.024 3361.345 4767.821 4742.393 4888.528 5225.443 5639.655 4690.152 3743.89 2823.945 2191.771 1267.608
2222.927 1312.506 522.3188 522.3188 338.4504 614.5191 1478.472 2442.936 2670.174 3596.847 4554.634 5527.391 6330.901 7313.524 8300.299 9289.901 10195.16 10960.04 10121.61 9203.653 8763.006 7924.485 7090.579 6283.585 6290.173 5724.799 5289.648 5018.715 5938.011 6022.237 6266.96 6654.495 8010.348 8554.131 9175.001 9858.403 10570.75 9754.379 8975.249 8243.894 6829.719 6134.157 5415.563 4744.548 3350.505 3350.505 2529.705 1599.074 698.961 524.3035 1374.078 1953.271 2687.595 3785.304 3743.571 3927.062 4339.292 5417.429 4441.309 3456.076 2480.263 1875.757 908.1711
2096.345 1096.345 96.34518 825.4919 1206.227 2027.083 2813.695 3704.648 4015.844 4905.963 5820.3 6758.94 7494.445 7494.445 8483.751 9473.467 10281.52 10394.55 9563.153 8766.926 8289.42 7397.412 6536.733 5710.319 5539.904 4888.513 4370.874 4038.759 4938.017 5038.988 5329.063 5779.833 7161.692 7765.137 8444.22 9182.173 10592.24 10386.13 9658.081 8958.867 7546.164 6829.719 6064.302 5167.927 3829.669 2932.241 2098.796 1385.496 1.388095 575.7375 1306.707 2160.057 2802.25 2745.609 2990.985 2990.985 4339.292 4721.576 4244.837 3259.742 2480.263 1530.859 598.6547
2096.345 1096.345 96.34518 838.9487 1563.442 2446.042 3141.015 3868.752 4588.103 5390.568 6250.255 7141.928 7713.017 8677.44 9649.109 10087.68 9881.399 9020.981 8172.228 7361.554 6974.664 6054.185 5163.364 4320.583 4880.047 4125.758 3496.969 3071.756 3938.026 4063.924 4418.493 4952.849 6357.204 7030.048 7773.613 8569.511 9965.929 10547.71 10371.98 9639.83 8243.894 7403.843 6528.712 5694.842 4302.859 3510.214 2799.339 2108.067 725.3407 1.388095 781.73 1272.738 1837.598 1749.979 2114.32 2556.155 3770.597 4047.233 3063.881 2092.656 1304.561 329.8851 597.064
2231.024 1283.284 468.6345 36.59183 1115.85 1727.046 2466.593 3330.387 4687.729 5566.152 6466.382 7390.635 8050.747 8978.97 9921.151 9585.691 9261.128 8472.051 7662.215 6790.93 6551.116 5650.161 4752.331 3819.927 3485.156 2711.682 2135.394 1938.074 3104.771 3556.31 4201.79 4966.148 6367.561 7180.063 7180.063 8013.196 9272.049 9621.764 9742.731 9824.874 8759.769 7908.271 7095.625 6336.799 4923.241 4213.433 3515.788 2722.589 1335.805 538.1979 139.2465 351.2448 927.3001 765.8777 1288.477 1567.804 2853.353 3427.742 2848.026 1875.757 1106.043 161.3425 788.836
1880.55 1218.346 959.8016 36.59183 315.0037 1095.879 2008.249 3330.387 4233.622 5170.199 6126.853 7095.469 8332.397 9286.345 10099.62 9165.679 8711.642 7867.648 7064.491 6312.291 5960.191 5189.303 4319.238 3415.107 2932.392 2116.102 1297.9 938.1747 2182.626 2787.79 3574.838 4448.256 5802.596 6684.128 7058.772 7390.473 8706.317 8743.274 8834.716 9036.57 8500.858 7750.596 7041.767 6327.607 4927.016 4927.016 4114.497 3358.174 1950.968 1174.115 595.124 462.4154 36.59183 59.75336 395.6448 618.4082 2016.451 2672.776 2651.924 1682.878 908.1711 3.654812 974.5483
2607.941 1730.344 775.1017 96.34518 903.6548 1903.655 2903.655 3955.735 4945.217 5938.223 6933.239 8071.741 9053.195 9053.195 9540.556 9165.679 8247.236 7350.11 6483.156 6312.291 5426.618 4566.762 3776.551 3415.107 2554.1 1590.783 732.6407 3.654812 1374.238 2212.786 3147.05 4112.336 5366.043 5843.191 6110.295 6476.358 7728.132 7743.958 7847.054 8073.641 9164.521 8455.62 7496.599 6496.637 5517.766 4614.843 3647.468 2703.923 1967.805 1514.955 1462.145 1710.471 772.1888 462.0201 59.75336 527.8667 1288.477 1939.542 2429.675 1489.448 699.0606 203.6548 1192.362
