STOTEN_Data/raw/RiverDist_NEAR.asc
ncols         250
nrows         718
xllcorner     -2256000
yllcorner     1557000
cellsize      1000
NODATA_value  -9999
[rows 28 to 55 of 718, columns 63 to 125 of 250]
3651.616 2989.463 3222.396 3538.613 3187.072 1801.167 1465.315 1003.068 96.34518 1103.655 2037.028 1662.526 742.9202 408.2969 1370.342 1196.345 196.3452 103.6548 1103.655 2103.655 3103.655 2558.7 2298.189 1860.352 1230.918 909.8726 337.9799 352.1812 238.7403 1594.066 2172.821 2237.98 2345.683 2896.885 2568.819 2504.036 2337.98 3251.57 3237.98 3140.696 2825.227 3743.571 3927.062 4339.292 4923.118 6334.066 7037.607 7806.113 8622.229 10011.3 10845.9 11706.45 12587.62 13940.28 14823.59 15720.88 16629.9 17956.52 18863.83 19722.57 20253.08 21203.23 20203.57
4632.311 3949.951 4184.232 4499.253 4035.457 2695.219 2306.18 1452.429 679.1884 668.221 1056.588 1177.998 1318.069 3.654812 737.7934 1096.345 96.34518 639.4366 1341.808 2237.894 3015.497 2539.057 1625.449 711.4796 62.02008 395.5259 362.0201 472.4415 40.82161 1434.64 1237.98 1397.726 1397.726 2058.276 1588.38 1597.899 1337.98 2257.601 2237.98 2188.183 1872.459 2745.609 2990.985 3514.792 4214.432 5625.36 6407.198 7242.903 8115.853 9473.661 10351.7 11250.11 12164.39 13485.38 14396.63 15318.95 16250.47 17548.81 18354.74 18870.72 19424.5 20818.13 20201.69
5619.815 4905.488 5156.648 5403.867 4930.011 3630.76 2834.994 2084.575 1315.203 40.82161 137.1668 238.7403 575.7375 502.541 298.6176 1095.919 302.6109 718.634 1709.917 2699.383 2806.87 2073.73 1183.843 329.8851 526.9291 838.8707 1298.214 1155.512 375.3141 449.3757 237.9799 483.7057 243.4194 669.0043 668.8297 337.9799 337.0435 1237.98 1239.309 1015.284 765.8777 2114.32 2806.821 2806.821 3644.979 5016.872 5880.176 6781.143 7706.574 9015.234 9933.873 10866.88 11810.87 13091.21 14028.08 14973.12 15643.85 16994.51 17493.45 18034.08 18612.78 20012.96 20249.25
5847.203 6125.063 6271.018 5645.396 4237.194 3474.641 2728.831 2112.021 787.2216 820.5869 636.014 636.014 575.7375 171.3687 1.388095 527.472 524.2245 603.6548 1591.848 2545.957 2308.47 1812.68 832.4529 102.8417 842.8303 1377.889 2180.292 1748.779 1365.557 462.0201 639.3275 191.2828 333.5628 62.02008 160.6923 549.7925 505.5829 237.9799 260.7422 112.8901 333.5628 1412.511 2324.404 3287.897 4268.21 5486.415 6442.679 7410.497 8385.868 9602.396 10564.72 11533.46 12507.12 13722.65 13722.65 14305.48 14759.88 16122.57 16647.67 17214.88 17820.2 19226.1 19870.84
6277.571 6466.477 6798.736 6285.416 4877.477 4142.856 3489.637 3010.095 1773.033 1788.108 1578.019 1296.526 473.7758 124.7507 166.1472 296.3452 336.4441 1311.824 1889.016 1427.286 1780.218 832.4529 832.4529 3.654812 842.8303 1765.822 2728.757 2604.194 1365.557 1420.756 1588.504 1166.165 1266.346 967.7806 1080.215 1332.229 1476.268 662.2961 595.8323 824.3206 1086.248 1232.766 2219.703 3214.717 4212.092 5255.944 6247.582 7241.519 8236.924 9366.437 10350.72 11336.24 11682.46 12983.19 13407.86 13891.66 14428.64 15819.89 16415.73 17049.45 17716.97 19130.46 19506.09
5285.068 5508.123 5894.52 5978.703 5556.978 4888.189 4347.571 3947.73 2769.056 2778.729 2492.763 2281.435 1102.845 549.7925 552.244 462.1909 595.3764 1420.364 1222.027 546.4488 927.3735 552.2244 212.5182 1205.23 2003.655 3003.655 3536.34 3363.453 2396.348 2424.268 2164.248 2220.012 1266.346 1744.36 2071.437 2213.234 1476.268 1662.13 1574.435 1674.789 1086.248 1744.36 2539.814 3443.572 4389.26 5210.473 6209.375 7208.582 8207.981 9233.321 10158.21 10411.37 10751.93 12070.1 12525.77 13042.33 13612.85 15013.09 15639.71 16303.61 17000.45 18414.63 19139.12
4296.045 4567.663 4937.98 4986.876 5941.501 5711.237 5244.185 4910.046 3767.188 3773.409 3455.113 3274.604 1908.64 1491.898 1493.366 965.843 315.0037 1185.426 732.6407 2.266717 205.5583 59.75336 626.8101 1541.379 2200.944 3154.298 4117.886 4363.125 3386.221 3346.777 3163.543 3201.943 2562.482 3068.367 3165.803 3468.057 2662.089 2569.604 2632.262 3001.031 2472.164 3158.189 3921.968 3921.968 4389.26 5354.714 6330.901 7313.524 8207.981 9005.882 9182.228 9461.539 10751.93 11171.91 11662.72 12215.83 13612.85 14230.85 14890.42 15586.27 16313.78 17726.32 18477.82
3658.925 3937.98 3999.125 3943.288 5082.607 5037.98 4946.901 4716.415 4717.491 4434.163 4133.222 4133.222 2782.597 2479.868 2310.313 1526.619 123.3626 483.7057 137.1668 609.8243 562.3452 967.027 1254.003 1980.826 2404.915 3345.307 4312.593 5290.997 4380.699 4304.053 4163.178 4192.429 3477.089 3936.731 4140.809 4444.079 3662.07 3567.478 3612.865 3906.454 3321.943 3878.536 4572.255 5321.005 5674.222 6603.347 6983.56 6938.78 8014.36 8212.026 8523.192 8936.01 10292.5 10823.27 10823.27 11417.12 12823.17 13477.43 14172.11 14901.54 16313.78 17068.88 17848.08
2812.84 2937.98 3019.451 2945.091 4117.522 4037.98 3949.161 3790.611 4477.911 4439.23 4387.094 3956.46 3474.733 2916.59 2163.396 1502.146 174.9102 503.037 1179.08 1956.988 1856.924 2120.383 2120.383 2665.327 2851.55 3756.959 4639.207 5037.98 5377.226 5277.202 5162.953 5186.568 4425.265 4798.092 5125.457 5373.807 4621.568 4566.282 4601.827 4835.732 4237.828 4686.877 5289.086 5986.391 6141.709 6203.788 5991.173 5938.914 7025.242 7249.927 7600.587 8060.795 9437.147 10013.35 10652.45 11343.81 12757.95 13489.73 14254.13 15046.18 16446 17253.35 18079.98
1905.866 1937.98 2037.644 2945.091 3173.463 3037.98 2952.951 3790.611 3489.376 3439.594 3573.641 3029.483 3749.757 3577.293 2860.794 2056.601 679.0103 37.97992 781.8631 1737.511 2739.866 3069.188 3468.087 3803.93 4191.961 4048.885 4037.98 4038.759 4623.493 4447.904 4466.336 4213.961 4920.356 4920.356 4837.98 4875.534 5593.111 5565.517 5594.715 5788.634 5184.896 5557.939 5792.006 5470.031 5674.86 5254.625 5001.821 4939.104 6039.708 6299.646 6700.228 7218.073 8613.008 9240.746 9929.695 10668 12078.47 12849.01 13649.33 14474.52 15861.75 16697.38 17550.21
937.9799 937.9799 1037.98 1948.747 2220.882 2037.98 1960.609 2914.278 2509.948 2440.255 2676.282 3029.483 2754.039 2783.993 2555.297 2056.601 1286.389 296.3452 703.6548 1737.511 2725.124 3615.885 3237.523 3803.93 3303.104 3052.46 3037.98 3071.756 3674.346 3450.782 3474.733 3237.523 3941.317 3837.98 3885.214 3984.028 5191.906 5413.966 5493.779 4955.942 5267.2 4844.734 4591.139 4056.177 4829.933 4328.422 4017.746 3939.389 5059.856 5367.463 5832.429 6420.654 7829.949 8515.608 9258.674 10046.42 11446.12 12256.47 13093.07 13951.2 15320.54 16184.14 17062.64
62.02008 37.97992 40.82161 1237.98 1037.98 983.954 1081.715 1556.94 1441.836 1749.144 1443.358 1763.181 1763.181 1809.562 1566.406 2311.75 1323.424 381.6734 524.3035 1703.655 2698.979 2737.706 2281.605 2922.241 2415.533 2059.509 2037.98 3071.756 2761.349 2456.003 2489.547 3237.523 2976.256 2837.98 2901.545 3984.028 4251.784 4431.017 4598.362 4955.942 4412.214 3923.725 3605.916 3349.364 3443.76 3044.073 2939.868 3138.531 4464.733 5014.127 5687.623 6446.439 7851.103 8651.432 9489.715 9489.715 10869.13 11719.44 12591.77 13481.84 14827.11 15717.84 16621.01
859.4013 867.6077 857.1232 237.9799 37.97992 112.8901 248.526 732.6407 450.5641 763.9742 573.2102 795.6572 837.9799 614.8701 737.7934 1496.345 496.3452 408.2969 1237.98 1848.539 1737.98 1389.307 1090.08 1965.623 1589.476 1079.69 1037.98 2097.662 1930.102 1468.347 1523.549 2281.605 2045.078 1837.98 1933.751 2999.426 3294.658 3444.059 3642.672 4109.211 3610.032 3032.957 2631.869 3349.364 2642.707 2095.37 1940.842 3138.531 3613.601 4273.851 5047.116 6446.439 7263.887 8122.283 9009.932 10356.74 11245.86 12152.24 13072.27 14003.27 15302.77 16229.05 17163.61
1580.596 1079.69 792.4295 662.0201 2.266717 621.6306 595.8323 37.97992 262.0201 62.02008 252.4635 96.34518 162.0201 62.02008 1.388095 1234.328 329.8851 352.1812 237.9799 860.9434 737.9799 720.5962 137.9799 751.6774 229.3135 37.97992 237.7418 937.9799 529.7442 548.2487 480.5645 1137.98 837.9799 837.9799 958.5399 2029.948 2337.98 2446.546 2694.162 3291.986 2723.382 2218.848 1688.483 2535.576 1936.374 1230.918 943.887 2230.393 2860.517 3659.266 4538.473 5889.046 6774.09 7687.373 8619.923 9918.984 10844.06 11781.38 12728.25 14003.27 14943.19 15890.44 16843.8
171.3687 171.3687 64.34708 2.266717 473.7758 1287.696 1574.435 755.2371 1172.593 1062.02 1179.905 377.2249 1101.803 983.5609 725.8145 437.9799 2.266717 165.325 527.0274 96.34518 194.5487 192.3928 333.5628 37.97992 468.0532 551.9189 662.2961 62.02008 163.1301 262.0201 162.0201 137.9799 123.3626 161.3425 139.2465 1337.98 1452.463 1783.985 1947.683 1889.016 1374.392 809.0002 537.9799 1269.185 1269.185 529.7442 128.9406 1448.915 2303.732 3242.632 4209.755 5459.41 6404.103 7363.416 8332.301 9566.108 10522.25 11485.87 12455.22 13682.68 14643.19 15608.66 16578.23
333.5628 1009.068 543.3415 1260.752 1885.717 2569.604 1641.375 2113.199 2062.02 2171.676 2364.369 1753.369 1753.369 1972.656 1672.17 340.6724 166.6823 761.59 123.3626 769.2876 1166.791 1166.323 1266.346 913.6469 1136.135 1493.366 1662.13 967.2169 1133.571 1262.02 1162.02 636.014 692.7086 211.39 382.8731 337.9799 483.7057 837.9799 958.5399 1222.027 522.3188 112.8901 462.0201 352.1812 2.266717 755.5071 1510.6 2105.128 3104.654 4104.41 5104.263 6175.493 7165.476 8157.901 9151.977 9307.769 10287.95 11271.61 12257.92 13429.06 14406.49 15386.83 16369.54
1136.135 1744.36 1356.892 1956.134 2661.199 3299.59 2611.138 2970.823 3062.02 3168.628 2364.369 2607.279 2582.618 1917.44 1144.757 463.9895 248.526 243.0917 650.4522 1621.928 2164.333 2220.012 2562.482 1744.36 2052.911 2480.752 2662.089 1897.491 2052.911 2262.02 2162.02 1413.207 1596.67 961.5646 257.8615 473.9699 280.3549 123.3626 112.8901 591.5039 3.654812 693.0125 1248.964 462.4154 728.8181 1390.661 2168.457 2356.948 3280.657 4239.116 5213.2 6104.163 7104.091 8104.038 9103.996 10147.22 11143.31 12140.04 13137.27 14236.26 15227.56 16219.92 17213.17
2052.911 2524.823 2273.764 2716.373 3370.133 4052.085 3597.506 3866.474 4062.02 4160.992 3363.67 3063.881 2096.324 1183.843 1637.98 1094.048 211.39 64.34708 608.7612 1605.587 2604.845 3201.943 2562.482 3022.977 3368.394 3662.07 2844.868 3022.977 3262.02 3162.02 2306.683 2374.355 1591.267 750.6656 257.8615 450.5641 844.5895 1006.449 789.0696 64.34708 684.5354 1341.808 2052.316 1462.145 1689.654 2112.568 2804.507 2900.545 3726.439 4592.806 5504.661 6195.545 7182.765 8173.092 9165.52 10103.96 11103.93 12103.91 13103.89 14134.89 15132.83 16131.02 17129.42
3368.394 3912.32 3158.189 3591.174 4112.196 4784.259 4589.779 4803.494 5062.02 4596.758 3743.415 2771.198 1812.927 944.9429 637.9799 812.0901 161.3425 403.6548 974.5483 1909.836 2812.291 3757.182 3477.089 3936.731 4274.335 4648.127 3797.131 4007.792 4261.881 4162.02 3262.622 2945.072 2163.396 1638.942 280.3549 40.82161 573.2102 437.9799 1062.192 1353.536 1468.083 1370.569 2371.853 2658.68 2964.221 2964.221 2804.507 3561.576 4306.324 5113.887 5504.661 6442.723 7397.029 8362.02 9334.384 10159.43 11154.43 12150.25 13146.71 14103.88 15103.86 16103.85 17103.84
4274.335 4741.052 4497.276 4943.073 5517.388 6198.426 5761.73 5608.251 4610.834 3614.844 2597.076 1597.534 599.511 599.511 124.7507 160.6923 252.4635 1015.22 1329.158 2266.443 2727.136 3353.368 4425.265 4798.092 5175.694 4787.813 4768.878 4998.642 5214.583 5162.02 4238.606 3577.293 2967.131 2513.852 1260.994 468.6345 262.7156 412.8943 437.9799 395.3738 637.1917 450.8517 1429.842 1953.271 2687.595 3553.978 4218.602 4961.459 5716.269 6502.556 6828.801 7735.627 8662.984 9604.929 10312.03 10312.03 11293.6 12278.14 13146.71 14143.67 15141.02 16138.71 17103.84
5214.776 5603.699 5313.913 5826.828 6321.821 6926.251 6715.178 5759.898 4794.13 3845.895 2621.905 1637.572 698.7829 119.1393 1080.215 1179.905 809.0002 436.3531 1397.726 1939.542 2751.294 3644.38 4820.216 4820.216 4335.584 3879.091 4508.907 4439.065 4510.204 4670.308 4991.368 4349.798 3863.549 3294.422 1880.55 1322.999 1262.165 1376.244 562.0201 462.0201 280.3549 362.0201 575.7375 1319.171 2268.866 3248.865 4476.406 5426.38 6361.599 7127.907 7331.873 8183.14 9064.832 9968.88 10557.56 11518.22 12485.06 13456.75 14253.68 15243.84 16235.21 17227.57 18134.84
6173.968 5603.699 6128.745 6720.264 7175.606 7236.644 6971.551 6074.56 5167.905 4273.578 2932.202 2038.143 1177.137 549.7925 637.9799 737.9799 161.3425 462.1909 527.8667 1411.023 2366.114 3328.99 3962.894 3476.499 2987.959 2564.851 3439.381 3530.352 3704.976 3992.911 5200.441 4708.498 4047.753 3548.411 2658.464 2296.571 2262.101 2370.244 1490.026 1449.847 1265.837 1362.02 505.5829 1290.1 2252.073 3237.157 4238.214 5231.614 6227.125 7223.877 7900.287 8719.05 9554.846 10416.45 10889.72 11823.42 12767.17 13718.89 14432.3 15410.99 16392.25 17375.65 18220.77
7432.99 6966.556 6966.556 7516.179 7699.742 7236.644 6398.595 5581.143 4832.797 4273.578 3390.48 2588.876 1908.64 549.7925 362.0201 262.0201 377.2249 462.1909 203.6548 1203.655 2203.655 2356.768 3007.891 2586.488 2110.169 1644.012 2439.956 2540.166 2730.302 3076.937 4444.208 4542.586 4694.947 4484.991 3286.069 3262.076 3367.802 3415.844 2413.698 2264.15 2362.02 2470.503 1894.057 2644.872 3521.778 3521.778 4229.245 5224.35 6221.024 7218.619 8221.418 9219.492 10107.09 10937.38 11300.88 12203.16 13119.63 14047.49 14677.03 15640.42 16608.13 17579.46 18360.84
8376.952 7839.44 8341.223 7403.391 6435.641 5873.708 5010.749 4180.978 3418.665 3610.204 3235.36 2518.005 1721.88 1487.082 1361.858 926.8693 443.7091 477.0321 212.1293 1130.019 1808.548 2356.768 2090.857 1780.019 1241.523 1644.012 1441.33 1541.586 1782.378 3076.937 3569.991 3543.887 3737.197 3902.004 4280.453 4262.063 4366.478 4403.636 3398.52 3263.497 3337.116 3468.057 2740.632 3304.373 4040.614 4871.766 5405.343 6373.781 7350.675 8333.052 9215.372 10214.22 11213.28 12212.49 12650.74 13536.93 13536.93 14438 14984.63 15929.43 16880.58 17837.07 18553.83
9332.595 8739.61 8229.644 7234.247 6240.323 5479.482 4542.24 3638.556 2795.009 2749.163 2315.797 1888.645 1133.145 880.8599 112.8901 377.2249 462.0201 395.5259 1142.851 943.1144 443.7091 1230.918 837.9799 382.1059 382.1059 763.6245 448.9592 548.2487 841.6285 2234.267 2635.075 2546.209 2788.564 3902.004 4199.191 4694.769 5302.218 4403.636 4390.118 4263.15 4319.763 3468.057 3665.37 4103.975 4717.019 4871.766 5756.871 6674.501 7612.906 8565.261 9319.178 10307.98 11298.75 12291.01 13159.22 14013.29 14885.56 15772.99 16274.84 17206.91 18146.22 19091.69 19762.99
10046.57 9196.345 8196.345 7196.345 6196.345 5248.708 4261.012 3280.776 2317.476 2004.646 1374.392 1018.284 522.3188 309.9364 395.8445 795.6572 450.5331 522.3188 175.3205 36.59183 252.4635 395.6448 62.02008 333.5628 911.0929 462.0201 360.8878 116.5449 438.3964 1638.091 1551.529 1848.539 1968.223 3310.203 3919.844 3919.844 4666.133 5395.928 5375.06 5262.936 5308.896 4454.575 4621.568 4976.591 5493.092 5445.902 6250.228 7104.421 7992.509 8565.261 9527.383 10496.59 11471.08 12291.01 13284.44 14278.78 15273.87 15772.99 16673.17 17584.14 18504.3 19091.69 20042.45
9220.271 8196.345 7196.345 7196.345 6196.345 5196.345 4196.345 3196.345 2196.345 1406.29 591.5039 137.1668 252.4635 194.8764 237.9799 36.59183 262.7156 162.0201 662.0201 820.6733 1043.585 362.5244 728.8181 1136.409 1719.012 1359.039 1188.042 767.9106 211.39 638.2662 575.7375 860.9434 1094.758 2506.367 3269.5 4134.874 5050.21 6330.58 6262.79 6301.46 6425.907 5593.111 5889.854 6332.293 6892.422 6130.386 6854.863 7641.769 8473.728 8904.358 9833.359 10775.08 11726.45 12449.62 13431.32 14415.54 15401.78 16245.34 17120.7 18009.05 18908.55 19432.36 20367.22
9345.446 8223.18 7226.894 6231.797 5238.568 4196.345 3196.345 2196.345 1196.345 196.3452 704.7334 663.0621 171.3687 742.4559 96.34518 639.4366 1262.165 896.6277 1413.207 1768.416 2003.22 1362.154 1581.943 2101.259 2494.626 2203.999 2066.656 1600.194 1080.215 123.3626 257.8615 36.59183 723.6373 1899.106 2830.925 3797.568 4777.957 5992.663 6951.213 7296.056 7417.298 6573.196 6827.471 7212.618 7709.044 7544.07 8265.62 9040.351 9855.728 10228.34 11136.71 12059.58 12993.88 13650.07 14619.56 15592.91 15592.91 16389.7 17379 18369.46 19350.97 19817.68 20337.75
