STOTEN_Data/raw/RiverDist_NEAR.asc
ncols         250
nrows         718
xllcorner     -2256000
yllcorner     1557000
cellsize      1000
NODATA_value  -9999
[rows 28 to 55 of 718, columns 126 to 188 of 250]
19203.94 19203.94 18204.36 17265.05 16269.28 15274.05 14279.49 13296.34 12296.34 11296.34 10296.34 9312.025 8313.911 7316.312 6319.472 5226.874 4234.088 3245.734 2267.606 1244.054 391.9787 112.8901 162.0201 37.97992 262.9287 1067.951 2036.661 2589.425 3537.31 4507.763 5488.831 6403.655 7403.655 8403.655 9403.655 -9999 -9999 -9999 -9999 -9999 -9999 -9999 -9999 -9999 -9999 -9999 -9999 -9999 -9999 -9999 -9999 -9999 -9999 -9999 -9999 -9999 -9999 -9999 -9999 -9999 -9999 -9999 -9999
19201.97 18202.28 17204.83 16205.35 15205.94 14206.62 13285.75 12293.03 11301.59 10311.8 9296.345 8296.345 8296.345 7296.345 6319.472 5323.817 4330.165 3340.302 2358.998 1322.543 468.6345 196.3452 803.6548 621.6306 1043.585 1673.379 2423.109 3025.777 3928.899 4821.174 5749.012 6475.692 7466.05 8458.678 9452.858 10403.66 11403.66 12403.66 13403.66 -9999 -9999 -9999 -9999 -9999 -9999 -9999 -9999 -9999 -9999 -9999 -9999 -9999 -9999 -9999 -9999 -9999 -9999 -9999 -9999 -9999 -9999 -9999 -9999
19252 18255.05 17202.62 16203.01 15203.44 14203.94 13207.4 12208.3 11209.37 10210.64 9322.746 8333.366 7346.842 6355.262 5296.345 4296.345 3296.345 2296.345 1404.274 614.185 102.8417 1010.048 1358.79 1358.79 1957.564 2412.634 2423.109 3298.342 4229.244 5185.931 5749.012 6697.649 7659.364 8629.785 9606.275 10448.15 11444.26 12441 13438.22 14403.66 15403.66 16403.65 17403.65 -9999 -9999 -9999 -9999 -9999 -9999 -9999 -9999 -9999 -9999 -9999 -9999 -9999 -9999 -9999 -9999 -9999 -9999 -9999 -9999
19353.64 18362.21 17258.45 16262.27 15266.59 14271.51 13204.52 12205.19 11205.98 10206.92 9212.195 8214.124 7216.588 6219.844 5366.251 4382.23 3407.521 2453.242 1296.345 296.3452 558.7945 1464.594 1955.509 2752.797 3277.885 3814.744 3821.344 4648.681 5533.326 6451.751 7055.662 7974.318 8910.506 9859.232 9606.275 10587.15 11571.31 12557.96 13438.22 14435.83 15433.74 16431.91 17403.65 18403.65 19403.65 20403.65 21403.65 -9999 -9999 -9999 -9999 -9999 -9999 -9999 -9999 -9999 -9999 -9999 -9999 -9999 -9999 -9999 -9999
18522.82 17541.44 17371.76 16382.47 15394.57 14408.33 13277.17 12283.76 11291.5 10300.74 9208.071 8209.499 7211.324 6213.735 5224.343 4230.964 3241.657 2261.767 1496.345 496.3452 411.2353 1405.862 2312.736 3220.921 4153.817 4634.226 4501.43 5228.189 6028.389 6881.056 7391.378 8345.048 9290.91 10204.33 10817.2 11782.15 12752.51 13727.12 14536.75 15528.18 16520.65 17513.97 18428.85 19427.55 19427.55 20426.38 21403.65 22403.65 23403.65 24403.65 -9999 -9999 -9999 -9999 -9999 -9999 -9999 -9999 -9999 -9999 -9999 -9999 -9999
18735.5 17765.87 16562.29 15585.79 14612.46 13643 12442.45 11463.94 10489.48 9520.322 8325.855 7343.512 7343.512 6366.667 5217.069 4221.979 3229.923 2244.921 1302.266 329.8851 531.1436 1513.131 2404.945 3404.566 4404.359 5404.229 5223.377 5915.591 6638.167 7421.102 7768.935 8681.229 9610.987 10553.6 11132.64 12072.41 13021.15 13977.04 14705.14 15685.93 16669.01 17653.98 18508.01 19502.66 20497.83 21493.45 22424.35 23423.47 24422.66 25421.91 26403.65 27403.65 28307.58 28655.3 -9999 -9999 -9999 -9999 -9999 -9999 -9999 -9999 -9999
18998.5 18043.01 16799.8 15837.95 14881.13 13930.37 12678.27 11719.47 10768.16 9826.518 8558.26 7605.989 6667.708 5750.264 4443.98 3515.13 2638.785 1889.422 502.7066 842.8303 1765.822 2739.738 3507.734 3507.734 4506.83 5502.775 6017.267 6634.384 7329.772 8049.633 8251.072 9115.24 10004.75 10913.4 11505.9 12436.52 13359.43 14292.72 14938.71 15905.11 16875.42 17849.01 18640.56 19628.49 20617.59 21607.69 22489.46 23485.8 24482.45 25479.36 26421.22 27420.58 28419.98 29419.43 29033.32 29440.46 29875.55 30337.36 -9999 -9999 -9999 -9999 -9999
18648.36 18043.01 17092.61 16148.21 15210.92 13930.37 12987.02 12052.79 11130.01 9826.518 8897.624 7985.922 7098.039 6244.144 4865.46 4034.821 3299.504 2737.431 1475.278 1622.763 2245.318 3073.948 3691.619 4651.39 5625.191 6606.823 7412.08 8046.516 8743.964 9461.92 9633.871 10479.45 11350.17 12240.66 11836.79 12771.73 13715.85 14665.76 15234.47 16183.21 17137.79 18097.27 18825.37 19804.08 20784.83 21767.32 22598.66 23590.4 24582.8 25575.8 26476.5 27473.85 28471.38 29469.08 29920.42 30315.65 30738.35 31187.39 30824.71 31336.4 31871.26 32428.15 -9999
18745.62 17437.93 17437.93 16513.29 15597.95 14282.13 13363.63 12457.68 11567.24 10221.76 9332.288 8467.515 7635.836 6244.144 5440.262 4712.058 4100.055 2737.431 2469.911 2560.698 2994.158 3073.948 3982.041 4925.855 5888.244 6606.823 7593.25 8582.817 9459.271 10158.16 10224.25 11024.64 11855.39 12710.53 13146.9 14065.86 14995.19 15933.08 16517.28 17453.59 18396.6 19345.35 20028.12 20998.4 21971.35 21971.35 22751.34 23736.7 24723.23 25710.81 26569.32 27563.31 28557.72 29552.51 30466.93 31230.8 31641.27 32077.68 31661.66 32160.04 32681.42 33224.73 33005.94
18417.85 17832.71 16929.64 16038.08 15160.05 13802.55 12927.4 12071.66 11239.76 9849.644 9034.527 8260.136 7539.03 6849.316 6125.376 5488.833 4973.359 3662.976 3467.635 3532.866 3858.596 3656.876 4447.51 5309.222 6212.509 6853.759 7809.057 8774.321 9746.592 10158.16 10874.71 11630.42 12420.71 12710.53 13585.47 14476.61 15381.15 15933.08 16878.1 17819.98 18744.57 19345.35 20299.01 21256.93 22218.56 23183.43 23923.94 24903.06 25883.77 26865.91 27688.63 28678.7 29669.43 30660.76 31543.07 32523.35 32523.35 32974.25 32538.97 33024.11 33532.07 34061.81 33788.91
17953.86 18273.73 17393.58 16527.06 15676.45 14298.06 13455.17 12635.22 11842.98 10437.4 9671.946 8952.861 8292.216 6887.966 6328.598 5887.124 5591.543 4466.378 4517.207 4776.261 5217.304 5069.918 5840.514 6672.262 6672.262 7141.614 8087.646 9045.295 10011.21 10723.96 11572.36 12287.82 13038.33 13239.39 14081.51 14943.1 15820.99 16296.84 17221.91 18154.94 19094.74 19676.54 20614.89 21558.78 22507.52 23183.43 24151.17 25121.43 26093.94 26865.91 27849.31 28833.86 29819.44 30660.76 31652.64 32645.01 33637.84 33423.18 33895.67 33891.83 33440.45 33013.19 33534.37
17534.69 18757.75 17901.41 17060.71 16238.07 14844.47 14034.44 13250.39 12497.2 11084.37 10366.79 9699.361 9093.116 7705.061 7209.374 6825.115 6571.862 5465.581 5507.193 5721.594 6094.601 5798.953 6483.471 7241.747 8052.972 8445.939 9367.031 10302.85 11249.71 11930.41 12897.36 13701.17 14447.47 14629.18 14629.18 15460.28 16310.35 16712.6 17615.85 18529.05 19450.79 20040.37 20973.74 21902.17 22836.64 23460.51 24417.27 25377.36 26340.42 27068.45 28044.75 29022.67 30002.05 30805.94 31793.29 32781.41 33699.89 34005.38 33495.87 33008.79 32545.16 33013.19 32611.01
18105.16 18449.51 18449.51 17634.96 16840.4 15436.39 14659.11 13910.31 13194.84 11780.8 11108.3 10488.16 9930.19 8561.068 8117.822 7778.572 7557.34 6465.03 6500.247 6682.86 7004.863 6599.372 7208.275 7897.262 8647.208 8902.684 9780.857 10680.47 11596.55 12205.05 13167.03 14130.58 15088.78 15222.9 16023.24 16844.93 17684.99 18056.64 18948.61 19850.87 20762.09 21315.43 22256.57 23201.62 24129.72 23776.45 24720.98 25669.71 26622.2 27306.13 28274.23 29244.48 30216.67 30982.74 31964.63 32947.61 32872.59 33155.54 32632.76 32132.61 31656.15 32105.99 31692.3
18105.16 19020.76 18245.98 17479.21 16068.8 15323.62 14608.92 13929.39 13290.41 11887.74 11310.41 10795.03 10350.84 9445.414 9045.607 8742.437 8546.193 7464.626 7495.148 7654.06 7936.755 7448.195 7992.691 8619.2 9311.181 9443.604 10275.65 11135.37 12016.81 12525.46 13464.57 14411.87 15365.85 15857.51 16627.33 17420.55 18234.11 18540.93 19410.66 20292.38 21184.62 21681.13 22607.05 23539.04 24476.39 25060.95 25997.28 26938.18 27883.2 28536.93 29498.54 30462.61 31428.94 32166.16 32648.48 32055.12 32055.12 32314.3 31777.68 31263.85 30773.95 31204.47 30778.66
17802.27 18765.08 18890.2 18150.67 16737.09 16023.03 15340.95 14695.3 13290.41 12698.12 12159.33 11681.46 10350.84 9987.342 9713.609 9537.371 8464.318 8491.247 8631.84 8883.472 8330.639 8820.829 9392.258 10031.05 10031.05 10055.13 10840.34 11658.49 12503.11 12915.54 13828.18 14752.15 15685.45 16325.34 17268.24 18033.29 18820.38 19065.42 19912.25 20772.7 21645.14 22086.1 22995.71 23912.55 24835.81 25418.52 26358.72 27287.17 28220.51 28831.93 29784.02 30739.14 31697.04 32394.84 31856.67 31248.28 30660.43 30931.3 30403.17 29899.16 29420.52 29870.56 29459.42
17551.21 18527.07 19501.53 18851.28 17437.15 16752.95 16101.82 15487.92 14091.1 13533.89 13029.71 12584.94 11272.26 10939.42 10690.1 10530.22 9464.076 9488.167 9614.191 9840.735 9237.073 9681.476 10204.82 10795.64 10725.18 11464.59 12241.09 13048.05 13369.19 14252.81 15150.9 16061.05 16626.5 17574.07 18527.15 18527.15 18820.38 19626.87 20450.46 21289.17 22141.28 22528.2 23420.65 24321.48 25229.78 25764.8 26698.92 27637.65 28580.53 29158.26 30100.03 31045.43 31646.19 31720.09 31076.87 30452.9 29849.39 30094.34 29551.25 29032.46 28539.29 28968.5 28544.38
18340.56 19328.31 19577.92 19577.92 18165.3 17509.58 16887.64 16303.37 14915.86 14390.63 13917.52 13502.02 12206.06 11899.37 11670.57 11524.3 10463.88 10485.67 10599.84 10805.74 10161.08 10566.69 11048.18 11596.11 11443.48 12139.22 12875.1 13644.62 13880.17 14733.17 15603.65 16488.82 16981.3 17910.11 18846.2 19788.54 20222.22 21022.5 21839.25 22670.69 23005.29 23879.93 24764.05 25656.69 26144.77 27065.78 27065.78 27992.21 28580.53 29514.88 30445.62 31304 31646.19 30969.15 30309.99 29669.9 29050.13 29267.62 28708.89 28174.6 27666.14 28073.09 27635.22
18207.15 19201.76 20195.79 19693.3 18289.6 17695.1 17138.37 16623.21 15264.8 14819.63 14430.13 14100.92 12865.42 12654.1 12654.1 12519.33 11463.72 11483.61 11587.96 11776.59 11098.27 11470.79 11915.8 12425.53 12201.53 12856.31 13553.31 14286.34 14442.4 15264.02 16105.83 16964.82 17386.45 18294.7 19212.06 20137.29 20736.29 21625.67 22420.46 23231.1 23515.26 24371.6 25238.51 26114.93 26556.98 27464.16 28377.59 29296.67 29859.31 30743.62 30376.67 30022.48 30232.64 29557.06 28900.3 28263.66 29050.13 28452.02 27876.96 27326.4 27666.14 27184.97 26732.56
18128 19126.73 20125.58 20487.8 19090.13 18521.35 17990.21 17500.14 16153.58 15733.58 15367.26 15058.55 13836.29 13640.03 13515.09 13463.46 12481.88 12577.95 12751.95 13000.75 12389.63 12802.75 13278.47 13810.33 12992.35 13609.14 14269.41 14967.41 15050.15 15840.28 16652.98 17485.11 17838.51 18724.85 19622.11 20528.87 21069.36 22007.39 22950.65 23820.33 24056.01 24893.75 25743.08 26602.89 26999.94 27892.73 28649.76 28941.6 30181.16 29843.91 29449.39 29083.91 29511.63 28819.16 28145.18 27491.06 27648.54 27056.4 26488.79 25947.32 26304.88 25837.06 25400.02
18103.83 19103.82 20103.81 20487.8 19908.72 19364 18856.61 18389.64 17054.68 16657.41 16311.86 16021.36 14811.05 14627.86 14511.43 14463.37 13480.41 13569.41 13730.85 13962.22 13320.17 13705.27 14150.68 14650.91 14392.1 15017.99 15682.71 16381.54 16457.16 17240.81 18045.86 18869.56 19197.49 20073.64 20960.88 20960.88 21443.92 22366.25 23294.99 24229.4 24625.51 25444.51 25834.62 26004.51 27186.72 27421.26 27689.94 27991.78 29264.71 28934.12 28527.01 28149.56 28748.58 28097.47 27405.75 26733.55 26858.25 26248.29 25662.82 25103.53 25433.65 24949.51 24496.63
19133.21 20131.74 21130.42 21103.71 20743.22 20220.99 19735.64 18389.64 17966.25 17589.58 17262.7 16021.36 15788.96 15617.25 15508.25 14463.37 14479.14 14562.03 14712.59 14928.75 14260.12 14620.48 15038.81 15510.42 15200.54 15794.43 16427.76 17096.16 17110.3 17865.32 18643.42 19441.82 19709.58 20563.93 21430.88 22274.25 22763.42 23537.98 23555.33 23614.84 24709.19 24846.56 25023.16 25238.19 26454.67 26733.06 26733.06 27045.59 28325.74 28030.47 27610.04 27219.88 27802.97 27393.29 26683.32 25992.43 26082.37 25453.82 24849.63 24271.62 24572.23 24070.77 23601.04
19214.68 20209.19 21204.21 21591.79 21090.58 20625.71 20199.68 18886.77 18528.83 18218.8 17959.17 16769.47 16607.9 16505.45 16505.45 15463.28 15478.04 15555.61 15696.63 14928.75 15207.73 15546.14 15940.19 15510.42 16030.61 16594.82 17198.7 17096.16 17795.68 18522.79 19274.22 19441.82 20258.13 20830.67 21069.51 21352.55 22548.74 22537.98 22556.1 22618.24 23716.41 23859.49 24043.35 24267.06 25490.65 25779.46 26103.41 26461.21 27133.58 26699.04 26295.36 25923.98 26535.57 25979.29 25269.16 24579.22 24674.3 24674.3 24050.54 23452.84 23721.7 23201.85 22714.16
19347.55 20335.57 21324.69 22199.68 21971.26 21525.42 21117.55 19815 19474.12 19179.38 18932.93 17752.16 17599.62 17502.96 17463.13 16477.06 16549.95 16682.57 16873.52 16161.65 16480.48 16852.71 17188.4 16879.12 17415.85 17415.85 17502.81 17838.24 18342.27 18344.91 18399.54 19499.39 19652.82 19855.5 20105.92 21352.55 21549.24 21537.98 21556.94 22618.24 22724.26 22873.55 23065.27 24267.06 24529.52 24829.52 25165.69 26461.21 26244.15 25794.62 25376.56 24991.54 25586.33 25280.9 24565.32 23855.02 23911.19 23266.98 22648.61 22058.26 22343.9 21837.06 21365.03
19530.79 20509.98 21491.08 22217.77 21675.72 21167.05 20694.23 20749.9 20424.63 20143.8 19909.29 18736.68 18592.22 18500.75 18463.07 17476.2 17544.94 17652.82 17142.63 17120.83 17028.22 16618.29 16259.6 16919.16 16687.28 16512.8 16397.55 17342.52 17345.3 17403.07 17517.83 18669.7 18882.93 19146.08 19457.12 20549.79 20549.79 20537.98 20557.86 21621.95 21732.84 21888.89 22089.16 23298.37 23571.63 23883.65 24232.96 25536.63 25362.95 24897.52 24464.13 24991.54 24641.11 24326.77 23882.61 23855.02 23166.12 22500.59 21860.55 22058.26 21498.24 20970.96 20478.98
20731.21 21173.99 20570.49 20831.73 20831.73 20301.92 19808.46 20259.77 19866.19 19515.96 19211.46 19722.76 19585.57 18960.01 18212.34 18209.13 17543.65 16911.14 16315.45 16615.57 16133.33 15700.05 15319.88 15955.63 15709.53 15524.06 15401.42 16342.8 16345.75 16407.04 16528.71 17688.46 17913.37 18190.55 18517.66 19550.39 19537.98 19558.88 19630.51 20742.23 20905.68 21115.28 21369.66 22617.37 22942.38 23305.8 23305.8 24617.95 24490.89 24008.55 23558.82 24064.52 23700.39 23373.4 23085.12 23151.38 22440.89 21753.18 21090.47 21248.32 20666.36 20117.29 19603.9
20994.11 20397.59 19770.41 19998.81 19449.73 18934.08 18458.24 18941.75 18574.09 18253.88 17983.64 18748.19 18325.01 17550.31 17550.31 17489.9 16795.94 16134.15 15508.65 15760.75 15251.51 14792.42 14388.29 14996.87 14734.76 14536.87 14405.83 15343.11 15346.26 15411.52 15540.99 16709.45 16947.36 17240.08 17584.51 18551.06 18537.98 18560 18635.48 19752.58 19924.15 20143.96 20410.45 21667.25 22006.29 22384.91 22801.13 23628.96 23128.66 22661.47 22229.47 22764.72 22424.09 22123.45 21813.63 21737.47 21026.76 21026.76 20340.4 20455.2 19850 19277.7 18741.31
20321.88 19641.44 19770.41 19174.89 18612.26 18072.72 18458.24 18025.37 17638.62 17301.11 17983.64 17765.66 17569.39 16921.51 16799.42 16075.69 15382.95 14725.56 14108.49 14385.15 13897.47 13466.51 13097.87 13763.62 13551.55 13551.55 13410.89 14343.47 14346.83 14416.62 14554.94 15733.08 15985.53 16295.53 16624.76 17551.81 17537.98 17561.26 17641 18764.02 18944.54 19175.58 19455.34 20721.82 21076.08 21471.11 21904.7 22778.32 22258.91 21773.06 21323.07 21834.76 21479.38 21165.33 20894.46 21058.05 20323.6 19612.65 18927.85 19051.15 18454.1 17893.04 17371.47
19612.02 18907.94 18989.29 18368.46 17782.23 17226.36 17573.58 17118.35 16710.63 16353.97 17015.74 16785.2 16589.38 16329.78 16141.4 15386.75 14661.49 13970.2 14108.49 13537.23 13017.83 12556.71 13097.87 12796.93 12568.56 12416.76 13343.88 13347.5 13422.48 13570.94 14759.87 15028.68 15358.01 15630.32 15553.59 16537.98 16537.98 16562.66 16647.19 17776.74 17967.18 18210.63 18504.98 19781.75 20152.54 20565.32 21017.61 21940.28 21400.54 20894.74 20425.41 20911.26 20539.91 20211.26 19927.43 20405.04 19646.2 18909.79 18198.56 18272.13 17648.73 17061.21 16513.39
