STOTEN_Data/raw/RiverDist_NEAR.asc
ncols         250
nrows         718
xllcorner     -2256000
yllcorner     1557000
cellsize      1000
NODATA_value  -9999
[rows 448 to 475 of 718, columns 63 to 125 of 250]
2933.358 1952.393 935.0435 174.9102 803.6548 1803.655 2903.655 3893.249 4876.434 5864.037 6903.93 7296.605 6296.646 5296.704 4404.32 3446.939 2520.326 1559.829 1250.801 412.6153 403.6548 1319.171 2545.957 3505.612 4475.185 5355.856 5280.111 6040.456 6861.659 7701.148 8160.345 9099.373 10050.17 11009.69 11768.46 12724.39 12455.12 12236.72 12078.11 12913.71 12844.11 12852.18 12937.77 11816.94 11016.03 10245 9486.109 8078.959 7326.44 6639.565 6040.769 4666.267 4068.628 3092.086 2137.33 996.3452 3.654812 809.212 1468.083 2835.285 2835.285 2894.744 2163.289
3117.811 2127.916 1003.068 123.3626 718.634 1709.917 2803.655 3803.655 4803.655 5803.655 6855.235 7347.249 6355.262 5366.251 4296.787 3296.921 2297.172 1297.808 613.9257 263.3922 1215.468 2210.134 3248.865 4238.214 5231.614 6227.125 6694.096 7444.354 7444.354 8247.779 8574.095 9472.195 10388.93 11319.77 11975.83 11808.76 11491.48 11254.39 12078.11 11920.06 11844.63 11853.38 12937.77 12420.53 11656.62 10895.09 9486.109 8740.335 8049.881 7430.188 6040.769 5298.143 4367.782 3468.316 2614.617 1232.802 477.0297 139.2465 668.5384 2080.901 2887.546 2834.994 2092.354
3382.971 2461.827 1155.512 290.067 584.9248 1411.023 2707.607 3644.38 4538.473 5459.41 6774.09 7530.339 6566.07 5614.315 4382.23 3407.521 2453.242 1557.354 302.6109 531.1436 1506.706 2460.085 3208.115 4207.056 5206.402 6205.96 7223.877 8108.16 8851.538 9641.43 9932.088 10809.89 10732.36 10408.94 10879.84 10534.62 10275.48 10109.04 10927.58 10927.58 10845.24 10854.79 11946.12 12120.94 12305.27 11568.36 10154.32 9461.359 8824.687 7940.281 6602.039 5704.265 4831.748 4009.468 2614.617 1779.415 998.2471 36.59183 668.5384 1566.842 2542.126 3498.755 2092.354
2806.87 1812.68 687.6195 103.6548 1089.262 2042.204 3242.632 4209.755 4209.755 5189.353 6404.103 7363.416 6916.44 6020.327 4682.707 3786.144 2956.669 2269.063 911.8555 1113.269 1870.568 2760.541 3408.199 4361.562 5332.033 6311.729 7205.64 8205.397 9205.209 10047.35 10424.12 10064.81 9762.565 9532.581 9964.693 9586.567 9301.048 9116.837 9936.601 9845.979 9856.501 9967.847 11146.36 11421.41 11775.23 11527.1 10176.32 9293.262 8436.345 8436.345 7060.826 6217.912 5332.232 4409.07 3118.232 2174.977 1318.069 609.3658 621.6306 1498.66 2395.4 3288.487 2804.151
2852.665 1882.793 832.4529 3.654812 919.3181 1866.937 2996.34 3973.087 4859.661 5746.63 7092.737 7386.54 6555.008 5777.131 4365.61 3669.537 3142.033 2877.387 1885.562 1990.691 2524.05 3260.395 3691.619 4651.39 5620.68 6569.765 7296.934 8285.684 9276.846 9212.678 9558.057 9133.706 8799.532 8569.654 9067.481 8650.224 8332.68 8126.546 8947.63 8846.883 8858.592 8982.316 10176.71 10477.25 10861.87 11322 10662.15 9790.377 8880.243 7991.617 6644.494 5758.167 4915.65 3970.449 2730.192 1896.345 896.3452 102.8417 1060.041 2032.525 2032.525 3022.995 3456.326
3188.511 1882.793 975.5792 96.34518 483.7057 1866.937 2631.658 3511.866 4443.044 5746.63 6665.67 7605.165 7189.712 6488.379 5077.626 4493.249 4073.852 3873.42 2947.33 3330.837 3937.284 4664.916 4995.92 5913.259 6853.759 7809.057 8483.896 9076.919 8414.131 8414.131 8676.438 8218.801 7845.753 7587.03 8173.211 7729.843 7372.762 7138.964 7961.415 7848.017 7861.214 8000.379 9213.545 9544.467 9965.154 10464.79 11116.12 10226.21 9315.357 8365.594 7116.497 6154.169 5203.945 4258.232 2995.283 2044.233 1109.299 174.9102 995.991 1727.046 2466.593 3330.421 3364.965
3562.856 2231.024 1335.805 767.4698 102.327 1281.685 2229.822 3190.399 4126.845 5391.661 6346.375 7288.947 7900.368 6488.379 5874.191 5377.096 5031.922 3873.42 3925.652 4221.175 4714.442 4664.916 5474.393 6338.488 7231.727 7809.057 8774.321 8372.052 7663.015 7009.202 7322.01 6905.066 6609.621 6424.286 6831.882 6425.085 6155.394 6002.687 6849.483 6849.483 6864.6 7023.542 8259.146 8626.758 9090.018 9635.139 11032.64 10580.02 9630.346 8681.784 7418.533 6468.495 5520.077 4591.129 3307.46 2359.896 1475.131 818.0053 315.0037 1095.976 2033.444 2806.821 4072.02
3426.702 2070.13 1196.972 570.5887 1065.021 1934.017 2923.656 3918.557 3918.557 5083.132 6053.56 7032.277 8016.249 7267.938 6725.326 6295.8 6003.685 4871.08 4912.714 5151.917 5563.256 5351.035 6073.94 6862.961 7701.148 8142.804 8130.72 7721.106 6958.636 7009.202 6444.842 5983.65 5640.139 6424.286 5937.742 5495.985 5178.122 6002.687 5851.45 5869.138 6054.272 7316.938 7729.494 8243.335 8840.818 10249.07 10885.53 9974.469 9052.347 8077.057 7744.716 6825.53 5932.542 5079.586 3699.405 2879.684 2187.76 1428.318 123.3626 668.221 1412.511 2303.732 3644.979
4008.231 2597.932 1908.64 1565.104 1804.814 1985.439 2957.932 3944.199 4935.993 5913.52 6912.093 7911.027 8211.521 7612.749 7236.096 6983.427 6868.442 5904.133 6104.607 6104.607 6455.52 6112.069 6764.979 7484.128 7079.624 7536.846 7185.59 6902.164 6317.983 6249.251 5608.939 5085.983 4683.511 5460.308 5077.498 4596.741 4211.536 5035.508 4854.226 4875.534 5096.892 6392.316 6860.703 7434.834 8092.235 9506.185 10226.19 9997.415 8997.534 8077.057 7088.452 6103.56 5124.521 4275.653 3331.459 2388.588 1443.287 522.3188 103.6548 1091.343 1091.343 2303.732 3237.486
4719.805 3310.555 2786.86 2563.9 2716.82 2462.796 3297.427 4204.82 5146.641 5930.543 6926.663 7439.484 7221.712 8138.572 8121.498 7968.204 7867.626 6898.03 7070.376 6741.716 6249.625 6851.339 6629.296 6248.621 5714.221 6257.542 5929.919 5663.223 4906.856 5545.627 4835.75 4217.991 3749.59 4465.691 4233.837 3702.998 3265.147 4042.795 3858.439 3885.214 4159.621 5494.167 6032.698 6678.397 7403.276 8814.292 9586.406 9997.776 8997.935 7997.683 6997.874 5998.129 4998.486 4155.475 3193.542 2196.345 1196.345 538.1979 160.6923 524.3035 1510.745 2750.507 3684.122
5486.68 4133.222 3726.995 3563.373 3674.922 3192.008 3872.55 4669.5 5532.785 6106.985 6874.802 6486.141 6235.157 7138.655 7155.752 7294.667 7380.249 7332.738 6600.597 5930.848 5364.885 5887.693 5645.496 5398.942 4855.567 5315.956 4968.706 4716.415 4267.138 4133.444 3422.834 2850.021 2488.079 3263.565 2869.938 2363.36 2047.507 2865.591 2901.545 3259.857 3259.857 4637.897 5264.761 5993.768 6792.109 8186.328 9012.402 9870.37 9071.209 7998.134 6998.389 5998.73 4999.207 3999.021 2999.912 2001.693 1007.002 196.3452 163.1301 896.6277 1732.051 2507.922 3506.706
5020.697 4691.958 4563.076 4650.704 4038.897 4595.688 5284.691 6060.98 6060.98 6434.463 5998.923 5549.247 5253.689 6138.765 6158.639 6319.513 6627.001 6723.348 5924.563 5186.447 4528.381 4938.525 4668.586 4524.762 4026.818 4379.9 4026.434 3770.537 3489.376 3494.083 2723.375 2011.734 1521.418 2318.415 2133.297 1472.31 1056.588 1880.347 1934.712 2439.484 3187.298 4587.16 5408.287 6281.482 7187.797 8517.488 9420.986 9252.611 8283.604 7092.351 7092.351 6108.087 5129.913 3999.922 3001.114 2003.494 1010.578 112.8901 752.2739 1535.847 2284.37 2648.304 3608.451
4312.199 4239.289 4379.384 4646.118 4943.336 5385.503 5569.637 5867.218 5822.737 5168.298 4638.782 4280.81 5138.917 5162.643 5353.534 5714.961 5966.524 5329.417 4520.161 4520.161 4528.381 4014.125 3703.211 3539.342 3163.013 3479.617 3115.477 2782.68 2509.948 2853.035 2083.274 1322.236 614.8701 1448.982 1137.98 732.6407 170.5556 927.3735 1033.257 1809.926 2735.579 4045.545 4957.205 5897.565 6854.826 8116.145 9059.755 9535.971 8598.953 7322.934 6374.372 5444.248 4543.898 3214.106 2310.313 1526.849 613.9257 260.7422 1050.835 1978.768 2953.459 3089.192 3967.2
3334.539 3239.693 3420.983 3675.664 4465.691 4442.69 4598.362 4955.048 5160.288 4408.583 3773.93 3324.073 4139.144 4168.564 4402.776 4739.151 5271.81 4553.102 3941.665 3124.63 3136.473 2728.428 2539.878 2308.47 2651.814 2153.792 1807.606 1556.94 2250.493 2250.493 1439.143 686.8104 614.8701 538.3193 137.9799 96.34518 170.5556 37.97992 608.7612 1605.587 2604.845 3700.106 4679.544 5666.169 6656.785 7822.786 8797.915 9776.332 8985.542 7677.84 6779.119 5838.115 4887.801 3657.084 2679.835 1728.775 891.4658 127.0174 873.0167 1675.573 2610.573 3911.282 4827.584
2375.563 2240.458 2495.465 2726.659 3473.681 3444.059 3642.672 4083.715 4620.922 3762.98 2994.487 2402.853 3139.515 3178.205 3479.744 3739.464 4681.488 3863.08 3140.391 2581.96 2358.379 1780.038 1541.112 1437.632 1808.548 1250.309 889.9148 728.3942 1441.836 874.0286 36.59183 569.4567 362.0201 543.3415 762.2598 1249.432 962.0201 1192.337 1923.889 2812.291 2604.845 3604.515 4604.329 5604.208 6656.785 7649.844 8644.502 9640.266 8985.542 7996.704 7011.032 6030.079 4887.801 3905.446 2908.575 1914.968 891.4658 293.7162 509.7592 1504.857 2151.204 3559.143 4258.011
1242.458 1613.77 1780.038 1521.418 2446.546 2719.056 3278.819 3713.568 3299.161 3299.161 2385.698 1580.596 2140.233 2196.606 2590.158 2740.006 3870.936 3323.83 2460.66 1730.121 1759.241 945.1707 546.9251 437.9799 927.3735 448.9592 40.82161 191.2828 450.5641 171.3687 416.3816 1195.593 1322.283 1420.756 1762.124 2028.024 1962.02 2084.522 2598.688 3321.526 3757.182 4724.805 5703.606 6688.681 7604.063 8604.015 9603.978 9475.645 8214.086 7257.994 7257.994 6315.515 5056.592 4095.897 3159.676 2278.283 935.0435 123.3626 337.9799 737.7934 2151.204 2928.565 3294.658
260.7422 638.2662 945.1707 537.9799 1452.463 1875.562 2471.252 2809.064 3099.797 2101.439 1106.043 171.3687 1244.721 1691.508 1741.171 1905.866 2660.683 1948.776 1089.288 1089.288 1197.447 463.9094 362.0201 416.2157 205.5583 282.8774 681.843 96.34518 37.97992 598.2659 1052.85 1813.127 1963.468 2396.348 2746.518 2938.82 2663.156 3044.528 3417.141 4010.558 4152.123 5044.56 5971.18 6918.263 7677.615 8669.088 9569.661 9120.611 8543.718 7629.046 6738.661 5883.597 4505.563 3675.208 2940.743 2304.768 891.7311 296.3452 119.1393 948.7093 2138.065 2138.065 2361.988
412.8943 96.34518 205.5583 362.5244 483.7057 1091.536 1493.725 1953.271 3214.444 2267.117 1395.229 867.4813 386.9762 744.5046 745.4813 977.7228 2090.857 1269.185 573.2102 37.97992 2.266717 792.5561 1325.205 1346.771 522.3188 3.654812 543.3415 1249.432 1254.003 1941.64 1941.64 2457.648 2562.143 3370.452 3643.36 3893.662 3412.394 4024.071 4312.854 4796.701 4729.04 5529.136 6385.829 7279.164 7878.433 8847.433 8712.207 8216.427 8763.146 8107.169 7275.533 6491.572 5081.714 4354.847 3710.799 3020.636 1614.824 1006.898 306.5769 139.2465 1138.141 1517.739 2271.177
1375.26 609.7604 505.5829 362.5244 249.2233 313.2943 575.7375 1953.271 2687.595 2804.151 2161.012 867.4813 459.7558 162.0201 162.0201 977.7228 1137.98 795.6572 211.39 553.7444 803.6548 1390.661 2145.981 1696.17 396.3452 468.0532 1151.121 1956.134 1885.717 2665.327 3280.808 3869.294 3961.793 4582.358 4866.682 5166.442 4814.132 5246.394 5650.859 6191.912 5423.647 6139.635 6921.172 7753.069 8197.171 8516.083 7888.391 7337.153 7817.725 7531.533 7370.971 7183.185 5769.005 5107.686 4431.808 3748.05 2351.809 1676.296 995.1452 469.1547 139.2465 935.6475 1857.844
1514.955 1476.268 1890.458 968.2186 570.5887 505.5829 1290.1 2268.866 3248.865 3248.865 3064.922 1753.525 1322.999 1162.02 1082.883 116.5449 137.9799 64.34708 128.9406 553.7444 1254.003 2044.645 2804.507 1696.17 1040.785 1086.248 1785.565 1956.134 2663.156 3299.59 4061.347 3869.294 4602.072 5369.086 5848.813 6100.498 5630.249 6200.695 6546.459 7018.807 6837.201 7551.586 7773.837 7186.073 7597.605 7109.917 6492.919 5980.39 6561.103 6376.148 6345.278 6345.278 6511.931 5844.453 5154.093 4499.255 3086.519 2389 1880.673 1394.047 257.8615 524.3035 938.1747
2493.8 2470.503 2740.632 1843.153 1564.49 1476.268 1894.057 2252.073 3237.157 3989.437 3548.411 2271.514 2162.02 2023.946 1764.754 862.0201 716.5338 40.82161 872.8755 1866.854 1866.854 2665.327 3422.237 2408.389 2001.761 2025.75 2472.164 2540.894 3370.133 4073.475 4713.667 4657.81 5282.312 6009.19 6778.661 6100.498 6497.969 7016.49 7468.607 7018.807 7594.154 7732.47 7025.437 7186.073 6696.397 6297.209 5699.318 5980.39 5601.085 5383.244 5346.644 6470.699 6563.646 5912.699 5209.692 4598.683 3229.706 2694.527 1894.982 1174.115 112.8901 112.8901 1.388095
3484.688 3468.057 3665.37 2778.594 2533.306 2470.503 2740.632 2644.872 3521.778 4450.883 4484.991 3237.857 3162.02 2971.76 2763.764 1862.02 1196.345 196.3452 517.816 1787.184 2746.65 3644.38 4200.947 2988.485 3004.603 3321.943 3878.536 3948.089 4753.417 5471.968 5471.968 5461.339 6051.994 6695.833 7419.008 7052.664 7399.158 7858.438 8406.802 7885.91 7800.306 7032.205 6318.42 6368.976 5811.274 5364.603 4980.616 5107.764 4657.926 4393.56 4348.636 5494.908 5813.907 6277.664 5988.715 4598.683 4071.532 3302.662 2587.529 1174.115 862.0201 679.1884 203.6548
3706.542 4466.705 4621.568 3726.995 3513.064 3468.057 3665.37 3304.373 4040.614 4871.766 5433.653 4219.919 4162.02 3918.581 3743.334 2398.22 1535.68 700.7794 117.8115 1411.023 2304.666 3212.326 4162.505 3981.842 3993.952 4237.828 4686.877 4588.103 5358.984 6142.168 6875.598 6866.779 7453.726 8109.596 8830.233 8322.951 8733.784 8042.654 7203.573 7097.488 6401.263 6401.263 5619.9 5611.426 4969.419 4460.619 4084.172 4291.099 3744.391 3409.904 3351.818 4529.691 4911.79 5452.824 6110.716 5464.518 4714.262 4001.505 3379.192 2025.329 1823.999 875.9373 260.2885
4737.358 5593.111 5669.08 4501.737 4466.705 4621.568 4976.591 4717.019 5445.902 5445.902 6250.228 5208.813 5161.791 4886.641 4222.325 2898.32 2001.819 1061.086 362.5244 1014.235 2008.984 3007.213 4006.325 4977.861 4987.553 5184.896 5557.939 5289.086 5998.5 6771.266 7540.393 7541.973 8263.288 8859.426 8968.873 9121.492 8331.194 7576.84 6679.5 6410.818 5683.808 5010.749 4208.879 4197.552 3581.391 3135.968 2865.591 2888.733 2439.583 2357.698 2677.029 3583.607 4055.851 4696.55 5446.572 6127.068 5415.605 4768.207 4258.2 2970.829 2212.446 1225.631 328.4562
4956.454 5913.865 5669.08 5494.512 5465.848 5593.111 4976.591 5493.092 6130.386 6809.768 6201.271 6131.568 5526.717 4642.387 3815.602 2417.069 1687.86 1362.154 1692.182 2036.661 2036.661 3025.777 4020.28 5005.792 5971.357 6148.75 6466.423 6074.394 6701.18 7410.352 8180.195 8282.827 8956.154 8728.569 8160.545 8417.114 7728.714 6923.885 6176.349 5815.745 5002.998 4270.48 3631.95 3490.717 2784.02 2225.425 1880.347 2160.87 1508.598 1372.166 1868.427 3282.424 4047.464 4897.906 5796.286 6168.679 5366.251 4382.23 3407.521 2296.345 1296.345 296.3452 296.3452
5356.325 6252.811 6652.862 6489.507 6465.256 6573.196 5889.854 6332.293 6533.727 5993.313 6389.343 6052.34 5610.689 4948.419 3815.602 3092.851 2563.69 2362.097 1692.182 2423.109 3298.342 4229.244 5016.968 6014.755 7012.85 7398.553 6915.356 7471.925 8114.011 8822.962 8822.962 8943.647 8651.086 7956.891 7329.34 7574.429 7055.429 6334.681 5520.107 5342.957 4444.587 3600.197 2858.027 2801.087 2077.599 1371.875 927.3735 1557.271 775.2961 455.657 1347.577 2664.368 3564.603 4507.084 5470.025 6566.07 5614.315 4682.707 3781.461 2453.242 1545.98 772.1888 693.0125
5900.338 6724.69 7176.701 7248.562 6687.41 6207.135 6740.343 6132.428 5622.608 5190.322 5488.734 5094.597 4820.216 4196.568 4410.189 3910.173 3506.622 3362.074 2566.538 3097.574 3821.344 4648.681 5185.931 6156.397 7135.024 8118.86 7793.977 8291.777 8742.841 8647.089 8761.2 7972.815 7236.894 6545.49 6771.303 6188.961 5715.033 4925.515 4762.209 3997.759 3112.218 3112.218 2858.027 2224.16 1406.29 669.0043 36.59183 837.4882 171.3687 303.6548 1303.655 2328.812 3321.25 4317.177 5314.634 6444.263 6017.38 5139.652 4315.451 2916.59 2171.01 1708.762 1674.564
7300.593 6540.874 6470.384 5854.309 5315.327 4905.073 5341.434 4747.413 4306.382 3791.484 4609.886 4156.808 3884.085 3487.93 3552.197 3102.417 2937.98 3073.896 3508.706 3913.91 4508.477 5228.189 5533.326 6451.751 7391.378 7340.205 8059.875 7845.843 7743.675 7648.28 8214.794 7368.177 6564.843 5822.713 5937.213 5369.122 4820.216 4348.915 4123.472 3348.133 2640.911 1766.533 1448.982 823.7087 112.8901 614.5191 112.8901 473.7758 820.6733 1510.644 2303.655 2303.655 3303.655 4303.655 5314.634 6312.895 6521.707 5721.869 4315.451 3581.91 3006.147 2691.438 1674.564
